capacity  cost_by_node
nb_functions 10
19 50 73 90 77 33 56 93 81 97 31 76 97 99 79 89 70 14 74 59 25 96 18 91 68 99 29 15 24 69 14 69 61 58 65 57 65 16 33 100 61 13 32 80 81 77 19 81 76 57 76 58 93 51 46 17 20 12 89 69 36 20 16 54 10 95 67 67 30 43 71 10 50 58 90 42 43 92 67 56 59 73 12 31 75 97 73 22 58 45 14 37 67 89 88 71 65 39 38 15 86 
25 51 91 89 92 93 58 40 91 41 65 44 88 17 44 66 22 16 61 47 75 60 45 28 56 97 54 50 18 88 78 31 25 92 92 76 37 12 83 16 41 29 80 83 21 89 24 95 76 99 11 27 84 63 95 24 85 82 60 17 13 80 49 60 25 38 70 97 94 99 71 95 12 56 99 48 73 89 75 47 90 61 85 20 74 33 92 92 13 63 59 14 33 72 47 48 55 49 19 53 77 
30 81 42 43 98 27 41 13 89 64 51 86 69 19 67 70 55 10 44 62 92 66 42 62 36 43 97 88 20 21 54 90 52 96 55 61 44 77 38 85 73 51 40 15 75 56 100 98 67 53 33 40 43 21 39 18 21 85 53 92 91 90 11 55 57 44 24 25 57 99 97 77 55 20 28 78 24 69 67 33 28 59 51 43 62 37 56 37 79 19 40 100 93 67 14 19 32 18 58 48 89 
27 34 50 94 94 64 22 92 52 96 47 63 89 62 71 32 44 51 41 90 99 36 100 32 21 19 57 42 76 43 89 70 71 21 62 29 19 30 52 89 78 37 32 20 15 14 42 20 21 65 28 71 33 58 44 19 47 74 44 81 12 15 91 55 39 60 23 22 57 35 72 90 21 59 50 68 84 37 86 46 11 82 57 70 82 54 36 91 78 42 23 66 73 56 48 10 24 98 58 50 53 
34 96 75 77 98 11 88 67 76 50 50 64 49 33 86 41 48 44 28 56 17 84 32 63 35 66 68 15 21 56 21 19 29 23 50 33 83 98 80 45 66 82 76 65 89 22 91 64 10 60 55 98 53 87 52 93 60 67 91 97 97 60 73 53 30 22 63 76 84 33 17 46 19 31 86 34 32 97 66 31 74 72 96 84 88 65 41 34 15 59 23 75 55 33 32 84 65 21 43 86 38 
23 68 11 20 76 57 88 67 58 56 38 62 86 65 99 19 32 56 28 53 20 15 40 74 83 79 81 86 98 94 65 75 59 86 36 56 83 54 63 91 19 51 17 66 94 76 75 63 40 18 53 70 36 84 37 94 86 81 52 51 78 80 32 28 51 71 100 72 69 44 66 11 31 100 42 28 26 65 22 77 47 37 21 17 56 52 10 100 77 42 27 68 62 70 34 51 13 55 32 85 20 
25 77 60 70 44 29 59 92 47 99 22 45 54 63 13 18 95 81 28 34 16 31 74 98 25 24 76 68 60 79 48 59 87 52 96 13 65 38 94 87 50 72 53 16 53 22 67 12 33 88 29 30 91 12 68 55 11 64 91 36 89 97 50 79 95 21 16 75 18 34 16 98 58 22 24 11 24 22 43 30 43 23 72 16 28 28 91 48 82 69 85 29 88 73 31 32 65 57 54 53 51 
33 90 96 21 42 59 49 87 45 99 22 98 85 48 39 98 41 11 17 55 14 33 46 33 100 23 88 74 50 82 50 45 49 15 99 87 22 20 14 62 55 48 42 50 71 46 42 25 17 52 31 17 36 53 79 80 76 47 37 23 62 59 47 75 48 70 11 77 97 39 52 82 38 43 80 67 44 15 55 74 81 21 69 33 21 23 28 32 39 32 59 32 90 15 80 93 56 72 85 18 30 
33 99 37 46 48 46 99 93 10 54 34 71 64 13 76 32 42 87 39 27 82 65 70 38 75 35 15 76 12 18 90 15 30 23 25 39 41 96 33 74 84 80 14 75 81 60 94 59 75 73 69 100 97 24 89 45 51 47 47 15 14 26 16 99 62 63 52 37 34 45 86 34 15 78 91 22 80 39 45 47 80 78 65 96 19 64 72 43 95 13 36 75 95 95 95 46 64 99 87 53 17 
29 46 38 99 45 28 60 60 73 14 59 85 54 26 59 73 35 65 15 67 91 47 86 87 97 55 24 20 67 82 71 36 77 67 51 33 54 47 26 22 98 92 79 29 100 41 83 85 74 84 99 53 41 23 88 75 98 53 80 17 27 86 55 73 100 56 73 97 73 37 44 94 59 12 67 54 21 32 78 57 12 79 63 11 55 67 93 22 32 90 70 89 43 56 73 42 18 72 31 79 59 
