capacity  cost_by_node
nb_functions 10
22 21 36 44 76 44 84 100 89 61 36 14 25 24 41 23 27 89 37 83 31 100 15 85 35 77 
19 100 79 37 52 95 64 54 31 68 10 93 34 68 79 32 88 65 89 89 63 68 62 96 85 88 
32 38 76 89 17 45 66 39 25 97 51 71 71 54 18 57 40 52 37 86 53 64 16 38 24 46 
24 95 84 42 69 24 41 43 68 13 45 48 42 62 76 89 47 72 11 59 35 51 16 87 84 68 
28 59 89 35 12 34 73 63 55 30 82 94 46 67 66 13 95 92 22 70 17 48 51 33 85 82 
37 43 80 43 51 97 24 77 27 80 61 84 18 63 82 30 27 32 61 39 98 67 85 79 22 31 
23 75 67 18 84 39 14 89 20 99 23 85 57 37 24 61 10 66 22 47 36 76 75 91 60 47 
32 91 26 65 94 44 99 85 62 91 31 35 63 57 66 92 82 96 87 26 38 58 65 27 81 47 
18 52 73 12 77 56 37 18 69 66 40 62 46 35 51 38 48 38 28 42 98 62 35 42 47 20 
19 32 90 21 45 47 100 70 94 46 88 52 69 84 59 14 56 18 12 40 45 40 18 38 14 96 
