Node_1 Node_2 Capacity_node1 Capacity_node2 Latency_arc node_cost
nb_nodes 100
nb_arcs 4946
0 1 4 3 1 407
0 2 4 6 11 407
0 4 4 3 9 407
0 5 4 1 24 407
0 6 4 2 4 407
0 7 4 3 12 407
0 9 4 2 1 407
0 10 4 6 1 407
0 13 4 1 15 407
0 14 4 1 16 407
0 16 4 1 16 407
0 26 4 3 1 407
0 29 4 6 18 407
0 30 4 5 22 407
0 32 4 1 16 407
0 35 4 4 6 407
0 42 4 4 19 407
0 44 4 6 9 407
0 48 4 2 8 407
0 54 4 5 2 407
0 60 4 3 23 407
0 62 4 5 16 407
0 63 4 5 23 407
0 64 4 1 15 407
0 66 4 3 9 407
0 70 4 1 5 407
0 71 4 2 3 407
0 73 4 2 16 407
0 75 4 3 3 407
0 78 4 1 1 407
0 81 4 2 11 407
0 84 4 2 5 407
0 85 4 4 25 407
0 86 4 2 2 407
0 90 4 5 24 407
0 91 4 5 18 407
0 95 4 4 8 407
0 97 4 5 9 407
0 98 4 6 7 407
0 99 4 5 22 407
1 0 3 4 1 257
1 4 3 3 20 257
1 5 3 1 11 257
1 6 3 2 3 257
1 7 3 3 4 257
1 10 3 6 7 257
1 12 3 2 24 257
1 13 3 1 5 257
1 14 3 1 11 257
1 15 3 5 10 257
1 16 3 1 18 257
1 18 3 6 24 257
1 20 3 2 2 257
1 21 3 6 13 257
1 23 3 1 1 257
1 24 3 3 1 257
1 26 3 3 24 257
1 27 3 6 20 257
1 30 3 5 2 257
1 32 3 1 5 257
1 35 3 4 18 257
1 36 3 6 17 257
1 37 3 3 23 257
1 38 3 5 20 257
1 39 3 1 1 257
1 40 3 2 14 257
1 41 3 3 21 257
1 44 3 6 21 257
1 45 3 1 13 257
1 46 3 5 15 257
1 47 3 4 10 257
1 49 3 1 9 257
1 50 3 6 1 257
1 51 3 5 8 257
1 52 3 1 14 257
1 53 3 3 4 257
1 54 3 5 7 257
1 55 3 4 8 257
1 58 3 3 2 257
1 61 3 2 19 257
1 63 3 5 15 257
1 65 3 2 2 257
1 66 3 3 2 257
1 67 3 5 3 257
1 72 3 2 23 257
1 73 3 2 23 257
1 74 3 1 16 257
1 75 3 3 7 257
1 76 3 2 24 257
1 78 3 1 1 257
1 80 3 5 11 257
1 81 3 2 25 257
1 85 3 4 5 257
1 88 3 5 23 257
1 89 3 6 1 257
1 93 3 5 22 257
1 95 3 4 25 257
1 96 3 3 9 257
1 98 3 6 20 257
1 99 3 5 5 257
2 0 6 4 11 437
2 5 6 1 21 437
2 8 6 4 22 437
2 11 6 5 9 437
2 14 6 1 10 437
2 15 6 5 19 437
2 18 6 6 10 437
2 25 6 6 13 437
2 27 6 6 3 437
2 29 6 6 2 437
2 31 6 5 7 437
2 33 6 3 18 437
2 34 6 6 18 437
2 35 6 4 9 437
2 36 6 6 17 437
2 37 6 3 7 437
2 43 6 4 22 437
2 44 6 6 12 437
2 48 6 2 2 437
2 49 6 1 5 437
2 50 6 6 8 437
2 54 6 5 3 437
2 55 6 4 16 437
2 56 6 4 10 437
2 57 6 6 22 437
2 59 6 6 10 437
2 60 6 3 24 437
2 61 6 2 8 437
2 62 6 5 25 437
2 65 6 2 10 437
2 69 6 6 23 437
2 70 6 1 3 437
2 71 6 2 10 437
2 72 6 2 4 437
2 75 6 3 4 437
2 78 6 1 25 437
2 79 6 5 9 437
2 83 6 2 15 437
2 85 6 4 17 437
2 88 6 5 13 437
2 91 6 5 20 437
2 95 6 4 7 437
2 96 6 3 24 437
2 98 6 6 7 437
3 4 5 3 3 166
3 5 5 1 25 166
3 6 5 2 12 166
3 7 5 3 15 166
3 8 5 4 8 166
3 13 5 1 20 166
3 21 5 6 16 166
3 22 5 5 24 166
3 25 5 6 5 166
3 26 5 3 18 166
3 29 5 6 8 166
3 30 5 5 12 166
3 31 5 5 14 166
3 33 5 3 17 166
3 34 5 6 14 166
3 36 5 6 16 166
3 37 5 3 14 166
3 38 5 5 1 166
3 42 5 4 11 166
3 45 5 1 10 166
3 47 5 4 24 166
3 51 5 5 18 166
3 52 5 1 1 166
3 54 5 5 4 166
3 55 5 4 23 166
3 56 5 4 14 166
3 59 5 6 15 166
3 60 5 3 25 166
3 62 5 5 4 166
3 63 5 5 22 166
3 65 5 2 10 166
3 67 5 5 23 166
3 72 5 2 25 166
3 77 5 1 5 166
3 78 5 1 25 166
3 80 5 5 13 166
3 81 5 2 19 166
3 83 5 2 18 166
3 84 5 2 5 166
3 85 5 4 1 166
3 86 5 2 13 166
3 87 5 4 23 166
3 90 5 5 2 166
3 91 5 5 7 166
3 93 5 5 1 166
3 97 5 5 6 166
3 99 5 5 5 166
4 0 3 4 9 126
4 1 3 3 20 126
4 3 3 5 3 126
4 5 3 1 14 126
4 6 3 2 9 126
4 13 3 1 23 126
4 15 3 5 18 126
4 16 3 1 15 126
4 17 3 4 19 126
4 20 3 2 23 126
4 22 3 5 16 126
4 23 3 1 14 126
4 24 3 3 20 126
4 25 3 6 19 126
4 26 3 3 16 126
4 27 3 6 2 126
4 30 3 5 1 126
4 31 3 5 1 126
4 32 3 1 7 126
4 33 3 3 7 126
4 35 3 4 2 126
4 36 3 6 4 126
4 37 3 3 9 126
4 39 3 1 14 126
4 41 3 3 3 126
4 47 3 4 10 126
4 49 3 1 2 126
4 50 3 6 14 126
4 52 3 1 11 126
4 53 3 3 3 126
4 57 3 6 24 126
4 59 3 6 23 126
4 61 3 2 6 126
4 62 3 5 7 126
4 63 3 5 3 126
4 67 3 5 25 126
4 68 3 4 10 126
4 74 3 1 5 126
4 75 3 3 5 126
4 76 3 2 1 126
4 80 3 5 9 126
4 83 3 2 11 126
4 84 3 2 19 126
4 85 3 4 24 126
4 93 3 5 3 126
4 96 3 3 12 126
4 97 3 5 17 126
4 98 3 6 15 126
5 0 1 4 24 944
5 1 1 3 11 944
5 2 1 6 21 944
5 3 1 5 25 944
5 4 1 3 14 944
5 9 1 2 7 944
5 12 1 2 25 944
5 18 1 6 10 944
5 22 1 5 22 944
5 23 1 1 23 944
5 24 1 3 5 944
5 25 1 6 4 944
5 26 1 3 4 944
5 28 1 3 21 944
5 29 1 6 17 944
5 31 1 5 15 944
5 35 1 4 2 944
5 37 1 3 6 944
5 38 1 5 20 944
5 39 1 1 1 944
5 41 1 3 25 944
5 42 1 4 23 944
5 43 1 4 7 944
5 44 1 6 7 944
5 45 1 1 9 944
5 47 1 4 25 944
5 48 1 2 7 944
5 49 1 1 24 944
5 52 1 1 6 944
5 53 1 3 20 944
5 54 1 5 10 944
5 56 1 4 14 944
5 58 1 3 4 944
5 59 1 6 24 944
5 60 1 3 15 944
5 62 1 5 18 944
5 63 1 5 22 944
5 65 1 2 12 944
5 67 1 5 15 944
5 68 1 4 10 944
5 71 1 2 15 944
5 74 1 1 12 944
5 75 1 3 4 944
5 77 1 1 25 944
5 80 1 5 1 944
5 87 1 4 6 944
5 88 1 5 5 944
5 89 1 6 22 944
5 90 1 5 21 944
5 94 1 2 14 944
5 95 1 4 5 944
5 96 1 3 13 944
5 97 1 5 9 944
5 98 1 6 21 944
5 99 1 5 23 944
6 0 2 4 4 155
6 1 2 3 3 155
6 3 2 5 12 155
6 4 2 3 9 155
6 9 2 2 4 155
6 10 2 6 2 155
6 12 2 2 18 155
6 13 2 1 25 155
6 14 2 1 7 155
6 17 2 4 10 155
6 19 2 6 5 155
6 20 2 2 3 155
6 21 2 6 10 155
6 24 2 3 25 155
6 25 2 6 22 155
6 28 2 3 6 155
6 30 2 5 4 155
6 31 2 5 1 155
6 35 2 4 12 155
6 38 2 5 16 155
6 39 2 1 1 155
6 43 2 4 20 155
6 44 2 6 14 155
6 45 2 1 10 155
6 46 2 5 11 155
6 49 2 1 25 155
6 50 2 6 11 155
6 51 2 5 25 155
6 52 2 1 8 155
6 53 2 3 23 155
6 54 2 5 8 155
6 60 2 3 1 155
6 64 2 1 12 155
6 67 2 5 2 155
6 69 2 6 1 155
6 70 2 1 18 155
6 74 2 1 20 155
6 75 2 3 7 155
6 77 2 1 21 155
6 79 2 5 14 155
6 81 2 2 9 155
6 82 2 1 8 155
6 84 2 2 23 155
6 88 2 5 21 155
6 90 2 5 4 155
6 91 2 5 6 155
6 94 2 2 5 155
6 95 2 4 20 155
6 96 2 3 4 155
6 97 2 5 23 155
6 99 2 5 9 155
7 0 3 4 12 762
7 1 3 3 4 762
7 3 3 5 15 762
7 8 3 4 23 762
7 15 3 5 1 762
7 16 3 1 16 762
7 21 3 6 17 762
7 22 3 5 13 762
7 23 3 1 16 762
7 25 3 6 15 762
7 29 3 6 19 762
7 30 3 5 22 762
7 33 3 3 14 762
7 34 3 6 1 762
7 35 3 4 2 762
7 38 3 5 22 762
7 42 3 4 22 762
7 43 3 4 9 762
7 46 3 5 3 762
7 47 3 4 8 762
7 48 3 2 1 762
7 51 3 5 1 762
7 54 3 5 19 762
7 56 3 4 19 762
7 57 3 6 17 762
7 60 3 3 14 762
7 62 3 5 13 762
7 64 3 1 16 762
7 65 3 2 4 762
7 67 3 5 9 762
7 68 3 4 22 762
7 69 3 6 6 762
7 71 3 2 25 762
7 76 3 2 14 762
7 77 3 1 1 762
7 80 3 5 18 762
7 81 3 2 7 762
7 83 3 2 12 762
7 84 3 2 22 762
7 85 3 4 16 762
7 87 3 4 12 762
7 88 3 5 16 762
7 89 3 6 7 762
7 92 3 1 12 762
7 96 3 3 4 762
8 2 4 6 22 612
8 3 4 5 8 612
8 7 4 3 23 612
8 9 4 2 22 612
8 10 4 6 19 612
8 11 4 5 3 612
8 12 4 2 19 612
8 15 4 5 15 612
8 16 4 1 6 612
8 17 4 4 24 612
8 18 4 6 18 612
8 20 4 2 8 612
8 31 4 5 2 612
8 32 4 1 5 612
8 33 4 3 14 612
8 34 4 6 12 612
8 37 4 3 5 612
8 39 4 1 2 612
8 40 4 2 13 612
8 41 4 3 15 612
8 42 4 4 11 612
8 49 4 1 16 612
8 51 4 5 1 612
8 54 4 5 21 612
8 55 4 4 3 612
8 58 4 3 10 612
8 60 4 3 4 612
8 62 4 5 12 612
8 63 4 5 9 612
8 64 4 1 3 612
8 68 4 4 4 612
8 70 4 1 21 612
8 72 4 2 7 612
8 73 4 2 24 612
8 74 4 1 4 612
8 76 4 2 23 612
8 77 4 1 10 612
8 78 4 1 4 612
8 84 4 2 20 612
8 87 4 4 10 612
8 89 4 6 9 612
8 91 4 5 4 612
8 93 4 5 6 612
8 95 4 4 18 612
8 97 4 5 15 612
8 98 4 6 23 612
9 0 2 4 1 838
9 5 2 1 7 838
9 6 2 2 4 838
9 8 2 4 22 838
9 11 2 5 2 838
9 13 2 1 7 838
9 14 2 1 6 838
9 16 2 1 8 838
9 17 2 4 3 838
9 20 2 2 13 838
9 24 2 3 3 838
9 26 2 3 8 838
9 27 2 6 11 838
9 32 2 1 8 838
9 33 2 3 10 838
9 35 2 4 23 838
9 38 2 5 14 838
9 40 2 2 23 838
9 42 2 4 21 838
9 44 2 6 22 838
9 46 2 5 11 838
9 47 2 4 2 838
9 49 2 1 12 838
9 50 2 6 22 838
9 52 2 1 11 838
9 54 2 5 13 838
9 55 2 4 14 838
9 57 2 6 23 838
9 58 2 3 4 838
9 59 2 6 14 838
9 60 2 3 10 838
9 62 2 5 9 838
9 67 2 5 5 838
9 71 2 2 3 838
9 72 2 2 7 838
9 73 2 2 18 838
9 75 2 3 24 838
9 76 2 2 8 838
9 77 2 1 20 838
9 78 2 1 20 838
9 79 2 5 10 838
9 80 2 5 4 838
9 83 2 2 15 838
9 84 2 2 8 838
9 87 2 4 17 838
9 88 2 5 21 838
9 89 2 6 7 838
9 90 2 5 18 838
9 94 2 2 18 838
9 95 2 4 3 838
9 96 2 3 3 838
9 97 2 5 22 838
9 98 2 6 20 838
10 0 6 4 1 72
10 1 6 3 7 72
10 6 6 2 2 72
10 8 6 4 19 72
10 12 6 2 1 72
10 15 6 5 8 72
10 18 6 6 20 72
10 20 6 2 8 72
10 22 6 5 24 72
10 23 6 1 18 72
10 25 6 6 1 72
10 26 6 3 19 72
10 27 6 6 6 72
10 28 6 3 3 72
10 29 6 6 8 72
10 30 6 5 18 72
10 32 6 1 24 72
10 33 6 3 9 72
10 35 6 4 2 72
10 36 6 6 9 72
10 37 6 3 17 72
10 38 6 5 16 72
10 39 6 1 15 72
10 42 6 4 7 72
10 43 6 4 17 72
10 46 6 5 9 72
10 47 6 4 6 72
10 48 6 2 15 72
10 49 6 1 10 72
10 51 6 5 6 72
10 53 6 3 21 72
10 55 6 4 20 72
10 57 6 6 1 72
10 59 6 6 19 72
10 60 6 3 19 72
10 61 6 2 8 72
10 62 6 5 8 72
10 65 6 2 23 72
10 66 6 3 5 72
10 68 6 4 9 72
10 74 6 1 13 72
10 76 6 2 14 72
10 82 6 1 24 72
10 83 6 2 25 72
10 86 6 2 9 72
10 87 6 4 13 72
10 89 6 6 18 72
10 91 6 5 21 72
10 92 6 1 4 72
10 94 6 2 25 72
10 95 6 4 4 72
10 96 6 3 6 72
10 97 6 5 2 72
10 99 6 5 4 72
11 2 5 6 9 973
11 8 5 4 3 973
11 9 5 2 2 973
11 12 5 2 6 973
11 15 5 5 15 973
11 16 5 1 10 973
11 17 5 4 2 973
11 20 5 2 7 973
11 21 5 6 15 973
11 22 5 5 15 973
11 24 5 3 21 973
11 25 5 6 18 973
11 27 5 6 24 973
11 28 5 3 4 973
11 32 5 1 9 973
11 33 5 3 13 973
11 34 5 6 1 973
11 35 5 4 25 973
11 37 5 3 10 973
11 39 5 1 23 973
11 41 5 3 13 973
11 43 5 4 4 973
11 45 5 1 9 973
11 46 5 5 17 973
11 48 5 2 23 973
11 51 5 5 22 973
11 53 5 3 8 973
11 56 5 4 8 973
11 57 5 6 17 973
11 60 5 3 15 973
11 61 5 2 14 973
11 62 5 5 1 973
11 63 5 5 15 973
11 65 5 2 17 973
11 66 5 3 18 973
11 67 5 5 3 973
11 68 5 4 12 973
11 69 5 6 8 973
11 70 5 1 12 973
11 72 5 2 21 973
11 74 5 1 5 973
11 76 5 2 24 973
11 77 5 1 23 973
11 80 5 5 5 973
11 82 5 1 5 973
11 84 5 2 10 973
11 90 5 5 6 973
11 94 5 2 15 973
11 95 5 4 2 973
11 97 5 5 5 973
11 99 5 5 20 973
12 1 2 3 24 555
12 5 2 1 25 555
12 6 2 2 18 555
12 8 2 4 19 555
12 10 2 6 1 555
12 11 2 5 6 555
12 15 2 5 23 555
12 17 2 4 21 555
12 20 2 2 24 555
12 21 2 6 14 555
12 22 2 5 11 555
12 23 2 1 9 555
12 24 2 3 1 555
12 26 2 3 10 555
12 28 2 3 20 555
12 29 2 6 19 555
12 32 2 1 19 555
12 35 2 4 17 555
12 36 2 6 20 555
12 38 2 5 2 555
12 40 2 2 20 555
12 41 2 3 25 555
12 43 2 4 13 555
12 44 2 6 14 555
12 46 2 5 24 555
12 48 2 2 17 555
12 50 2 6 3 555
12 51 2 5 1 555
12 54 2 5 6 555
12 55 2 4 7 555
12 61 2 2 8 555
12 62 2 5 8 555
12 63 2 5 6 555
12 65 2 2 5 555
12 68 2 4 7 555
12 70 2 1 5 555
12 71 2 2 16 555
12 74 2 1 20 555
12 77 2 1 16 555
12 78 2 1 25 555
12 79 2 5 17 555
12 80 2 5 24 555
12 81 2 2 24 555
12 82 2 1 25 555
12 84 2 2 18 555
12 85 2 4 10 555
12 86 2 2 16 555
12 87 2 4 9 555
12 93 2 5 15 555
12 95 2 4 22 555
12 96 2 3 17 555
12 98 2 6 5 555
13 0 1 4 15 936
13 1 1 3 5 936
13 3 1 5 20 936
13 4 1 3 23 936
13 6 1 2 25 936
13 9 1 2 7 936
13 15 1 5 12 936
13 16 1 1 19 936
13 17 1 4 24 936
13 18 1 6 11 936
13 23 1 1 18 936
13 24 1 3 12 936
13 28 1 3 21 936
13 31 1 5 3 936
13 32 1 1 6 936
13 35 1 4 12 936
13 40 1 2 12 936
13 41 1 3 13 936
13 43 1 4 9 936
13 45 1 1 2 936
13 47 1 4 13 936
13 49 1 1 4 936
13 50 1 6 17 936
13 51 1 5 18 936
13 54 1 5 6 936
13 55 1 4 20 936
13 56 1 4 18 936
13 58 1 3 8 936
13 62 1 5 21 936
13 63 1 5 9 936
13 64 1 1 25 936
13 66 1 3 14 936
13 67 1 5 25 936
13 68 1 4 4 936
13 69 1 6 16 936
13 72 1 2 17 936
13 73 1 2 5 936
13 74 1 1 4 936
13 78 1 1 4 936
13 80 1 5 12 936
13 82 1 1 7 936
13 83 1 2 5 936
13 86 1 2 21 936
13 90 1 5 5 936
13 91 1 5 25 936
13 93 1 5 3 936
13 95 1 4 6 936
14 0 1 4 16 559
14 1 1 3 11 559
14 2 1 6 10 559
14 6 1 2 7 559
14 9 1 2 6 559
14 16 1 1 22 559
14 17 1 4 12 559
14 18 1 6 24 559
14 19 1 6 20 559
14 25 1 6 15 559
14 27 1 6 13 559
14 32 1 1 5 559
14 33 1 3 10 559
14 35 1 4 14 559
14 37 1 3 9 559
14 38 1 5 1 559
14 39 1 1 24 559
14 40 1 2 4 559
14 43 1 4 12 559
14 48 1 2 10 559
14 52 1 1 8 559
14 56 1 4 5 559
14 57 1 6 1 559
14 61 1 2 17 559
14 62 1 5 11 559
14 63 1 5 20 559
14 64 1 1 17 559
14 65 1 2 6 559
14 66 1 3 21 559
14 69 1 6 17 559
14 70 1 1 10 559
14 72 1 2 21 559
14 73 1 2 1 559
14 74 1 1 11 559
14 75 1 3 13 559
14 77 1 1 14 559
14 78 1 1 19 559
14 79 1 5 5 559
14 80 1 5 3 559
14 81 1 2 25 559
14 82 1 1 6 559
14 85 1 4 25 559
14 86 1 2 5 559
14 87 1 4 19 559
14 89 1 6 24 559
14 90 1 5 10 559
14 91 1 5 23 559
14 92 1 1 19 559
14 93 1 5 17 559
14 95 1 4 15 559
14 99 1 5 1 559
15 1 5 3 10 547
15 2 5 6 19 547
15 4 5 3 18 547
15 7 5 3 1 547
15 8 5 4 15 547
15 10 5 6 8 547
15 11 5 5 15 547
15 12 5 2 23 547
15 13 5 1 12 547
15 16 5 1 11 547
15 19 5 6 14 547
15 20 5 2 22 547
15 21 5 6 12 547
15 22 5 5 8 547
15 23 5 1 15 547
15 26 5 3 4 547
15 31 5 5 11 547
15 32 5 1 3 547
15 33 5 3 5 547
15 34 5 6 22 547
15 36 5 6 17 547
15 39 5 1 22 547
15 40 5 2 17 547
15 42 5 4 9 547
15 43 5 4 4 547
15 46 5 5 15 547
15 49 5 1 11 547
15 57 5 6 4 547
15 59 5 6 22 547
15 61 5 2 13 547
15 64 5 1 15 547
15 66 5 3 13 547
15 67 5 5 19 547
15 71 5 2 6 547
15 73 5 2 4 547
15 74 5 1 5 547
15 75 5 3 10 547
15 76 5 2 15 547
15 78 5 1 11 547
15 82 5 1 11 547
15 83 5 2 19 547
15 84 5 2 24 547
15 85 5 4 12 547
15 87 5 4 4 547
15 92 5 1 6 547
15 96 5 3 1 547
15 98 5 6 6 547
15 99 5 5 24 547
16 0 1 4 16 556
16 1 1 3 18 556
16 4 1 3 15 556
16 7 1 3 16 556
16 8 1 4 6 556
16 9 1 2 8 556
16 11 1 5 10 556
16 13 1 1 19 556
16 14 1 1 22 556
16 15 1 5 11 556
16 17 1 4 15 556
16 18 1 6 14 556
16 19 1 6 10 556
16 20 1 2 10 556
16 21 1 6 16 556
16 22 1 5 13 556
16 23 1 1 3 556
16 28 1 3 23 556
16 31 1 5 5 556
16 36 1 6 9 556
16 38 1 5 13 556
16 39 1 1 20 556
16 46 1 5 21 556
16 47 1 4 10 556
16 50 1 6 25 556
16 54 1 5 12 556
16 57 1 6 24 556
16 58 1 3 18 556
16 61 1 2 10 556
16 65 1 2 21 556
16 66 1 3 16 556
16 75 1 3 20 556
16 78 1 1 21 556
16 79 1 5 13 556
16 80 1 5 6 556
16 81 1 2 22 556
16 82 1 1 15 556
16 85 1 4 20 556
16 87 1 4 9 556
16 90 1 5 25 556
16 91 1 5 25 556
16 92 1 1 1 556
16 93 1 5 8 556
16 96 1 3 11 556
16 97 1 5 13 556
17 4 4 3 19 836
17 6 4 2 10 836
17 8 4 4 24 836
17 9 4 2 3 836
17 11 4 5 2 836
17 12 4 2 21 836
17 13 4 1 24 836
17 14 4 1 12 836
17 16 4 1 15 836
17 18 4 6 23 836
17 21 4 6 12 836
17 22 4 5 18 836
17 24 4 3 8 836
17 26 4 3 24 836
17 31 4 5 24 836
17 32 4 1 13 836
17 33 4 3 13 836
17 34 4 6 25 836
17 37 4 3 23 836
17 39 4 1 22 836
17 40 4 2 5 836
17 41 4 3 16 836
17 42 4 4 1 836
17 43 4 4 6 836
17 44 4 6 15 836
17 46 4 5 22 836
17 49 4 1 12 836
17 51 4 5 23 836
17 52 4 1 12 836
17 53 4 3 5 836
17 55 4 4 14 836
17 56 4 4 19 836
17 57 4 6 12 836
17 58 4 3 15 836
17 66 4 3 16 836
17 67 4 5 10 836
17 68 4 4 12 836
17 71 4 2 14 836
17 72 4 2 13 836
17 73 4 2 5 836
17 74 4 1 4 836
17 76 4 2 20 836
17 78 4 1 19 836
17 80 4 5 25 836
17 81 4 2 7 836
17 83 4 2 15 836
17 84 4 2 21 836
17 85 4 4 17 836
17 88 4 5 4 836
17 89 4 6 24 836
17 91 4 5 10 836
17 92 4 1 16 836
17 94 4 2 1 836
17 95 4 4 7 836
17 96 4 3 25 836
17 99 4 5 13 836
18 1 6 3 24 375
18 2 6 6 10 375
18 5 6 1 10 375
18 8 6 4 18 375
18 10 6 6 20 375
18 13 6 1 11 375
18 14 6 1 24 375
18 16 6 1 14 375
18 17 6 4 23 375
18 20 6 2 2 375
18 21 6 6 10 375
18 23 6 1 9 375
18 24 6 3 17 375
18 25 6 6 6 375
18 27 6 6 13 375
18 28 6 3 9 375
18 29 6 6 14 375
18 30 6 5 24 375
18 31 6 5 15 375
18 32 6 1 21 375
18 39 6 1 23 375
18 41 6 3 14 375
18 45 6 1 24 375
18 48 6 2 4 375
18 49 6 1 16 375
18 50 6 6 4 375
18 51 6 5 6 375
18 57 6 6 12 375
18 58 6 3 25 375
18 59 6 6 15 375
18 60 6 3 6 375
18 63 6 5 18 375
18 64 6 1 16 375
18 65 6 2 15 375
18 66 6 3 20 375
18 68 6 4 12 375
18 70 6 1 16 375
18 74 6 1 1 375
18 77 6 1 22 375
18 80 6 5 10 375
18 83 6 2 20 375
18 84 6 2 1 375
18 85 6 4 5 375
18 91 6 5 6 375
18 92 6 1 17 375
18 99 6 5 15 375
19 6 6 2 5 472
19 14 6 1 20 472
19 15 6 5 14 472
19 16 6 1 10 472
19 21 6 6 11 472
19 25 6 6 25 472
19 26 6 3 1 472
19 27 6 6 21 472
19 28 6 3 5 472
19 29 6 6 14 472
19 30 6 5 24 472
19 31 6 5 7 472
19 32 6 1 18 472
19 35 6 4 12 472
19 36 6 6 4 472
19 38 6 5 2 472
19 39 6 1 21 472
19 41 6 3 21 472
19 42 6 4 6 472
19 43 6 4 24 472
19 47 6 4 3 472
19 48 6 2 4 472
19 49 6 1 5 472
19 51 6 5 13 472
19 53 6 3 5 472
19 56 6 4 13 472
19 63 6 5 8 472
19 65 6 2 6 472
19 66 6 3 24 472
19 67 6 5 24 472
19 68 6 4 7 472
19 71 6 2 22 472
19 72 6 2 16 472
19 75 6 3 21 472
19 76 6 2 17 472
19 77 6 1 6 472
19 78 6 1 12 472
19 81 6 2 17 472
19 86 6 2 1 472
19 87 6 4 5 472
19 89 6 6 25 472
19 92 6 1 13 472
19 93 6 5 9 472
19 98 6 6 22 472
19 99 6 5 13 472
20 1 2 3 2 646
20 4 2 3 23 646
20 6 2 2 3 646
20 8 2 4 8 646
20 9 2 2 13 646
20 10 2 6 8 646
20 11 2 5 7 646
20 12 2 2 24 646
20 15 2 5 22 646
20 16 2 1 10 646
20 18 2 6 2 646
20 22 2 5 1 646
20 23 2 1 25 646
20 26 2 3 7 646
20 27 2 6 14 646
20 29 2 6 24 646
20 31 2 5 11 646
20 32 2 1 18 646
20 36 2 6 11 646
20 38 2 5 12 646
20 40 2 2 14 646
20 43 2 4 24 646
20 44 2 6 25 646
20 45 2 1 20 646
20 46 2 5 1 646
20 47 2 4 7 646
20 51 2 5 6 646
20 52 2 1 7 646
20 54 2 5 6 646
20 55 2 4 24 646
20 57 2 6 25 646
20 58 2 3 10 646
20 61 2 2 21 646
20 62 2 5 12 646
20 65 2 2 10 646
20 68 2 4 12 646
20 69 2 6 1 646
20 71 2 2 6 646
20 72 2 2 25 646
20 73 2 2 16 646
20 76 2 2 10 646
20 78 2 1 2 646
20 80 2 5 21 646
20 86 2 2 18 646
20 87 2 4 17 646
20 89 2 6 23 646
20 90 2 5 6 646
20 91 2 5 6 646
20 92 2 1 20 646
20 93 2 5 2 646
20 94 2 2 4 646
20 95 2 4 3 646
20 96 2 3 2 646
20 99 2 5 22 646
21 1 6 3 13 116
21 3 6 5 16 116
21 6 6 2 10 116
21 7 6 3 17 116
21 11 6 5 15 116
21 12 6 2 14 116
21 15 6 5 12 116
21 16 6 1 16 116
21 17 6 4 12 116
21 18 6 6 10 116
21 19 6 6 11 116
21 25 6 6 10 116
21 26 6 3 17 116
21 27 6 6 11 116
21 29 6 6 22 116
21 30 6 5 16 116
21 33 6 3 21 116
21 34 6 6 6 116
21 35 6 4 11 116
21 36 6 6 12 116
21 46 6 5 17 116
21 47 6 4 19 116
21 48 6 2 2 116
21 56 6 4 10 116
21 58 6 3 11 116
21 61 6 2 7 116
21 62 6 5 9 116
21 63 6 5 6 116
21 64 6 1 7 116
21 65 6 2 19 116
21 67 6 5 16 116
21 72 6 2 1 116
21 73 6 2 22 116
21 74 6 1 23 116
21 75 6 3 16 116
21 77 6 1 9 116
21 79 6 5 18 116
21 81 6 2 12 116
21 82 6 1 22 116
21 83 6 2 14 116
21 84 6 2 17 116
21 85 6 4 1 116
21 87 6 4 3 116
21 88 6 5 2 116
21 90 6 5 12 116
21 91 6 5 8 116
21 92 6 1 19 116
21 93 6 5 6 116
21 94 6 2 9 116
21 95 6 4 23 116
21 98 6 6 20 116
22 3 5 5 24 143
22 4 5 3 16 143
22 5 5 1 22 143
22 7 5 3 13 143
22 10 5 6 24 143
22 11 5 5 15 143
22 12 5 2 11 143
22 15 5 5 8 143
22 16 5 1 13 143
22 17 5 4 18 143
22 20 5 2 1 143
22 26 5 3 21 143
22 27 5 6 7 143
22 29 5 6 10 143
22 32 5 1 5 143
22 34 5 6 18 143
22 35 5 4 9 143
22 36 5 6 25 143
22 40 5 2 12 143
22 42 5 4 15 143
22 43 5 4 20 143
22 47 5 4 12 143
22 48 5 2 17 143
22 49 5 1 7 143
22 51 5 5 2 143
22 53 5 3 9 143
22 55 5 4 6 143
22 58 5 3 17 143
22 59 5 6 6 143
22 61 5 2 17 143
22 62 5 5 23 143
22 63 5 5 11 143
22 65 5 2 7 143
22 68 5 4 4 143
22 71 5 2 3 143
22 73 5 2 4 143
22 76 5 2 24 143
22 77 5 1 9 143
22 78 5 1 15 143
22 80 5 5 20 143
22 81 5 2 18 143
22 87 5 4 8 143
22 89 5 6 19 143
22 90 5 5 2 143
22 91 5 5 7 143
22 92 5 1 15 143
22 93 5 5 8 143
22 95 5 4 8 143
22 98 5 6 7 143
23 1 1 3 1 986
23 4 1 3 14 986
23 5 1 1 23 986
23 7 1 3 16 986
23 10 1 6 18 986
23 12 1 2 9 986
23 13 1 1 18 986
23 15 1 5 15 986
23 16 1 1 3 986
23 18 1 6 9 986
23 20 1 2 25 986
23 25 1 6 22 986
23 26 1 3 17 986
23 27 1 6 8 986
23 28 1 3 3 986
23 29 1 6 3 986
23 30 1 5 5 986
23 31 1 5 3 986
23 32 1 1 16 986
23 33 1 3 13 986
23 38 1 5 6 986
23 39 1 1 16 986
23 40 1 2 16 986
23 41 1 3 18 986
23 42 1 4 4 986
23 44 1 6 3 986
23 45 1 1 21 986
23 51 1 5 25 986
23 52 1 1 24 986
23 53 1 3 17 986
23 57 1 6 1 986
23 58 1 3 22 986
23 59 1 6 16 986
23 60 1 3 13 986
23 63 1 5 21 986
23 64 1 1 8 986
23 66 1 3 19 986
23 67 1 5 13 986
23 70 1 1 5 986
23 71 1 2 17 986
23 75 1 3 1 986
23 78 1 1 17 986
23 79 1 5 7 986
23 81 1 2 25 986
23 83 1 2 4 986
23 84 1 2 24 986
23 87 1 4 1 986
23 88 1 5 16 986
23 89 1 6 3 986
23 90 1 5 22 986
23 91 1 5 22 986
23 93 1 5 21 986
23 94 1 2 11 986
23 95 1 4 15 986
23 97 1 5 24 986
23 98 1 6 10 986
23 99 1 5 17 986
24 1 3 3 1 361
24 4 3 3 20 361
24 5 3 1 5 361
24 6 3 2 25 361
24 9 3 2 3 361
24 11 3 5 21 361
24 12 3 2 1 361
24 13 3 1 12 361
24 17 3 4 8 361
24 18 3 6 17 361
24 31 3 5 7 361
24 32 3 1 13 361
24 34 3 6 2 361
24 37 3 3 4 361
24 38 3 5 6 361
24 39 3 1 10 361
24 40 3 2 1 361
24 46 3 5 10 361
24 47 3 4 17 361
24 52 3 1 24 361
24 53 3 3 16 361
24 54 3 5 14 361
24 55 3 4 3 361
24 61 3 2 17 361
24 63 3 5 6 361
24 64 3 1 9 361
24 65 3 2 15 361
24 67 3 5 18 361
24 68 3 4 3 361
24 69 3 6 2 361
24 70 3 1 11 361
24 74 3 1 15 361
24 76 3 2 16 361
24 77 3 1 2 361
24 78 3 1 14 361
24 80 3 5 2 361
24 81 3 2 10 361
24 84 3 2 2 361
24 86 3 2 1 361
24 87 3 4 10 361
24 89 3 6 23 361
24 91 3 5 2 361
24 94 3 2 3 361
24 95 3 4 1 361
24 99 3 5 4 361
25 2 6 6 13 900
25 3 6 5 5 900
25 4 6 3 19 900
25 5 6 1 4 900
25 6 6 2 22 900
25 7 6 3 15 900
25 10 6 6 1 900
25 11 6 5 18 900
25 14 6 1 15 900
25 18 6 6 6 900
25 19 6 6 25 900
25 21 6 6 10 900
25 23 6 1 22 900
25 27 6 6 3 900
25 28 6 3 2 900
25 30 6 5 2 900
25 32 6 1 10 900
25 33 6 3 16 900
25 34 6 6 2 900
25 38 6 5 8 900
25 39 6 1 7 900
25 41 6 3 25 900
25 46 6 5 24 900
25 47 6 4 24 900
25 48 6 2 17 900
25 49 6 1 15 900
25 52 6 1 14 900
25 53 6 3 21 900
25 54 6 5 18 900
25 55 6 4 19 900
25 56 6 4 18 900
25 61 6 2 12 900
25 62 6 5 23 900
25 64 6 1 14 900
25 67 6 5 8 900
25 68 6 4 24 900
25 71 6 2 21 900
25 72 6 2 11 900
25 73 6 2 18 900
25 75 6 3 4 900
25 76 6 2 23 900
25 77 6 1 19 900
25 79 6 5 17 900
25 80 6 5 11 900
25 81 6 2 11 900
25 84 6 2 4 900
25 85 6 4 10 900
25 89 6 6 9 900
25 90 6 5 22 900
25 92 6 1 5 900
25 93 6 5 18 900
25 95 6 4 14 900
25 97 6 5 19 900
25 99 6 5 16 900
26 0 3 4 1 303
26 1 3 3 24 303
26 3 3 5 18 303
26 4 3 3 16 303
26 5 3 1 4 303
26 9 3 2 8 303
26 10 3 6 19 303
26 12 3 2 10 303
26 15 3 5 4 303
26 17 3 4 24 303
26 19 3 6 1 303
26 20 3 2 7 303
26 21 3 6 17 303
26 22 3 5 21 303
26 23 3 1 17 303
26 27 3 6 12 303
26 28 3 3 9 303
26 30 3 5 22 303
26 34 3 6 21 303
26 35 3 4 10 303
26 38 3 5 23 303
26 40 3 2 16 303
26 42 3 4 4 303
26 43 3 4 9 303
26 44 3 6 13 303
26 46 3 5 18 303
26 57 3 6 1 303
26 60 3 3 2 303
26 61 3 2 1 303
26 63 3 5 9 303
26 64 3 1 5 303
26 65 3 2 14 303
26 66 3 3 3 303
26 73 3 2 25 303
26 78 3 1 14 303
26 80 3 5 21 303
26 81 3 2 9 303
26 82 3 1 15 303
26 83 3 2 16 303
26 93 3 5 2 303
27 1 6 3 20 670
27 2 6 6 3 670
27 4 6 3 2 670
27 9 6 2 11 670
27 10 6 6 6 670
27 11 6 5 24 670
27 14 6 1 13 670
27 18 6 6 13 670
27 19 6 6 21 670
27 20 6 2 14 670
27 21 6 6 11 670
27 22 6 5 7 670
27 23 6 1 8 670
27 25 6 6 3 670
27 26 6 3 12 670
27 28 6 3 10 670
27 31 6 5 5 670
27 33 6 3 2 670
27 34 6 6 21 670
27 36 6 6 1 670
27 39 6 1 4 670
27 40 6 2 7 670
27 41 6 3 8 670
27 43 6 4 15 670
27 44 6 6 2 670
27 45 6 1 13 670
27 46 6 5 1 670
27 47 6 4 1 670
27 49 6 1 19 670
27 53 6 3 3 670
27 54 6 5 15 670
27 55 6 4 23 670
27 56 6 4 1 670
27 57 6 6 13 670
27 62 6 5 1 670
27 63 6 5 23 670
27 65 6 2 3 670
27 69 6 6 14 670
27 77 6 1 1 670
27 78 6 1 15 670
27 84 6 2 9 670
27 87 6 4 5 670
27 88 6 5 19 670
27 92 6 1 24 670
27 96 6 3 14 670
27 97 6 5 25 670
28 5 3 1 21 645
28 6 3 2 6 645
28 10 3 6 3 645
28 11 3 5 4 645
28 12 3 2 20 645
28 13 3 1 21 645
28 16 3 1 23 645
28 18 3 6 9 645
28 19 3 6 5 645
28 23 3 1 3 645
28 25 3 6 2 645
28 26 3 3 9 645
28 27 3 6 10 645
28 31 3 5 14 645
28 32 3 1 14 645
28 33 3 3 5 645
28 35 3 4 16 645
28 37 3 3 13 645
28 44 3 6 11 645
28 46 3 5 3 645
28 47 3 4 17 645
28 48 3 2 18 645
28 51 3 5 18 645
28 52 3 1 3 645
28 53 3 3 19 645
28 56 3 4 9 645
28 59 3 6 24 645
28 60 3 3 17 645
28 61 3 2 11 645
28 64 3 1 9 645
28 70 3 1 8 645
28 71 3 2 18 645
28 72 3 2 23 645
28 73 3 2 16 645
28 75 3 3 24 645
28 76 3 2 2 645
28 77 3 1 2 645
28 78 3 1 16 645
28 79 3 5 8 645
28 81 3 2 5 645
28 86 3 2 9 645
28 88 3 5 19 645
28 90 3 5 22 645
28 93 3 5 18 645
28 94 3 2 10 645
28 95 3 4 12 645
28 97 3 5 18 645
29 0 6 4 18 56
29 2 6 6 2 56
29 3 6 5 8 56
29 5 6 1 17 56
29 7 6 3 19 56
29 10 6 6 8 56
29 12 6 2 19 56
29 18 6 6 14 56
29 19 6 6 14 56
29 20 6 2 24 56
29 21 6 6 22 56
29 22 6 5 10 56
29 23 6 1 3 56
29 30 6 5 22 56
29 31 6 5 13 56
29 32 6 1 24 56
29 35 6 4 25 56
29 36 6 6 5 56
29 37 6 3 25 56
29 39 6 1 24 56
29 40 6 2 11 56
29 42 6 4 3 56
29 43 6 4 16 56
29 44 6 6 19 56
29 45 6 1 13 56
29 46 6 5 12 56
29 49 6 1 7 56
29 50 6 6 19 56
29 51 6 5 11 56
29 56 6 4 3 56
29 60 6 3 4 56
29 61 6 2 18 56
29 63 6 5 12 56
29 64 6 1 6 56
29 67 6 5 16 56
29 69 6 6 2 56
29 70 6 1 17 56
29 71 6 2 1 56
29 72 6 2 11 56
29 73 6 2 7 56
29 74 6 1 6 56
29 76 6 2 1 56
29 77 6 1 6 56
29 78 6 1 19 56
29 85 6 4 25 56
29 86 6 2 11 56
29 87 6 4 6 56
29 90 6 5 24 56
29 91 6 5 7 56
29 95 6 4 19 56
29 96 6 3 17 56
29 98 6 6 1 56
30 0 5 4 22 778
30 1 5 3 2 778
30 3 5 5 12 778
30 4 5 3 1 778
30 6 5 2 4 778
30 7 5 3 22 778
30 10 5 6 18 778
30 18 5 6 24 778
30 19 5 6 24 778
30 21 5 6 16 778
30 23 5 1 5 778
30 25 5 6 2 778
30 26 5 3 22 778
30 29 5 6 22 778
30 31 5 5 12 778
30 32 5 1 10 778
30 33 5 3 16 778
30 34 5 6 21 778
30 35 5 4 21 778
30 36 5 6 17 778
30 39 5 1 3 778
30 41 5 3 23 778
30 42 5 4 2 778
30 43 5 4 14 778
30 44 5 6 3 778
30 46 5 5 9 778
30 47 5 4 12 778
30 49 5 1 9 778
30 50 5 6 1 778
30 54 5 5 9 778
30 55 5 4 7 778
30 58 5 3 20 778
30 60 5 3 19 778
30 62 5 5 14 778
30 63 5 5 10 778
30 65 5 2 25 778
30 67 5 5 15 778
30 70 5 1 1 778
30 73 5 2 3 778
30 76 5 2 24 778
30 83 5 2 17 778
30 85 5 4 14 778
30 86 5 2 1 778
30 87 5 4 19 778
30 88 5 5 22 778
30 89 5 6 7 778
30 90 5 5 8 778
30 93 5 5 1 778
30 96 5 3 12 778
30 99 5 5 15 778
31 2 5 6 7 464
31 3 5 5 14 464
31 4 5 3 1 464
31 5 5 1 15 464
31 6 5 2 1 464
31 8 5 4 2 464
31 13 5 1 3 464
31 15 5 5 11 464
31 16 5 1 5 464
31 17 5 4 24 464
31 18 5 6 15 464
31 19 5 6 7 464
31 20 5 2 11 464
31 23 5 1 3 464
31 24 5 3 7 464
31 27 5 6 5 464
31 28 5 3 14 464
31 29 5 6 13 464
31 30 5 5 12 464
31 36 5 6 3 464
31 37 5 3 10 464
31 38 5 5 23 464
31 40 5 2 24 464
31 42 5 4 25 464
31 43 5 4 25 464
31 45 5 1 3 464
31 47 5 4 14 464
31 50 5 6 22 464
31 52 5 1 20 464
31 60 5 3 23 464
31 61 5 2 8 464
31 67 5 5 24 464
31 68 5 4 15 464
31 69 5 6 13 464
31 72 5 2 21 464
31 73 5 2 15 464
31 75 5 3 10 464
31 78 5 1 7 464
31 80 5 5 10 464
31 81 5 2 12 464
31 83 5 2 13 464
31 84 5 2 13 464
31 85 5 4 17 464
31 87 5 4 14 464
31 90 5 5 3 464
31 91 5 5 20 464
31 92 5 1 24 464
31 93 5 5 7 464
31 98 5 6 15 464
31 99 5 5 4 464
32 0 1 4 16 626
32 1 1 3 5 626
32 4 1 3 7 626
32 8 1 4 5 626
32 9 1 2 8 626
32 10 1 6 24 626
32 11 1 5 9 626
32 12 1 2 19 626
32 13 1 1 6 626
32 14 1 1 5 626
32 15 1 5 3 626
32 17 1 4 13 626
32 18 1 6 21 626
32 19 1 6 18 626
32 20 1 2 18 626
32 22 1 5 5 626
32 23 1 1 16 626
32 24 1 3 13 626
32 25 1 6 10 626
32 28 1 3 14 626
32 29 1 6 24 626
32 30 1 5 10 626
32 33 1 3 6 626
32 35 1 4 15 626
32 38 1 5 9 626
32 39 1 1 11 626
32 40 1 2 17 626
32 41 1 3 9 626
32 47 1 4 2 626
32 48 1 2 22 626
32 50 1 6 15 626
32 53 1 3 13 626
32 56 1 4 22 626
32 57 1 6 15 626
32 59 1 6 23 626
32 60 1 3 1 626
32 61 1 2 24 626
32 62 1 5 13 626
32 63 1 5 2 626
32 67 1 5 23 626
32 69 1 6 10 626
32 70 1 1 13 626
32 71 1 2 10 626
32 72 1 2 14 626
32 73 1 2 11 626
32 75 1 3 12 626
32 76 1 2 17 626
32 77 1 1 12 626
32 79 1 5 17 626
32 81 1 2 13 626
32 82 1 1 24 626
32 83 1 2 13 626
32 85 1 4 25 626
32 88 1 5 9 626
32 90 1 5 7 626
32 91 1 5 21 626
32 95 1 4 6 626
32 97 1 5 24 626
32 98 1 6 23 626
32 99 1 5 8 626
33 2 3 6 18 392
33 3 3 5 17 392
33 4 3 3 7 392
33 7 3 3 14 392
33 8 3 4 14 392
33 9 3 2 10 392
33 10 3 6 9 392
33 11 3 5 13 392
33 14 3 1 10 392
33 15 3 5 5 392
33 17 3 4 13 392
33 21 3 6 21 392
33 23 3 1 13 392
33 25 3 6 16 392
33 27 3 6 2 392
33 28 3 3 5 392
33 30 3 5 16 392
33 32 3 1 6 392
33 34 3 6 9 392
33 36 3 6 19 392
33 37 3 3 8 392
33 38 3 5 5 392
33 42 3 4 14 392
33 43 3 4 19 392
33 46 3 5 4 392
33 47 3 4 6 392
33 48 3 2 23 392
33 49 3 1 20 392
33 51 3 5 17 392
33 55 3 4 15 392
33 56 3 4 1 392
33 57 3 6 11 392
33 58 3 3 2 392
33 61 3 2 13 392
33 62 3 5 23 392
33 64 3 1 20 392
33 65 3 2 12 392
33 69 3 6 11 392
33 70 3 1 1 392
33 72 3 2 11 392
33 73 3 2 7 392
33 74 3 1 7 392
33 76 3 2 24 392
33 77 3 1 2 392
33 78 3 1 7 392
33 81 3 2 22 392
33 82 3 1 9 392
33 83 3 2 14 392
33 87 3 4 9 392
33 91 3 5 25 392
33 93 3 5 5 392
33 95 3 4 10 392
33 96 3 3 15 392
33 98 3 6 22 392
34 2 6 6 18 207
34 3 6 5 14 207
34 7 6 3 1 207
34 8 6 4 12 207
34 11 6 5 1 207
34 15 6 5 22 207
34 17 6 4 25 207
34 21 6 6 6 207
34 22 6 5 18 207
34 24 6 3 2 207
34 25 6 6 2 207
34 26 6 3 21 207
34 27 6 6 21 207
34 30 6 5 21 207
34 33 6 3 9 207
34 38 6 5 24 207
34 39 6 1 20 207
34 42 6 4 20 207
34 43 6 4 7 207
34 44 6 6 23 207
34 49 6 1 22 207
34 50 6 6 4 207
34 51 6 5 20 207
34 53 6 3 24 207
34 54 6 5 23 207
34 55 6 4 14 207
34 56 6 4 18 207
34 60 6 3 13 207
34 65 6 2 9 207
34 69 6 6 15 207
34 70 6 1 24 207
34 73 6 2 7 207
34 74 6 1 9 207
34 76 6 2 21 207
34 77 6 1 2 207
34 78 6 1 1 207
34 80 6 5 17 207
34 81 6 2 19 207
34 83 6 2 16 207
34 89 6 6 25 207
34 90 6 5 10 207
34 91 6 5 12 207
34 93 6 5 9 207
34 96 6 3 18 207
34 97 6 5 22 207
34 98 6 6 21 207
35 0 4 4 6 711
35 1 4 3 18 711
35 2 4 6 9 711
35 4 4 3 2 711
35 5 4 1 2 711
35 6 4 2 12 711
35 7 4 3 2 711
35 9 4 2 23 711
35 10 4 6 2 711
35 11 4 5 25 711
35 12 4 2 17 711
35 13 4 1 12 711
35 14 4 1 14 711
35 19 4 6 12 711
35 21 4 6 11 711
35 22 4 5 9 711
35 26 4 3 10 711
35 28 4 3 16 711
35 29 4 6 25 711
35 30 4 5 21 711
35 32 4 1 15 711
35 36 4 6 16 711
35 39 4 1 9 711
35 40 4 2 11 711
35 41 4 3 7 711
35 42 4 4 20 711
35 47 4 4 11 711
35 49 4 1 9 711
35 50 4 6 3 711
35 51 4 5 1 711
35 56 4 4 5 711
35 57 4 6 7 711
35 58 4 3 19 711
35 60 4 3 7 711
35 63 4 5 21 711
35 64 4 1 25 711
35 66 4 3 21 711
35 67 4 5 25 711
35 68 4 4 19 711
35 70 4 1 8 711
35 71 4 2 19 711
35 73 4 2 11 711
35 74 4 1 19 711
35 76 4 2 3 711
35 77 4 1 1 711
35 79 4 5 8 711
35 80 4 5 25 711
35 81 4 2 23 711
35 82 4 1 22 711
35 83 4 2 13 711
35 84 4 2 5 711
35 85 4 4 23 711
35 90 4 5 14 711
35 91 4 5 21 711
35 92 4 1 24 711
35 93 4 5 1 711
35 95 4 4 9 711
35 97 4 5 4 711
35 98 4 6 7 711
35 99 4 5 19 711
36 1 6 3 17 961
36 2 6 6 17 961
36 3 6 5 16 961
36 4 6 3 4 961
36 10 6 6 9 961
36 12 6 2 20 961
36 15 6 5 17 961
36 16 6 1 9 961
36 19 6 6 4 961
36 20 6 2 11 961
36 21 6 6 12 961
36 22 6 5 25 961
36 27 6 6 1 961
36 29 6 6 5 961
36 30 6 5 17 961
36 31 6 5 3 961
36 33 6 3 19 961
36 35 6 4 16 961
36 37 6 3 14 961
36 39 6 1 11 961
36 41 6 3 14 961
36 43 6 4 25 961
36 44 6 6 25 961
36 45 6 1 16 961
36 46 6 5 4 961
36 48 6 2 8 961
36 49 6 1 9 961
36 50 6 6 8 961
36 57 6 6 18 961
36 60 6 3 25 961
36 62 6 5 23 961
36 64 6 1 9 961
36 65 6 2 8 961
36 67 6 5 3 961
36 68 6 4 1 961
36 70 6 1 21 961
36 74 6 1 10 961
36 76 6 2 18 961
36 81 6 2 17 961
36 82 6 1 16 961
36 85 6 4 19 961
36 86 6 2 14 961
36 87 6 4 18 961
36 89 6 6 24 961
36 90 6 5 12 961
36 93 6 5 25 961
36 94 6 2 8 961
36 97 6 5 23 961
36 98 6 6 22 961
36 99 6 5 3 961
37 1 3 3 23 421
37 2 3 6 7 421
37 3 3 5 14 421
37 4 3 3 9 421
37 5 3 1 6 421
37 8 3 4 5 421
37 10 3 6 17 421
37 11 3 5 10 421
37 14 3 1 9 421
37 17 3 4 23 421
37 24 3 3 4 421
37 28 3 3 13 421
37 29 3 6 25 421
37 31 3 5 10 421
37 33 3 3 8 421
37 36 3 6 14 421
37 38 3 5 4 421
37 40 3 2 16 421
37 43 3 4 5 421
37 46 3 5 9 421
37 50 3 6 8 421
37 52 3 1 16 421
37 53 3 3 23 421
37 55 3 4 12 421
37 58 3 3 22 421
37 59 3 6 3 421
37 62 3 5 14 421
37 65 3 2 8 421
37 66 3 3 15 421
37 67 3 5 11 421
37 70 3 1 6 421
37 74 3 1 9 421
37 76 3 2 23 421
37 77 3 1 22 421
37 79 3 5 8 421
37 80 3 5 19 421
37 81 3 2 24 421
37 83 3 2 16 421
37 84 3 2 15 421
37 87 3 4 9 421
37 91 3 5 9 421
37 94 3 2 5 421
37 96 3 3 13 421
38 1 5 3 20 827
38 3 5 5 1 827
38 5 5 1 20 827
38 6 5 2 16 827
38 7 5 3 22 827
38 9 5 2 14 827
38 10 5 6 16 827
38 12 5 2 2 827
38 14 5 1 1 827
38 16 5 1 13 827
38 19 5 6 2 827
38 20 5 2 12 827
38 23 5 1 6 827
38 24 5 3 6 827
38 25 5 6 8 827
38 26 5 3 23 827
38 31 5 5 23 827
38 32 5 1 9 827
38 33 5 3 5 827
38 34 5 6 24 827
38 37 5 3 4 827
38 40 5 2 12 827
38 41 5 3 1 827
38 42 5 4 18 827
38 43 5 4 12 827
38 44 5 6 8 827
38 51 5 5 16 827
38 54 5 5 20 827
38 56 5 4 24 827
38 57 5 6 14 827
38 59 5 6 20 827
38 60 5 3 23 827
38 63 5 5 9 827
38 65 5 2 10 827
38 66 5 3 13 827
38 69 5 6 7 827
38 70 5 1 8 827
38 73 5 2 6 827
38 76 5 2 8 827
38 77 5 1 5 827
38 80 5 5 15 827
38 82 5 1 14 827
38 85 5 4 21 827
38 86 5 2 25 827
38 87 5 4 23 827
38 88 5 5 12 827
38 89 5 6 17 827
38 91 5 5 21 827
38 92 5 1 21 827
38 94 5 2 4 827
38 95 5 4 11 827
38 99 5 5 8 827
39 1 1 3 1 544
39 4 1 3 14 544
39 5 1 1 1 544
39 6 1 2 1 544
39 8 1 4 2 544
39 10 1 6 15 544
39 11 1 5 23 544
39 14 1 1 24 544
39 15 1 5 22 544
39 16 1 1 20 544
39 17 1 4 22 544
39 18 1 6 23 544
39 19 1 6 21 544
39 23 1 1 16 544
39 24 1 3 10 544
39 25 1 6 7 544
39 27 1 6 4 544
39 29 1 6 24 544
39 30 1 5 3 544
39 32 1 1 11 544
39 34 1 6 20 544
39 35 1 4 9 544
39 36 1 6 11 544
39 41 1 3 3 544
39 43 1 4 21 544
39 45 1 1 21 544
39 51 1 5 17 544
39 52 1 1 5 544
39 53 1 3 11 544
39 54 1 5 20 544
39 55 1 4 17 544
39 57 1 6 4 544
39 59 1 6 8 544
39 60 1 3 17 544
39 64 1 1 25 544
39 66 1 3 2 544
39 67 1 5 24 544
39 68 1 4 18 544
39 70 1 1 13 544
39 71 1 2 5 544
39 72 1 2 16 544
39 73 1 2 17 544
39 74 1 1 8 544
39 75 1 3 25 544
39 76 1 2 9 544
39 79 1 5 20 544
39 84 1 2 7 544
39 85 1 4 17 544
39 87 1 4 2 544
39 88 1 5 12 544
39 89 1 6 5 544
39 90 1 5 19 544
39 91 1 5 20 544
39 92 1 1 9 544
39 94 1 2 4 544
39 95 1 4 1 544
39 96 1 3 15 544
39 98 1 6 1 544
40 1 2 3 14 792
40 8 2 4 13 792
40 9 2 2 23 792
40 12 2 2 20 792
40 13 2 1 12 792
40 14 2 1 4 792
40 15 2 5 17 792
40 17 2 4 5 792
40 20 2 2 14 792
40 22 2 5 12 792
40 23 2 1 16 792
40 24 2 3 1 792
40 26 2 3 16 792
40 27 2 6 7 792
40 29 2 6 11 792
40 31 2 5 24 792
40 32 2 1 17 792
40 35 2 4 11 792
40 37 2 3 16 792
40 38 2 5 12 792
40 41 2 3 5 792
40 45 2 1 8 792
40 48 2 2 9 792
40 49 2 1 22 792
40 51 2 5 16 792
40 55 2 4 24 792
40 57 2 6 7 792
40 60 2 3 7 792
40 61 2 2 14 792
40 63 2 5 16 792
40 65 2 2 12 792
40 67 2 5 25 792
40 68 2 4 1 792
40 71 2 2 23 792
40 72 2 2 19 792
40 73 2 2 11 792
40 74 2 1 1 792
40 76 2 2 8 792
40 77 2 1 21 792
40 78 2 1 21 792
40 79 2 5 8 792
40 80 2 5 16 792
40 82 2 1 10 792
40 83 2 2 5 792
40 84 2 2 1 792
40 85 2 4 21 792
40 86 2 2 12 792
40 87 2 4 15 792
40 88 2 5 17 792
40 90 2 5 17 792
40 91 2 5 11 792
40 94 2 2 6 792
40 96 2 3 14 792
40 98 2 6 23 792
41 1 3 3 21 99
41 4 3 3 3 99
41 5 3 1 25 99
41 8 3 4 15 99
41 11 3 5 13 99
41 12 3 2 25 99
41 13 3 1 13 99
41 17 3 4 16 99
41 18 3 6 14 99
41 19 3 6 21 99
41 23 3 1 18 99
41 25 3 6 25 99
41 27 3 6 8 99
41 30 3 5 23 99
41 32 3 1 9 99
41 35 3 4 7 99
41 36 3 6 14 99
41 38 3 5 1 99
41 39 3 1 3 99
41 40 3 2 5 99
41 42 3 4 17 99
41 43 3 4 18 99
41 44 3 6 16 99
41 45 3 1 1 99
41 46 3 5 5 99
41 50 3 6 16 99
41 55 3 4 21 99
41 56 3 4 25 99
41 59 3 6 15 99
41 61 3 2 25 99
41 62 3 5 19 99
41 63 3 5 13 99
41 66 3 3 20 99
41 67 3 5 22 99
41 69 3 6 19 99
41 73 3 2 15 99
41 74 3 1 1 99
41 75 3 3 2 99
41 77 3 1 16 99
41 82 3 1 19 99
41 83 3 2 8 99
41 85 3 4 13 99
41 88 3 5 13 99
41 89 3 6 19 99
41 90 3 5 9 99
41 92 3 1 14 99
41 96 3 3 22 99
41 97 3 5 14 99
41 98 3 6 14 99
42 0 4 4 19 976
42 3 4 5 11 976
42 5 4 1 23 976
42 7 4 3 22 976
42 8 4 4 11 976
42 9 4 2 21 976
42 10 4 6 7 976
42 15 4 5 9 976
42 17 4 4 1 976
42 19 4 6 6 976
42 22 4 5 15 976
42 23 4 1 4 976
42 26 4 3 4 976
42 29 4 6 3 976
42 30 4 5 2 976
42 31 4 5 25 976
42 33 4 3 14 976
42 34 4 6 20 976
42 35 4 4 20 976
42 38 4 5 18 976
42 41 4 3 17 976
42 43 4 4 2 976
42 44 4 6 13 976
42 46 4 5 12 976
42 47 4 4 23 976
42 51 4 5 9 976
42 52 4 1 19 976
42 53 4 3 2 976
42 54 4 5 6 976
42 57 4 6 7 976
42 58 4 3 12 976
42 60 4 3 23 976
42 62 4 5 13 976
42 63 4 5 15 976
42 65 4 2 12 976
42 66 4 3 21 976
42 68 4 4 13 976
42 69 4 6 13 976
42 71 4 2 8 976
42 72 4 2 9 976
42 74 4 1 17 976
42 78 4 1 15 976
42 80 4 5 2 976
42 82 4 1 7 976
42 83 4 2 8 976
42 84 4 2 15 976
42 86 4 2 1 976
42 91 4 5 7 976
42 94 4 2 3 976
42 95 4 4 19 976
42 96 4 3 15 976
42 97 4 5 7 976
42 98 4 6 24 976
43 2 4 6 22 860
43 5 4 1 7 860
43 6 4 2 20 860
43 7 4 3 9 860
43 10 4 6 17 860
43 11 4 5 4 860
43 12 4 2 13 860
43 13 4 1 9 860
43 14 4 1 12 860
43 15 4 5 4 860
43 17 4 4 6 860
43 19 4 6 24 860
43 20 4 2 24 860
43 22 4 5 20 860
43 26 4 3 9 860
43 27 4 6 15 860
43 29 4 6 16 860
43 30 4 5 14 860
43 31 4 5 25 860
43 33 4 3 19 860
43 34 4 6 7 860
43 36 4 6 25 860
43 37 4 3 5 860
43 38 4 5 12 860
43 39 4 1 21 860
43 41 4 3 18 860
43 42 4 4 2 860
43 44 4 6 1 860
43 47 4 4 6 860
43 48 4 2 20 860
43 51 4 5 25 860
43 52 4 1 23 860
43 53 4 3 3 860
43 55 4 4 4 860
43 57 4 6 14 860
43 58 4 3 15 860
43 61 4 2 23 860
43 62 4 5 3 860
43 69 4 6 22 860
43 72 4 2 18 860
43 73 4 2 7 860
43 76 4 2 15 860
43 83 4 2 18 860
43 84 4 2 17 860
43 86 4 2 14 860
43 87 4 4 19 860
43 94 4 2 7 860
43 97 4 5 8 860
43 98 4 6 6 860
44 0 6 4 9 885
44 1 6 3 21 885
44 2 6 6 12 885
44 5 6 1 7 885
44 6 6 2 14 885
44 9 6 2 22 885
44 12 6 2 14 885
44 17 6 4 15 885
44 20 6 2 25 885
44 23 6 1 3 885
44 26 6 3 13 885
44 27 6 6 2 885
44 28 6 3 11 885
44 29 6 6 19 885
44 30 6 5 3 885
44 34 6 6 23 885
44 36 6 6 25 885
44 38 6 5 8 885
44 41 6 3 16 885
44 42 6 4 13 885
44 43 6 4 1 885
44 46 6 5 5 885
44 47 6 4 13 885
44 48 6 2 7 885
44 50 6 6 18 885
44 51 6 5 11 885
44 54 6 5 7 885
44 55 6 4 16 885
44 56 6 4 18 885
44 57 6 6 9 885
44 58 6 3 8 885
44 60 6 3 9 885
44 63 6 5 19 885
44 64 6 1 10 885
44 70 6 1 4 885
44 71 6 2 17 885
44 72 6 2 4 885
44 79 6 5 17 885
44 82 6 1 15 885
44 84 6 2 9 885
44 89 6 6 22 885
44 90 6 5 22 885
44 91 6 5 15 885
44 93 6 5 6 885
44 94 6 2 22 885
44 96 6 3 7 885
44 97 6 5 5 885
45 1 1 3 13 654
45 3 1 5 10 654
45 5 1 1 9 654
45 6 1 2 10 654
45 11 1 5 9 654
45 13 1 1 2 654
45 18 1 6 24 654
45 20 1 2 20 654
45 23 1 1 21 654
45 27 1 6 13 654
45 29 1 6 13 654
45 31 1 5 3 654
45 36 1 6 16 654
45 39 1 1 21 654
45 40 1 2 8 654
45 41 1 3 1 654
45 46 1 5 13 654
45 48 1 2 7 654
45 49 1 1 1 654
45 51 1 5 1 654
45 54 1 5 4 654
45 56 1 4 4 654
45 58 1 3 25 654
45 61 1 2 2 654
45 64 1 1 23 654
45 65 1 2 10 654
45 66 1 3 8 654
45 68 1 4 8 654
45 69 1 6 11 654
45 71 1 2 4 654
45 72 1 2 10 654
45 73 1 2 16 654
45 75 1 3 24 654
45 77 1 1 8 654
45 79 1 5 1 654
45 85 1 4 13 654
45 88 1 5 7 654
45 89 1 6 23 654
45 90 1 5 6 654
45 91 1 5 20 654
45 95 1 4 18 654
45 97 1 5 8 654
45 98 1 6 9 654
45 99 1 5 3 654
46 1 5 3 15 174
46 6 5 2 11 174
46 7 5 3 3 174
46 9 5 2 11 174
46 10 5 6 9 174
46 11 5 5 17 174
46 12 5 2 24 174
46 15 5 5 15 174
46 16 5 1 21 174
46 17 5 4 22 174
46 20 5 2 1 174
46 21 5 6 17 174
46 24 5 3 10 174
46 25 5 6 24 174
46 26 5 3 18 174
46 27 5 6 1 174
46 28 5 3 3 174
46 29 5 6 12 174
46 30 5 5 9 174
46 33 5 3 4 174
46 36 5 6 4 174
46 37 5 3 9 174
46 41 5 3 5 174
46 42 5 4 12 174
46 44 5 6 5 174
46 45 5 1 13 174
46 47 5 4 13 174
46 48 5 2 4 174
46 49 5 1 3 174
46 50 5 6 9 174
46 51 5 5 16 174
46 52 5 1 4 174
46 53 5 3 23 174
46 54 5 5 7 174
46 58 5 3 2 174
46 59 5 6 16 174
46 63 5 5 3 174
46 65 5 2 25 174
46 68 5 4 16 174
46 72 5 2 6 174
46 73 5 2 9 174
46 74 5 1 23 174
46 76 5 2 23 174
46 79 5 5 5 174
46 81 5 2 4 174
46 83 5 2 18 174
46 84 5 2 9 174
46 87 5 4 11 174
46 88 5 5 24 174
46 89 5 6 21 174
46 90 5 5 18 174
46 91 5 5 24 174
46 92 5 1 24 174
46 93 5 5 10 174
46 94 5 2 15 174
46 99 5 5 3 174
47 1 4 3 10 834
47 3 4 5 24 834
47 4 4 3 10 834
47 5 4 1 25 834
47 7 4 3 8 834
47 9 4 2 2 834
47 10 4 6 6 834
47 13 4 1 13 834
47 16 4 1 10 834
47 19 4 6 3 834
47 20 4 2 7 834
47 21 4 6 19 834
47 22 4 5 12 834
47 24 4 3 17 834
47 25 4 6 24 834
47 27 4 6 1 834
47 28 4 3 17 834
47 30 4 5 12 834
47 31 4 5 14 834
47 32 4 1 2 834
47 33 4 3 6 834
47 35 4 4 11 834
47 42 4 4 23 834
47 43 4 4 6 834
47 44 4 6 13 834
47 46 4 5 13 834
47 48 4 2 5 834
47 50 4 6 20 834
47 51 4 5 23 834
47 55 4 4 12 834
47 56 4 4 1 834
47 58 4 3 23 834
47 59 4 6 15 834
47 61 4 2 24 834
47 63 4 5 23 834
47 65 4 2 25 834
47 73 4 2 24 834
47 78 4 1 16 834
47 79 4 5 13 834
47 85 4 4 12 834
47 92 4 1 4 834
47 94 4 2 5 834
47 95 4 4 14 834
48 0 2 4 8 63
48 2 2 6 2 63
48 5 2 1 7 63
48 7 2 3 1 63
48 10 2 6 15 63
48 11 2 5 23 63
48 12 2 2 17 63
48 14 2 1 10 63
48 18 2 6 4 63
48 19 2 6 4 63
48 21 2 6 2 63
48 22 2 5 17 63
48 25 2 6 17 63
48 28 2 3 18 63
48 32 2 1 22 63
48 33 2 3 23 63
48 36 2 6 8 63
48 40 2 2 9 63
48 43 2 4 20 63
48 44 2 6 7 63
48 45 2 1 7 63
48 46 2 5 4 63
48 47 2 4 5 63
48 49 2 1 21 63
48 51 2 5 9 63
48 53 2 3 19 63
48 54 2 5 7 63
48 57 2 6 2 63
48 58 2 3 17 63
48 59 2 6 15 63
48 60 2 3 13 63
48 61 2 2 10 63
48 63 2 5 18 63
48 64 2 1 2 63
48 65 2 2 23 63
48 66 2 3 23 63
48 68 2 4 19 63
48 69 2 6 15 63
48 71 2 2 23 63
48 73 2 2 8 63
48 74 2 1 10 63
48 75 2 3 20 63
48 76 2 2 25 63
48 77 2 1 15 63
48 78 2 1 12 63
48 79 2 5 10 63
48 80 2 5 3 63
48 87 2 4 7 63
48 88 2 5 15 63
48 91 2 5 3 63
48 93 2 5 21 63
48 94 2 2 3 63
48 95 2 4 5 63
48 98 2 6 8 63
48 99 2 5 1 63
49 1 1 3 9 636
49 2 1 6 5 636
49 4 1 3 2 636
49 5 1 1 24 636
49 6 1 2 25 636
49 8 1 4 16 636
49 9 1 2 12 636
49 10 1 6 10 636
49 13 1 1 4 636
49 15 1 5 11 636
49 17 1 4 12 636
49 18 1 6 16 636
49 19 1 6 5 636
49 22 1 5 7 636
49 25 1 6 15 636
49 27 1 6 19 636
49 29 1 6 7 636
49 30 1 5 9 636
49 33 1 3 20 636
49 34 1 6 22 636
49 35 1 4 9 636
49 36 1 6 9 636
49 40 1 2 22 636
49 45 1 1 1 636
49 46 1 5 3 636
49 48 1 2 21 636
49 51 1 5 23 636
49 53 1 3 24 636
49 57 1 6 6 636
49 58 1 3 24 636
49 60 1 3 5 636
49 61 1 2 15 636
49 62 1 5 13 636
49 63 1 5 19 636
49 66 1 3 15 636
49 67 1 5 19 636
49 69 1 6 12 636
49 70 1 1 10 636
49 74 1 1 9 636
49 75 1 3 19 636
49 76 1 2 16 636
49 77 1 1 13 636
49 79 1 5 4 636
49 81 1 2 18 636
49 82 1 1 19 636
49 83 1 2 24 636
49 87 1 4 14 636
49 88 1 5 19 636
49 90 1 5 18 636
49 93 1 5 7 636
49 94 1 2 13 636
49 95 1 4 16 636
49 96 1 3 9 636
50 1 6 3 1 891
50 2 6 6 8 891
50 4 6 3 14 891
50 6 6 2 11 891
50 9 6 2 22 891
50 12 6 2 3 891
50 13 6 1 17 891
50 16 6 1 25 891
50 18 6 6 4 891
50 29 6 6 19 891
50 30 6 5 1 891
50 31 6 5 22 891
50 32 6 1 15 891
50 34 6 6 4 891
50 35 6 4 3 891
50 36 6 6 8 891
50 37 6 3 8 891
50 41 6 3 16 891
50 44 6 6 18 891
50 46 6 5 9 891
50 47 6 4 20 891
50 51 6 5 2 891
50 53 6 3 7 891
50 55 6 4 10 891
50 56 6 4 5 891
50 63 6 5 2 891
50 65 6 2 6 891
50 66 6 3 19 891
50 67 6 5 9 891
50 70 6 1 10 891
50 71 6 2 12 891
50 73 6 2 6 891
50 74 6 1 4 891
50 75 6 3 24 891
50 76 6 2 15 891
50 79 6 5 10 891
50 81 6 2 15 891
50 82 6 1 22 891
50 84 6 2 25 891
50 85 6 4 22 891
50 87 6 4 15 891
50 93 6 5 16 891
50 94 6 2 2 891
51 1 5 3 8 638
51 3 5 5 18 638
51 6 5 2 25 638
51 7 5 3 1 638
51 8 5 4 1 638
51 10 5 6 6 638
51 11 5 5 22 638
51 12 5 2 1 638
51 13 5 1 18 638
51 17 5 4 23 638
51 18 5 6 6 638
51 19 5 6 13 638
51 20 5 2 6 638
51 22 5 5 2 638
51 23 5 1 25 638
51 28 5 3 18 638
51 29 5 6 11 638
51 33 5 3 17 638
51 34 5 6 20 638
51 35 5 4 1 638
51 38 5 5 16 638
51 39 5 1 17 638
51 40 5 2 16 638
51 42 5 4 9 638
51 43 5 4 25 638
51 44 5 6 11 638
51 45 5 1 1 638
51 46 5 5 16 638
51 47 5 4 23 638
51 48 5 2 9 638
51 49 5 1 23 638
51 50 5 6 2 638
51 52 5 1 23 638
51 53 5 3 6 638
51 54 5 5 6 638
51 55 5 4 9 638
51 56 5 4 24 638
51 57 5 6 4 638
51 58 5 3 20 638
51 61 5 2 16 638
51 62 5 5 23 638
51 64 5 1 24 638
51 69 5 6 18 638
51 71 5 2 23 638
51 72 5 2 10 638
51 73 5 2 22 638
51 79 5 5 10 638
51 82 5 1 12 638
51 83 5 2 2 638
51 84 5 2 7 638
51 86 5 2 3 638
51 87 5 4 10 638
51 89 5 6 4 638
51 90 5 5 25 638
51 92 5 1 6 638
51 94 5 2 20 638
51 97 5 5 17 638
51 98 5 6 2 638
51 99 5 5 16 638
52 1 1 3 14 959
52 3 1 5 1 959
52 4 1 3 11 959
52 5 1 1 6 959
52 6 1 2 8 959
52 9 1 2 11 959
52 14 1 1 8 959
52 17 1 4 12 959
52 20 1 2 7 959
52 23 1 1 24 959
52 24 1 3 24 959
52 25 1 6 14 959
52 28 1 3 3 959
52 31 1 5 20 959
52 37 1 3 16 959
52 39 1 1 5 959
52 42 1 4 19 959
52 43 1 4 23 959
52 46 1 5 4 959
52 51 1 5 23 959
52 53 1 3 2 959
52 54 1 5 5 959
52 56 1 4 11 959
52 59 1 6 23 959
52 61 1 2 7 959
52 63 1 5 5 959
52 66 1 3 5 959
52 67 1 5 25 959
52 69 1 6 17 959
52 72 1 2 7 959
52 73 1 2 5 959
52 74 1 1 21 959
52 79 1 5 19 959
52 80 1 5 11 959
52 82 1 1 18 959
52 87 1 4 1 959
52 88 1 5 10 959
52 89 1 6 21 959
52 90 1 5 20 959
52 91 1 5 5 959
52 92 1 1 15 959
52 94 1 2 11 959
52 95 1 4 25 959
52 98 1 6 12 959
52 99 1 5 9 959
53 1 3 3 4 502
53 4 3 3 3 502
53 5 3 1 20 502
53 6 3 2 23 502
53 10 3 6 21 502
53 11 3 5 8 502
53 17 3 4 5 502
53 19 3 6 5 502
53 22 3 5 9 502
53 23 3 1 17 502
53 24 3 3 16 502
53 25 3 6 21 502
53 27 3 6 3 502
53 28 3 3 19 502
53 32 3 1 13 502
53 34 3 6 24 502
53 37 3 3 23 502
53 39 3 1 11 502
53 42 3 4 2 502
53 43 3 4 3 502
53 46 3 5 23 502
53 48 3 2 19 502
53 49 3 1 24 502
53 50 3 6 7 502
53 51 3 5 6 502
53 52 3 1 2 502
53 57 3 6 11 502
53 59 3 6 4 502
53 60 3 3 11 502
53 65 3 2 19 502
53 67 3 5 10 502
53 70 3 1 18 502
53 72 3 2 23 502
53 74 3 1 13 502
53 79 3 5 18 502
53 81 3 2 19 502
53 82 3 1 17 502
53 83 3 2 15 502
53 84 3 2 20 502
53 85 3 4 13 502
53 92 3 1 24 502
53 93 3 5 5 502
53 94 3 2 12 502
53 95 3 4 9 502
53 99 3 5 11 502
54 0 5 4 2 868
54 1 5 3 7 868
54 2 5 6 3 868
54 3 5 5 4 868
54 5 5 1 10 868
54 6 5 2 8 868
54 7 5 3 19 868
54 8 5 4 21 868
54 9 5 2 13 868
54 12 5 2 6 868
54 13 5 1 6 868
54 16 5 1 12 868
54 20 5 2 6 868
54 24 5 3 14 868
54 25 5 6 18 868
54 27 5 6 15 868
54 30 5 5 9 868
54 34 5 6 23 868
54 38 5 5 20 868
54 39 5 1 20 868
54 42 5 4 6 868
54 44 5 6 7 868
54 45 5 1 4 868
54 46 5 5 7 868
54 48 5 2 7 868
54 51 5 5 6 868
54 52 5 1 5 868
54 56 5 4 21 868
54 57 5 6 2 868
54 58 5 3 2 868
54 60 5 3 2 868
54 61 5 2 22 868
54 63 5 5 7 868
54 66 5 3 25 868
54 68 5 4 5 868
54 70 5 1 17 868
54 71 5 2 18 868
54 72 5 2 5 868
54 74 5 1 15 868
54 75 5 3 14 868
54 76 5 2 22 868
54 79 5 5 11 868
54 80 5 5 6 868
54 81 5 2 12 868
54 82 5 1 25 868
54 84 5 2 19 868
54 85 5 4 1 868
54 88 5 5 2 868
54 89 5 6 22 868
54 90 5 5 4 868
54 91 5 5 12 868
54 92 5 1 6 868
54 93 5 5 25 868
54 94 5 2 12 868
54 97 5 5 23 868
55 1 4 3 8 846
55 2 4 6 16 846
55 3 4 5 23 846
55 8 4 4 3 846
55 9 4 2 14 846
55 10 4 6 20 846
55 12 4 2 7 846
55 13 4 1 20 846
55 17 4 4 14 846
55 20 4 2 24 846
55 22 4 5 6 846
55 24 4 3 3 846
55 25 4 6 19 846
55 27 4 6 23 846
55 30 4 5 7 846
55 33 4 3 15 846
55 34 4 6 14 846
55 37 4 3 12 846
55 39 4 1 17 846
55 40 4 2 24 846
55 41 4 3 21 846
55 43 4 4 4 846
55 44 4 6 16 846
55 47 4 4 12 846
55 50 4 6 10 846
55 51 4 5 9 846
55 58 4 3 9 846
55 59 4 6 7 846
55 60 4 3 17 846
55 62 4 5 17 846
55 64 4 1 5 846
55 65 4 2 25 846
55 67 4 5 15 846
55 69 4 6 16 846
55 70 4 1 12 846
55 72 4 2 3 846
55 75 4 3 7 846
55 76 4 2 23 846
55 79 4 5 14 846
55 81 4 2 15 846
55 82 4 1 10 846
55 83 4 2 23 846
55 84 4 2 10 846
55 85 4 4 16 846
55 87 4 4 20 846
55 88 4 5 17 846
55 90 4 5 3 846
55 91 4 5 3 846
55 92 4 1 9 846
55 98 4 6 6 846
56 2 4 6 10 137
56 3 4 5 14 137
56 5 4 1 14 137
56 7 4 3 19 137
56 11 4 5 8 137
56 13 4 1 18 137
56 14 4 1 5 137
56 17 4 4 19 137
56 19 4 6 13 137
56 21 4 6 10 137
56 25 4 6 18 137
56 27 4 6 1 137
56 28 4 3 9 137
56 29 4 6 3 137
56 32 4 1 22 137
56 33 4 3 1 137
56 34 4 6 18 137
56 35 4 4 5 137
56 38 4 5 24 137
56 41 4 3 25 137
56 44 4 6 18 137
56 45 4 1 4 137
56 47 4 4 1 137
56 50 4 6 5 137
56 51 4 5 24 137
56 52 4 1 11 137
56 54 4 5 21 137
56 57 4 6 2 137
56 58 4 3 4 137
56 59 4 6 18 137
56 60 4 3 11 137
56 61 4 2 13 137
56 65 4 2 12 137
56 66 4 3 2 137
56 67 4 5 11 137
56 69 4 6 9 137
56 70 4 1 20 137
56 72 4 2 17 137
56 73 4 2 24 137
56 74 4 1 23 137
56 75 4 3 15 137
56 77 4 1 17 137
56 78 4 1 25 137
56 79 4 5 15 137
56 80 4 5 20 137
56 84 4 2 23 137
56 86 4 2 19 137
56 87 4 4 3 137
56 88 4 5 14 137
56 90 4 5 6 137
56 93 4 5 12 137
56 94 4 2 9 137
56 97 4 5 16 137
56 98 4 6 22 137
56 99 4 5 25 137
57 2 6 6 22 810
57 4 6 3 24 810
57 7 6 3 17 810
57 9 6 2 23 810
57 10 6 6 1 810
57 11 6 5 17 810
57 14 6 1 1 810
57 15 6 5 4 810
57 16 6 1 24 810
57 17 6 4 12 810
57 18 6 6 12 810
57 20 6 2 25 810
57 23 6 1 1 810
57 26 6 3 1 810
57 27 6 6 13 810
57 32 6 1 15 810
57 33 6 3 11 810
57 35 6 4 7 810
57 36 6 6 18 810
57 38 6 5 14 810
57 39 6 1 4 810
57 40 6 2 7 810
57 42 6 4 7 810
57 43 6 4 14 810
57 44 6 6 9 810
57 48 6 2 2 810
57 49 6 1 6 810
57 51 6 5 4 810
57 53 6 3 11 810
57 54 6 5 2 810
57 56 6 4 2 810
57 64 6 1 12 810
57 68 6 4 11 810
57 69 6 6 7 810
57 71 6 2 11 810
57 72 6 2 22 810
57 73 6 2 18 810
57 75 6 3 24 810
57 76 6 2 3 810
57 78 6 1 16 810
57 79 6 5 4 810
57 80 6 5 11 810
57 83 6 2 13 810
57 84 6 2 19 810
57 85 6 4 3 810
57 86 6 2 25 810
57 87 6 4 16 810
57 91 6 5 7 810
57 92 6 1 23 810
57 93 6 5 11 810
57 94 6 2 22 810
57 99 6 5 3 810
58 1 3 3 2 494
58 5 3 1 4 494
58 8 3 4 10 494
58 9 3 2 4 494
58 13 3 1 8 494
58 16 3 1 18 494
58 17 3 4 15 494
58 18 3 6 25 494
58 20 3 2 10 494
58 21 3 6 11 494
58 22 3 5 17 494
58 23 3 1 22 494
58 30 3 5 20 494
58 33 3 3 2 494
58 35 3 4 19 494
58 37 3 3 22 494
58 42 3 4 12 494
58 43 3 4 15 494
58 44 3 6 8 494
58 45 3 1 25 494
58 46 3 5 2 494
58 47 3 4 23 494
58 48 3 2 17 494
58 49 3 1 24 494
58 51 3 5 20 494
58 54 3 5 2 494
58 55 3 4 9 494
58 56 3 4 4 494
58 63 3 5 20 494
58 65 3 2 20 494
58 69 3 6 7 494
58 71 3 2 3 494
58 74 3 1 12 494
58 75 3 3 16 494
58 79 3 5 21 494
58 80 3 5 19 494
58 81 3 2 13 494
58 82 3 1 24 494
58 86 3 2 2 494
58 87 3 4 5 494
58 88 3 5 13 494
58 89 3 6 4 494
58 90 3 5 15 494
58 91 3 5 5 494
58 92 3 1 17 494
58 95 3 4 13 494
58 97 3 5 25 494
59 2 6 6 10 485
59 3 6 5 15 485
59 4 6 3 23 485
59 5 6 1 24 485
59 9 6 2 14 485
59 10 6 6 19 485
59 15 6 5 22 485
59 18 6 6 15 485
59 22 6 5 6 485
59 23 6 1 16 485
59 28 6 3 24 485
59 32 6 1 23 485
59 37 6 3 3 485
59 38 6 5 20 485
59 39 6 1 8 485
59 41 6 3 15 485
59 46 6 5 16 485
59 47 6 4 15 485
59 48 6 2 15 485
59 52 6 1 23 485
59 53 6 3 4 485
59 55 6 4 7 485
59 56 6 4 18 485
59 60 6 3 24 485
59 62 6 5 15 485
59 64 6 1 8 485
59 65 6 2 13 485
59 67 6 5 22 485
59 68 6 4 15 485
59 69 6 6 3 485
59 72 6 2 15 485
59 73 6 2 7 485
59 75 6 3 2 485
59 76 6 2 18 485
59 78 6 1 5 485
59 79 6 5 3 485
59 81 6 2 10 485
59 85 6 4 22 485
59 88 6 5 2 485
59 90 6 5 17 485
59 92 6 1 10 485
59 95 6 4 19 485
60 0 3 4 23 417
60 2 3 6 24 417
60 3 3 5 25 417
60 5 3 1 15 417
60 6 3 2 1 417
60 7 3 3 14 417
60 8 3 4 4 417
60 9 3 2 10 417
60 10 3 6 19 417
60 11 3 5 15 417
60 18 3 6 6 417
60 23 3 1 13 417
60 26 3 3 2 417
60 28 3 3 17 417
60 29 3 6 4 417
60 30 3 5 19 417
60 31 3 5 23 417
60 32 3 1 1 417
60 34 3 6 13 417
60 35 3 4 7 417
60 36 3 6 25 417
60 38 3 5 23 417
60 39 3 1 17 417
60 40 3 2 7 417
60 42 3 4 23 417
60 44 3 6 9 417
60 48 3 2 13 417
60 49 3 1 5 417
60 53 3 3 11 417
60 54 3 5 2 417
60 55 3 4 17 417
60 56 3 4 11 417
60 59 3 6 24 417
60 63 3 5 15 417
60 64 3 1 1 417
60 68 3 4 23 417
60 69 3 6 14 417
60 71 3 2 9 417
60 73 3 2 13 417
60 74 3 1 1 417
60 78 3 1 4 417
60 79 3 5 6 417
60 82 3 1 20 417
60 83 3 2 9 417
60 84 3 2 7 417
60 86 3 2 8 417
60 89 3 6 16 417
60 90 3 5 12 417
60 94 3 2 6 417
60 95 3 4 13 417
60 97 3 5 13 417
60 98 3 6 13 417
61 1 2 3 19 533
61 2 2 6 8 533
61 4 2 3 6 533
61 10 2 6 8 533
61 11 2 5 14 533
61 12 2 2 8 533
61 14 2 1 17 533
61 15 2 5 13 533
61 16 2 1 10 533
61 20 2 2 21 533
61 21 2 6 7 533
61 22 2 5 17 533
61 24 2 3 17 533
61 25 2 6 12 533
61 26 2 3 1 533
61 28 2 3 11 533
61 29 2 6 18 533
61 31 2 5 8 533
61 32 2 1 24 533
61 33 2 3 13 533
61 40 2 2 14 533
61 41 2 3 25 533
61 43 2 4 23 533
61 45 2 1 2 533
61 47 2 4 24 533
61 48 2 2 10 533
61 49 2 1 15 533
61 51 2 5 16 533
61 52 2 1 7 533
61 54 2 5 22 533
61 56 2 4 13 533
61 62 2 5 18 533
61 63 2 5 8 533
61 65 2 2 21 533
61 66 2 3 13 533
61 68 2 4 19 533
61 70 2 1 11 533
61 72 2 2 16 533
61 73 2 2 9 533
61 74 2 1 1 533
61 76 2 2 11 533
61 80 2 5 5 533
61 84 2 2 4 533
61 85 2 4 4 533
61 87 2 4 23 533
61 89 2 6 4 533
61 92 2 1 25 533
61 93 2 5 14 533
61 95 2 4 13 533
61 97 2 5 12 533
61 99 2 5 14 533
62 0 5 4 16 896
62 2 5 6 25 896
62 3 5 5 4 896
62 4 5 3 7 896
62 5 5 1 18 896
62 7 5 3 13 896
62 8 5 4 12 896
62 9 5 2 9 896
62 10 5 6 8 896
62 11 5 5 1 896
62 12 5 2 8 896
62 13 5 1 21 896
62 14 5 1 11 896
62 20 5 2 12 896
62 21 5 6 9 896
62 22 5 5 23 896
62 25 5 6 23 896
62 27 5 6 1 896
62 30 5 5 14 896
62 32 5 1 13 896
62 33 5 3 23 896
62 36 5 6 23 896
62 37 5 3 14 896
62 41 5 3 19 896
62 42 5 4 13 896
62 43 5 4 3 896
62 49 5 1 13 896
62 51 5 5 23 896
62 55 5 4 17 896
62 59 5 6 15 896
62 61 5 2 18 896
62 64 5 1 16 896
62 66 5 3 7 896
62 67 5 5 21 896
62 69 5 6 1 896
62 70 5 1 25 896
62 71 5 2 6 896
62 73 5 2 13 896
62 75 5 3 20 896
62 76 5 2 25 896
62 77 5 1 11 896
62 79 5 5 15 896
62 84 5 2 8 896
62 85 5 4 13 896
62 86 5 2 5 896
62 88 5 5 5 896
62 89 5 6 23 896
62 92 5 1 21 896
62 94 5 2 5 896
62 95 5 4 17 896
62 96 5 3 20 896
62 98 5 6 1 896
62 99 5 5 6 896
63 0 5 4 23 159
63 1 5 3 15 159
63 3 5 5 22 159
63 4 5 3 3 159
63 5 5 1 22 159
63 8 5 4 9 159
63 11 5 5 15 159
63 12 5 2 6 159
63 13 5 1 9 159
63 14 5 1 20 159
63 18 5 6 18 159
63 19 5 6 8 159
63 21 5 6 6 159
63 22 5 5 11 159
63 23 5 1 21 159
63 24 5 3 6 159
63 26 5 3 9 159
63 27 5 6 23 159
63 29 5 6 12 159
63 30 5 5 10 159
63 32 5 1 2 159
63 35 5 4 21 159
63 38 5 5 9 159
63 40 5 2 16 159
63 41 5 3 13 159
63 42 5 4 15 159
63 44 5 6 19 159
63 46 5 5 3 159
63 47 5 4 23 159
63 48 5 2 18 159
63 49 5 1 19 159
63 50 5 6 2 159
63 52 5 1 5 159
63 54 5 5 7 159
63 58 5 3 20 159
63 60 5 3 15 159
63 61 5 2 8 159
63 64 5 1 2 159
63 69 5 6 3 159
63 72 5 2 16 159
63 73 5 2 17 159
63 79 5 5 17 159
63 81 5 2 1 159
63 83 5 2 4 159
63 90 5 5 21 159
63 92 5 1 15 159
63 93 5 5 12 159
63 94 5 2 18 159
63 95 5 4 16 159
63 97 5 5 9 159
63 98 5 6 13 159
64 0 1 4 15 260
64 6 1 2 12 260
64 7 1 3 16 260
64 8 1 4 3 260
64 13 1 1 25 260
64 14 1 1 17 260
64 15 1 5 15 260
64 18 1 6 16 260
64 21 1 6 7 260
64 23 1 1 8 260
64 24 1 3 9 260
64 25 1 6 14 260
64 26 1 3 5 260
64 28 1 3 9 260
64 29 1 6 6 260
64 33 1 3 20 260
64 35 1 4 25 260
64 36 1 6 9 260
64 39 1 1 25 260
64 44 1 6 10 260
64 45 1 1 23 260
64 48 1 2 2 260
64 51 1 5 24 260
64 55 1 4 5 260
64 57 1 6 12 260
64 59 1 6 8 260
64 60 1 3 1 260
64 62 1 5 16 260
64 63 1 5 2 260
64 65 1 2 10 260
64 66 1 3 11 260
64 67 1 5 4 260
64 68 1 4 1 260
64 69 1 6 14 260
64 71 1 2 2 260
64 75 1 3 9 260
64 77 1 1 11 260
64 78 1 1 11 260
64 79 1 5 24 260
64 81 1 2 19 260
64 82 1 1 23 260
64 88 1 5 14 260
64 89 1 6 1 260
64 90 1 5 9 260
64 94 1 2 4 260
64 99 1 5 20 260
65 1 2 3 2 219
65 2 2 6 10 219
65 3 2 5 10 219
65 5 2 1 12 219
65 7 2 3 4 219
65 10 2 6 23 219
65 11 2 5 17 219
65 12 2 2 5 219
65 14 2 1 6 219
65 16 2 1 21 219
65 18 2 6 15 219
65 19 2 6 6 219
65 20 2 2 10 219
65 21 2 6 19 219
65 22 2 5 7 219
65 24 2 3 15 219
65 26 2 3 14 219
65 27 2 6 3 219
65 30 2 5 25 219
65 33 2 3 12 219
65 34 2 6 9 219
65 36 2 6 8 219
65 37 2 3 8 219
65 38 2 5 10 219
65 40 2 2 12 219
65 42 2 4 12 219
65 45 2 1 10 219
65 46 2 5 25 219
65 47 2 4 25 219
65 48 2 2 23 219
65 50 2 6 6 219
65 53 2 3 19 219
65 55 2 4 25 219
65 56 2 4 12 219
65 58 2 3 20 219
65 59 2 6 13 219
65 61 2 2 21 219
65 64 2 1 10 219
65 66 2 3 5 219
65 70 2 1 7 219
65 71 2 2 8 219
65 76 2 2 24 219
65 79 2 5 14 219
65 84 2 2 12 219
65 87 2 4 12 219
65 88 2 5 12 219
65 89 2 6 8 219
65 90 2 5 6 219
65 93 2 5 17 219
65 94 2 2 25 219
65 97 2 5 4 219
65 99 2 5 22 219
66 0 3 4 9 447
66 1 3 3 2 447
66 10 3 6 5 447
66 11 3 5 18 447
66 13 3 1 14 447
66 14 3 1 21 447
66 15 3 5 13 447
66 16 3 1 16 447
66 17 3 4 16 447
66 18 3 6 20 447
66 19 3 6 24 447
66 23 3 1 19 447
66 26 3 3 3 447
66 35 3 4 21 447
66 37 3 3 15 447
66 38 3 5 13 447
66 39 3 1 2 447
66 41 3 3 20 447
66 42 3 4 21 447
66 45 3 1 8 447
66 48 3 2 23 447
66 49 3 1 15 447
66 50 3 6 19 447
66 52 3 1 5 447
66 54 3 5 25 447
66 56 3 4 2 447
66 61 3 2 13 447
66 62 3 5 7 447
66 64 3 1 11 447
66 65 3 2 5 447
66 67 3 5 24 447
66 68 3 4 11 447
66 69 3 6 12 447
66 70 3 1 3 447
66 74 3 1 25 447
66 75 3 3 1 447
66 76 3 2 15 447
66 78 3 1 20 447
66 82 3 1 18 447
66 83 3 2 16 447
66 84 3 2 6 447
66 86 3 2 4 447
66 91 3 5 23 447
66 93 3 5 19 447
66 99 3 5 20 447
67 1 5 3 3 176
67 3 5 5 23 176
67 4 5 3 25 176
67 5 5 1 15 176
67 6 5 2 2 176
67 7 5 3 9 176
67 9 5 2 5 176
67 11 5 5 3 176
67 13 5 1 25 176
67 15 5 5 19 176
67 17 5 4 10 176
67 19 5 6 24 176
67 21 5 6 16 176
67 23 5 1 13 176
67 24 5 3 18 176
67 25 5 6 8 176
67 29 5 6 16 176
67 30 5 5 15 176
67 31 5 5 24 176
67 32 5 1 23 176
67 35 5 4 25 176
67 36 5 6 3 176
67 37 5 3 11 176
67 39 5 1 24 176
67 40 5 2 25 176
67 41 5 3 22 176
67 49 5 1 19 176
67 50 5 6 9 176
67 52 5 1 25 176
67 53 5 3 10 176
67 55 5 4 15 176
67 56 5 4 11 176
67 59 5 6 22 176
67 62 5 5 21 176
67 64 5 1 4 176
67 66 5 3 24 176
67 73 5 2 22 176
67 76 5 2 12 176
67 77 5 1 2 176
67 79 5 5 1 176
67 80 5 5 13 176
67 83 5 2 17 176
67 86 5 2 4 176
67 90 5 5 22 176
67 92 5 1 14 176
67 93 5 5 18 176
67 95 5 4 25 176
67 97 5 5 4 176
67 99 5 5 21 176
68 4 4 3 10 265
68 5 4 1 10 265
68 7 4 3 22 265
68 8 4 4 4 265
68 10 4 6 9 265
68 11 4 5 12 265
68 12 4 2 7 265
68 13 4 1 4 265
68 17 4 4 12 265
68 18 4 6 12 265
68 19 4 6 7 265
68 20 4 2 12 265
68 22 4 5 4 265
68 24 4 3 3 265
68 25 4 6 24 265
68 31 4 5 15 265
68 35 4 4 19 265
68 36 4 6 1 265
68 39 4 1 18 265
68 40 4 2 1 265
68 42 4 4 13 265
68 45 4 1 8 265
68 46 4 5 16 265
68 48 4 2 19 265
68 54 4 5 5 265
68 57 4 6 11 265
68 59 4 6 15 265
68 60 4 3 23 265
68 61 4 2 19 265
68 64 4 1 1 265
68 66 4 3 11 265
68 70 4 1 20 265
68 72 4 2 19 265
68 75 4 3 9 265
68 77 4 1 18 265
68 78 4 1 25 265
68 79 4 5 22 265
68 82 4 1 4 265
68 88 4 5 14 265
68 96 4 3 5 265
68 97 4 5 23 265
68 98 4 6 15 265
68 99 4 5 22 265
69 2 6 6 23 172
69 6 6 2 1 172
69 7 6 3 6 172
69 11 6 5 8 172
69 13 6 1 16 172
69 14 6 1 17 172
69 20 6 2 1 172
69 24 6 3 2 172
69 27 6 6 14 172
69 29 6 6 2 172
69 31 6 5 13 172
69 32 6 1 10 172
69 33 6 3 11 172
69 34 6 6 15 172
69 38 6 5 7 172
69 41 6 3 19 172
69 42 6 4 13 172
69 43 6 4 22 172
69 45 6 1 11 172
69 48 6 2 15 172
69 49 6 1 12 172
69 51 6 5 18 172
69 52 6 1 17 172
69 55 6 4 16 172
69 56 6 4 9 172
69 57 6 6 7 172
69 58 6 3 7 172
69 59 6 6 3 172
69 60 6 3 14 172
69 62 6 5 1 172
69 63 6 5 3 172
69 64 6 1 14 172
69 66 6 3 12 172
69 70 6 1 13 172
69 76 6 2 17 172
69 80 6 5 9 172
69 82 6 1 17 172
69 84 6 2 5 172
69 87 6 4 3 172
69 88 6 5 25 172
69 89 6 6 6 172
69 90 6 5 23 172
69 92 6 1 19 172
69 94 6 2 10 172
69 95 6 4 8 172
69 96 6 3 25 172
69 97 6 5 23 172
69 98 6 6 13 172
69 99 6 5 1 172
70 0 1 4 5 542
70 2 1 6 3 542
70 6 1 2 18 542
70 8 1 4 21 542
70 11 1 5 12 542
70 12 1 2 5 542
70 14 1 1 10 542
70 18 1 6 16 542
70 23 1 1 5 542
70 24 1 3 11 542
70 28 1 3 8 542
70 29 1 6 17 542
70 30 1 5 1 542
70 32 1 1 13 542
70 33 1 3 1 542
70 34 1 6 24 542
70 35 1 4 8 542
70 36 1 6 21 542
70 37 1 3 6 542
70 38 1 5 8 542
70 39 1 1 13 542
70 44 1 6 4 542
70 49 1 1 10 542
70 50 1 6 10 542
70 53 1 3 18 542
70 54 1 5 17 542
70 55 1 4 12 542
70 56 1 4 20 542
70 61 1 2 11 542
70 62 1 5 25 542
70 65 1 2 7 542
70 66 1 3 3 542
70 68 1 4 20 542
70 69 1 6 13 542
70 73 1 2 5 542
70 74 1 1 13 542
70 75 1 3 12 542
70 76 1 2 9 542
70 77 1 1 8 542
70 80 1 5 10 542
70 84 1 2 18 542
70 85 1 4 11 542
70 88 1 5 15 542
70 89 1 6 10 542
70 90 1 5 19 542
70 91 1 5 15 542
70 92 1 1 17 542
70 94 1 2 2 542
70 95 1 4 6 542
70 98 1 6 23 542
70 99 1 5 10 542
71 0 2 4 3 356
71 2 2 6 10 356
71 5 2 1 15 356
71 7 2 3 25 356
71 9 2 2 3 356
71 12 2 2 16 356
71 15 2 5 6 356
71 17 2 4 14 356
71 19 2 6 22 356
71 20 2 2 6 356
71 22 2 5 3 356
71 23 2 1 17 356
71 25 2 6 21 356
71 28 2 3 18 356
71 29 2 6 1 356
71 32 2 1 10 356
71 35 2 4 19 356
71 39 2 1 5 356
71 40 2 2 23 356
71 42 2 4 8 356
71 44 2 6 17 356
71 45 2 1 4 356
71 48 2 2 23 356
71 50 2 6 12 356
71 51 2 5 23 356
71 54 2 5 18 356
71 57 2 6 11 356
71 58 2 3 3 356
71 60 2 3 9 356
71 62 2 5 6 356
71 64 2 1 2 356
71 65 2 2 8 356
71 73 2 2 3 356
71 75 2 3 2 356
71 76 2 2 7 356
71 77 2 1 17 356
71 78 2 1 2 356
71 80 2 5 19 356
71 82 2 1 16 356
71 83 2 2 17 356
71 87 2 4 1 356
71 88 2 5 23 356
71 89 2 6 4 356
71 90 2 5 14 356
71 91 2 5 20 356
71 92 2 1 22 356
71 97 2 5 9 356
71 98 2 6 21 356
71 99 2 5 1 356
72 1 2 3 23 567
72 2 2 6 4 567
72 3 2 5 25 567
72 8 2 4 7 567
72 9 2 2 7 567
72 11 2 5 21 567
72 13 2 1 17 567
72 14 2 1 21 567
72 17 2 4 13 567
72 19 2 6 16 567
72 20 2 2 25 567
72 21 2 6 1 567
72 25 2 6 11 567
72 28 2 3 23 567
72 29 2 6 11 567
72 31 2 5 21 567
72 32 2 1 14 567
72 33 2 3 11 567
72 39 2 1 16 567
72 40 2 2 19 567
72 42 2 4 9 567
72 43 2 4 18 567
72 44 2 6 4 567
72 45 2 1 10 567
72 46 2 5 6 567
72 51 2 5 10 567
72 52 2 1 7 567
72 53 2 3 23 567
72 54 2 5 5 567
72 55 2 4 3 567
72 56 2 4 17 567
72 57 2 6 22 567
72 59 2 6 15 567
72 61 2 2 16 567
72 63 2 5 16 567
72 68 2 4 19 567
72 75 2 3 12 567
72 76 2 2 17 567
72 77 2 1 21 567
72 84 2 2 10 567
72 85 2 4 18 567
72 87 2 4 14 567
72 88 2 5 6 567
72 90 2 5 11 567
72 91 2 5 24 567
72 94 2 2 14 567
72 96 2 3 25 567
72 98 2 6 18 567
73 0 2 4 16 395
73 1 2 3 23 395
73 8 2 4 24 395
73 9 2 2 18 395
73 13 2 1 5 395
73 14 2 1 1 395
73 15 2 5 4 395
73 17 2 4 5 395
73 20 2 2 16 395
73 21 2 6 22 395
73 22 2 5 4 395
73 25 2 6 18 395
73 26 2 3 25 395
73 28 2 3 16 395
73 29 2 6 7 395
73 30 2 5 3 395
73 31 2 5 15 395
73 32 2 1 11 395
73 33 2 3 7 395
73 34 2 6 7 395
73 35 2 4 11 395
73 38 2 5 6 395
73 39 2 1 17 395
73 40 2 2 11 395
73 41 2 3 15 395
73 43 2 4 7 395
73 45 2 1 16 395
73 46 2 5 9 395
73 47 2 4 24 395
73 48 2 2 8 395
73 50 2 6 6 395
73 51 2 5 22 395
73 52 2 1 5 395
73 56 2 4 24 395
73 57 2 6 18 395
73 59 2 6 7 395
73 60 2 3 13 395
73 61 2 2 9 395
73 62 2 5 13 395
73 63 2 5 17 395
73 67 2 5 22 395
73 70 2 1 5 395
73 71 2 2 3 395
73 76 2 2 20 395
73 77 2 1 3 395
73 79 2 5 19 395
73 80 2 5 5 395
73 83 2 2 8 395
73 85 2 4 5 395
73 86 2 2 25 395
73 87 2 4 6 395
73 90 2 5 7 395
73 91 2 5 11 395
73 92 2 1 18 395
73 96 2 3 11 395
73 99 2 5 6 395
74 1 1 3 16 938
74 4 1 3 5 938
74 5 1 1 12 938
74 6 1 2 20 938
74 8 1 4 4 938
74 10 1 6 13 938
74 11 1 5 5 938
74 12 1 2 20 938
74 13 1 1 4 938
74 14 1 1 11 938
74 15 1 5 5 938
74 17 1 4 4 938
74 18 1 6 1 938
74 21 1 6 23 938
74 24 1 3 15 938
74 29 1 6 6 938
74 33 1 3 7 938
74 34 1 6 9 938
74 35 1 4 19 938
74 36 1 6 10 938
74 37 1 3 9 938
74 39 1 1 8 938
74 40 1 2 1 938
74 41 1 3 1 938
74 42 1 4 17 938
74 46 1 5 23 938
74 48 1 2 10 938
74 49 1 1 9 938
74 50 1 6 4 938
74 52 1 1 21 938
74 53 1 3 13 938
74 54 1 5 15 938
74 56 1 4 23 938
74 58 1 3 12 938
74 60 1 3 1 938
74 61 1 2 1 938
74 66 1 3 25 938
74 70 1 1 13 938
74 75 1 3 15 938
74 80 1 5 4 938
74 83 1 2 6 938
74 84 1 2 20 938
74 85 1 4 15 938
74 86 1 2 18 938
74 87 1 4 3 938
74 89 1 6 1 938
74 93 1 5 3 938
74 94 1 2 11 938
74 96 1 3 12 938
75 0 3 4 3 272
75 1 3 3 7 272
75 2 3 6 4 272
75 4 3 3 5 272
75 5 3 1 4 272
75 6 3 2 7 272
75 9 3 2 24 272
75 14 3 1 13 272
75 15 3 5 10 272
75 16 3 1 20 272
75 19 3 6 21 272
75 21 3 6 16 272
75 23 3 1 1 272
75 25 3 6 4 272
75 28 3 3 24 272
75 31 3 5 10 272
75 32 3 1 12 272
75 39 3 1 25 272
75 41 3 3 2 272
75 45 3 1 24 272
75 48 3 2 20 272
75 49 3 1 19 272
75 50 3 6 24 272
75 54 3 5 14 272
75 55 3 4 7 272
75 56 3 4 15 272
75 57 3 6 24 272
75 58 3 3 16 272
75 59 3 6 2 272
75 62 3 5 20 272
75 64 3 1 9 272
75 66 3 3 1 272
75 68 3 4 9 272
75 70 3 1 12 272
75 71 3 2 2 272
75 72 3 2 12 272
75 74 3 1 15 272
75 76 3 2 16 272
75 78 3 1 21 272
75 80 3 5 24 272
75 81 3 2 4 272
75 85 3 4 25 272
75 88 3 5 10 272
75 91 3 5 15 272
75 98 3 6 7 272
76 1 2 3 24 917
76 4 2 3 1 917
76 7 2 3 14 917
76 8 2 4 23 917
76 9 2 2 8 917
76 10 2 6 14 917
76 11 2 5 24 917
76 15 2 5 15 917
76 17 2 4 20 917
76 19 2 6 17 917
76 20 2 2 10 917
76 22 2 5 24 917
76 24 2 3 16 917
76 25 2 6 23 917
76 28 2 3 2 917
76 29 2 6 1 917
76 30 2 5 24 917
76 32 2 1 17 917
76 33 2 3 24 917
76 34 2 6 21 917
76 35 2 4 3 917
76 36 2 6 18 917
76 37 2 3 23 917
76 38 2 5 8 917
76 39 2 1 9 917
76 40 2 2 8 917
76 43 2 4 15 917
76 46 2 5 23 917
76 48 2 2 25 917
76 49 2 1 16 917
76 50 2 6 15 917
76 54 2 5 22 917
76 55 2 4 23 917
76 57 2 6 3 917
76 59 2 6 18 917
76 61 2 2 11 917
76 62 2 5 25 917
76 65 2 2 24 917
76 66 2 3 15 917
76 67 2 5 12 917
76 69 2 6 17 917
76 70 2 1 9 917
76 71 2 2 7 917
76 72 2 2 17 917
76 73 2 2 20 917
76 75 2 3 16 917
76 79 2 5 1 917
76 80 2 5 25 917
76 81 2 2 6 917
76 84 2 2 24 917
76 85 2 4 21 917
76 87 2 4 13 917
76 90 2 5 21 917
76 97 2 5 7 917
76 98 2 6 18 917
76 99 2 5 20 917
77 3 1 5 5 838
77 5 1 1 25 838
77 6 1 2 21 838
77 7 1 3 1 838
77 8 1 4 10 838
77 9 1 2 20 838
77 11 1 5 23 838
77 12 1 2 16 838
77 14 1 1 14 838
77 18 1 6 22 838
77 19 1 6 6 838
77 21 1 6 9 838
77 22 1 5 9 838
77 24 1 3 2 838
77 25 1 6 19 838
77 27 1 6 1 838
77 28 1 3 2 838
77 29 1 6 6 838
77 32 1 1 12 838
77 33 1 3 2 838
77 34 1 6 2 838
77 35 1 4 1 838
77 37 1 3 22 838
77 38 1 5 5 838
77 40 1 2 21 838
77 41 1 3 16 838
77 45 1 1 8 838
77 48 1 2 15 838
77 49 1 1 13 838
77 56 1 4 17 838
77 62 1 5 11 838
77 64 1 1 11 838
77 67 1 5 2 838
77 68 1 4 18 838
77 70 1 1 8 838
77 71 1 2 17 838
77 72 1 2 21 838
77 73 1 2 3 838
77 80 1 5 1 838
77 82 1 1 16 838
77 85 1 4 15 838
77 87 1 4 23 838
77 90 1 5 23 838
77 91 1 5 6 838
77 92 1 1 9 838
77 93 1 5 2 838
78 0 1 4 1 775
78 1 1 3 1 775
78 2 1 6 25 775
78 3 1 5 25 775
78 8 1 4 4 775
78 9 1 2 20 775
78 12 1 2 25 775
78 13 1 1 4 775
78 14 1 1 19 775
78 15 1 5 11 775
78 16 1 1 21 775
78 17 1 4 19 775
78 19 1 6 12 775
78 20 1 2 2 775
78 22 1 5 15 775
78 23 1 1 17 775
78 24 1 3 14 775
78 26 1 3 14 775
78 27 1 6 15 775
78 28 1 3 16 775
78 29 1 6 19 775
78 31 1 5 7 775
78 33 1 3 7 775
78 34 1 6 1 775
78 40 1 2 21 775
78 42 1 4 15 775
78 47 1 4 16 775
78 48 1 2 12 775
78 56 1 4 25 775
78 57 1 6 16 775
78 59 1 6 5 775
78 60 1 3 4 775
78 64 1 1 11 775
78 66 1 3 20 775
78 68 1 4 25 775
78 71 1 2 2 775
78 75 1 3 21 775
78 81 1 2 6 775
78 83 1 2 17 775
78 84 1 2 17 775
78 87 1 4 3 775
78 88 1 5 24 775
78 90 1 5 6 775
78 91 1 5 5 775
78 95 1 4 6 775
78 96 1 3 4 775
78 97 1 5 22 775
79 2 5 6 9 220
79 6 5 2 14 220
79 9 5 2 10 220
79 12 5 2 17 220
79 14 5 1 5 220
79 16 5 1 13 220
79 21 5 6 18 220
79 23 5 1 7 220
79 25 5 6 17 220
79 28 5 3 8 220
79 32 5 1 17 220
79 35 5 4 8 220
79 37 5 3 8 220
79 39 5 1 20 220
79 40 5 2 8 220
79 44 5 6 17 220
79 45 5 1 1 220
79 46 5 5 5 220
79 47 5 4 13 220
79 48 5 2 10 220
79 49 5 1 4 220
79 50 5 6 10 220
79 51 5 5 10 220
79 52 5 1 19 220
79 53 5 3 18 220
79 54 5 5 11 220
79 55 5 4 14 220
79 56 5 4 15 220
79 57 5 6 4 220
79 58 5 3 21 220
79 59 5 6 3 220
79 60 5 3 6 220
79 62 5 5 15 220
79 63 5 5 17 220
79 64 5 1 24 220
79 65 5 2 14 220
79 67 5 5 1 220
79 68 5 4 22 220
79 73 5 2 19 220
79 76 5 2 1 220
79 81 5 2 11 220
79 83 5 2 17 220
79 84 5 2 10 220
79 88 5 5 13 220
79 93 5 5 22 220
79 95 5 4 19 220
79 98 5 6 7 220
80 1 5 3 11 512
80 3 5 5 13 512
80 4 5 3 9 512
80 5 5 1 1 512
80 7 5 3 18 512
80 9 5 2 4 512
80 11 5 5 5 512
80 12 5 2 24 512
80 13 5 1 12 512
80 14 5 1 3 512
80 16 5 1 6 512
80 17 5 4 25 512
80 18 5 6 10 512
80 20 5 2 21 512
80 22 5 5 20 512
80 24 5 3 2 512
80 25 5 6 11 512
80 26 5 3 21 512
80 31 5 5 10 512
80 34 5 6 17 512
80 35 5 4 25 512
80 37 5 3 19 512
80 38 5 5 15 512
80 40 5 2 16 512
80 42 5 4 2 512
80 48 5 2 3 512
80 52 5 1 11 512
80 54 5 5 6 512
80 56 5 4 20 512
80 57 5 6 11 512
80 58 5 3 19 512
80 61 5 2 5 512
80 67 5 5 13 512
80 69 5 6 9 512
80 70 5 1 10 512
80 71 5 2 19 512
80 73 5 2 5 512
80 74 5 1 4 512
80 75 5 3 24 512
80 76 5 2 25 512
80 77 5 1 1 512
80 81 5 2 21 512
80 82 5 1 4 512
80 84 5 2 21 512
80 86 5 2 7 512
80 87 5 4 7 512
80 89 5 6 9 512
80 92 5 1 20 512
80 93 5 5 7 512
80 95 5 4 2 512
80 96 5 3 10 512
80 98 5 6 7 512
81 0 2 4 11 384
81 1 2 3 25 384
81 3 2 5 19 384
81 6 2 2 9 384
81 7 2 3 7 384
81 12 2 2 24 384
81 14 2 1 25 384
81 16 2 1 22 384
81 17 2 4 7 384
81 19 2 6 17 384
81 21 2 6 12 384
81 22 2 5 18 384
81 23 2 1 25 384
81 24 2 3 10 384
81 25 2 6 11 384
81 26 2 3 9 384
81 28 2 3 5 384
81 31 2 5 12 384
81 32 2 1 13 384
81 33 2 3 22 384
81 34 2 6 19 384
81 35 2 4 23 384
81 36 2 6 17 384
81 37 2 3 24 384
81 46 2 5 4 384
81 49 2 1 18 384
81 50 2 6 15 384
81 53 2 3 19 384
81 54 2 5 12 384
81 55 2 4 15 384
81 58 2 3 13 384
81 59 2 6 10 384
81 63 2 5 1 384
81 64 2 1 19 384
81 75 2 3 4 384
81 76 2 2 6 384
81 78 2 1 6 384
81 79 2 5 11 384
81 80 2 5 21 384
81 83 2 2 7 384
81 86 2 2 5 384
81 95 2 4 1 384
81 96 2 3 16 384
81 98 2 6 11 384
81 99 2 5 11 384
82 6 1 2 8 919
82 10 1 6 24 919
82 11 1 5 5 919
82 12 1 2 25 919
82 13 1 1 7 919
82 14 1 1 6 919
82 15 1 5 11 919
82 16 1 1 15 919
82 21 1 6 22 919
82 26 1 3 15 919
82 32 1 1 24 919
82 33 1 3 9 919
82 35 1 4 22 919
82 36 1 6 16 919
82 38 1 5 14 919
82 40 1 2 10 919
82 41 1 3 19 919
82 42 1 4 7 919
82 44 1 6 15 919
82 49 1 1 19 919
82 50 1 6 22 919
82 51 1 5 12 919
82 52 1 1 18 919
82 53 1 3 17 919
82 54 1 5 25 919
82 55 1 4 10 919
82 58 1 3 24 919
82 60 1 3 20 919
82 64 1 1 23 919
82 66 1 3 18 919
82 68 1 4 4 919
82 69 1 6 17 919
82 71 1 2 16 919
82 77 1 1 16 919
82 80 1 5 4 919
82 84 1 2 14 919
82 85 1 4 4 919
82 86 1 2 24 919
82 91 1 5 2 919
82 93 1 5 17 919
82 94 1 2 25 919
82 96 1 3 12 919
82 98 1 6 15 919
83 2 2 6 15 100
83 3 2 5 18 100
83 4 2 3 11 100
83 7 2 3 12 100
83 9 2 2 15 100
83 10 2 6 25 100
83 13 2 1 5 100
83 15 2 5 19 100
83 17 2 4 15 100
83 18 2 6 20 100
83 21 2 6 14 100
83 23 2 1 4 100
83 26 2 3 16 100
83 30 2 5 17 100
83 31 2 5 13 100
83 32 2 1 13 100
83 33 2 3 14 100
83 34 2 6 16 100
83 35 2 4 13 100
83 37 2 3 16 100
83 40 2 2 5 100
83 41 2 3 8 100
83 42 2 4 8 100
83 43 2 4 18 100
83 46 2 5 18 100
83 49 2 1 24 100
83 51 2 5 2 100
83 53 2 3 15 100
83 55 2 4 23 100
83 57 2 6 13 100
83 60 2 3 9 100
83 63 2 5 4 100
83 66 2 3 16 100
83 67 2 5 17 100
83 71 2 2 17 100
83 73 2 2 8 100
83 74 2 1 6 100
83 78 2 1 17 100
83 79 2 5 17 100
83 81 2 2 7 100
83 84 2 2 4 100
83 85 2 4 1 100
83 88 2 5 2 100
83 90 2 5 1 100
83 92 2 1 15 100
83 94 2 2 24 100
83 95 2 4 13 100
83 96 2 3 14 100
83 97 2 5 19 100
84 0 2 4 5 599
84 3 2 5 5 599
84 4 2 3 19 599
84 6 2 2 23 599
84 7 2 3 22 599
84 8 2 4 20 599
84 9 2 2 8 599
84 11 2 5 10 599
84 12 2 2 18 599
84 15 2 5 24 599
84 17 2 4 21 599
84 18 2 6 1 599
84 21 2 6 17 599
84 23 2 1 24 599
84 24 2 3 2 599
84 25 2 6 4 599
84 27 2 6 9 599
84 31 2 5 13 599
84 35 2 4 5 599
84 37 2 3 15 599
84 39 2 1 7 599
84 40 2 2 1 599
84 42 2 4 15 599
84 43 2 4 17 599
84 44 2 6 9 599
84 46 2 5 9 599
84 50 2 6 25 599
84 51 2 5 7 599
84 53 2 3 20 599
84 54 2 5 19 599
84 55 2 4 10 599
84 56 2 4 23 599
84 57 2 6 19 599
84 60 2 3 7 599
84 61 2 2 4 599
84 62 2 5 8 599
84 65 2 2 12 599
84 66 2 3 6 599
84 69 2 6 5 599
84 70 2 1 18 599
84 72 2 2 10 599
84 74 2 1 20 599
84 76 2 2 24 599
84 78 2 1 17 599
84 79 2 5 10 599
84 80 2 5 21 599
84 82 2 1 14 599
84 83 2 2 4 599
84 87 2 4 11 599
84 88 2 5 10 599
84 89 2 6 25 599
84 90 2 5 10 599
84 93 2 5 3 599
84 95 2 4 20 599
84 98 2 6 4 599
85 0 4 4 25 944
85 1 4 3 5 944
85 2 4 6 17 944
85 3 4 5 1 944
85 4 4 3 24 944
85 7 4 3 16 944
85 12 4 2 10 944
85 14 4 1 25 944
85 15 4 5 12 944
85 16 4 1 20 944
85 17 4 4 17 944
85 18 4 6 5 944
85 21 4 6 1 944
85 25 4 6 10 944
85 29 4 6 25 944
85 30 4 5 14 944
85 31 4 5 17 944
85 32 4 1 25 944
85 35 4 4 23 944
85 36 4 6 19 944
85 38 4 5 21 944
85 39 4 1 17 944
85 40 4 2 21 944
85 41 4 3 13 944
85 45 4 1 13 944
85 47 4 4 12 944
85 50 4 6 22 944
85 53 4 3 13 944
85 54 4 5 1 944
85 55 4 4 16 944
85 57 4 6 3 944
85 59 4 6 22 944
85 61 4 2 4 944
85 62 4 5 13 944
85 70 4 1 11 944
85 72 4 2 18 944
85 73 4 2 5 944
85 74 4 1 15 944
85 75 4 3 25 944
85 76 4 2 21 944
85 77 4 1 15 944
85 82 4 1 4 944
85 83 4 2 1 944
85 86 4 2 4 944
85 87 4 4 14 944
85 89 4 6 7 944
85 90 4 5 18 944
85 91 4 5 23 944
85 92 4 1 17 944
85 93 4 5 4 944
85 96 4 3 6 944
85 97 4 5 13 944
85 99 4 5 25 944
86 0 2 4 2 600
86 3 2 5 13 600
86 10 2 6 9 600
86 12 2 2 16 600
86 13 2 1 21 600
86 14 2 1 5 600
86 19 2 6 1 600
86 20 2 2 18 600
86 24 2 3 1 600
86 28 2 3 9 600
86 29 2 6 11 600
86 30 2 5 1 600
86 36 2 6 14 600
86 38 2 5 25 600
86 40 2 2 12 600
86 42 2 4 1 600
86 43 2 4 14 600
86 51 2 5 3 600
86 56 2 4 19 600
86 57 2 6 25 600
86 58 2 3 2 600
86 60 2 3 8 600
86 62 2 5 5 600
86 66 2 3 4 600
86 67 2 5 4 600
86 73 2 2 25 600
86 74 2 1 18 600
86 80 2 5 7 600
86 81 2 2 5 600
86 82 2 1 24 600
86 85 2 4 4 600
86 89 2 6 22 600
86 90 2 5 16 600
86 92 2 1 1 600
86 94 2 2 18 600
86 96 2 3 19 600
86 97 2 5 25 600
86 99 2 5 15 600
87 3 4 5 23 288
87 5 4 1 6 288
87 7 4 3 12 288
87 8 4 4 10 288
87 9 4 2 17 288
87 10 4 6 13 288
87 12 4 2 9 288
87 14 4 1 19 288
87 15 4 5 4 288
87 16 4 1 9 288
87 19 4 6 5 288
87 20 4 2 17 288
87 21 4 6 3 288
87 22 4 5 8 288
87 23 4 1 1 288
87 24 4 3 10 288
87 27 4 6 5 288
87 29 4 6 6 288
87 30 4 5 19 288
87 31 4 5 14 288
87 33 4 3 9 288
87 36 4 6 18 288
87 37 4 3 9 288
87 38 4 5 23 288
87 39 4 1 2 288
87 40 4 2 15 288
87 43 4 4 19 288
87 46 4 5 11 288
87 48 4 2 7 288
87 49 4 1 14 288
87 50 4 6 15 288
87 51 4 5 10 288
87 52 4 1 1 288
87 55 4 4 20 288
87 56 4 4 3 288
87 57 4 6 16 288
87 58 4 3 5 288
87 61 4 2 23 288
87 65 4 2 12 288
87 69 4 6 3 288
87 71 4 2 1 288
87 72 4 2 14 288
87 73 4 2 6 288
87 74 4 1 3 288
87 76 4 2 13 288
87 77 4 1 23 288
87 78 4 1 3 288
87 80 4 5 7 288
87 84 4 2 11 288
87 85 4 4 14 288
87 88 4 5 13 288
87 91 4 5 4 288
87 94 4 2 19 288
87 96 4 3 15 288
87 97 4 5 16 288
87 98 4 6 16 288
88 1 5 3 23 576
88 2 5 6 13 576
88 5 5 1 5 576
88 6 5 2 21 576
88 7 5 3 16 576
88 9 5 2 21 576
88 17 5 4 4 576
88 21 5 6 2 576
88 23 5 1 16 576
88 27 5 6 19 576
88 28 5 3 19 576
88 30 5 5 22 576
88 32 5 1 9 576
88 38 5 5 12 576
88 39 5 1 12 576
88 40 5 2 17 576
88 41 5 3 13 576
88 45 5 1 7 576
88 46 5 5 24 576
88 48 5 2 15 576
88 49 5 1 19 576
88 52 5 1 10 576
88 54 5 5 2 576
88 55 5 4 17 576
88 56 5 4 14 576
88 58 5 3 13 576
88 59 5 6 2 576
88 62 5 5 5 576
88 64 5 1 14 576
88 65 5 2 12 576
88 68 5 4 14 576
88 69 5 6 25 576
88 70 5 1 15 576
88 71 5 2 23 576
88 72 5 2 6 576
88 75 5 3 10 576
88 78 5 1 24 576
88 79 5 5 13 576
88 83 5 2 2 576
88 84 5 2 10 576
88 87 5 4 13 576
88 91 5 5 8 576
88 95 5 4 14 576
89 1 6 3 1 922
89 5 6 1 22 922
89 7 6 3 7 922
89 8 6 4 9 922
89 9 6 2 7 922
89 10 6 6 18 922
89 14 6 1 24 922
89 17 6 4 24 922
89 19 6 6 25 922
89 20 6 2 23 922
89 22 6 5 19 922
89 23 6 1 3 922
89 24 6 3 23 922
89 25 6 6 9 922
89 30 6 5 7 922
89 34 6 6 25 922
89 36 6 6 24 922
89 38 6 5 17 922
89 39 6 1 5 922
89 41 6 3 19 922
89 44 6 6 22 922
89 45 6 1 23 922
89 46 6 5 21 922
89 51 6 5 4 922
89 52 6 1 21 922
89 54 6 5 22 922
89 58 6 3 4 922
89 60 6 3 16 922
89 61 6 2 4 922
89 62 6 5 23 922
89 64 6 1 1 922
89 65 6 2 8 922
89 69 6 6 6 922
89 70 6 1 10 922
89 71 6 2 4 922
89 74 6 1 1 922
89 80 6 5 9 922
89 84 6 2 25 922
89 85 6 4 7 922
89 86 6 2 22 922
89 90 6 5 10 922
89 91 6 5 13 922
89 94 6 2 11 922
89 95 6 4 5 922
89 97 6 5 14 922
89 98 6 6 19 922
90 0 5 4 24 300
90 3 5 5 2 300
90 5 5 1 21 300
90 6 5 2 4 300
90 9 5 2 18 300
90 11 5 5 6 300
90 13 5 1 5 300
90 14 5 1 10 300
90 16 5 1 25 300
90 20 5 2 6 300
90 21 5 6 12 300
90 22 5 5 2 300
90 23 5 1 22 300
90 25 5 6 22 300
90 28 5 3 22 300
90 29 5 6 24 300
90 30 5 5 8 300
90 31 5 5 3 300
90 32 5 1 7 300
90 34 5 6 10 300
90 35 5 4 14 300
90 36 5 6 12 300
90 39 5 1 19 300
90 40 5 2 17 300
90 41 5 3 9 300
90 44 5 6 22 300
90 45 5 1 6 300
90 46 5 5 18 300
90 49 5 1 18 300
90 51 5 5 25 300
90 52 5 1 20 300
90 54 5 5 4 300
90 55 5 4 3 300
90 56 5 4 6 300
90 58 5 3 15 300
90 59 5 6 17 300
90 60 5 3 12 300
90 63 5 5 21 300
90 64 5 1 9 300
90 65 5 2 6 300
90 67 5 5 22 300
90 69 5 6 23 300
90 70 5 1 19 300
90 71 5 2 14 300
90 72 5 2 11 300
90 73 5 2 7 300
90 76 5 2 21 300
90 77 5 1 23 300
90 78 5 1 6 300
90 83 5 2 1 300
90 84 5 2 10 300
90 85 5 4 18 300
90 86 5 2 16 300
90 89 5 6 10 300
90 95 5 4 18 300
90 96 5 3 17 300
91 0 5 4 18 433
91 2 5 6 20 433
91 3 5 5 7 433
91 6 5 2 6 433
91 8 5 4 4 433
91 10 5 6 21 433
91 13 5 1 25 433
91 14 5 1 23 433
91 16 5 1 25 433
91 17 5 4 10 433
91 18 5 6 6 433
91 20 5 2 6 433
91 21 5 6 8 433
91 22 5 5 7 433
91 23 5 1 22 433
91 24 5 3 2 433
91 29 5 6 7 433
91 31 5 5 20 433
91 32 5 1 21 433
91 33 5 3 25 433
91 34 5 6 12 433
91 35 5 4 21 433
91 37 5 3 9 433
91 38 5 5 21 433
91 39 5 1 20 433
91 40 5 2 11 433
91 42 5 4 7 433
91 44 5 6 15 433
91 45 5 1 20 433
91 46 5 5 24 433
91 48 5 2 3 433
91 52 5 1 5 433
91 54 5 5 12 433
91 55 5 4 3 433
91 57 5 6 7 433
91 58 5 3 5 433
91 66 5 3 23 433
91 70 5 1 15 433
91 71 5 2 20 433
91 72 5 2 24 433
91 73 5 2 11 433
91 75 5 3 15 433
91 77 5 1 6 433
91 78 5 1 5 433
91 82 5 1 2 433
91 85 5 4 23 433
91 87 5 4 4 433
91 88 5 5 8 433
91 89 5 6 13 433
91 96 5 3 24 433
91 99 5 5 16 433
92 7 1 3 12 345
92 10 1 6 4 345
92 14 1 1 19 345
92 15 1 5 6 345
92 16 1 1 1 345
92 17 1 4 16 345
92 18 1 6 17 345
92 19 1 6 13 345
92 20 1 2 20 345
92 21 1 6 19 345
92 22 1 5 15 345
92 25 1 6 5 345
92 27 1 6 24 345
92 31 1 5 24 345
92 35 1 4 24 345
92 38 1 5 21 345
92 39 1 1 9 345
92 41 1 3 14 345
92 46 1 5 24 345
92 47 1 4 4 345
92 51 1 5 6 345
92 52 1 1 15 345
92 53 1 3 24 345
92 54 1 5 6 345
92 55 1 4 9 345
92 57 1 6 23 345
92 58 1 3 17 345
92 59 1 6 10 345
92 61 1 2 25 345
92 62 1 5 21 345
92 63 1 5 15 345
92 67 1 5 14 345
92 69 1 6 19 345
92 70 1 1 17 345
92 71 1 2 22 345
92 73 1 2 18 345
92 77 1 1 9 345
92 80 1 5 20 345
92 83 1 2 15 345
92 85 1 4 17 345
92 86 1 2 1 345
92 93 1 5 9 345
92 97 1 5 12 345
92 99 1 5 9 345
93 1 5 3 22 771
93 3 5 5 1 771
93 4 5 3 3 771
93 8 5 4 6 771
93 12 5 2 15 771
93 13 5 1 3 771
93 14 5 1 17 771
93 16 5 1 8 771
93 19 5 6 9 771
93 20 5 2 2 771
93 21 5 6 6 771
93 22 5 5 8 771
93 23 5 1 21 771
93 25 5 6 18 771
93 26 5 3 2 771
93 28 5 3 18 771
93 30 5 5 1 771
93 31 5 5 7 771
93 33 5 3 5 771
93 34 5 6 9 771
93 35 5 4 1 771
93 36 5 6 25 771
93 44 5 6 6 771
93 46 5 5 10 771
93 48 5 2 21 771
93 49 5 1 7 771
93 50 5 6 16 771
93 53 5 3 5 771
93 54 5 5 25 771
93 56 5 4 12 771
93 57 5 6 11 771
93 61 5 2 14 771
93 63 5 5 12 771
93 65 5 2 17 771
93 66 5 3 19 771
93 67 5 5 18 771
93 74 5 1 3 771
93 77 5 1 2 771
93 79 5 5 22 771
93 80 5 5 7 771
93 82 5 1 17 771
93 84 5 2 3 771
93 85 5 4 4 771
93 92 5 1 9 771
93 94 5 2 23 771
93 96 5 3 6 771
93 99 5 5 11 771
94 5 2 1 14 982
94 6 2 2 5 982
94 9 2 2 18 982
94 10 2 6 25 982
94 11 2 5 15 982
94 17 2 4 1 982
94 20 2 2 4 982
94 21 2 6 9 982
94 23 2 1 11 982
94 24 2 3 3 982
94 28 2 3 10 982
94 36 2 6 8 982
94 37 2 3 5 982
94 38 2 5 4 982
94 39 2 1 4 982
94 40 2 2 6 982
94 42 2 4 3 982
94 43 2 4 7 982
94 44 2 6 22 982
94 46 2 5 15 982
94 47 2 4 5 982
94 48 2 2 3 982
94 49 2 1 13 982
94 50 2 6 2 982
94 51 2 5 20 982
94 52 2 1 11 982
94 53 2 3 12 982
94 54 2 5 12 982
94 56 2 4 9 982
94 57 2 6 22 982
94 60 2 3 6 982
94 62 2 5 5 982
94 63 2 5 18 982
94 64 2 1 4 982
94 65 2 2 25 982
94 69 2 6 10 982
94 70 2 1 2 982
94 72 2 2 14 982
94 74 2 1 11 982
94 82 2 1 25 982
94 83 2 2 24 982
94 86 2 2 18 982
94 87 2 4 19 982
94 89 2 6 11 982
94 93 2 5 23 982
94 96 2 3 16 982
95 0 4 4 8 477
95 1 4 3 25 477
95 2 4 6 7 477
95 5 4 1 5 477
95 6 4 2 20 477
95 8 4 4 18 477
95 9 4 2 3 477
95 10 4 6 4 477
95 11 4 5 2 477
95 12 4 2 22 477
95 13 4 1 6 477
95 14 4 1 15 477
95 17 4 4 7 477
95 20 4 2 3 477
95 21 4 6 23 477
95 22 4 5 8 477
95 23 4 1 15 477
95 24 4 3 1 477
95 25 4 6 14 477
95 28 4 3 12 477
95 29 4 6 19 477
95 32 4 1 6 477
95 33 4 3 10 477
95 35 4 4 9 477
95 38 4 5 11 477
95 39 4 1 1 477
95 42 4 4 19 477
95 45 4 1 18 477
95 47 4 4 14 477
95 48 4 2 5 477
95 49 4 1 16 477
95 52 4 1 25 477
95 53 4 3 9 477
95 58 4 3 13 477
95 59 4 6 19 477
95 60 4 3 13 477
95 61 4 2 13 477
95 62 4 5 17 477
95 63 4 5 16 477
95 67 4 5 25 477
95 69 4 6 8 477
95 70 4 1 6 477
95 78 4 1 6 477
95 79 4 5 19 477
95 80 4 5 2 477
95 81 4 2 1 477
95 83 4 2 13 477
95 84 4 2 20 477
95 88 4 5 14 477
95 89 4 6 5 477
95 90 4 5 18 477
95 98 4 6 21 477
96 1 3 3 9 475
96 2 3 6 24 475
96 4 3 3 12 475
96 5 3 1 13 475
96 6 3 2 4 475
96 7 3 3 4 475
96 9 3 2 3 475
96 10 3 6 6 475
96 12 3 2 17 475
96 15 3 5 1 475
96 16 3 1 11 475
96 17 3 4 25 475
96 20 3 2 2 475
96 27 3 6 14 475
96 29 3 6 17 475
96 30 3 5 12 475
96 33 3 3 15 475
96 34 3 6 18 475
96 37 3 3 13 475
96 39 3 1 15 475
96 40 3 2 14 475
96 41 3 3 22 475
96 42 3 4 15 475
96 44 3 6 7 475
96 49 3 1 9 475
96 62 3 5 20 475
96 68 3 4 5 475
96 69 3 6 25 475
96 72 3 2 25 475
96 73 3 2 11 475
96 74 3 1 12 475
96 78 3 1 4 475
96 80 3 5 10 475
96 81 3 2 16 475
96 82 3 1 12 475
96 83 3 2 14 475
96 85 3 4 6 475
96 86 3 2 19 475
96 87 3 4 15 475
96 90 3 5 17 475
96 91 3 5 24 475
96 93 3 5 6 475
96 94 3 2 16 475
96 99 3 5 18 475
97 0 5 4 9 264
97 3 5 5 6 264
97 4 5 3 17 264
97 5 5 1 9 264
97 6 5 2 23 264
97 8 5 4 15 264
97 9 5 2 22 264
97 10 5 6 2 264
97 11 5 5 5 264
97 16 5 1 13 264
97 23 5 1 24 264
97 25 5 6 19 264
97 27 5 6 25 264
97 28 5 3 18 264
97 32 5 1 24 264
97 34 5 6 22 264
97 35 5 4 4 264
97 36 5 6 23 264
97 41 5 3 14 264
97 42 5 4 7 264
97 43 5 4 8 264
97 44 5 6 5 264
97 45 5 1 8 264
97 51 5 5 17 264
97 54 5 5 23 264
97 56 5 4 16 264
97 58 5 3 25 264
97 60 5 3 13 264
97 61 5 2 12 264
97 63 5 5 9 264
97 65 5 2 4 264
97 67 5 5 4 264
97 68 5 4 23 264
97 69 5 6 23 264
97 71 5 2 9 264
97 76 5 2 7 264
97 78 5 1 22 264
97 83 5 2 19 264
97 85 5 4 13 264
97 86 5 2 25 264
97 87 5 4 16 264
97 89 5 6 14 264
97 92 5 1 12 264
97 99 5 5 25 264
98 0 6 4 7 145
98 1 6 3 20 145
98 2 6 6 7 145
98 4 6 3 15 145
98 5 6 1 21 145
98 8 6 4 23 145
98 9 6 2 20 145
98 12 6 2 5 145
98 15 6 5 6 145
98 19 6 6 22 145
98 21 6 6 20 145
98 22 6 5 7 145
98 23 6 1 10 145
98 29 6 6 1 145
98 31 6 5 15 145
98 32 6 1 23 145
98 33 6 3 22 145
98 34 6 6 21 145
98 35 6 4 7 145
98 36 6 6 22 145
98 39 6 1 1 145
98 40 6 2 23 145
98 41 6 3 14 145
98 42 6 4 24 145
98 43 6 4 6 145
98 45 6 1 9 145
98 48 6 2 8 145
98 51 6 5 2 145
98 52 6 1 12 145
98 55 6 4 6 145
98 56 6 4 22 145
98 60 6 3 13 145
98 62 6 5 1 145
98 63 6 5 13 145
98 68 6 4 15 145
98 69 6 6 13 145
98 70 6 1 23 145
98 71 6 2 21 145
98 72 6 2 18 145
98 75 6 3 7 145
98 76 6 2 18 145
98 79 6 5 7 145
98 80 6 5 7 145
98 81 6 2 11 145
98 82 6 1 15 145
98 84 6 2 4 145
98 87 6 4 16 145
98 89 6 6 19 145
98 95 6 4 21 145
99 0 5 4 22 685
99 1 5 3 5 685
99 3 5 5 5 685
99 5 5 1 23 685
99 6 5 2 9 685
99 10 5 6 4 685
99 11 5 5 20 685
99 14 5 1 1 685
99 15 5 5 24 685
99 17 5 4 13 685
99 18 5 6 15 685
99 19 5 6 13 685
99 20 5 2 22 685
99 23 5 1 17 685
99 24 5 3 4 685
99 25 5 6 16 685
99 30 5 5 15 685
99 31 5 5 4 685
99 32 5 1 8 685
99 35 5 4 19 685
99 36 5 6 3 685
99 38 5 5 8 685
99 45 5 1 3 685
99 46 5 5 3 685
99 48 5 2 1 685
99 51 5 5 16 685
99 52 5 1 9 685
99 53 5 3 11 685
99 56 5 4 25 685
99 57 5 6 3 685
99 61 5 2 14 685
99 62 5 5 6 685
99 64 5 1 20 685
99 65 5 2 22 685
99 66 5 3 20 685
99 67 5 5 21 685
99 68 5 4 22 685
99 69 5 6 1 685
99 70 5 1 10 685
99 71 5 2 1 685
99 73 5 2 6 685
99 76 5 2 20 685
99 81 5 2 11 685
99 85 5 4 25 685
99 86 5 2 15 685
99 91 5 5 16 685
99 92 5 1 9 685
99 93 5 5 11 685
99 96 5 3 18 685
99 97 5 5 25 685
