capacity  cost_by_node
nb_functions 10
5 46 40 90 98 10 21 61 84 71 50 73 100 76 26 15 32 33 91 48 89 78 42 11 50 24 65 79 54 95 87 100 84 34 85 98 80 26 70 77 60 28 75 74 48 72 29 11 16 12 36 
6 25 76 25 22 84 53 92 78 68 93 63 27 60 81 33 34 84 92 12 71 10 79 16 33 51 86 21 21 77 40 33 39 23 80 17 80 68 59 94 29 59 93 41 73 38 13 47 36 55 40 
8 87 12 100 26 53 53 58 51 28 23 92 52 97 75 28 57 76 44 95 35 21 20 48 87 83 59 50 62 38 26 46 70 44 93 55 45 97 87 89 40 62 48 83 13 79 98 42 70 100 99 
6 62 31 76 91 61 63 88 43 30 15 44 62 29 84 28 44 13 70 99 94 43 12 25 12 38 76 10 72 49 60 14 75 24 31 74 26 96 50 11 17 53 87 51 84 57 71 60 12 18 78 
4 82 49 37 86 84 85 51 68 21 54 53 44 91 60 71 44 66 69 13 55 16 18 49 60 21 49 23 98 49 98 92 35 89 36 61 29 94 78 43 44 83 82 90 25 56 30 98 75 100 85 
7 61 10 93 60 31 14 10 86 16 37 99 35 13 64 84 58 47 72 66 78 99 84 15 86 29 61 57 79 53 51 69 42 92 95 64 28 87 30 85 65 45 96 45 25 28 60 51 49 77 28 
6 86 20 30 54 74 93 54 13 50 80 32 81 21 70 45 58 37 97 23 58 67 58 84 86 47 22 76 59 92 14 73 38 75 70 66 45 87 97 21 41 48 17 58 39 93 65 13 30 17 19 
7 76 24 10 11 51 51 22 16 51 78 96 14 30 27 14 36 48 43 48 66 22 21 23 74 65 58 58 22 58 30 73 18 80 91 51 60 40 67 34 74 49 33 22 79 100 71 51 75 30 49 
7 89 66 12 67 23 79 85 48 81 39 50 19 73 22 19 30 55 15 86 41 94 84 39 82 40 95 57 18 100 39 80 73 13 12 39 31 92 32 64 23 22 91 24 72 98 41 64 92 28 47 
4 79 22 78 74 94 83 20 11 36 93 19 10 26 17 63 70 33 36 35 84 46 55 72 59 77 48 20 54 37 22 89 71 92 25 55 67 46 57 68 86 41 48 74 31 23 32 45 67 24 11 
