Node_1 Node_2 Capacity_node1 Capacity_node2 Latency_arc node_cost
nb_nodes 50
nb_arcs 2216
0 1 2 6 14 879
0 2 2 2 19 879
0 3 2 1 14 879
0 4 2 4 19 879
0 6 2 2 11 879
0 7 2 5 17 879
0 8 2 4 13 879
0 9 2 5 25 879
0 10 2 2 5 879
0 12 2 6 6 879
0 14 2 2 8 879
0 15 2 1 23 879
0 16 2 6 11 879
0 17 2 5 8 879
0 18 2 6 11 879
0 19 2 4 1 879
0 20 2 5 9 879
0 22 2 5 21 879
0 23 2 6 10 879
0 26 2 3 17 879
0 27 2 1 14 879
0 28 2 1 11 879
0 29 2 4 18 879
0 30 2 1 1 879
0 31 2 4 12 879
0 32 2 3 3 879
0 33 2 4 21 879
0 35 2 1 3 879
0 36 2 2 20 879
0 37 2 3 2 879
0 38 2 3 7 879
0 39 2 6 13 879
0 40 2 1 16 879
0 41 2 5 23 879
0 42 2 1 16 879
0 43 2 1 3 879
0 44 2 5 12 879
0 45 2 4 2 879
0 46 2 5 13 879
0 48 2 3 12 879
0 49 2 6 13 879
1 0 6 2 14 687
1 2 6 2 18 687
1 3 6 1 16 687
1 4 6 4 4 687
1 5 6 3 7 687
1 6 6 2 21 687
1 7 6 5 4 687
1 8 6 4 11 687
1 9 6 5 5 687
1 10 6 2 1 687
1 11 6 5 12 687
1 12 6 6 3 687
1 13 6 5 1 687
1 14 6 2 2 687
1 15 6 1 6 687
1 16 6 6 10 687
1 18 6 6 23 687
1 19 6 4 25 687
1 20 6 5 10 687
1 21 6 1 6 687
1 22 6 5 10 687
1 23 6 6 23 687
1 24 6 3 23 687
1 26 6 3 9 687
1 27 6 1 19 687
1 29 6 4 4 687
1 30 6 1 17 687
1 31 6 4 13 687
1 32 6 3 7 687
1 33 6 4 14 687
1 35 6 1 12 687
1 36 6 2 3 687
1 37 6 3 16 687
1 38 6 3 17 687
1 39 6 6 25 687
1 40 6 1 22 687
1 41 6 5 4 687
1 43 6 1 15 687
1 45 6 4 8 687
1 46 6 5 21 687
1 47 6 6 17 687
1 48 6 3 24 687
1 49 6 6 12 687
2 0 2 2 19 499
2 1 2 6 18 499
2 3 2 1 5 499
2 4 2 4 10 499
2 5 2 3 21 499
2 6 2 2 21 499
2 7 2 5 16 499
2 8 2 4 12 499
2 9 2 5 11 499
2 10 2 2 18 499
2 11 2 5 18 499
2 12 2 6 5 499
2 13 2 5 22 499
2 14 2 2 2 499
2 15 2 1 11 499
2 16 2 6 16 499
2 17 2 5 21 499
2 18 2 6 16 499
2 19 2 4 19 499
2 20 2 5 1 499
2 21 2 1 10 499
2 22 2 5 2 499
2 24 2 3 13 499
2 25 2 5 6 499
2 26 2 3 8 499
2 27 2 1 17 499
2 28 2 1 22 499
2 29 2 4 9 499
2 32 2 3 3 499
2 34 2 6 10 499
2 35 2 1 14 499
2 36 2 2 9 499
2 37 2 3 14 499
2 38 2 3 1 499
2 39 2 6 10 499
2 40 2 1 23 499
2 41 2 5 6 499
2 43 2 1 13 499
2 44 2 5 24 499
2 45 2 4 1 499
2 46 2 5 8 499
2 47 2 6 8 499
2 48 2 3 24 499
2 49 2 6 18 499
3 0 1 2 14 888
3 1 1 6 16 888
3 2 1 2 5 888
3 4 1 4 19 888
3 5 1 3 17 888
3 8 1 4 7 888
3 9 1 5 21 888
3 10 1 2 4 888
3 11 1 5 12 888
3 12 1 6 19 888
3 13 1 5 14 888
3 14 1 2 22 888
3 15 1 1 1 888
3 16 1 6 8 888
3 17 1 5 17 888
3 18 1 6 2 888
3 19 1 4 25 888
3 20 1 5 9 888
3 21 1 1 7 888
3 23 1 6 16 888
3 24 1 3 4 888
3 25 1 5 12 888
3 26 1 3 12 888
3 27 1 1 25 888
3 28 1 1 21 888
3 29 1 4 18 888
3 30 1 1 12 888
3 31 1 4 11 888
3 32 1 3 18 888
3 33 1 4 21 888
3 34 1 6 14 888
3 35 1 1 3 888
3 36 1 2 12 888
3 37 1 3 12 888
3 38 1 3 9 888
3 39 1 6 19 888
3 40 1 1 13 888
3 42 1 1 24 888
3 43 1 1 23 888
3 44 1 5 7 888
3 45 1 4 15 888
3 46 1 5 22 888
3 47 1 6 8 888
3 49 1 6 22 888
4 0 4 2 19 525
4 1 4 6 4 525
4 2 4 2 10 525
4 3 4 1 19 525
4 5 4 3 6 525
4 6 4 2 3 525
4 7 4 5 22 525
4 8 4 4 18 525
4 9 4 5 7 525
4 10 4 2 21 525
4 11 4 5 9 525
4 12 4 6 4 525
4 13 4 5 11 525
4 14 4 2 6 525
4 15 4 1 5 525
4 16 4 6 13 525
4 17 4 5 10 525
4 18 4 6 10 525
4 19 4 4 25 525
4 20 4 5 25 525
4 21 4 1 7 525
4 22 4 5 18 525
4 23 4 6 6 525
4 24 4 3 5 525
4 25 4 5 6 525
4 26 4 3 1 525
4 27 4 1 14 525
4 28 4 1 1 525
4 29 4 4 15 525
4 30 4 1 25 525
4 31 4 4 19 525
4 32 4 3 16 525
4 33 4 4 19 525
4 34 4 6 25 525
4 35 4 1 24 525
4 36 4 2 17 525
4 37 4 3 3 525
4 38 4 3 14 525
4 39 4 6 22 525
4 40 4 1 8 525
4 41 4 5 18 525
4 42 4 1 16 525
4 43 4 1 14 525
4 44 4 5 21 525
4 46 4 5 15 525
4 47 4 6 10 525
4 48 4 3 5 525
4 49 4 6 19 525
5 1 3 6 7 670
5 2 3 2 21 670
5 3 3 1 17 670
5 4 3 4 6 670
5 6 3 2 3 670
5 7 3 5 17 670
5 8 3 4 2 670
5 9 3 5 24 670
5 10 3 2 7 670
5 11 3 5 3 670
5 12 3 6 19 670
5 13 3 5 1 670
5 14 3 2 5 670
5 15 3 1 15 670
5 16 3 6 2 670
5 17 3 5 3 670
5 18 3 6 3 670
5 19 3 4 23 670
5 20 3 5 10 670
5 21 3 1 7 670
5 22 3 5 5 670
5 23 3 6 5 670
5 24 3 3 1 670
5 25 3 5 24 670
5 27 3 1 6 670
5 28 3 1 17 670
5 29 3 4 7 670
5 30 3 1 25 670
5 31 3 4 2 670
5 32 3 3 24 670
5 33 3 4 4 670
5 34 3 6 7 670
5 35 3 1 16 670
5 36 3 2 25 670
5 37 3 3 1 670
5 39 3 6 23 670
5 40 3 1 20 670
5 41 3 5 2 670
5 42 3 1 7 670
5 44 3 5 3 670
5 45 3 4 18 670
5 46 3 5 5 670
5 47 3 6 12 670
5 48 3 3 19 670
5 49 3 6 21 670
6 0 2 2 11 329
6 1 2 6 21 329
6 2 2 2 21 329
6 4 2 4 3 329
6 5 2 3 3 329
6 7 2 5 20 329
6 8 2 4 23 329
6 9 2 5 5 329
6 10 2 2 8 329
6 11 2 5 2 329
6 12 2 6 20 329
6 13 2 5 3 329
6 14 2 2 15 329
6 15 2 1 23 329
6 16 2 6 8 329
6 17 2 5 13 329
6 18 2 6 7 329
6 20 2 5 24 329
6 21 2 1 1 329
6 23 2 6 25 329
6 24 2 3 20 329
6 25 2 5 6 329
6 26 2 3 3 329
6 27 2 1 23 329
6 28 2 1 7 329
6 29 2 4 20 329
6 30 2 1 13 329
6 31 2 4 3 329
6 32 2 3 7 329
6 33 2 4 17 329
6 34 2 6 6 329
6 35 2 1 11 329
6 36 2 2 16 329
6 37 2 3 9 329
6 38 2 3 9 329
6 39 2 6 23 329
6 40 2 1 9 329
6 41 2 5 25 329
6 42 2 1 11 329
6 44 2 5 15 329
6 45 2 4 1 329
6 46 2 5 5 329
6 47 2 6 19 329
6 48 2 3 1 329
6 49 2 6 21 329
7 0 5 2 17 283
7 1 5 6 4 283
7 2 5 2 16 283
7 4 5 4 22 283
7 5 5 3 17 283
7 6 5 2 20 283
7 8 5 4 11 283
7 9 5 5 5 283
7 10 5 2 16 283
7 11 5 5 24 283
7 12 5 6 7 283
7 13 5 5 2 283
7 14 5 2 23 283
7 15 5 1 19 283
7 16 5 6 9 283
7 17 5 5 9 283
7 18 5 6 10 283
7 19 5 4 7 283
7 20 5 5 9 283
7 21 5 1 12 283
7 22 5 5 25 283
7 23 5 6 2 283
7 24 5 3 7 283
7 25 5 5 16 283
7 26 5 3 14 283
7 29 5 4 14 283
7 30 5 1 17 283
7 31 5 4 19 283
7 32 5 3 3 283
7 33 5 4 12 283
7 35 5 1 7 283
7 36 5 2 13 283
7 37 5 3 19 283
7 38 5 3 22 283
7 40 5 1 2 283
7 41 5 5 1 283
7 42 5 1 17 283
7 43 5 1 24 283
7 44 5 5 22 283
7 45 5 4 1 283
7 46 5 5 23 283
7 47 5 6 8 283
7 48 5 3 7 283
7 49 5 6 4 283
8 0 4 2 13 581
8 1 4 6 11 581
8 2 4 2 12 581
8 3 4 1 7 581
8 4 4 4 18 581
8 5 4 3 2 581
8 6 4 2 23 581
8 7 4 5 11 581
8 9 4 5 16 581
8 10 4 2 15 581
8 11 4 5 19 581
8 12 4 6 5 581
8 14 4 2 18 581
8 16 4 6 21 581
8 17 4 5 13 581
8 18 4 6 13 581
8 19 4 4 2 581
8 20 4 5 13 581
8 21 4 1 19 581
8 22 4 5 6 581
8 23 4 6 6 581
8 24 4 3 19 581
8 25 4 5 16 581
8 26 4 3 1 581
8 27 4 1 14 581
8 28 4 1 16 581
8 29 4 4 12 581
8 30 4 1 6 581
8 31 4 4 13 581
8 32 4 3 17 581
8 33 4 4 13 581
8 34 4 6 13 581
8 35 4 1 17 581
8 36 4 2 3 581
8 37 4 3 21 581
8 38 4 3 4 581
8 39 4 6 23 581
8 40 4 1 2 581
8 41 4 5 9 581
8 43 4 1 24 581
8 44 4 5 3 581
8 46 4 5 19 581
8 47 4 6 13 581
8 48 4 3 23 581
9 0 5 2 25 601
9 1 5 6 5 601
9 2 5 2 11 601
9 3 5 1 21 601
9 4 5 4 7 601
9 5 5 3 24 601
9 6 5 2 5 601
9 7 5 5 5 601
9 8 5 4 16 601
9 10 5 2 13 601
9 11 5 5 12 601
9 12 5 6 11 601
9 13 5 5 25 601
9 14 5 2 15 601
9 15 5 1 3 601
9 16 5 6 18 601
9 17 5 5 18 601
9 18 5 6 16 601
9 19 5 4 12 601
9 20 5 5 10 601
9 21 5 1 8 601
9 22 5 5 20 601
9 24 5 3 8 601
9 25 5 5 3 601
9 26 5 3 6 601
9 29 5 4 7 601
9 30 5 1 22 601
9 32 5 3 14 601
9 33 5 4 20 601
9 34 5 6 7 601
9 35 5 1 15 601
9 36 5 2 16 601
9 37 5 3 8 601
9 38 5 3 4 601
9 39 5 6 15 601
9 40 5 1 25 601
9 41 5 5 22 601
9 42 5 1 5 601
9 43 5 1 25 601
9 44 5 5 24 601
9 45 5 4 20 601
9 46 5 5 5 601
9 47 5 6 11 601
9 48 5 3 11 601
9 49 5 6 19 601
10 0 2 2 5 599
10 1 2 6 1 599
10 2 2 2 18 599
10 3 2 1 4 599
10 4 2 4 21 599
10 5 2 3 7 599
10 6 2 2 8 599
10 7 2 5 16 599
10 8 2 4 15 599
10 9 2 5 13 599
10 12 2 6 1 599
10 13 2 5 15 599
10 14 2 2 8 599
10 15 2 1 5 599
10 16 2 6 5 599
10 17 2 5 6 599
10 18 2 6 8 599
10 19 2 4 9 599
10 21 2 1 7 599
10 22 2 5 6 599
10 24 2 3 2 599
10 25 2 5 25 599
10 27 2 1 15 599
10 28 2 1 24 599
10 29 2 4 9 599
10 30 2 1 17 599
10 31 2 4 14 599
10 32 2 3 12 599
10 33 2 4 15 599
10 34 2 6 6 599
10 35 2 1 25 599
10 36 2 2 5 599
10 37 2 3 18 599
10 38 2 3 4 599
10 39 2 6 13 599
10 41 2 5 3 599
10 42 2 1 19 599
10 43 2 1 11 599
10 44 2 5 5 599
10 45 2 4 23 599
10 46 2 5 1 599
10 47 2 6 5 599
10 48 2 3 18 599
10 49 2 6 7 599
11 1 5 6 12 202
11 2 5 2 18 202
11 3 5 1 12 202
11 4 5 4 9 202
11 5 5 3 3 202
11 6 5 2 2 202
11 7 5 5 24 202
11 8 5 4 19 202
11 9 5 5 12 202
11 12 5 6 23 202
11 13 5 5 25 202
11 14 5 2 18 202
11 15 5 1 8 202
11 16 5 6 22 202
11 17 5 5 16 202
11 18 5 6 12 202
11 19 5 4 15 202
11 20 5 5 6 202
11 21 5 1 10 202
11 22 5 5 3 202
11 23 5 6 21 202
11 24 5 3 23 202
11 25 5 5 6 202
11 26 5 3 22 202
11 27 5 1 21 202
11 28 5 1 12 202
11 29 5 4 12 202
11 30 5 1 16 202
11 31 5 4 20 202
11 32 5 3 24 202
11 33 5 4 22 202
11 34 5 6 8 202
11 35 5 1 16 202
11 36 5 2 17 202
11 37 5 3 12 202
11 38 5 3 12 202
11 39 5 6 21 202
11 40 5 1 17 202
11 41 5 5 16 202
11 42 5 1 7 202
11 43 5 1 7 202
11 44 5 5 1 202
11 45 5 4 15 202
11 46 5 5 4 202
11 47 5 6 21 202
11 48 5 3 3 202
11 49 5 6 21 202
12 0 6 2 6 914
12 1 6 6 3 914
12 2 6 2 5 914
12 3 6 1 19 914
12 4 6 4 4 914
12 5 6 3 19 914
12 6 6 2 20 914
12 7 6 5 7 914
12 8 6 4 5 914
12 9 6 5 11 914
12 10 6 2 1 914
12 11 6 5 23 914
12 13 6 5 19 914
12 14 6 2 8 914
12 15 6 1 18 914
12 16 6 6 1 914
12 17 6 5 7 914
12 18 6 6 8 914
12 20 6 5 17 914
12 21 6 1 18 914
12 22 6 5 15 914
12 23 6 6 12 914
12 24 6 3 4 914
12 25 6 5 23 914
12 27 6 1 14 914
12 28 6 1 24 914
12 29 6 4 11 914
12 30 6 1 15 914
12 31 6 4 23 914
12 32 6 3 19 914
12 33 6 4 11 914
12 34 6 6 21 914
12 35 6 1 11 914
12 36 6 2 18 914
12 37 6 3 22 914
12 38 6 3 1 914
12 40 6 1 25 914
12 42 6 1 12 914
12 43 6 1 17 914
12 44 6 5 2 914
12 45 6 4 13 914
12 46 6 5 22 914
12 47 6 6 12 914
12 48 6 3 22 914
12 49 6 6 17 914
13 1 5 6 1 293
13 2 5 2 22 293
13 3 5 1 14 293
13 4 5 4 11 293
13 5 5 3 1 293
13 6 5 2 3 293
13 7 5 5 2 293
13 9 5 5 25 293
13 10 5 2 15 293
13 11 5 5 25 293
13 12 5 6 19 293
13 14 5 2 3 293
13 15 5 1 8 293
13 16 5 6 24 293
13 17 5 5 23 293
13 18 5 6 24 293
13 19 5 4 2 293
13 20 5 5 21 293
13 21 5 1 5 293
13 23 5 6 20 293
13 24 5 3 24 293
13 25 5 5 16 293
13 26 5 3 17 293
13 27 5 1 24 293
13 28 5 1 17 293
13 29 5 4 4 293
13 31 5 4 20 293
13 32 5 3 18 293
13 33 5 4 25 293
13 34 5 6 13 293
13 35 5 1 11 293
13 36 5 2 24 293
13 37 5 3 1 293
13 38 5 3 22 293
13 39 5 6 18 293
13 40 5 1 5 293
13 41 5 5 2 293
13 43 5 1 17 293
13 44 5 5 7 293
13 45 5 4 19 293
13 46 5 5 22 293
13 47 5 6 17 293
13 48 5 3 19 293
13 49 5 6 5 293
14 0 2 2 8 563
14 1 2 6 2 563
14 2 2 2 2 563
14 3 2 1 22 563
14 4 2 4 6 563
14 5 2 3 5 563
14 6 2 2 15 563
14 7 2 5 23 563
14 8 2 4 18 563
14 9 2 5 15 563
14 10 2 2 8 563
14 11 2 5 18 563
14 12 2 6 8 563
14 13 2 5 3 563
14 15 2 1 11 563
14 16 2 6 9 563
14 17 2 5 21 563
14 18 2 6 2 563
14 19 2 4 7 563
14 20 2 5 15 563
14 21 2 1 5 563
14 22 2 5 18 563
14 23 2 6 2 563
14 24 2 3 24 563
14 25 2 5 11 563
14 26 2 3 8 563
14 27 2 1 17 563
14 28 2 1 14 563
14 29 2 4 1 563
14 30 2 1 17 563
14 31 2 4 13 563
14 32 2 3 15 563
14 33 2 4 6 563
14 35 2 1 11 563
14 36 2 2 18 563
14 37 2 3 17 563
14 38 2 3 4 563
14 39 2 6 20 563
14 40 2 1 13 563
14 41 2 5 15 563
14 42 2 1 8 563
14 43 2 1 7 563
14 44 2 5 15 563
14 45 2 4 10 563
14 47 2 6 7 563
14 48 2 3 24 563
14 49 2 6 2 563
15 0 1 2 23 480
15 1 1 6 6 480
15 2 1 2 11 480
15 3 1 1 1 480
15 4 1 4 5 480
15 5 1 3 15 480
15 6 1 2 23 480
15 7 1 5 19 480
15 9 1 5 3 480
15 10 1 2 5 480
15 11 1 5 8 480
15 12 1 6 18 480
15 13 1 5 8 480
15 14 1 2 11 480
15 16 1 6 19 480
15 17 1 5 13 480
15 18 1 6 6 480
15 19 1 4 4 480
15 20 1 5 14 480
15 21 1 1 13 480
15 22 1 5 18 480
15 23 1 6 4 480
15 24 1 3 20 480
15 25 1 5 19 480
15 26 1 3 19 480
15 28 1 1 8 480
15 29 1 4 8 480
15 30 1 1 12 480
15 31 1 4 21 480
15 32 1 3 16 480
15 33 1 4 4 480
15 34 1 6 15 480
15 35 1 1 1 480
15 39 1 6 19 480
15 40 1 1 4 480
15 41 1 5 5 480
15 42 1 1 24 480
15 43 1 1 19 480
15 44 1 5 16 480
15 45 1 4 9 480
15 46 1 5 7 480
15 47 1 6 19 480
15 48 1 3 7 480
16 0 6 2 11 148
16 1 6 6 10 148
16 2 6 2 16 148
16 3 6 1 8 148
16 4 6 4 13 148
16 5 6 3 2 148
16 6 6 2 8 148
16 7 6 5 9 148
16 8 6 4 21 148
16 9 6 5 18 148
16 10 6 2 5 148
16 11 6 5 22 148
16 12 6 6 1 148
16 13 6 5 24 148
16 14 6 2 9 148
16 15 6 1 19 148
16 18 6 6 23 148
16 19 6 4 4 148
16 20 6 5 8 148
16 21 6 1 12 148
16 22 6 5 18 148
16 23 6 6 18 148
16 24 6 3 1 148
16 25 6 5 24 148
16 26 6 3 16 148
16 27 6 1 2 148
16 28 6 1 4 148
16 30 6 1 11 148
16 31 6 4 22 148
16 32 6 3 9 148
16 33 6 4 17 148
16 34 6 6 15 148
16 35 6 1 1 148
16 36 6 2 10 148
16 37 6 3 2 148
16 38 6 3 7 148
16 39 6 6 20 148
16 41 6 5 18 148
16 42 6 1 9 148
16 43 6 1 18 148
16 44 6 5 1 148
16 45 6 4 15 148
16 46 6 5 24 148
16 47 6 6 23 148
16 48 6 3 17 148
16 49 6 6 16 148
17 0 5 2 8 729
17 2 5 2 21 729
17 3 5 1 17 729
17 4 5 4 10 729
17 5 5 3 3 729
17 6 5 2 13 729
17 7 5 5 9 729
17 8 5 4 13 729
17 9 5 5 18 729
17 10 5 2 6 729
17 11 5 5 16 729
17 12 5 6 7 729
17 13 5 5 23 729
17 14 5 2 21 729
17 15 5 1 13 729
17 18 5 6 13 729
17 19 5 4 19 729
17 21 5 1 4 729
17 22 5 5 16 729
17 23 5 6 5 729
17 24 5 3 8 729
17 25 5 5 16 729
17 26 5 3 18 729
17 28 5 1 24 729
17 29 5 4 15 729
17 30 5 1 11 729
17 31 5 4 18 729
17 33 5 4 18 729
17 35 5 1 2 729
17 38 5 3 4 729
17 39 5 6 19 729
17 40 5 1 14 729
17 41 5 5 21 729
17 42 5 1 25 729
17 43 5 1 8 729
17 44 5 5 15 729
17 45 5 4 12 729
17 46 5 5 2 729
17 47 5 6 10 729
17 48 5 3 19 729
17 49 5 6 22 729
18 0 6 2 11 518
18 1 6 6 23 518
18 2 6 2 16 518
18 3 6 1 2 518
18 4 6 4 10 518
18 5 6 3 3 518
18 6 6 2 7 518
18 7 6 5 10 518
18 8 6 4 13 518
18 9 6 5 16 518
18 10 6 2 8 518
18 11 6 5 12 518
18 12 6 6 8 518
18 13 6 5 24 518
18 14 6 2 2 518
18 15 6 1 6 518
18 16 6 6 23 518
18 17 6 5 13 518
18 19 6 4 3 518
18 22 6 5 8 518
18 23 6 6 21 518
18 24 6 3 25 518
18 25 6 5 6 518
18 26 6 3 2 518
18 27 6 1 4 518
18 28 6 1 12 518
18 29 6 4 8 518
18 30 6 1 13 518
18 31 6 4 23 518
18 32 6 3 17 518
18 33 6 4 4 518
18 34 6 6 24 518
18 35 6 1 24 518
18 36 6 2 12 518
18 37 6 3 4 518
18 38 6 3 9 518
18 39 6 6 4 518
18 40 6 1 3 518
18 41 6 5 6 518
18 42 6 1 10 518
18 43 6 1 18 518
18 44 6 5 16 518
18 45 6 4 16 518
18 46 6 5 19 518
18 47 6 6 18 518
18 48 6 3 22 518
18 49 6 6 22 518
19 0 4 2 1 625
19 1 4 6 25 625
19 2 4 2 19 625
19 3 4 1 25 625
19 4 4 4 25 625
19 5 4 3 23 625
19 7 4 5 7 625
19 8 4 4 2 625
19 9 4 5 12 625
19 10 4 2 9 625
19 11 4 5 15 625
19 13 4 5 2 625
19 14 4 2 7 625
19 15 4 1 4 625
19 16 4 6 4 625
19 17 4 5 19 625
19 18 4 6 3 625
19 20 4 5 22 625
19 21 4 1 1 625
19 22 4 5 10 625
19 23 4 6 10 625
19 24 4 3 24 625
19 25 4 5 1 625
19 26 4 3 1 625
19 27 4 1 19 625
19 28 4 1 23 625
19 29 4 4 11 625
19 31 4 4 17 625
19 32 4 3 21 625
19 33 4 4 20 625
19 35 4 1 16 625
19 36 4 2 23 625
19 37 4 3 6 625
19 38 4 3 20 625
19 39 4 6 4 625
19 40 4 1 2 625
19 41 4 5 17 625
19 42 4 1 5 625
19 43 4 1 19 625
19 44 4 5 1 625
19 45 4 4 8 625
19 46 4 5 5 625
19 47 4 6 21 625
19 48 4 3 13 625
19 49 4 6 22 625
20 0 5 2 9 342
20 1 5 6 10 342
20 2 5 2 1 342
20 3 5 1 9 342
20 4 5 4 25 342
20 5 5 3 10 342
20 6 5 2 24 342
20 7 5 5 9 342
20 8 5 4 13 342
20 9 5 5 10 342
20 11 5 5 6 342
20 12 5 6 17 342
20 13 5 5 21 342
20 14 5 2 15 342
20 15 5 1 14 342
20 16 5 6 8 342
20 19 5 4 22 342
20 21 5 1 12 342
20 22 5 5 23 342
20 23 5 6 18 342
20 24 5 3 19 342
20 25 5 5 15 342
20 26 5 3 23 342
20 27 5 1 17 342
20 28 5 1 18 342
20 29 5 4 6 342
20 30 5 1 3 342
20 31 5 4 12 342
20 32 5 3 21 342
20 33 5 4 7 342
20 34 5 6 20 342
20 35 5 1 5 342
20 36 5 2 25 342
20 37 5 3 23 342
20 38 5 3 24 342
20 39 5 6 12 342
20 40 5 1 13 342
20 41 5 5 11 342
20 42 5 1 15 342
20 43 5 1 18 342
20 44 5 5 12 342
20 45 5 4 18 342
20 46 5 5 15 342
20 47 5 6 13 342
20 48 5 3 9 342
21 1 1 6 6 511
21 2 1 2 10 511
21 3 1 1 7 511
21 4 1 4 7 511
21 5 1 3 7 511
21 6 1 2 1 511
21 7 1 5 12 511
21 8 1 4 19 511
21 9 1 5 8 511
21 10 1 2 7 511
21 11 1 5 10 511
21 12 1 6 18 511
21 13 1 5 5 511
21 14 1 2 5 511
21 15 1 1 13 511
21 16 1 6 12 511
21 17 1 5 4 511
21 19 1 4 1 511
21 20 1 5 12 511
21 22 1 5 9 511
21 23 1 6 19 511
21 24 1 3 21 511
21 25 1 5 14 511
21 26 1 3 10 511
21 27 1 1 24 511
21 28 1 1 22 511
21 29 1 4 24 511
21 30 1 1 1 511
21 32 1 3 8 511
21 33 1 4 16 511
21 34 1 6 15 511
21 35 1 1 16 511
21 36 1 2 10 511
21 37 1 3 21 511
21 38 1 3 25 511
21 39 1 6 10 511
21 40 1 1 7 511
21 42 1 1 18 511
21 44 1 5 6 511
21 45 1 4 24 511
21 46 1 5 14 511
21 47 1 6 18 511
21 48 1 3 20 511
22 0 5 2 21 227
22 1 5 6 10 227
22 2 5 2 2 227
22 4 5 4 18 227
22 5 5 3 5 227
22 7 5 5 25 227
22 8 5 4 6 227
22 9 5 5 20 227
22 10 5 2 6 227
22 11 5 5 3 227
22 12 5 6 15 227
22 14 5 2 18 227
22 15 5 1 18 227
22 16 5 6 18 227
22 17 5 5 16 227
22 18 5 6 8 227
22 19 5 4 10 227
22 20 5 5 23 227
22 21 5 1 9 227
22 23 5 6 18 227
22 24 5 3 22 227
22 25 5 5 18 227
22 26 5 3 24 227
22 27 5 1 24 227
22 28 5 1 22 227
22 29 5 4 24 227
22 30 5 1 24 227
22 31 5 4 12 227
22 32 5 3 9 227
22 33 5 4 14 227
22 34 5 6 9 227
22 35 5 1 16 227
22 36 5 2 11 227
22 37 5 3 4 227
22 38 5 3 5 227
22 39 5 6 21 227
22 40 5 1 2 227
22 41 5 5 1 227
22 42 5 1 23 227
22 43 5 1 11 227
22 44 5 5 18 227
22 45 5 4 20 227
22 46 5 5 15 227
22 47 5 6 13 227
22 48 5 3 24 227
22 49 5 6 18 227
23 0 6 2 10 367
23 1 6 6 23 367
23 3 6 1 16 367
23 4 6 4 6 367
23 5 6 3 5 367
23 6 6 2 25 367
23 7 6 5 2 367
23 8 6 4 6 367
23 11 6 5 21 367
23 12 6 6 12 367
23 13 6 5 20 367
23 14 6 2 2 367
23 15 6 1 4 367
23 16 6 6 18 367
23 17 6 5 5 367
23 18 6 6 21 367
23 19 6 4 10 367
23 20 6 5 18 367
23 21 6 1 19 367
23 22 6 5 18 367
23 25 6 5 7 367
23 27 6 1 6 367
23 28 6 1 15 367
23 29 6 4 4 367
23 30 6 1 24 367
23 31 6 4 5 367
23 32 6 3 18 367
23 33 6 4 1 367
23 34 6 6 17 367
23 35 6 1 22 367
23 36 6 2 11 367
23 37 6 3 17 367
23 38 6 3 23 367
23 39 6 6 19 367
23 40 6 1 12 367
23 41 6 5 13 367
23 42 6 1 11 367
23 43 6 1 9 367
23 46 6 5 18 367
23 47 6 6 6 367
23 49 6 6 14 367
24 1 3 6 23 139
24 2 3 2 13 139
24 3 3 1 4 139
24 4 3 4 5 139
24 5 3 3 1 139
24 6 3 2 20 139
24 7 3 5 7 139
24 8 3 4 19 139
24 9 3 5 8 139
24 10 3 2 2 139
24 11 3 5 23 139
24 12 3 6 4 139
24 13 3 5 24 139
24 14 3 2 24 139
24 15 3 1 20 139
24 16 3 6 1 139
24 17 3 5 8 139
24 18 3 6 25 139
24 19 3 4 24 139
24 20 3 5 19 139
24 21 3 1 21 139
24 22 3 5 22 139
24 25 3 5 11 139
24 26 3 3 2 139
24 27 3 1 20 139
24 28 3 1 7 139
24 29 3 4 18 139
24 30 3 1 19 139
24 31 3 4 11 139
24 33 3 4 13 139
24 34 3 6 5 139
24 35 3 1 19 139
24 36 3 2 19 139
24 38 3 3 18 139
24 39 3 6 18 139
24 41 3 5 10 139
24 43 3 1 1 139
24 44 3 5 9 139
24 45 3 4 3 139
24 46 3 5 6 139
24 47 3 6 12 139
24 48 3 3 4 139
24 49 3 6 9 139
25 2 5 2 6 130
25 3 5 1 12 130
25 4 5 4 6 130
25 5 5 3 24 130
25 6 5 2 6 130
25 7 5 5 16 130
25 8 5 4 16 130
25 9 5 5 3 130
25 10 5 2 25 130
25 11 5 5 6 130
25 12 5 6 23 130
25 13 5 5 16 130
25 14 5 2 11 130
25 15 5 1 19 130
25 16 5 6 24 130
25 17 5 5 16 130
25 18 5 6 6 130
25 19 5 4 1 130
25 20 5 5 15 130
25 21 5 1 14 130
25 22 5 5 18 130
25 23 5 6 7 130
25 24 5 3 11 130
25 26 5 3 22 130
25 27 5 1 7 130
25 28 5 1 10 130
25 30 5 1 12 130
25 31 5 4 20 130
25 32 5 3 9 130
25 36 5 2 9 130
25 37 5 3 18 130
25 38 5 3 13 130
25 39 5 6 17 130
25 40 5 1 21 130
25 41 5 5 6 130
25 42 5 1 13 130
25 44 5 5 18 130
25 45 5 4 13 130
25 46 5 5 9 130
25 48 5 3 9 130
25 49 5 6 2 130
26 0 3 2 17 90
26 1 3 6 9 90
26 2 3 2 8 90
26 3 3 1 12 90
26 4 3 4 1 90
26 6 3 2 3 90
26 7 3 5 14 90
26 8 3 4 1 90
26 9 3 5 6 90
26 11 3 5 22 90
26 13 3 5 17 90
26 14 3 2 8 90
26 15 3 1 19 90
26 16 3 6 16 90
26 17 3 5 18 90
26 18 3 6 2 90
26 19 3 4 1 90
26 20 3 5 23 90
26 21 3 1 10 90
26 22 3 5 24 90
26 24 3 3 2 90
26 25 3 5 22 90
26 27 3 1 10 90
26 28 3 1 8 90
26 29 3 4 17 90
26 30 3 1 20 90
26 31 3 4 9 90
26 32 3 3 5 90
26 33 3 4 17 90
26 34 3 6 22 90
26 35 3 1 4 90
26 36 3 2 14 90
26 37 3 3 1 90
26 38 3 3 19 90
26 40 3 1 15 90
26 41 3 5 2 90
26 42 3 1 19 90
26 43 3 1 8 90
26 44 3 5 4 90
26 45 3 4 9 90
26 46 3 5 22 90
26 47 3 6 2 90
26 48 3 3 5 90
26 49 3 6 16 90
27 0 1 2 14 540
27 1 1 6 19 540
27 2 1 2 17 540
27 3 1 1 25 540
27 4 1 4 14 540
27 5 1 3 6 540
27 6 1 2 23 540
27 8 1 4 14 540
27 10 1 2 15 540
27 11 1 5 21 540
27 12 1 6 14 540
27 13 1 5 24 540
27 14 1 2 17 540
27 16 1 6 2 540
27 18 1 6 4 540
27 19 1 4 19 540
27 20 1 5 17 540
27 21 1 1 24 540
27 22 1 5 24 540
27 23 1 6 6 540
27 24 1 3 20 540
27 25 1 5 7 540
27 26 1 3 10 540
27 28 1 1 24 540
27 29 1 4 9 540
27 32 1 3 9 540
27 33 1 4 1 540
27 34 1 6 20 540
27 35 1 1 9 540
27 36 1 2 20 540
27 37 1 3 9 540
27 38 1 3 11 540
27 39 1 6 18 540
27 40 1 1 19 540
27 41 1 5 1 540
27 42 1 1 3 540
27 44 1 5 1 540
27 45 1 4 20 540
27 46 1 5 5 540
27 47 1 6 8 540
27 48 1 3 6 540
27 49 1 6 24 540
28 0 1 2 11 447
28 2 1 2 22 447
28 3 1 1 21 447
28 4 1 4 1 447
28 5 1 3 17 447
28 6 1 2 7 447
28 8 1 4 16 447
28 10 1 2 24 447
28 11 1 5 12 447
28 12 1 6 24 447
28 13 1 5 17 447
28 14 1 2 14 447
28 15 1 1 8 447
28 16 1 6 4 447
28 17 1 5 24 447
28 18 1 6 12 447
28 19 1 4 23 447
28 20 1 5 18 447
28 21 1 1 22 447
28 22 1 5 22 447
28 23 1 6 15 447
28 24 1 3 7 447
28 25 1 5 10 447
28 26 1 3 8 447
28 27 1 1 24 447
28 29 1 4 13 447
28 30 1 1 11 447
28 31 1 4 24 447
28 32 1 3 19 447
28 33 1 4 8 447
28 34 1 6 9 447
28 35 1 1 18 447
28 36 1 2 7 447
28 37 1 3 6 447
28 38 1 3 24 447
28 39 1 6 14 447
28 40 1 1 4 447
28 41 1 5 24 447
28 42 1 1 1 447
28 43 1 1 23 447
28 44 1 5 18 447
28 45 1 4 16 447
28 46 1 5 18 447
28 47 1 6 16 447
28 48 1 3 18 447
28 49 1 6 12 447
29 0 4 2 18 676
29 1 4 6 4 676
29 2 4 2 9 676
29 3 4 1 18 676
29 4 4 4 15 676
29 5 4 3 7 676
29 6 4 2 20 676
29 7 4 5 14 676
29 8 4 4 12 676
29 9 4 5 7 676
29 10 4 2 9 676
29 11 4 5 12 676
29 12 4 6 11 676
29 13 4 5 4 676
29 14 4 2 1 676
29 15 4 1 8 676
29 17 4 5 15 676
29 18 4 6 8 676
29 19 4 4 11 676
29 20 4 5 6 676
29 21 4 1 24 676
29 22 4 5 24 676
29 23 4 6 4 676
29 24 4 3 18 676
29 26 4 3 17 676
29 27 4 1 9 676
29 28 4 1 13 676
29 31 4 4 7 676
29 32 4 3 9 676
29 33 4 4 8 676
29 34 4 6 13 676
29 35 4 1 19 676
29 36 4 2 1 676
29 37 4 3 20 676
29 38 4 3 2 676
29 39 4 6 19 676
29 40 4 1 13 676
29 41 4 5 6 676
29 42 4 1 19 676
29 43 4 1 20 676
29 44 4 5 14 676
29 45 4 4 15 676
29 46 4 5 1 676
29 47 4 6 22 676
29 48 4 3 22 676
29 49 4 6 14 676
30 0 1 2 1 511
30 1 1 6 17 511
30 3 1 1 12 511
30 4 1 4 25 511
30 5 1 3 25 511
30 6 1 2 13 511
30 7 1 5 17 511
30 8 1 4 6 511
30 9 1 5 22 511
30 10 1 2 17 511
30 11 1 5 16 511
30 12 1 6 15 511
30 14 1 2 17 511
30 15 1 1 12 511
30 16 1 6 11 511
30 17 1 5 11 511
30 18 1 6 13 511
30 20 1 5 3 511
30 21 1 1 1 511
30 22 1 5 24 511
30 23 1 6 24 511
30 24 1 3 19 511
30 25 1 5 12 511
30 26 1 3 20 511
30 28 1 1 11 511
30 31 1 4 25 511
30 32 1 3 2 511
30 33 1 4 16 511
30 34 1 6 4 511
30 35 1 1 3 511
30 36 1 2 20 511
30 37 1 3 21 511
30 38 1 3 10 511
30 40 1 1 21 511
30 42 1 1 13 511
30 44 1 5 5 511
30 45 1 4 18 511
30 47 1 6 21 511
30 48 1 3 5 511
30 49 1 6 2 511
31 0 4 2 12 768
31 1 4 6 13 768
31 3 4 1 11 768
31 4 4 4 19 768
31 5 4 3 2 768
31 6 4 2 3 768
31 7 4 5 19 768
31 8 4 4 13 768
31 10 4 2 14 768
31 11 4 5 20 768
31 12 4 6 23 768
31 13 4 5 20 768
31 14 4 2 13 768
31 15 4 1 21 768
31 16 4 6 22 768
31 17 4 5 18 768
31 18 4 6 23 768
31 19 4 4 17 768
31 20 4 5 12 768
31 22 4 5 12 768
31 23 4 6 5 768
31 24 4 3 11 768
31 25 4 5 20 768
31 26 4 3 9 768
31 28 4 1 24 768
31 29 4 4 7 768
31 30 4 1 25 768
31 32 4 3 4 768
31 33 4 4 22 768
31 34 4 6 10 768
31 36 4 2 22 768
31 37 4 3 10 768
31 39 4 6 15 768
31 40 4 1 9 768
31 41 4 5 19 768
31 42 4 1 1 768
31 43 4 1 8 768
31 44 4 5 18 768
31 45 4 4 15 768
31 46 4 5 3 768
31 47 4 6 5 768
31 48 4 3 20 768
31 49 4 6 16 768
32 0 3 2 3 148
32 1 3 6 7 148
32 2 3 2 3 148
32 3 3 1 18 148
32 4 3 4 16 148
32 5 3 3 24 148
32 6 3 2 7 148
32 7 3 5 3 148
32 8 3 4 17 148
32 9 3 5 14 148
32 10 3 2 12 148
32 11 3 5 24 148
32 12 3 6 19 148
32 13 3 5 18 148
32 14 3 2 15 148
32 15 3 1 16 148
32 16 3 6 9 148
32 18 3 6 17 148
32 19 3 4 21 148
32 20 3 5 21 148
32 21 3 1 8 148
32 22 3 5 9 148
32 23 3 6 18 148
32 25 3 5 9 148
32 26 3 3 5 148
32 27 3 1 9 148
32 28 3 1 19 148
32 29 3 4 9 148
32 30 3 1 2 148
32 31 3 4 4 148
32 33 3 4 4 148
32 34 3 6 23 148
32 35 3 1 15 148
32 36 3 2 5 148
32 37 3 3 7 148
32 38 3 3 2 148
32 39 3 6 10 148
32 40 3 1 5 148
32 41 3 5 21 148
32 42 3 1 18 148
32 43 3 1 22 148
32 44 3 5 5 148
32 45 3 4 25 148
32 46 3 5 23 148
32 47 3 6 21 148
32 48 3 3 19 148
32 49 3 6 21 148
33 0 4 2 21 154
33 1 4 6 14 154
33 3 4 1 21 154
33 4 4 4 19 154
33 5 4 3 4 154
33 6 4 2 17 154
33 7 4 5 12 154
33 8 4 4 13 154
33 9 4 5 20 154
33 10 4 2 15 154
33 11 4 5 22 154
33 12 4 6 11 154
33 13 4 5 25 154
33 14 4 2 6 154
33 15 4 1 4 154
33 16 4 6 17 154
33 17 4 5 18 154
33 18 4 6 4 154
33 19 4 4 20 154
33 20 4 5 7 154
33 21 4 1 16 154
33 22 4 5 14 154
33 23 4 6 1 154
33 24 4 3 13 154
33 26 4 3 17 154
33 27 4 1 1 154
33 28 4 1 8 154
33 29 4 4 8 154
33 30 4 1 16 154
33 31 4 4 22 154
33 32 4 3 4 154
33 34 4 6 12 154
33 35 4 1 10 154
33 36 4 2 24 154
33 37 4 3 3 154
33 38 4 3 3 154
33 39 4 6 23 154
33 40 4 1 10 154
33 41 4 5 17 154
33 42 4 1 15 154
33 43 4 1 8 154
33 44 4 5 20 154
33 46 4 5 24 154
33 47 4 6 23 154
33 48 4 3 11 154
33 49 4 6 8 154
34 2 6 2 10 342
34 3 6 1 14 342
34 4 6 4 25 342
34 5 6 3 7 342
34 6 6 2 6 342
34 8 6 4 13 342
34 9 6 5 7 342
34 10 6 2 6 342
34 11 6 5 8 342
34 12 6 6 21 342
34 13 6 5 13 342
34 15 6 1 15 342
34 16 6 6 15 342
34 18 6 6 24 342
34 20 6 5 20 342
34 21 6 1 15 342
34 22 6 5 9 342
34 23 6 6 17 342
34 24 6 3 5 342
34 26 6 3 22 342
34 27 6 1 20 342
34 28 6 1 9 342
34 29 6 4 13 342
34 30 6 1 4 342
34 31 6 4 10 342
34 32 6 3 23 342
34 33 6 4 12 342
34 35 6 1 16 342
34 36 6 2 25 342
34 37 6 3 25 342
34 38 6 3 18 342
34 39 6 6 25 342
34 40 6 1 25 342
34 41 6 5 8 342
34 42 6 1 19 342
34 43 6 1 8 342
34 44 6 5 20 342
34 45 6 4 5 342
34 46 6 5 7 342
34 47 6 6 12 342
34 48 6 3 6 342
34 49 6 6 12 342
35 0 1 2 3 717
35 1 1 6 12 717
35 2 1 2 14 717
35 3 1 1 3 717
35 4 1 4 24 717
35 5 1 3 16 717
35 6 1 2 11 717
35 7 1 5 7 717
35 8 1 4 17 717
35 9 1 5 15 717
35 10 1 2 25 717
35 11 1 5 16 717
35 12 1 6 11 717
35 13 1 5 11 717
35 14 1 2 11 717
35 15 1 1 1 717
35 16 1 6 1 717
35 17 1 5 2 717
35 18 1 6 24 717
35 19 1 4 16 717
35 20 1 5 5 717
35 21 1 1 16 717
35 22 1 5 16 717
35 23 1 6 22 717
35 24 1 3 19 717
35 26 1 3 4 717
35 27 1 1 9 717
35 28 1 1 18 717
35 29 1 4 19 717
35 30 1 1 3 717
35 32 1 3 15 717
35 33 1 4 10 717
35 34 1 6 16 717
35 36 1 2 3 717
35 37 1 3 20 717
35 38 1 3 4 717
35 40 1 1 6 717
35 41 1 5 9 717
35 42 1 1 15 717
35 43 1 1 6 717
35 44 1 5 3 717
35 45 1 4 16 717
35 46 1 5 16 717
35 47 1 6 21 717
35 48 1 3 3 717
36 0 2 2 20 909
36 1 2 6 3 909
36 2 2 2 9 909
36 3 2 1 12 909
36 4 2 4 17 909
36 5 2 3 25 909
36 6 2 2 16 909
36 7 2 5 13 909
36 8 2 4 3 909
36 9 2 5 16 909
36 10 2 2 5 909
36 11 2 5 17 909
36 12 2 6 18 909
36 13 2 5 24 909
36 14 2 2 18 909
36 16 2 6 10 909
36 18 2 6 12 909
36 19 2 4 23 909
36 20 2 5 25 909
36 21 2 1 10 909
36 22 2 5 11 909
36 23 2 6 11 909
36 24 2 3 19 909
36 25 2 5 9 909
36 26 2 3 14 909
36 27 2 1 20 909
36 28 2 1 7 909
36 29 2 4 1 909
36 30 2 1 20 909
36 31 2 4 22 909
36 32 2 3 5 909
36 33 2 4 24 909
36 34 2 6 25 909
36 35 2 1 3 909
36 37 2 3 7 909
36 38 2 3 16 909
36 39 2 6 5 909
36 40 2 1 15 909
36 41 2 5 24 909
36 43 2 1 2 909
36 44 2 5 5 909
36 45 2 4 5 909
36 46 2 5 6 909
36 47 2 6 21 909
36 48 2 3 18 909
36 49 2 6 2 909
37 0 3 2 2 385
37 1 3 6 16 385
37 2 3 2 14 385
37 3 3 1 12 385
37 4 3 4 3 385
37 5 3 3 1 385
37 6 3 2 9 385
37 7 3 5 19 385
37 8 3 4 21 385
37 9 3 5 8 385
37 10 3 2 18 385
37 11 3 5 12 385
37 12 3 6 22 385
37 13 3 5 1 385
37 14 3 2 17 385
37 16 3 6 2 385
37 18 3 6 4 385
37 19 3 4 6 385
37 20 3 5 23 385
37 21 3 1 21 385
37 22 3 5 4 385
37 23 3 6 17 385
37 25 3 5 18 385
37 26 3 3 1 385
37 27 3 1 9 385
37 28 3 1 6 385
37 29 3 4 20 385
37 30 3 1 21 385
37 31 3 4 10 385
37 32 3 3 7 385
37 33 3 4 3 385
37 34 3 6 25 385
37 35 3 1 20 385
37 36 3 2 7 385
37 38 3 3 6 385
37 39 3 6 15 385
37 40 3 1 23 385
37 41 3 5 19 385
37 43 3 1 21 385
37 44 3 5 7 385
37 45 3 4 2 385
37 46 3 5 2 385
37 47 3 6 6 385
37 48 3 3 12 385
37 49 3 6 21 385
38 0 3 2 7 152
38 1 3 6 17 152
38 2 3 2 1 152
38 3 3 1 9 152
38 4 3 4 14 152
38 6 3 2 9 152
38 7 3 5 22 152
38 8 3 4 4 152
38 9 3 5 4 152
38 10 3 2 4 152
38 11 3 5 12 152
38 12 3 6 1 152
38 13 3 5 22 152
38 14 3 2 4 152
38 16 3 6 7 152
38 17 3 5 4 152
38 18 3 6 9 152
38 19 3 4 20 152
38 20 3 5 24 152
38 21 3 1 25 152
38 22 3 5 5 152
38 23 3 6 23 152
38 24 3 3 18 152
38 25 3 5 13 152
38 26 3 3 19 152
38 27 3 1 11 152
38 28 3 1 24 152
38 29 3 4 2 152
38 30 3 1 10 152
38 32 3 3 2 152
38 33 3 4 3 152
38 34 3 6 18 152
38 35 3 1 4 152
38 36 3 2 16 152
38 37 3 3 6 152
38 39 3 6 15 152
38 40 3 1 13 152
38 41 3 5 22 152
38 42 3 1 4 152
38 43 3 1 13 152
38 44 3 5 8 152
38 45 3 4 18 152
38 46 3 5 18 152
38 47 3 6 11 152
38 49 3 6 9 152
39 0 6 2 13 912
39 1 6 6 25 912
39 2 6 2 10 912
39 3 6 1 19 912
39 4 6 4 22 912
39 5 6 3 23 912
39 6 6 2 23 912
39 8 6 4 23 912
39 9 6 5 15 912
39 10 6 2 13 912
39 11 6 5 21 912
39 13 6 5 18 912
39 14 6 2 20 912
39 15 6 1 19 912
39 16 6 6 20 912
39 17 6 5 19 912
39 18 6 6 4 912
39 19 6 4 4 912
39 20 6 5 12 912
39 21 6 1 10 912
39 22 6 5 21 912
39 23 6 6 19 912
39 24 6 3 18 912
39 25 6 5 17 912
39 27 6 1 18 912
39 28 6 1 14 912
39 29 6 4 19 912
39 31 6 4 15 912
39 32 6 3 10 912
39 33 6 4 23 912
39 34 6 6 25 912
39 36 6 2 5 912
39 37 6 3 15 912
39 38 6 3 15 912
39 40 6 1 1 912
39 41 6 5 1 912
39 42 6 1 24 912
39 43 6 1 23 912
39 45 6 4 12 912
39 46 6 5 11 912
39 47 6 6 20 912
39 49 6 6 3 912
40 0 1 2 16 74
40 1 1 6 22 74
40 2 1 2 23 74
40 3 1 1 13 74
40 4 1 4 8 74
40 5 1 3 20 74
40 6 1 2 9 74
40 7 1 5 2 74
40 8 1 4 2 74
40 9 1 5 25 74
40 11 1 5 17 74
40 12 1 6 25 74
40 13 1 5 5 74
40 14 1 2 13 74
40 15 1 1 4 74
40 17 1 5 14 74
40 18 1 6 3 74
40 19 1 4 2 74
40 20 1 5 13 74
40 21 1 1 7 74
40 22 1 5 2 74
40 23 1 6 12 74
40 25 1 5 21 74
40 26 1 3 15 74
40 27 1 1 19 74
40 28 1 1 4 74
40 29 1 4 13 74
40 30 1 1 21 74
40 31 1 4 9 74
40 32 1 3 5 74
40 33 1 4 10 74
40 34 1 6 25 74
40 35 1 1 6 74
40 36 1 2 15 74
40 37 1 3 23 74
40 38 1 3 13 74
40 39 1 6 1 74
40 41 1 5 1 74
40 42 1 1 20 74
40 45 1 4 15 74
40 46 1 5 25 74
40 47 1 6 4 74
40 48 1 3 13 74
40 49 1 6 7 74
41 0 5 2 23 467
41 1 5 6 4 467
41 2 5 2 6 467
41 4 5 4 18 467
41 5 5 3 2 467
41 6 5 2 25 467
41 7 5 5 1 467
41 8 5 4 9 467
41 9 5 5 22 467
41 10 5 2 3 467
41 11 5 5 16 467
41 13 5 5 2 467
41 14 5 2 15 467
41 15 5 1 5 467
41 16 5 6 18 467
41 17 5 5 21 467
41 18 5 6 6 467
41 19 5 4 17 467
41 20 5 5 11 467
41 22 5 5 1 467
41 23 5 6 13 467
41 24 5 3 10 467
41 25 5 5 6 467
41 26 5 3 2 467
41 27 5 1 1 467
41 28 5 1 24 467
41 29 5 4 6 467
41 31 5 4 19 467
41 32 5 3 21 467
41 33 5 4 17 467
41 34 5 6 8 467
41 35 5 1 9 467
41 36 5 2 24 467
41 37 5 3 19 467
41 38 5 3 22 467
41 39 5 6 1 467
41 40 5 1 1 467
41 42 5 1 22 467
41 43 5 1 13 467
41 44 5 5 20 467
41 45 5 4 1 467
41 46 5 5 23 467
41 47 5 6 7 467
41 48 5 3 20 467
41 49 5 6 1 467
42 0 1 2 16 468
42 3 1 1 24 468
42 4 1 4 16 468
42 5 1 3 7 468
42 6 1 2 11 468
42 7 1 5 17 468
42 9 1 5 5 468
42 10 1 2 19 468
42 11 1 5 7 468
42 12 1 6 12 468
42 14 1 2 8 468
42 15 1 1 24 468
42 16 1 6 9 468
42 17 1 5 25 468
42 18 1 6 10 468
42 19 1 4 5 468
42 20 1 5 15 468
42 21 1 1 18 468
42 22 1 5 23 468
42 23 1 6 11 468
42 25 1 5 13 468
42 26 1 3 19 468
42 27 1 1 3 468
42 28 1 1 1 468
42 29 1 4 19 468
42 30 1 1 13 468
42 31 1 4 1 468
42 32 1 3 18 468
42 33 1 4 15 468
42 34 1 6 19 468
42 35 1 1 15 468
42 38 1 3 4 468
42 39 1 6 24 468
42 40 1 1 20 468
42 41 1 5 22 468
42 43 1 1 24 468
42 44 1 5 23 468
42 45 1 4 4 468
42 46 1 5 16 468
42 47 1 6 2 468
42 48 1 3 5 468
42 49 1 6 5 468
43 0 1 2 3 512
43 1 1 6 15 512
43 2 1 2 13 512
43 3 1 1 23 512
43 4 1 4 14 512
43 7 1 5 24 512
43 8 1 4 24 512
43 9 1 5 25 512
43 10 1 2 11 512
43 11 1 5 7 512
43 12 1 6 17 512
43 13 1 5 17 512
43 14 1 2 7 512
43 15 1 1 19 512
43 16 1 6 18 512
43 17 1 5 8 512
43 18 1 6 18 512
43 19 1 4 19 512
43 20 1 5 18 512
43 22 1 5 11 512
43 23 1 6 9 512
43 24 1 3 1 512
43 26 1 3 8 512
43 28 1 1 23 512
43 29 1 4 20 512
43 31 1 4 8 512
43 32 1 3 22 512
43 33 1 4 8 512
43 34 1 6 8 512
43 35 1 1 6 512
43 36 1 2 2 512
43 37 1 3 21 512
43 38 1 3 13 512
43 39 1 6 23 512
43 41 1 5 13 512
43 42 1 1 24 512
43 44 1 5 15 512
43 45 1 4 13 512
43 46 1 5 11 512
43 47 1 6 8 512
43 48 1 3 23 512
43 49 1 6 3 512
44 0 5 2 12 241
44 2 5 2 24 241
44 3 5 1 7 241
44 4 5 4 21 241
44 5 5 3 3 241
44 6 5 2 15 241
44 7 5 5 22 241
44 8 5 4 3 241
44 9 5 5 24 241
44 10 5 2 5 241
44 11 5 5 1 241
44 12 5 6 2 241
44 13 5 5 7 241
44 14 5 2 15 241
44 15 5 1 16 241
44 16 5 6 1 241
44 17 5 5 15 241
44 18 5 6 16 241
44 19 5 4 1 241
44 20 5 5 12 241
44 21 5 1 6 241
44 22 5 5 18 241
44 24 5 3 9 241
44 25 5 5 18 241
44 26 5 3 4 241
44 27 5 1 1 241
44 28 5 1 18 241
44 29 5 4 14 241
44 30 5 1 5 241
44 31 5 4 18 241
44 32 5 3 5 241
44 33 5 4 20 241
44 34 5 6 20 241
44 35 5 1 3 241
44 36 5 2 5 241
44 37 5 3 7 241
44 38 5 3 8 241
44 41 5 5 20 241
44 42 5 1 23 241
44 43 5 1 15 241
44 45 5 4 25 241
44 46 5 5 3 241
44 47 5 6 10 241
44 48 5 3 7 241
44 49 5 6 19 241
45 0 4 2 2 646
45 1 4 6 8 646
45 2 4 2 1 646
45 3 4 1 15 646
45 5 4 3 18 646
45 6 4 2 1 646
45 7 4 5 1 646
45 9 4 5 20 646
45 10 4 2 23 646
45 11 4 5 15 646
45 12 4 6 13 646
45 13 4 5 19 646
45 14 4 2 10 646
45 15 4 1 9 646
45 16 4 6 15 646
45 17 4 5 12 646
45 18 4 6 16 646
45 19 4 4 8 646
45 20 4 5 18 646
45 21 4 1 24 646
45 22 4 5 20 646
45 24 4 3 3 646
45 25 4 5 13 646
45 26 4 3 9 646
45 27 4 1 20 646
45 28 4 1 16 646
45 29 4 4 15 646
45 30 4 1 18 646
45 31 4 4 15 646
45 32 4 3 25 646
45 34 4 6 5 646
45 35 4 1 16 646
45 36 4 2 5 646
45 37 4 3 2 646
45 38 4 3 18 646
45 39 4 6 12 646
45 40 4 1 15 646
45 41 4 5 1 646
45 42 4 1 4 646
45 43 4 1 13 646
45 44 4 5 25 646
45 46 4 5 19 646
45 47 4 6 12 646
45 48 4 3 1 646
45 49 4 6 21 646
46 0 5 2 13 960
46 1 5 6 21 960
46 2 5 2 8 960
46 3 5 1 22 960
46 4 5 4 15 960
46 5 5 3 5 960
46 6 5 2 5 960
46 7 5 5 23 960
46 8 5 4 19 960
46 9 5 5 5 960
46 10 5 2 1 960
46 11 5 5 4 960
46 12 5 6 22 960
46 13 5 5 22 960
46 15 5 1 7 960
46 16 5 6 24 960
46 17 5 5 2 960
46 18 5 6 19 960
46 19 5 4 5 960
46 20 5 5 15 960
46 21 5 1 14 960
46 22 5 5 15 960
46 23 5 6 18 960
46 24 5 3 6 960
46 25 5 5 9 960
46 26 5 3 22 960
46 27 5 1 5 960
46 28 5 1 18 960
46 29 5 4 1 960
46 31 5 4 3 960
46 32 5 3 23 960
46 33 5 4 24 960
46 34 5 6 7 960
46 35 5 1 16 960
46 36 5 2 6 960
46 37 5 3 2 960
46 38 5 3 18 960
46 39 5 6 11 960
46 40 5 1 25 960
46 41 5 5 23 960
46 42 5 1 16 960
46 43 5 1 11 960
46 44 5 5 3 960
46 45 5 4 19 960
46 47 5 6 12 960
46 48 5 3 21 960
46 49 5 6 17 960
47 1 6 6 17 158
47 2 6 2 8 158
47 3 6 1 8 158
47 4 6 4 10 158
47 5 6 3 12 158
47 6 6 2 19 158
47 7 6 5 8 158
47 8 6 4 13 158
47 9 6 5 11 158
47 10 6 2 5 158
47 11 6 5 21 158
47 12 6 6 12 158
47 13 6 5 17 158
47 14 6 2 7 158
47 15 6 1 19 158
47 16 6 6 23 158
47 17 6 5 10 158
47 18 6 6 18 158
47 19 6 4 21 158
47 20 6 5 13 158
47 21 6 1 18 158
47 22 6 5 13 158
47 23 6 6 6 158
47 24 6 3 12 158
47 26 6 3 2 158
47 27 6 1 8 158
47 28 6 1 16 158
47 29 6 4 22 158
47 30 6 1 21 158
47 31 6 4 5 158
47 32 6 3 21 158
47 33 6 4 23 158
47 34 6 6 12 158
47 35 6 1 21 158
47 36 6 2 21 158
47 37 6 3 6 158
47 38 6 3 11 158
47 39 6 6 20 158
47 40 6 1 4 158
47 41 6 5 7 158
47 42 6 1 2 158
47 43 6 1 8 158
47 44 6 5 10 158
47 45 6 4 12 158
47 46 6 5 12 158
47 48 6 3 21 158
47 49 6 6 9 158
48 0 3 2 12 398
48 1 3 6 24 398
48 2 3 2 24 398
48 4 3 4 5 398
48 5 3 3 19 398
48 6 3 2 1 398
48 7 3 5 7 398
48 8 3 4 23 398
48 9 3 5 11 398
48 10 3 2 18 398
48 11 3 5 3 398
48 12 3 6 22 398
48 13 3 5 19 398
48 14 3 2 24 398
48 15 3 1 7 398
48 16 3 6 17 398
48 17 3 5 19 398
48 18 3 6 22 398
48 19 3 4 13 398
48 20 3 5 9 398
48 21 3 1 20 398
48 22 3 5 24 398
48 24 3 3 4 398
48 25 3 5 9 398
48 26 3 3 5 398
48 27 3 1 6 398
48 28 3 1 18 398
48 29 3 4 22 398
48 30 3 1 5 398
48 31 3 4 20 398
48 32 3 3 19 398
48 33 3 4 11 398
48 34 3 6 6 398
48 35 3 1 3 398
48 36 3 2 18 398
48 37 3 3 12 398
48 40 3 1 13 398
48 41 3 5 20 398
48 42 3 1 5 398
48 43 3 1 23 398
48 44 3 5 7 398
48 45 3 4 1 398
48 46 3 5 21 398
48 47 3 6 21 398
48 49 3 6 4 398
49 0 6 2 13 257
49 1 6 6 12 257
49 2 6 2 18 257
49 3 6 1 22 257
49 4 6 4 19 257
49 5 6 3 21 257
49 6 6 2 21 257
49 7 6 5 4 257
49 9 6 5 19 257
49 10 6 2 7 257
49 11 6 5 21 257
49 12 6 6 17 257
49 13 6 5 5 257
49 14 6 2 2 257
49 16 6 6 16 257
49 17 6 5 22 257
49 18 6 6 22 257
49 19 6 4 22 257
49 22 6 5 18 257
49 23 6 6 14 257
49 24 6 3 9 257
49 25 6 5 2 257
49 26 6 3 16 257
49 27 6 1 24 257
49 28 6 1 12 257
49 29 6 4 14 257
49 30 6 1 2 257
49 31 6 4 16 257
49 32 6 3 21 257
49 33 6 4 8 257
49 34 6 6 12 257
49 36 6 2 2 257
49 37 6 3 21 257
49 38 6 3 9 257
49 39 6 6 3 257
49 40 6 1 7 257
49 41 6 5 1 257
49 42 6 1 5 257
49 43 6 1 3 257
49 44 6 5 19 257
49 45 6 4 21 257
49 46 6 5 17 257
49 47 6 6 9 257
49 48 6 3 4 257
