capacity  cost_by_node
nb_functions 10
27 46 12 24 85 83 77 90 38 40 100 56 24 15 76 43 47 24 18 47 24 95 95 50 26 84 79 83 83 11 51 77 96 10 66 98 43 100 17 98 97 57 27 24 45 58 56 73 90 69 22 
21 32 64 82 87 54 62 30 60 13 50 17 72 53 45 12 39 36 58 19 44 51 71 79 13 17 92 22 12 42 36 69 22 17 57 21 51 98 46 85 13 37 92 43 14 98 17 14 73 88 13 
37 36 93 63 41 14 98 16 72 63 77 86 68 30 31 42 38 11 46 28 23 81 22 86 17 95 74 60 59 68 34 56 87 82 33 39 24 14 87 70 64 14 35 65 90 59 30 33 13 13 60 
39 60 61 88 70 91 96 63 71 83 67 26 18 31 85 85 77 86 37 50 67 73 17 34 90 24 91 65 19 76 17 86 35 51 28 46 28 80 53 80 98 99 59 81 96 58 65 97 12 59 90 
42 39 67 80 59 59 85 10 93 54 67 81 48 29 92 31 66 17 76 31 17 52 71 65 86 66 72 95 17 68 60 77 54 13 35 45 49 81 100 66 87 23 74 22 73 41 80 55 99 61 28 
26 34 59 56 80 36 24 99 81 73 26 30 72 56 88 63 42 38 30 55 55 90 67 80 10 88 41 40 13 31 69 72 94 77 18 39 83 40 52 39 23 97 46 23 88 54 80 60 75 79 33 
36 46 38 82 88 45 15 30 73 44 70 76 79 59 52 63 59 86 92 46 36 14 92 67 75 30 52 72 83 27 32 43 27 31 85 74 43 54 88 78 28 98 71 75 75 92 14 65 91 33 89 
30 18 56 89 81 60 36 46 90 16 47 74 94 47 18 64 45 58 45 76 56 81 71 71 93 46 17 32 49 88 22 39 49 70 77 49 27 42 60 41 75 67 76 77 45 18 34 15 87 20 76 
41 20 68 30 69 48 79 61 91 52 54 43 24 95 89 69 94 99 91 82 44 89 49 86 24 87 45 51 52 79 87 43 57 23 21 91 43 46 33 60 74 23 67 37 74 24 64 60 43 57 29 
34 10 25 21 70 16 12 85 56 51 71 58 51 62 44 12 67 61 47 25 62 78 18 57 70 11 54 53 48 53 70 46 23 36 72 31 56 21 41 79 100 73 17 93 12 19 14 43 76 13 15 
