Node_1 Node_2 Capacity_node1 Capacity_node2 Latency_arc node_cost
nb_nodes 50
nb_arcs 2238
0 1 8 6 25 654
0 2 8 6 6 654
0 3 8 3 17 654
0 4 8 7 9 654
0 5 8 5 20 654
0 6 8 4 10 654
0 7 8 3 1 654
0 8 8 3 13 654
0 9 8 3 12 654
0 10 8 2 21 654
0 11 8 4 17 654
0 12 8 3 20 654
0 13 8 5 4 654
0 14 8 1 23 654
0 15 8 2 6 654
0 16 8 3 8 654
0 17 8 7 20 654
0 18 8 6 10 654
0 19 8 2 24 654
0 20 8 6 15 654
0 21 8 1 20 654
0 22 8 5 9 654
0 23 8 6 22 654
0 24 8 2 13 654
0 25 8 6 22 654
0 26 8 5 17 654
0 27 8 4 5 654
0 28 8 2 16 654
0 29 8 2 2 654
0 30 8 3 24 654
0 32 8 7 22 654
0 33 8 6 6 654
0 34 8 3 6 654
0 35 8 7 21 654
0 36 8 5 6 654
0 37 8 5 16 654
0 38 8 7 10 654
0 39 8 2 9 654
0 40 8 1 24 654
0 41 8 8 9 654
0 42 8 8 8 654
0 43 8 7 11 654
0 44 8 3 4 654
0 45 8 6 7 654
0 46 8 6 16 654
0 47 8 7 1 654
0 49 8 8 5 654
1 0 6 8 25 871
1 2 6 6 12 871
1 3 6 3 9 871
1 4 6 7 7 871
1 5 6 5 8 871
1 6 6 4 11 871
1 7 6 3 25 871
1 9 6 3 4 871
1 10 6 2 15 871
1 11 6 4 2 871
1 12 6 3 14 871
1 13 6 5 13 871
1 14 6 1 7 871
1 16 6 3 6 871
1 17 6 7 24 871
1 18 6 6 24 871
1 19 6 2 1 871
1 20 6 6 9 871
1 21 6 1 7 871
1 22 6 5 15 871
1 23 6 6 13 871
1 24 6 2 22 871
1 25 6 6 16 871
1 26 6 5 3 871
1 27 6 4 12 871
1 28 6 2 7 871
1 29 6 2 24 871
1 30 6 3 13 871
1 31 6 4 1 871
1 32 6 7 3 871
1 34 6 3 21 871
1 35 6 7 5 871
1 36 6 5 13 871
1 37 6 5 14 871
1 38 6 7 18 871
1 39 6 2 20 871
1 40 6 1 5 871
1 41 6 8 17 871
1 42 6 8 8 871
1 43 6 7 23 871
1 44 6 3 14 871
1 45 6 6 14 871
1 46 6 6 10 871
1 47 6 7 12 871
1 48 6 2 19 871
1 49 6 8 4 871
2 0 6 8 6 765
2 1 6 6 12 765
2 4 6 7 24 765
2 5 6 5 17 765
2 7 6 3 21 765
2 8 6 3 6 765
2 9 6 3 14 765
2 10 6 2 25 765
2 11 6 4 15 765
2 12 6 3 1 765
2 13 6 5 2 765
2 14 6 1 4 765
2 16 6 3 22 765
2 17 6 7 8 765
2 18 6 6 24 765
2 19 6 2 5 765
2 20 6 6 6 765
2 21 6 1 22 765
2 22 6 5 5 765
2 23 6 6 18 765
2 25 6 6 17 765
2 26 6 5 7 765
2 27 6 4 13 765
2 28 6 2 24 765
2 29 6 2 11 765
2 30 6 3 16 765
2 31 6 4 5 765
2 32 6 7 12 765
2 33 6 6 23 765
2 34 6 3 19 765
2 36 6 5 8 765
2 37 6 5 19 765
2 38 6 7 14 765
2 39 6 2 6 765
2 40 6 1 20 765
2 41 6 8 25 765
2 42 6 8 1 765
2 43 6 7 5 765
2 44 6 3 21 765
2 45 6 6 4 765
2 46 6 6 9 765
2 47 6 7 12 765
2 48 6 2 14 765
2 49 6 8 9 765
3 0 3 8 17 407
3 1 3 6 9 407
3 4 3 7 11 407
3 5 3 5 11 407
3 6 3 4 19 407
3 7 3 3 8 407
3 8 3 3 13 407
3 9 3 3 16 407
3 10 3 2 19 407
3 11 3 4 2 407
3 12 3 3 14 407
3 13 3 5 25 407
3 14 3 1 10 407
3 15 3 2 6 407
3 16 3 3 2 407
3 17 3 7 20 407
3 18 3 6 8 407
3 19 3 2 14 407
3 20 3 6 17 407
3 21 3 1 24 407
3 22 3 5 16 407
3 23 3 6 23 407
3 24 3 2 2 407
3 25 3 6 7 407
3 27 3 4 16 407
3 28 3 2 16 407
3 29 3 2 10 407
3 30 3 3 3 407
3 31 3 4 16 407
3 32 3 7 12 407
3 33 3 6 24 407
3 34 3 3 9 407
3 35 3 7 2 407
3 37 3 5 18 407
3 38 3 7 15 407
3 39 3 2 21 407
3 40 3 1 9 407
3 41 3 8 12 407
3 42 3 8 22 407
3 43 3 7 23 407
3 44 3 3 3 407
3 45 3 6 5 407
3 46 3 6 18 407
3 47 3 7 16 407
3 49 3 8 17 407
4 0 7 8 9 704
4 1 7 6 7 704
4 2 7 6 24 704
4 3 7 3 11 704
4 5 7 5 5 704
4 6 7 4 3 704
4 7 7 3 18 704
4 8 7 3 20 704
4 9 7 3 2 704
4 10 7 2 1 704
4 11 7 4 14 704
4 12 7 3 2 704
4 13 7 5 7 704
4 14 7 1 25 704
4 16 7 3 9 704
4 17 7 7 10 704
4 18 7 6 20 704
4 19 7 2 19 704
4 20 7 6 1 704
4 21 7 1 21 704
4 22 7 5 5 704
4 23 7 6 17 704
4 24 7 2 10 704
4 25 7 6 25 704
4 26 7 5 23 704
4 27 7 4 25 704
4 28 7 2 23 704
4 29 7 2 10 704
4 31 7 4 9 704
4 32 7 7 9 704
4 33 7 6 21 704
4 34 7 3 24 704
4 35 7 7 1 704
4 37 7 5 18 704
4 38 7 7 4 704
4 39 7 2 23 704
4 41 7 8 22 704
4 42 7 8 7 704
4 43 7 7 22 704
4 44 7 3 15 704
4 45 7 6 8 704
4 46 7 6 7 704
4 47 7 7 16 704
4 48 7 2 6 704
4 49 7 8 19 704
5 0 5 8 20 552
5 1 5 6 8 552
5 2 5 6 17 552
5 3 5 3 11 552
5 4 5 7 5 552
5 6 5 4 25 552
5 7 5 3 17 552
5 9 5 3 11 552
5 10 5 2 9 552
5 11 5 4 10 552
5 12 5 3 2 552
5 13 5 5 19 552
5 14 5 1 3 552
5 15 5 2 9 552
5 16 5 3 22 552
5 17 5 7 4 552
5 18 5 6 10 552
5 19 5 2 10 552
5 20 5 6 6 552
5 21 5 1 23 552
5 22 5 5 14 552
5 24 5 2 24 552
5 25 5 6 7 552
5 27 5 4 16 552
5 28 5 2 22 552
5 29 5 2 16 552
5 30 5 3 10 552
5 31 5 4 9 552
5 32 5 7 8 552
5 33 5 6 2 552
5 34 5 3 11 552
5 35 5 7 1 552
5 36 5 5 1 552
5 37 5 5 1 552
5 38 5 7 3 552
5 39 5 2 7 552
5 40 5 1 8 552
5 41 5 8 22 552
5 42 5 8 7 552
5 43 5 7 8 552
5 44 5 3 20 552
5 45 5 6 23 552
5 46 5 6 10 552
5 47 5 7 15 552
5 48 5 2 24 552
5 49 5 8 11 552
6 0 4 8 10 525
6 1 4 6 11 525
6 3 4 3 19 525
6 4 4 7 3 525
6 5 4 5 25 525
6 7 4 3 17 525
6 8 4 3 22 525
6 9 4 3 19 525
6 10 4 2 20 525
6 11 4 4 15 525
6 12 4 3 6 525
6 13 4 5 25 525
6 14 4 1 8 525
6 15 4 2 17 525
6 16 4 3 15 525
6 17 4 7 22 525
6 18 4 6 3 525
6 19 4 2 13 525
6 20 4 6 24 525
6 22 4 5 13 525
6 23 4 6 13 525
6 24 4 2 6 525
6 25 4 6 14 525
6 27 4 4 15 525
6 28 4 2 20 525
6 29 4 2 18 525
6 31 4 4 10 525
6 32 4 7 9 525
6 33 4 6 18 525
6 34 4 3 20 525
6 35 4 7 18 525
6 36 4 5 8 525
6 37 4 5 21 525
6 38 4 7 7 525
6 39 4 2 11 525
6 40 4 1 4 525
6 41 4 8 18 525
6 42 4 8 14 525
6 43 4 7 14 525
6 44 4 3 23 525
6 46 4 6 12 525
6 47 4 7 1 525
6 48 4 2 5 525
6 49 4 8 3 525
7 0 3 8 1 602
7 1 3 6 25 602
7 2 3 6 21 602
7 3 3 3 8 602
7 4 3 7 18 602
7 5 3 5 17 602
7 6 3 4 17 602
7 8 3 3 10 602
7 9 3 3 12 602
7 10 3 2 14 602
7 11 3 4 5 602
7 12 3 3 7 602
7 13 3 5 20 602
7 14 3 1 2 602
7 15 3 2 8 602
7 16 3 3 24 602
7 17 3 7 10 602
7 18 3 6 9 602
7 19 3 2 21 602
7 20 3 6 17 602
7 21 3 1 19 602
7 23 3 6 8 602
7 24 3 2 3 602
7 25 3 6 8 602
7 28 3 2 10 602
7 29 3 2 17 602
7 30 3 3 22 602
7 31 3 4 15 602
7 32 3 7 17 602
7 33 3 6 3 602
7 34 3 3 5 602
7 35 3 7 14 602
7 36 3 5 17 602
7 37 3 5 5 602
7 38 3 7 9 602
7 39 3 2 7 602
7 40 3 1 9 602
7 41 3 8 19 602
7 42 3 8 3 602
7 43 3 7 1 602
7 44 3 3 11 602
7 45 3 6 24 602
7 46 3 6 24 602
7 47 3 7 12 602
7 48 3 2 20 602
8 0 3 8 13 277
8 2 3 6 6 277
8 3 3 3 13 277
8 4 3 7 20 277
8 6 3 4 22 277
8 7 3 3 10 277
8 10 3 2 6 277
8 11 3 4 18 277
8 12 3 3 14 277
8 13 3 5 10 277
8 14 3 1 8 277
8 15 3 2 11 277
8 16 3 3 13 277
8 17 3 7 20 277
8 18 3 6 9 277
8 19 3 2 1 277
8 20 3 6 24 277
8 21 3 1 10 277
8 22 3 5 9 277
8 23 3 6 2 277
8 24 3 2 8 277
8 26 3 5 11 277
8 27 3 4 19 277
8 28 3 2 7 277
8 29 3 2 18 277
8 30 3 3 16 277
8 31 3 4 2 277
8 32 3 7 7 277
8 33 3 6 22 277
8 35 3 7 1 277
8 36 3 5 6 277
8 37 3 5 16 277
8 39 3 2 17 277
8 40 3 1 24 277
8 41 3 8 18 277
8 43 3 7 8 277
8 44 3 3 8 277
8 45 3 6 7 277
8 46 3 6 14 277
8 47 3 7 14 277
8 48 3 2 21 277
8 49 3 8 21 277
9 0 3 8 12 131
9 1 3 6 4 131
9 2 3 6 14 131
9 3 3 3 16 131
9 4 3 7 2 131
9 5 3 5 11 131
9 6 3 4 19 131
9 7 3 3 12 131
9 10 3 2 23 131
9 11 3 4 17 131
9 12 3 3 1 131
9 13 3 5 14 131
9 14 3 1 20 131
9 15 3 2 19 131
9 16 3 3 23 131
9 17 3 7 2 131
9 18 3 6 17 131
9 19 3 2 10 131
9 20 3 6 18 131
9 21 3 1 1 131
9 22 3 5 9 131
9 24 3 2 25 131
9 25 3 6 24 131
9 26 3 5 21 131
9 27 3 4 25 131
9 28 3 2 24 131
9 29 3 2 11 131
9 30 3 3 21 131
9 31 3 4 24 131
9 32 3 7 5 131
9 33 3 6 3 131
9 34 3 3 11 131
9 35 3 7 2 131
9 36 3 5 25 131
9 37 3 5 5 131
9 38 3 7 9 131
9 39 3 2 5 131
9 40 3 1 1 131
9 42 3 8 1 131
9 43 3 7 7 131
9 44 3 3 15 131
9 45 3 6 6 131
9 46 3 6 4 131
9 47 3 7 3 131
9 48 3 2 18 131
9 49 3 8 1 131
10 0 2 8 21 102
10 1 2 6 15 102
10 2 2 6 25 102
10 3 2 3 19 102
10 4 2 7 1 102
10 5 2 5 9 102
10 6 2 4 20 102
10 7 2 3 14 102
10 8 2 3 6 102
10 9 2 3 23 102
10 11 2 4 22 102
10 12 2 3 17 102
10 13 2 5 19 102
10 14 2 1 25 102
10 15 2 2 6 102
10 16 2 3 14 102
10 17 2 7 17 102
10 18 2 6 4 102
10 19 2 2 12 102
10 20 2 6 22 102
10 21 2 1 13 102
10 22 2 5 15 102
10 23 2 6 15 102
10 24 2 2 22 102
10 25 2 6 9 102
10 26 2 5 4 102
10 27 2 4 9 102
10 30 2 3 11 102
10 31 2 4 22 102
10 32 2 7 1 102
10 33 2 6 22 102
10 34 2 3 4 102
10 35 2 7 2 102
10 36 2 5 20 102
10 37 2 5 11 102
10 38 2 7 3 102
10 39 2 2 2 102
10 40 2 1 4 102
10 41 2 8 19 102
10 42 2 8 16 102
10 43 2 7 1 102
10 44 2 3 12 102
10 46 2 6 22 102
10 47 2 7 17 102
10 48 2 2 18 102
10 49 2 8 25 102
11 0 4 8 17 556
11 1 4 6 2 556
11 2 4 6 15 556
11 3 4 3 2 556
11 4 4 7 14 556
11 5 4 5 10 556
11 6 4 4 15 556
11 7 4 3 5 556
11 8 4 3 18 556
11 9 4 3 17 556
11 10 4 2 22 556
11 12 4 3 1 556
11 13 4 5 25 556
11 14 4 1 18 556
11 15 4 2 4 556
11 16 4 3 23 556
11 18 4 6 5 556
11 19 4 2 3 556
11 20 4 6 18 556
11 21 4 1 2 556
11 22 4 5 13 556
11 23 4 6 20 556
11 24 4 2 16 556
11 25 4 6 22 556
11 26 4 5 10 556
11 28 4 2 12 556
11 29 4 2 19 556
11 30 4 3 20 556
11 31 4 4 25 556
11 32 4 7 25 556
11 33 4 6 24 556
11 34 4 3 8 556
11 35 4 7 22 556
11 36 4 5 15 556
11 37 4 5 11 556
11 38 4 7 3 556
11 39 4 2 19 556
11 40 4 1 21 556
11 41 4 8 8 556
11 42 4 8 8 556
11 43 4 7 3 556
11 44 4 3 13 556
11 45 4 6 21 556
11 46 4 6 22 556
11 47 4 7 9 556
11 49 4 8 11 556
12 0 3 8 20 715
12 1 3 6 14 715
12 2 3 6 1 715
12 3 3 3 14 715
12 4 3 7 2 715
12 5 3 5 2 715
12 6 3 4 6 715
12 7 3 3 7 715
12 8 3 3 14 715
12 9 3 3 1 715
12 10 3 2 17 715
12 11 3 4 1 715
12 13 3 5 12 715
12 14 3 1 17 715
12 15 3 2 22 715
12 16 3 3 15 715
12 17 3 7 5 715
12 18 3 6 1 715
12 19 3 2 8 715
12 20 3 6 5 715
12 21 3 1 20 715
12 22 3 5 18 715
12 23 3 6 2 715
12 24 3 2 3 715
12 26 3 5 25 715
12 27 3 4 25 715
12 28 3 2 22 715
12 29 3 2 17 715
12 30 3 3 11 715
12 31 3 4 24 715
12 32 3 7 8 715
12 33 3 6 12 715
12 34 3 3 21 715
12 35 3 7 17 715
12 37 3 5 17 715
12 38 3 7 20 715
12 39 3 2 2 715
12 40 3 1 9 715
12 41 3 8 8 715
12 42 3 8 4 715
12 43 3 7 9 715
12 44 3 3 21 715
12 46 3 6 4 715
12 47 3 7 9 715
12 48 3 2 7 715
12 49 3 8 17 715
13 0 5 8 4 644
13 1 5 6 13 644
13 2 5 6 2 644
13 3 5 3 25 644
13 4 5 7 7 644
13 5 5 5 19 644
13 6 5 4 25 644
13 7 5 3 20 644
13 8 5 3 10 644
13 9 5 3 14 644
13 10 5 2 19 644
13 11 5 4 25 644
13 12 5 3 12 644
13 14 5 1 6 644
13 15 5 2 16 644
13 16 5 3 14 644
13 17 5 7 13 644
13 18 5 6 2 644
13 19 5 2 11 644
13 20 5 6 23 644
13 21 5 1 5 644
13 22 5 5 19 644
13 23 5 6 8 644
13 24 5 2 10 644
13 25 5 6 16 644
13 26 5 5 9 644
13 27 5 4 6 644
13 29 5 2 10 644
13 31 5 4 15 644
13 32 5 7 9 644
13 33 5 6 22 644
13 34 5 3 4 644
13 35 5 7 5 644
13 37 5 5 20 644
13 38 5 7 4 644
13 39 5 2 17 644
13 40 5 1 24 644
13 41 5 8 14 644
13 42 5 8 14 644
13 44 5 3 20 644
13 46 5 6 6 644
13 47 5 7 18 644
13 48 5 2 11 644
13 49 5 8 7 644
14 0 1 8 23 107
14 1 1 6 7 107
14 2 1 6 4 107
14 3 1 3 10 107
14 4 1 7 25 107
14 5 1 5 3 107
14 6 1 4 8 107
14 7 1 3 2 107
14 8 1 3 8 107
14 9 1 3 20 107
14 10 1 2 25 107
14 11 1 4 18 107
14 12 1 3 17 107
14 13 1 5 6 107
14 15 1 2 11 107
14 16 1 3 12 107
14 17 1 7 1 107
14 19 1 2 17 107
14 20 1 6 25 107
14 21 1 1 7 107
14 22 1 5 14 107
14 23 1 6 8 107
14 24 1 2 6 107
14 25 1 6 7 107
14 26 1 5 2 107
14 27 1 4 11 107
14 28 1 2 9 107
14 29 1 2 22 107
14 30 1 3 25 107
14 31 1 4 2 107
14 32 1 7 18 107
14 33 1 6 25 107
14 34 1 3 12 107
14 35 1 7 4 107
14 36 1 5 16 107
14 37 1 5 12 107
14 38 1 7 13 107
14 39 1 2 2 107
14 40 1 1 19 107
14 41 1 8 21 107
14 42 1 8 17 107
14 43 1 7 6 107
14 44 1 3 7 107
14 46 1 6 13 107
14 47 1 7 17 107
14 48 1 2 3 107
14 49 1 8 11 107
15 0 2 8 6 839
15 3 2 3 6 839
15 5 2 5 9 839
15 6 2 4 17 839
15 7 2 3 8 839
15 8 2 3 11 839
15 9 2 3 19 839
15 10 2 2 6 839
15 11 2 4 4 839
15 12 2 3 22 839
15 13 2 5 16 839
15 14 2 1 11 839
15 16 2 3 7 839
15 17 2 7 10 839
15 18 2 6 15 839
15 19 2 2 18 839
15 20 2 6 12 839
15 22 2 5 3 839
15 23 2 6 18 839
15 24 2 2 10 839
15 25 2 6 19 839
15 26 2 5 9 839
15 27 2 4 3 839
15 29 2 2 24 839
15 31 2 4 11 839
15 32 2 7 17 839
15 33 2 6 2 839
15 34 2 3 19 839
15 36 2 5 11 839
15 37 2 5 2 839
15 38 2 7 12 839
15 40 2 1 8 839
15 42 2 8 24 839
15 43 2 7 25 839
15 44 2 3 9 839
15 46 2 6 25 839
15 47 2 7 24 839
15 48 2 2 23 839
15 49 2 8 11 839
16 0 3 8 8 856
16 1 3 6 6 856
16 2 3 6 22 856
16 3 3 3 2 856
16 4 3 7 9 856
16 5 3 5 22 856
16 6 3 4 15 856
16 7 3 3 24 856
16 8 3 3 13 856
16 9 3 3 23 856
16 10 3 2 14 856
16 11 3 4 23 856
16 12 3 3 15 856
16 13 3 5 14 856
16 14 3 1 12 856
16 15 3 2 7 856
16 17 3 7 9 856
16 18 3 6 22 856
16 19 3 2 8 856
16 20 3 6 18 856
16 21 3 1 1 856
16 22 3 5 4 856
16 24 3 2 25 856
16 25 3 6 20 856
16 26 3 5 13 856
16 27 3 4 14 856
16 28 3 2 21 856
16 29 3 2 5 856
16 30 3 3 19 856
16 32 3 7 16 856
16 33 3 6 7 856
16 35 3 7 5 856
16 36 3 5 24 856
16 37 3 5 17 856
16 38 3 7 1 856
16 39 3 2 24 856
16 40 3 1 13 856
16 41 3 8 11 856
16 42 3 8 25 856
16 43 3 7 1 856
16 44 3 3 12 856
16 45 3 6 13 856
16 46 3 6 11 856
16 48 3 2 9 856
16 49 3 8 20 856
17 0 7 8 20 865
17 1 7 6 24 865
17 2 7 6 8 865
17 3 7 3 20 865
17 4 7 7 10 865
17 5 7 5 4 865
17 6 7 4 22 865
17 7 7 3 10 865
17 8 7 3 20 865
17 9 7 3 2 865
17 10 7 2 17 865
17 12 7 3 5 865
17 13 7 5 13 865
17 14 7 1 1 865
17 15 7 2 10 865
17 16 7 3 9 865
17 18 7 6 2 865
17 19 7 2 22 865
17 20 7 6 14 865
17 21 7 1 6 865
17 22 7 5 7 865
17 23 7 6 4 865
17 24 7 2 19 865
17 25 7 6 19 865
17 26 7 5 15 865
17 27 7 4 5 865
17 28 7 2 18 865
17 29 7 2 6 865
17 30 7 3 14 865
17 31 7 4 15 865
17 32 7 7 18 865
17 33 7 6 12 865
17 34 7 3 20 865
17 36 7 5 5 865
17 37 7 5 1 865
17 38 7 7 7 865
17 39 7 2 2 865
17 40 7 1 3 865
17 41 7 8 12 865
17 42 7 8 20 865
17 43 7 7 18 865
17 44 7 3 4 865
17 46 7 6 7 865
17 47 7 7 7 865
17 48 7 2 7 865
17 49 7 8 1 865
18 0 6 8 10 942
18 1 6 6 24 942
18 2 6 6 24 942
18 3 6 3 8 942
18 4 6 7 20 942
18 5 6 5 10 942
18 6 6 4 3 942
18 7 6 3 9 942
18 8 6 3 9 942
18 9 6 3 17 942
18 10 6 2 4 942
18 11 6 4 5 942
18 12 6 3 1 942
18 13 6 5 2 942
18 15 6 2 15 942
18 16 6 3 22 942
18 17 6 7 2 942
18 19 6 2 25 942
18 20 6 6 24 942
18 21 6 1 17 942
18 22 6 5 16 942
18 23 6 6 6 942
18 24 6 2 2 942
18 25 6 6 16 942
18 26 6 5 7 942
18 27 6 4 24 942
18 28 6 2 24 942
18 29 6 2 13 942
18 30 6 3 10 942
18 31 6 4 3 942
18 32 6 7 14 942
18 33 6 6 3 942
18 34 6 3 9 942
18 35 6 7 1 942
18 36 6 5 6 942
18 37 6 5 10 942
18 38 6 7 19 942
18 39 6 2 4 942
18 40 6 1 8 942
18 41 6 8 10 942
18 42 6 8 23 942
18 43 6 7 22 942
18 44 6 3 16 942
18 45 6 6 13 942
18 46 6 6 4 942
18 47 6 7 21 942
18 48 6 2 24 942
18 49 6 8 18 942
19 0 2 8 24 55
19 1 2 6 1 55
19 2 2 6 5 55
19 3 2 3 14 55
19 4 2 7 19 55
19 5 2 5 10 55
19 6 2 4 13 55
19 7 2 3 21 55
19 8 2 3 1 55
19 9 2 3 10 55
19 10 2 2 12 55
19 11 2 4 3 55
19 12 2 3 8 55
19 13 2 5 11 55
19 14 2 1 17 55
19 15 2 2 18 55
19 16 2 3 8 55
19 17 2 7 22 55
19 18 2 6 25 55
19 20 2 6 24 55
19 21 2 1 4 55
19 23 2 6 21 55
19 24 2 2 5 55
19 25 2 6 6 55
19 26 2 5 1 55
19 27 2 4 25 55
19 28 2 2 2 55
19 29 2 2 14 55
19 30 2 3 12 55
19 31 2 4 25 55
19 32 2 7 17 55
19 33 2 6 20 55
19 34 2 3 15 55
19 35 2 7 15 55
19 36 2 5 5 55
19 37 2 5 9 55
19 38 2 7 5 55
19 39 2 2 23 55
19 40 2 1 1 55
19 41 2 8 14 55
19 42 2 8 12 55
19 44 2 3 6 55
19 45 2 6 7 55
19 46 2 6 1 55
19 47 2 7 1 55
19 49 2 8 22 55
20 0 6 8 15 193
20 1 6 6 9 193
20 2 6 6 6 193
20 3 6 3 17 193
20 4 6 7 1 193
20 5 6 5 6 193
20 6 6 4 24 193
20 7 6 3 17 193
20 8 6 3 24 193
20 9 6 3 18 193
20 10 6 2 22 193
20 11 6 4 18 193
20 12 6 3 5 193
20 13 6 5 23 193
20 14 6 1 25 193
20 15 6 2 12 193
20 16 6 3 18 193
20 17 6 7 14 193
20 18 6 6 24 193
20 19 6 2 24 193
20 21 6 1 20 193
20 22 6 5 21 193
20 23 6 6 5 193
20 24 6 2 1 193
20 26 6 5 19 193
20 27 6 4 23 193
20 28 6 2 11 193
20 29 6 2 17 193
20 30 6 3 21 193
20 31 6 4 25 193
20 32 6 7 24 193
20 33 6 6 7 193
20 34 6 3 9 193
20 35 6 7 6 193
20 36 6 5 18 193
20 37 6 5 14 193
20 38 6 7 7 193
20 39 6 2 9 193
20 40 6 1 12 193
20 41 6 8 17 193
20 42 6 8 11 193
20 44 6 3 19 193
20 45 6 6 16 193
20 46 6 6 19 193
20 47 6 7 5 193
20 48 6 2 15 193
20 49 6 8 23 193
21 0 1 8 20 471
21 1 1 6 7 471
21 2 1 6 22 471
21 3 1 3 24 471
21 4 1 7 21 471
21 5 1 5 23 471
21 7 1 3 19 471
21 8 1 3 10 471
21 9 1 3 1 471
21 10 1 2 13 471
21 11 1 4 2 471
21 12 1 3 20 471
21 13 1 5 5 471
21 14 1 1 7 471
21 16 1 3 1 471
21 17 1 7 6 471
21 18 1 6 17 471
21 19 1 2 4 471
21 20 1 6 20 471
21 23 1 6 24 471
21 24 1 2 20 471
21 25 1 6 21 471
21 26 1 5 13 471
21 27 1 4 18 471
21 28 1 2 17 471
21 29 1 2 21 471
21 30 1 3 8 471
21 31 1 4 14 471
21 33 1 6 8 471
21 34 1 3 20 471
21 35 1 7 11 471
21 36 1 5 23 471
21 37 1 5 18 471
21 38 1 7 9 471
21 39 1 2 9 471
21 40 1 1 2 471
21 41 1 8 9 471
21 42 1 8 24 471
21 44 1 3 15 471
21 47 1 7 19 471
21 48 1 2 2 471
21 49 1 8 22 471
22 0 5 8 9 895
22 1 5 6 15 895
22 2 5 6 5 895
22 3 5 3 16 895
22 4 5 7 5 895
22 5 5 5 14 895
22 6 5 4 13 895
22 8 5 3 9 895
22 9 5 3 9 895
22 10 5 2 15 895
22 11 5 4 13 895
22 12 5 3 18 895
22 13 5 5 19 895
22 14 5 1 14 895
22 15 5 2 3 895
22 16 5 3 4 895
22 17 5 7 7 895
22 18 5 6 16 895
22 20 5 6 21 895
22 23 5 6 9 895
22 24 5 2 9 895
22 25 5 6 25 895
22 26 5 5 5 895
22 27 5 4 6 895
22 28 5 2 20 895
22 29 5 2 6 895
22 30 5 3 20 895
22 31 5 4 8 895
22 32 5 7 15 895
22 33 5 6 1 895
22 34 5 3 14 895
22 35 5 7 17 895
22 36 5 5 12 895
22 37 5 5 15 895
22 38 5 7 12 895
22 39 5 2 5 895
22 40 5 1 17 895
22 41 5 8 1 895
22 42 5 8 3 895
22 43 5 7 22 895
22 44 5 3 18 895
22 46 5 6 19 895
22 47 5 7 24 895
22 48 5 2 12 895
22 49 5 8 12 895
23 0 6 8 22 220
23 1 6 6 13 220
23 2 6 6 18 220
23 3 6 3 23 220
23 4 6 7 17 220
23 6 6 4 13 220
23 7 6 3 8 220
23 8 6 3 2 220
23 10 6 2 15 220
23 11 6 4 20 220
23 12 6 3 2 220
23 13 6 5 8 220
23 14 6 1 8 220
23 15 6 2 18 220
23 17 6 7 4 220
23 18 6 6 6 220
23 19 6 2 21 220
23 20 6 6 5 220
23 21 6 1 24 220
23 22 6 5 9 220
23 24 6 2 14 220
23 25 6 6 3 220
23 26 6 5 15 220
23 27 6 4 23 220
23 28 6 2 22 220
23 29 6 2 16 220
23 30 6 3 12 220
23 31 6 4 24 220
23 32 6 7 23 220
23 33 6 6 8 220
23 35 6 7 18 220
23 36 6 5 16 220
23 37 6 5 25 220
23 38 6 7 1 220
23 39 6 2 15 220
23 40 6 1 7 220
23 41 6 8 14 220
23 42 6 8 21 220
23 43 6 7 21 220
23 44 6 3 7 220
23 45 6 6 9 220
23 46 6 6 11 220
23 47 6 7 17 220
23 48 6 2 18 220
23 49 6 8 2 220
24 0 2 8 13 976
24 1 2 6 22 976
24 3 2 3 2 976
24 4 2 7 10 976
24 5 2 5 24 976
24 6 2 4 6 976
24 7 2 3 3 976
24 8 2 3 8 976
24 9 2 3 25 976
24 10 2 2 22 976
24 11 2 4 16 976
24 12 2 3 3 976
24 13 2 5 10 976
24 14 2 1 6 976
24 15 2 2 10 976
24 16 2 3 25 976
24 17 2 7 19 976
24 18 2 6 2 976
24 19 2 2 5 976
24 20 2 6 1 976
24 21 2 1 20 976
24 22 2 5 9 976
24 23 2 6 14 976
24 25 2 6 23 976
24 26 2 5 4 976
24 27 2 4 20 976
24 28 2 2 8 976
24 29 2 2 20 976
24 30 2 3 16 976
24 31 2 4 9 976
24 32 2 7 2 976
24 33 2 6 18 976
24 34 2 3 21 976
24 35 2 7 19 976
24 36 2 5 8 976
24 37 2 5 9 976
24 38 2 7 24 976
24 39 2 2 12 976
24 41 2 8 10 976
24 42 2 8 19 976
24 43 2 7 10 976
24 44 2 3 18 976
24 45 2 6 20 976
24 46 2 6 3 976
24 47 2 7 17 976
24 48 2 2 2 976
24 49 2 8 24 976
25 0 6 8 22 199
25 1 6 6 16 199
25 2 6 6 17 199
25 3 6 3 7 199
25 4 6 7 25 199
25 5 6 5 7 199
25 6 6 4 14 199
25 7 6 3 8 199
25 9 6 3 24 199
25 10 6 2 9 199
25 11 6 4 22 199
25 13 6 5 16 199
25 14 6 1 7 199
25 15 6 2 19 199
25 16 6 3 20 199
25 17 6 7 19 199
25 18 6 6 16 199
25 19 6 2 6 199
25 21 6 1 21 199
25 22 6 5 25 199
25 23 6 6 3 199
25 24 6 2 23 199
25 26 6 5 4 199
25 27 6 4 16 199
25 28 6 2 3 199
25 29 6 2 5 199
25 30 6 3 25 199
25 31 6 4 10 199
25 32 6 7 18 199
25 33 6 6 13 199
25 35 6 7 11 199
25 36 6 5 1 199
25 37 6 5 8 199
25 38 6 7 14 199
25 39 6 2 5 199
25 40 6 1 5 199
25 41 6 8 23 199
25 42 6 8 11 199
25 43 6 7 25 199
25 44 6 3 21 199
25 45 6 6 21 199
25 47 6 7 15 199
25 48 6 2 10 199
25 49 6 8 1 199
26 0 5 8 17 628
26 1 5 6 3 628
26 2 5 6 7 628
26 4 5 7 23 628
26 8 5 3 11 628
26 9 5 3 21 628
26 10 5 2 4 628
26 11 5 4 10 628
26 12 5 3 25 628
26 13 5 5 9 628
26 14 5 1 2 628
26 15 5 2 9 628
26 16 5 3 13 628
26 17 5 7 15 628
26 18 5 6 7 628
26 19 5 2 1 628
26 20 5 6 19 628
26 21 5 1 13 628
26 22 5 5 5 628
26 23 5 6 15 628
26 24 5 2 4 628
26 25 5 6 4 628
26 27 5 4 3 628
26 28 5 2 3 628
26 29 5 2 14 628
26 30 5 3 8 628
26 31 5 4 24 628
26 32 5 7 7 628
26 33 5 6 12 628
26 34 5 3 13 628
26 35 5 7 10 628
26 36 5 5 1 628
26 37 5 5 25 628
26 39 5 2 15 628
26 40 5 1 10 628
26 41 5 8 16 628
26 42 5 8 6 628
26 44 5 3 6 628
26 45 5 6 6 628
26 46 5 6 16 628
26 47 5 7 20 628
26 49 5 8 5 628
27 0 4 8 5 863
27 1 4 6 12 863
27 2 4 6 13 863
27 3 4 3 16 863
27 4 4 7 25 863
27 5 4 5 16 863
27 6 4 4 15 863
27 8 4 3 19 863
27 9 4 3 25 863
27 10 4 2 9 863
27 12 4 3 25 863
27 13 4 5 6 863
27 14 4 1 11 863
27 15 4 2 3 863
27 16 4 3 14 863
27 17 4 7 5 863
27 18 4 6 24 863
27 19 4 2 25 863
27 20 4 6 23 863
27 21 4 1 18 863
27 22 4 5 6 863
27 23 4 6 23 863
27 24 4 2 20 863
27 25 4 6 16 863
27 26 4 5 3 863
27 28 4 2 11 863
27 30 4 3 20 863
27 31 4 4 19 863
27 32 4 7 8 863
27 33 4 6 20 863
27 35 4 7 2 863
27 37 4 5 6 863
27 38 4 7 24 863
27 41 4 8 3 863
27 42 4 8 20 863
27 43 4 7 18 863
27 44 4 3 11 863
27 45 4 6 11 863
27 46 4 6 20 863
27 47 4 7 1 863
27 48 4 2 3 863
27 49 4 8 19 863
28 0 2 8 16 730
28 1 2 6 7 730
28 2 2 6 24 730
28 3 2 3 16 730
28 4 2 7 23 730
28 5 2 5 22 730
28 6 2 4 20 730
28 7 2 3 10 730
28 8 2 3 7 730
28 9 2 3 24 730
28 11 2 4 12 730
28 12 2 3 22 730
28 14 2 1 9 730
28 16 2 3 21 730
28 17 2 7 18 730
28 18 2 6 24 730
28 19 2 2 2 730
28 20 2 6 11 730
28 21 2 1 17 730
28 22 2 5 20 730
28 23 2 6 22 730
28 24 2 2 8 730
28 25 2 6 3 730
28 26 2 5 3 730
28 27 2 4 11 730
28 30 2 3 1 730
28 31 2 4 24 730
28 32 2 7 9 730
28 34 2 3 19 730
28 35 2 7 12 730
28 36 2 5 2 730
28 37 2 5 14 730
28 38 2 7 7 730
28 39 2 2 9 730
28 40 2 1 2 730
28 41 2 8 2 730
28 42 2 8 24 730
28 44 2 3 5 730
28 45 2 6 15 730
28 46 2 6 2 730
28 47 2 7 17 730
28 48 2 2 18 730
29 0 2 8 2 97
29 1 2 6 24 97
29 2 2 6 11 97
29 3 2 3 10 97
29 4 2 7 10 97
29 5 2 5 16 97
29 6 2 4 18 97
29 7 2 3 17 97
29 8 2 3 18 97
29 9 2 3 11 97
29 11 2 4 19 97
29 12 2 3 17 97
29 13 2 5 10 97
29 14 2 1 22 97
29 15 2 2 24 97
29 16 2 3 5 97
29 17 2 7 6 97
29 18 2 6 13 97
29 19 2 2 14 97
29 20 2 6 17 97
29 21 2 1 21 97
29 22 2 5 6 97
29 23 2 6 16 97
29 24 2 2 20 97
29 25 2 6 5 97
29 26 2 5 14 97
29 30 2 3 9 97
29 31 2 4 6 97
29 32 2 7 13 97
29 33 2 6 21 97
29 34 2 3 15 97
29 35 2 7 14 97
29 36 2 5 11 97
29 37 2 5 7 97
29 38 2 7 9 97
29 39 2 2 23 97
29 40 2 1 23 97
29 41 2 8 12 97
29 43 2 7 23 97
29 44 2 3 3 97
29 45 2 6 12 97
29 47 2 7 4 97
29 48 2 2 17 97
29 49 2 8 5 97
30 0 3 8 24 234
30 1 3 6 13 234
30 2 3 6 16 234
30 3 3 3 3 234
30 5 3 5 10 234
30 7 3 3 22 234
30 8 3 3 16 234
30 9 3 3 21 234
30 10 3 2 11 234
30 11 3 4 20 234
30 12 3 3 11 234
30 14 3 1 25 234
30 16 3 3 19 234
30 17 3 7 14 234
30 18 3 6 10 234
30 19 3 2 12 234
30 20 3 6 21 234
30 21 3 1 8 234
30 22 3 5 20 234
30 23 3 6 12 234
30 24 3 2 16 234
30 25 3 6 25 234
30 26 3 5 8 234
30 27 3 4 20 234
30 28 3 2 1 234
30 29 3 2 9 234
30 31 3 4 15 234
30 32 3 7 11 234
30 33 3 6 5 234
30 34 3 3 25 234
30 35 3 7 8 234
30 36 3 5 12 234
30 37 3 5 10 234
30 38 3 7 24 234
30 39 3 2 21 234
30 40 3 1 14 234
30 41 3 8 3 234
30 42 3 8 6 234
30 43 3 7 22 234
30 44 3 3 12 234
30 45 3 6 7 234
30 46 3 6 3 234
30 47 3 7 6 234
30 49 3 8 12 234
31 1 4 6 1 991
31 2 4 6 5 991
31 3 4 3 16 991
31 4 4 7 9 991
31 5 4 5 9 991
31 6 4 4 10 991
31 7 4 3 15 991
31 8 4 3 2 991
31 9 4 3 24 991
31 10 4 2 22 991
31 11 4 4 25 991
31 12 4 3 24 991
31 13 4 5 15 991
31 14 4 1 2 991
31 15 4 2 11 991
31 17 4 7 15 991
31 18 4 6 3 991
31 19 4 2 25 991
31 20 4 6 25 991
31 21 4 1 14 991
31 22 4 5 8 991
31 23 4 6 24 991
31 24 4 2 9 991
31 25 4 6 10 991
31 26 4 5 24 991
31 27 4 4 19 991
31 28 4 2 24 991
31 29 4 2 6 991
31 30 4 3 15 991
31 32 4 7 24 991
31 33 4 6 19 991
31 34 4 3 4 991
31 35 4 7 2 991
31 36 4 5 6 991
31 37 4 5 15 991
31 38 4 7 19 991
31 39 4 2 22 991
31 40 4 1 8 991
31 41 4 8 13 991
31 42 4 8 16 991
31 43 4 7 25 991
31 44 4 3 7 991
31 45 4 6 15 991
31 46 4 6 21 991
31 47 4 7 19 991
31 48 4 2 20 991
31 49 4 8 18 991
32 0 7 8 22 325
32 1 7 6 3 325
32 2 7 6 12 325
32 3 7 3 12 325
32 4 7 7 9 325
32 5 7 5 8 325
32 6 7 4 9 325
32 7 7 3 17 325
32 8 7 3 7 325
32 9 7 3 5 325
32 10 7 2 1 325
32 11 7 4 25 325
32 12 7 3 8 325
32 13 7 5 9 325
32 14 7 1 18 325
32 15 7 2 17 325
32 16 7 3 16 325
32 17 7 7 18 325
32 18 7 6 14 325
32 19 7 2 17 325
32 20 7 6 24 325
32 22 7 5 15 325
32 23 7 6 23 325
32 24 7 2 2 325
32 25 7 6 18 325
32 26 7 5 7 325
32 27 7 4 8 325
32 28 7 2 9 325
32 29 7 2 13 325
32 30 7 3 11 325
32 31 7 4 24 325
32 33 7 6 4 325
32 34 7 3 20 325
32 35 7 7 13 325
32 36 7 5 22 325
32 37 7 5 15 325
32 39 7 2 1 325
32 40 7 1 10 325
32 41 7 8 17 325
32 42 7 8 19 325
32 43 7 7 4 325
32 44 7 3 23 325
32 45 7 6 5 325
32 46 7 6 1 325
32 47 7 7 21 325
32 48 7 2 20 325
32 49 7 8 2 325
33 0 6 8 6 999
33 2 6 6 23 999
33 3 6 3 24 999
33 4 6 7 21 999
33 5 6 5 2 999
33 6 6 4 18 999
33 7 6 3 3 999
33 8 6 3 22 999
33 9 6 3 3 999
33 10 6 2 22 999
33 11 6 4 24 999
33 12 6 3 12 999
33 13 6 5 22 999
33 14 6 1 25 999
33 15 6 2 2 999
33 16 6 3 7 999
33 17 6 7 12 999
33 18 6 6 3 999
33 19 6 2 20 999
33 20 6 6 7 999
33 21 6 1 8 999
33 22 6 5 1 999
33 23 6 6 8 999
33 24 6 2 18 999
33 25 6 6 13 999
33 26 6 5 12 999
33 27 6 4 20 999
33 29 6 2 21 999
33 30 6 3 5 999
33 31 6 4 19 999
33 32 6 7 4 999
33 34 6 3 10 999
33 35 6 7 1 999
33 36 6 5 7 999
33 37 6 5 10 999
33 38 6 7 12 999
33 39 6 2 8 999
33 40 6 1 23 999
33 41 6 8 6 999
33 42 6 8 12 999
33 43 6 7 11 999
33 44 6 3 8 999
33 45 6 6 17 999
33 46 6 6 16 999
33 47 6 7 7 999
33 48 6 2 1 999
33 49 6 8 11 999
34 0 3 8 6 974
34 1 3 6 21 974
34 2 3 6 19 974
34 3 3 3 9 974
34 4 3 7 24 974
34 5 3 5 11 974
34 6 3 4 20 974
34 7 3 3 5 974
34 9 3 3 11 974
34 10 3 2 4 974
34 11 3 4 8 974
34 12 3 3 21 974
34 13 3 5 4 974
34 14 3 1 12 974
34 15 3 2 19 974
34 17 3 7 20 974
34 18 3 6 9 974
34 19 3 2 15 974
34 20 3 6 9 974
34 21 3 1 20 974
34 22 3 5 14 974
34 24 3 2 21 974
34 26 3 5 13 974
34 28 3 2 19 974
34 29 3 2 15 974
34 30 3 3 25 974
34 31 3 4 4 974
34 32 3 7 20 974
34 33 3 6 10 974
34 35 3 7 16 974
34 37 3 5 2 974
34 38 3 7 4 974
34 40 3 1 14 974
34 42 3 8 13 974
34 43 3 7 1 974
34 44 3 3 2 974
34 45 3 6 11 974
34 46 3 6 8 974
34 47 3 7 7 974
34 48 3 2 1 974
34 49 3 8 13 974
35 0 7 8 21 423
35 1 7 6 5 423
35 3 7 3 2 423
35 4 7 7 1 423
35 5 7 5 1 423
35 6 7 4 18 423
35 7 7 3 14 423
35 8 7 3 1 423
35 9 7 3 2 423
35 10 7 2 2 423
35 11 7 4 22 423
35 12 7 3 17 423
35 13 7 5 5 423
35 14 7 1 4 423
35 16 7 3 5 423
35 18 7 6 1 423
35 19 7 2 15 423
35 20 7 6 6 423
35 21 7 1 11 423
35 22 7 5 17 423
35 23 7 6 18 423
35 24 7 2 19 423
35 25 7 6 11 423
35 26 7 5 10 423
35 27 7 4 2 423
35 28 7 2 12 423
35 29 7 2 14 423
35 30 7 3 8 423
35 31 7 4 2 423
35 32 7 7 13 423
35 33 7 6 1 423
35 34 7 3 16 423
35 36 7 5 14 423
35 37 7 5 21 423
35 38 7 7 3 423
35 39 7 2 25 423
35 40 7 1 17 423
35 41 7 8 3 423
35 42 7 8 21 423
35 44 7 3 17 423
35 45 7 6 18 423
35 46 7 6 2 423
35 47 7 7 2 423
35 48 7 2 13 423
35 49 7 8 1 423
36 0 5 8 6 488
36 1 5 6 13 488
36 2 5 6 8 488
36 5 5 5 1 488
36 6 5 4 8 488
36 7 5 3 17 488
36 8 5 3 6 488
36 9 5 3 25 488
36 10 5 2 20 488
36 11 5 4 15 488
36 14 5 1 16 488
36 15 5 2 11 488
36 16 5 3 24 488
36 17 5 7 5 488
36 18 5 6 6 488
36 19 5 2 5 488
36 20 5 6 18 488
36 21 5 1 23 488
36 22 5 5 12 488
36 23 5 6 16 488
36 24 5 2 8 488
36 25 5 6 1 488
36 26 5 5 1 488
36 28 5 2 2 488
36 29 5 2 11 488
36 30 5 3 12 488
36 31 5 4 6 488
36 32 5 7 22 488
36 33 5 6 7 488
36 35 5 7 14 488
36 37 5 5 2 488
36 39 5 2 22 488
36 40 5 1 12 488
36 41 5 8 13 488
36 42 5 8 24 488
36 44 5 3 20 488
36 45 5 6 12 488
36 46 5 6 18 488
36 47 5 7 13 488
36 48 5 2 1 488
36 49 5 8 18 488
37 0 5 8 16 846
37 1 5 6 14 846
37 2 5 6 19 846
37 3 5 3 18 846
37 4 5 7 18 846
37 5 5 5 1 846
37 6 5 4 21 846
37 7 5 3 5 846
37 8 5 3 16 846
37 9 5 3 5 846
37 10 5 2 11 846
37 11 5 4 11 846
37 12 5 3 17 846
37 13 5 5 20 846
37 14 5 1 12 846
37 15 5 2 2 846
37 16 5 3 17 846
37 17 5 7 1 846
37 18 5 6 10 846
37 19 5 2 9 846
37 20 5 6 14 846
37 21 5 1 18 846
37 22 5 5 15 846
37 23 5 6 25 846
37 24 5 2 9 846
37 25 5 6 8 846
37 26 5 5 25 846
37 27 5 4 6 846
37 28 5 2 14 846
37 29 5 2 7 846
37 30 5 3 10 846
37 31 5 4 15 846
37 32 5 7 15 846
37 33 5 6 10 846
37 34 5 3 2 846
37 35 5 7 21 846
37 36 5 5 2 846
37 38 5 7 1 846
37 40 5 1 1 846
37 41 5 8 24 846
37 42 5 8 17 846
37 43 5 7 19 846
37 44 5 3 6 846
37 45 5 6 5 846
37 46 5 6 14 846
37 47 5 7 19 846
37 48 5 2 17 846
37 49 5 8 7 846
38 0 7 8 10 699
38 1 7 6 18 699
38 2 7 6 14 699
38 3 7 3 15 699
38 4 7 7 4 699
38 5 7 5 3 699
38 6 7 4 7 699
38 7 7 3 9 699
38 9 7 3 9 699
38 10 7 2 3 699
38 11 7 4 3 699
38 12 7 3 20 699
38 13 7 5 4 699
38 14 7 1 13 699
38 15 7 2 12 699
38 16 7 3 1 699
38 17 7 7 7 699
38 18 7 6 19 699
38 19 7 2 5 699
38 20 7 6 7 699
38 21 7 1 9 699
38 22 7 5 12 699
38 23 7 6 1 699
38 24 7 2 24 699
38 25 7 6 14 699
38 27 7 4 24 699
38 28 7 2 7 699
38 29 7 2 9 699
38 30 7 3 24 699
38 31 7 4 19 699
38 33 7 6 12 699
38 34 7 3 4 699
38 35 7 7 3 699
38 37 7 5 1 699
38 39 7 2 15 699
38 40 7 1 6 699
38 41 7 8 19 699
38 42 7 8 3 699
38 43 7 7 7 699
38 45 7 6 14 699
38 46 7 6 2 699
38 47 7 7 13 699
38 48 7 2 22 699
39 0 2 8 9 682
39 1 2 6 20 682
39 2 2 6 6 682
39 3 2 3 21 682
39 4 2 7 23 682
39 5 2 5 7 682
39 6 2 4 11 682
39 7 2 3 7 682
39 8 2 3 17 682
39 9 2 3 5 682
39 10 2 2 2 682
39 11 2 4 19 682
39 12 2 3 2 682
39 13 2 5 17 682
39 14 2 1 2 682
39 16 2 3 24 682
39 17 2 7 2 682
39 18 2 6 4 682
39 19 2 2 23 682
39 20 2 6 9 682
39 21 2 1 9 682
39 22 2 5 5 682
39 23 2 6 15 682
39 24 2 2 12 682
39 25 2 6 5 682
39 26 2 5 15 682
39 28 2 2 9 682
39 29 2 2 23 682
39 30 2 3 21 682
39 31 2 4 22 682
39 32 2 7 1 682
39 33 2 6 8 682
39 35 2 7 25 682
39 36 2 5 22 682
39 38 2 7 15 682
39 40 2 1 7 682
39 41 2 8 16 682
39 42 2 8 21 682
39 43 2 7 21 682
39 44 2 3 21 682
39 45 2 6 6 682
39 46 2 6 15 682
39 47 2 7 9 682
39 48 2 2 15 682
39 49 2 8 4 682
40 0 1 8 24 832
40 1 1 6 5 832
40 2 1 6 20 832
40 3 1 3 9 832
40 5 1 5 8 832
40 6 1 4 4 832
40 7 1 3 9 832
40 8 1 3 24 832
40 9 1 3 1 832
40 10 1 2 4 832
40 11 1 4 21 832
40 12 1 3 9 832
40 13 1 5 24 832
40 14 1 1 19 832
40 15 1 2 8 832
40 16 1 3 13 832
40 17 1 7 3 832
40 18 1 6 8 832
40 19 1 2 1 832
40 20 1 6 12 832
40 21 1 1 2 832
40 22 1 5 17 832
40 23 1 6 7 832
40 25 1 6 5 832
40 26 1 5 10 832
40 28 1 2 2 832
40 29 1 2 23 832
40 30 1 3 14 832
40 31 1 4 8 832
40 32 1 7 10 832
40 33 1 6 23 832
40 34 1 3 14 832
40 35 1 7 17 832
40 36 1 5 12 832
40 37 1 5 1 832
40 38 1 7 6 832
40 39 1 2 7 832
40 41 1 8 16 832
40 42 1 8 18 832
40 43 1 7 12 832
40 44 1 3 14 832
40 45 1 6 7 832
40 46 1 6 6 832
40 47 1 7 3 832
40 48 1 2 1 832
40 49 1 8 7 832
41 0 8 8 9 269
41 1 8 6 17 269
41 2 8 6 25 269
41 3 8 3 12 269
41 4 8 7 22 269
41 5 8 5 22 269
41 6 8 4 18 269
41 7 8 3 19 269
41 8 8 3 18 269
41 10 8 2 19 269
41 11 8 4 8 269
41 12 8 3 8 269
41 13 8 5 14 269
41 14 8 1 21 269
41 16 8 3 11 269
41 17 8 7 12 269
41 18 8 6 10 269
41 19 8 2 14 269
41 20 8 6 17 269
41 21 8 1 9 269
41 22 8 5 1 269
41 23 8 6 14 269
41 24 8 2 10 269
41 25 8 6 23 269
41 26 8 5 16 269
41 27 8 4 3 269
41 28 8 2 2 269
41 29 8 2 12 269
41 30 8 3 3 269
41 31 8 4 13 269
41 32 8 7 17 269
41 33 8 6 6 269
41 35 8 7 3 269
41 36 8 5 13 269
41 37 8 5 24 269
41 38 8 7 19 269
41 39 8 2 16 269
41 40 8 1 16 269
41 42 8 8 15 269
41 43 8 7 9 269
41 44 8 3 21 269
41 45 8 6 19 269
41 46 8 6 20 269
41 47 8 7 3 269
41 48 8 2 20 269
41 49 8 8 6 269
42 0 8 8 8 223
42 1 8 6 8 223
42 2 8 6 1 223
42 3 8 3 22 223
42 4 8 7 7 223
42 5 8 5 7 223
42 6 8 4 14 223
42 7 8 3 3 223
42 9 8 3 1 223
42 10 8 2 16 223
42 11 8 4 8 223
42 12 8 3 4 223
42 13 8 5 14 223
42 14 8 1 17 223
42 15 8 2 24 223
42 16 8 3 25 223
42 17 8 7 20 223
42 18 8 6 23 223
42 19 8 2 12 223
42 20 8 6 11 223
42 21 8 1 24 223
42 22 8 5 3 223
42 23 8 6 21 223
42 24 8 2 19 223
42 25 8 6 11 223
42 26 8 5 6 223
42 27 8 4 20 223
42 28 8 2 24 223
42 30 8 3 6 223
42 31 8 4 16 223
42 32 8 7 19 223
42 33 8 6 12 223
42 34 8 3 13 223
42 35 8 7 21 223
42 36 8 5 24 223
42 37 8 5 17 223
42 38 8 7 3 223
42 39 8 2 21 223
42 40 8 1 18 223
42 41 8 8 15 223
42 43 8 7 15 223
42 44 8 3 20 223
42 45 8 6 25 223
42 47 8 7 20 223
42 48 8 2 21 223
42 49 8 8 20 223
43 0 7 8 11 79
43 1 7 6 23 79
43 2 7 6 5 79
43 3 7 3 23 79
43 4 7 7 22 79
43 5 7 5 8 79
43 6 7 4 14 79
43 7 7 3 1 79
43 8 7 3 8 79
43 9 7 3 7 79
43 10 7 2 1 79
43 11 7 4 3 79
43 12 7 3 9 79
43 14 7 1 6 79
43 15 7 2 25 79
43 16 7 3 1 79
43 17 7 7 18 79
43 18 7 6 22 79
43 22 7 5 22 79
43 23 7 6 21 79
43 24 7 2 10 79
43 25 7 6 25 79
43 27 7 4 18 79
43 29 7 2 23 79
43 30 7 3 22 79
43 31 7 4 25 79
43 32 7 7 4 79
43 33 7 6 11 79
43 34 7 3 1 79
43 37 7 5 19 79
43 38 7 7 7 79
43 39 7 2 21 79
43 40 7 1 12 79
43 41 7 8 9 79
43 42 7 8 15 79
43 44 7 3 5 79
43 45 7 6 22 79
43 46 7 6 3 79
43 47 7 7 6 79
43 48 7 2 3 79
43 49 7 8 24 79
44 0 3 8 4 111
44 1 3 6 14 111
44 2 3 6 21 111
44 3 3 3 3 111
44 4 3 7 15 111
44 5 3 5 20 111
44 6 3 4 23 111
44 7 3 3 11 111
44 8 3 3 8 111
44 9 3 3 15 111
44 10 3 2 12 111
44 11 3 4 13 111
44 12 3 3 21 111
44 13 3 5 20 111
44 14 3 1 7 111
44 15 3 2 9 111
44 16 3 3 12 111
44 17 3 7 4 111
44 18 3 6 16 111
44 19 3 2 6 111
44 20 3 6 19 111
44 21 3 1 15 111
44 22 3 5 18 111
44 23 3 6 7 111
44 24 3 2 18 111
44 25 3 6 21 111
44 26 3 5 6 111
44 27 3 4 11 111
44 28 3 2 5 111
44 29 3 2 3 111
44 30 3 3 12 111
44 31 3 4 7 111
44 32 3 7 23 111
44 33 3 6 8 111
44 34 3 3 2 111
44 35 3 7 17 111
44 36 3 5 20 111
44 37 3 5 6 111
44 39 3 2 21 111
44 40 3 1 14 111
44 41 3 8 21 111
44 42 3 8 20 111
44 43 3 7 5 111
44 45 3 6 15 111
44 46 3 6 19 111
44 47 3 7 9 111
44 48 3 2 2 111
44 49 3 8 22 111
45 0 6 8 7 509
45 1 6 6 14 509
45 2 6 6 4 509
45 3 6 3 5 509
45 4 6 7 8 509
45 5 6 5 23 509
45 7 6 3 24 509
45 8 6 3 7 509
45 9 6 3 6 509
45 11 6 4 21 509
45 16 6 3 13 509
45 18 6 6 13 509
45 19 6 2 7 509
45 20 6 6 16 509
45 23 6 6 9 509
45 24 6 2 20 509
45 25 6 6 21 509
45 26 6 5 6 509
45 27 6 4 11 509
45 28 6 2 15 509
45 29 6 2 12 509
45 30 6 3 7 509
45 31 6 4 15 509
45 32 6 7 5 509
45 33 6 6 17 509
45 34 6 3 11 509
45 35 6 7 18 509
45 36 6 5 12 509
45 37 6 5 5 509
45 38 6 7 14 509
45 39 6 2 6 509
45 40 6 1 7 509
45 41 6 8 19 509
45 42 6 8 25 509
45 43 6 7 22 509
45 44 6 3 15 509
45 46 6 6 12 509
45 48 6 2 6 509
45 49 6 8 18 509
46 0 6 8 16 503
46 1 6 6 10 503
46 2 6 6 9 503
46 3 6 3 18 503
46 4 6 7 7 503
46 5 6 5 10 503
46 6 6 4 12 503
46 7 6 3 24 503
46 8 6 3 14 503
46 9 6 3 4 503
46 10 6 2 22 503
46 11 6 4 22 503
46 12 6 3 4 503
46 13 6 5 6 503
46 14 6 1 13 503
46 15 6 2 25 503
46 16 6 3 11 503
46 17 6 7 7 503
46 18 6 6 4 503
46 19 6 2 1 503
46 20 6 6 19 503
46 22 6 5 19 503
46 23 6 6 11 503
46 24 6 2 3 503
46 26 6 5 16 503
46 27 6 4 20 503
46 28 6 2 2 503
46 30 6 3 3 503
46 31 6 4 21 503
46 32 6 7 1 503
46 33 6 6 16 503
46 34 6 3 8 503
46 35 6 7 2 503
46 36 6 5 18 503
46 37 6 5 14 503
46 38 6 7 2 503
46 39 6 2 15 503
46 40 6 1 6 503
46 41 6 8 20 503
46 43 6 7 3 503
46 44 6 3 19 503
46 45 6 6 12 503
46 47 6 7 6 503
46 48 6 2 12 503
46 49 6 8 18 503
47 0 7 8 1 667
47 1 7 6 12 667
47 2 7 6 12 667
47 3 7 3 16 667
47 4 7 7 16 667
47 5 7 5 15 667
47 6 7 4 1 667
47 7 7 3 12 667
47 8 7 3 14 667
47 9 7 3 3 667
47 10 7 2 17 667
47 11 7 4 9 667
47 12 7 3 9 667
47 13 7 5 18 667
47 14 7 1 17 667
47 15 7 2 24 667
47 17 7 7 7 667
47 18 7 6 21 667
47 19 7 2 1 667
47 20 7 6 5 667
47 21 7 1 19 667
47 22 7 5 24 667
47 23 7 6 17 667
47 24 7 2 17 667
47 25 7 6 15 667
47 26 7 5 20 667
47 27 7 4 1 667
47 28 7 2 17 667
47 29 7 2 4 667
47 30 7 3 6 667
47 31 7 4 19 667
47 32 7 7 21 667
47 33 7 6 7 667
47 34 7 3 7 667
47 35 7 7 2 667
47 36 7 5 13 667
47 37 7 5 19 667
47 38 7 7 13 667
47 39 7 2 9 667
47 40 7 1 3 667
47 41 7 8 3 667
47 42 7 8 20 667
47 43 7 7 6 667
47 44 7 3 9 667
47 46 7 6 6 667
47 48 7 2 8 667
47 49 7 8 14 667
48 1 2 6 19 799
48 2 2 6 14 799
48 4 2 7 6 799
48 5 2 5 24 799
48 6 2 4 5 799
48 7 2 3 20 799
48 8 2 3 21 799
48 9 2 3 18 799
48 10 2 2 18 799
48 12 2 3 7 799
48 13 2 5 11 799
48 14 2 1 3 799
48 15 2 2 23 799
48 16 2 3 9 799
48 17 2 7 7 799
48 18 2 6 24 799
48 20 2 6 15 799
48 21 2 1 2 799
48 22 2 5 12 799
48 23 2 6 18 799
48 24 2 2 2 799
48 25 2 6 10 799
48 27 2 4 3 799
48 28 2 2 18 799
48 29 2 2 17 799
48 31 2 4 20 799
48 32 2 7 20 799
48 33 2 6 1 799
48 34 2 3 1 799
48 35 2 7 13 799
48 36 2 5 1 799
48 37 2 5 17 799
48 38 2 7 22 799
48 39 2 2 15 799
48 40 2 1 1 799
48 41 2 8 20 799
48 42 2 8 21 799
48 43 2 7 3 799
48 44 2 3 2 799
48 45 2 6 6 799
48 46 2 6 12 799
48 47 2 7 8 799
48 49 2 8 16 799
49 0 8 8 5 255
49 1 8 6 4 255
49 2 8 6 9 255
49 3 8 3 17 255
49 4 8 7 19 255
49 5 8 5 11 255
49 6 8 4 3 255
49 8 8 3 21 255
49 9 8 3 1 255
49 10 8 2 25 255
49 11 8 4 11 255
49 12 8 3 17 255
49 13 8 5 7 255
49 14 8 1 11 255
49 15 8 2 11 255
49 16 8 3 20 255
49 17 8 7 1 255
49 18 8 6 18 255
49 19 8 2 22 255
49 20 8 6 23 255
49 21 8 1 22 255
49 22 8 5 12 255
49 23 8 6 2 255
49 24 8 2 24 255
49 25 8 6 1 255
49 26 8 5 5 255
49 27 8 4 19 255
49 29 8 2 5 255
49 30 8 3 12 255
49 31 8 4 18 255
49 32 8 7 2 255
49 33 8 6 11 255
49 34 8 3 13 255
49 35 8 7 1 255
49 36 8 5 18 255
49 37 8 5 7 255
49 39 8 2 4 255
49 40 8 1 7 255
49 41 8 8 6 255
49 42 8 8 20 255
49 43 8 7 24 255
49 44 8 3 22 255
49 45 8 6 18 255
49 46 8 6 18 255
49 47 8 7 14 255
49 48 8 2 16 255
