capacity  cost_by_node
nb_functions 8
22 86 28 84 62 76 38 68 78 27 74 58 69 40 79 59 16 38 96 89 80 76 47 40 44 25 44 62 43 31 51 100 21 20 72 75 58 17 49 32 41 59 49 36 64 42 12 58 22 85 28 32 15 36 53 28 70 37 68 87 38 75 17 34 73 11 20 70 44 31 90 12 61 79 54 81 23 91 92 49 73 58 37 90 43 69 88 85 75 76 66 80 36 66 52 74 23 62 64 70 83 
14 47 90 92 97 10 75 97 99 93 61 48 49 70 83 96 75 46 96 70 15 32 34 37 80 71 87 57 98 19 12 37 14 82 36 51 93 50 57 34 58 77 17 20 13 80 55 53 82 20 64 53 88 95 50 50 72 74 91 32 90 59 30 87 14 78 48 18 63 64 63 36 54 22 50 52 72 29 76 81 31 95 25 63 81 57 74 26 92 92 32 33 62 55 40 40 34 56 52 75 72 
16 50 76 22 23 33 92 10 90 46 81 73 85 97 20 96 81 29 20 41 35 88 18 80 17 26 47 94 68 39 66 73 20 54 75 68 70 92 48 89 36 20 97 30 44 76 22 40 59 28 20 81 26 24 88 99 13 78 92 73 50 25 27 64 10 49 34 11 90 15 37 29 40 76 71 57 44 78 91 99 75 54 25 91 21 66 96 29 41 61 24 23 84 92 46 45 67 89 32 17 14 
21 50 81 33 81 74 26 65 25 76 47 49 80 15 40 52 91 93 100 85 12 19 59 62 43 43 41 68 68 75 56 80 72 40 93 42 45 69 23 33 83 64 76 34 95 36 75 42 65 22 70 77 66 45 28 64 61 19 54 66 98 39 98 74 81 26 40 30 85 82 35 42 19 16 19 93 62 90 58 68 21 50 59 56 51 25 80 80 15 96 74 56 62 79 51 43 76 14 10 75 97 
12 34 25 72 49 61 100 59 90 47 48 78 42 60 38 23 50 92 71 48 12 62 31 44 36 84 47 62 82 93 45 24 94 91 50 18 18 46 91 60 25 70 40 85 51 37 17 24 91 14 74 87 59 80 62 89 51 31 47 35 28 49 31 72 50 26 31 45 12 84 13 38 38 22 99 76 42 39 58 99 48 41 57 100 79 54 41 35 58 33 89 92 84 19 73 44 28 61 55 30 46 
23 31 88 66 46 76 93 41 57 98 98 38 28 18 43 63 87 96 93 89 72 37 36 41 94 98 51 30 16 86 49 81 11 20 61 27 67 31 22 63 61 95 25 35 66 12 50 95 78 21 23 65 33 20 68 29 85 46 73 70 16 11 72 38 93 50 57 39 69 35 28 61 76 15 10 58 87 95 70 13 20 27 31 86 43 14 78 32 74 72 67 12 90 61 17 87 83 24 16 71 47 
18 27 48 85 89 100 77 91 81 27 35 75 66 37 15 70 97 36 76 24 94 24 18 48 46 57 40 75 95 15 100 89 84 64 31 94 71 52 75 98 12 90 33 14 86 43 89 45 37 72 83 52 26 23 23 79 73 10 28 88 59 28 45 25 34 52 30 93 42 34 96 66 80 98 99 12 94 61 87 62 60 55 37 90 100 16 84 43 88 34 61 90 27 34 89 71 98 37 98 81 37 
18 27 23 90 32 99 76 91 59 97 48 42 77 74 13 22 93 52 70 20 11 27 78 16 67 97 89 21 13 52 23 10 16 21 26 92 12 49 17 52 90 28 78 10 33 81 59 53 51 56 91 77 91 63 70 70 37 98 76 62 13 14 84 52 23 17 91 65 37 69 84 50 19 92 62 42 25 73 50 89 12 94 14 75 80 98 91 44 69 62 53 45 81 46 80 29 99 35 86 84 58 
