Node_1 Node_2 Capacity_node1 Capacity_node2 Latency_arc node_cost
nb_nodes 100
nb_arcs 4976
0 1 3 4 16 86
0 3 3 3 19 86
0 4 3 3 7 86
0 5 3 4 24 86
0 6 3 1 23 86
0 8 3 3 11 86
0 9 3 1 23 86
0 10 3 3 5 86
0 11 3 1 1 86
0 15 3 1 22 86
0 16 3 4 24 86
0 18 3 2 4 86
0 19 3 1 6 86
0 23 3 4 5 86
0 24 3 2 25 86
0 31 3 3 11 86
0 32 3 1 16 86
0 33 3 4 4 86
0 34 3 1 21 86
0 35 3 3 5 86
0 36 3 3 12 86
0 37 3 4 10 86
0 43 3 4 6 86
0 46 3 1 24 86
0 47 3 1 17 86
0 52 3 3 10 86
0 54 3 2 6 86
0 55 3 3 16 86
0 56 3 2 10 86
0 60 3 1 4 86
0 62 3 1 22 86
0 67 3 3 17 86
0 71 3 1 2 86
0 74 3 2 11 86
0 76 3 1 16 86
0 77 3 1 21 86
0 82 3 4 14 86
0 85 3 1 1 86
0 87 3 1 3 86
0 95 3 3 19 86
0 99 3 4 13 86
1 0 4 3 16 127
1 2 4 2 25 127
1 5 4 4 3 127
1 10 4 3 11 127
1 11 4 1 3 127
1 12 4 4 25 127
1 14 4 2 5 127
1 16 4 4 10 127
1 20 4 1 12 127
1 25 4 3 4 127
1 30 4 1 20 127
1 33 4 4 24 127
1 34 4 1 18 127
1 35 4 3 14 127
1 36 4 3 11 127
1 39 4 2 14 127
1 41 4 3 22 127
1 42 4 1 11 127
1 43 4 4 12 127
1 45 4 1 7 127
1 46 4 1 17 127
1 47 4 1 14 127
1 50 4 2 3 127
1 51 4 4 12 127
1 54 4 2 8 127
1 57 4 2 2 127
1 59 4 4 8 127
1 60 4 1 13 127
1 62 4 1 7 127
1 63 4 4 13 127
1 64 4 1 15 127
1 66 4 1 1 127
1 69 4 3 9 127
1 74 4 2 16 127
1 78 4 4 4 127
1 79 4 4 16 127
1 80 4 2 12 127
1 83 4 3 4 127
1 84 4 2 1 127
1 86 4 2 9 127
1 87 4 1 14 127
1 89 4 4 23 127
1 90 4 4 19 127
1 92 4 2 5 127
1 97 4 2 11 127
1 98 4 3 5 127
2 1 2 4 25 519
2 4 2 3 19 519
2 5 2 4 18 519
2 8 2 3 20 519
2 10 2 3 8 519
2 13 2 1 1 519
2 15 2 1 20 519
2 17 2 2 8 519
2 18 2 2 1 519
2 19 2 1 3 519
2 22 2 1 20 519
2 26 2 2 8 519
2 27 2 2 14 519
2 30 2 1 8 519
2 32 2 1 3 519
2 33 2 4 14 519
2 37 2 4 6 519
2 38 2 1 25 519
2 40 2 4 8 519
2 41 2 3 5 519
2 42 2 1 12 519
2 43 2 4 20 519
2 44 2 2 8 519
2 45 2 1 6 519
2 48 2 3 13 519
2 49 2 1 24 519
2 51 2 4 12 519
2 53 2 2 20 519
2 54 2 2 15 519
2 57 2 2 25 519
2 58 2 3 18 519
2 62 2 1 4 519
2 63 2 4 13 519
2 65 2 4 13 519
2 66 2 1 5 519
2 69 2 3 21 519
2 71 2 1 20 519
2 72 2 4 15 519
2 75 2 1 14 519
2 77 2 1 12 519
2 79 2 4 6 519
2 80 2 2 15 519
2 82 2 4 23 519
2 85 2 1 13 519
2 89 2 4 7 519
2 90 2 4 11 519
2 93 2 3 5 519
2 95 2 3 23 519
2 97 2 2 11 519
2 99 2 4 2 519
3 0 3 3 19 248
3 5 3 4 23 248
3 9 3 1 15 248
3 10 3 3 9 248
3 12 3 4 22 248
3 14 3 2 17 248
3 15 3 1 2 248
3 17 3 2 4 248
3 18 3 2 3 248
3 19 3 1 5 248
3 20 3 1 9 248
3 22 3 1 11 248
3 27 3 2 10 248
3 28 3 2 22 248
3 31 3 3 23 248
3 32 3 1 17 248
3 33 3 4 25 248
3 35 3 3 8 248
3 37 3 4 1 248
3 38 3 1 22 248
3 41 3 3 17 248
3 42 3 1 20 248
3 44 3 2 16 248
3 45 3 1 17 248
3 46 3 1 6 248
3 49 3 1 9 248
3 50 3 2 20 248
3 54 3 2 5 248
3 56 3 2 3 248
3 59 3 4 20 248
3 62 3 1 2 248
3 63 3 4 5 248
3 64 3 1 25 248
3 65 3 4 5 248
3 66 3 1 3 248
3 67 3 3 4 248
3 70 3 1 22 248
3 71 3 1 12 248
3 72 3 4 6 248
3 77 3 1 10 248
3 79 3 4 6 248
3 80 3 2 11 248
3 81 3 2 19 248
3 82 3 4 7 248
3 84 3 2 4 248
3 87 3 1 11 248
3 88 3 2 4 248
3 92 3 2 2 248
3 93 3 3 7 248
3 94 3 4 7 248
4 0 3 3 7 725
4 2 3 2 19 725
4 6 3 1 15 725
4 9 3 1 5 725
4 10 3 3 24 725
4 11 3 1 13 725
4 18 3 2 6 725
4 19 3 1 24 725
4 22 3 1 4 725
4 23 3 4 12 725
4 24 3 2 16 725
4 25 3 3 8 725
4 27 3 2 8 725
4 30 3 1 8 725
4 33 3 4 13 725
4 37 3 4 23 725
4 38 3 1 19 725
4 40 3 4 22 725
4 43 3 4 22 725
4 46 3 1 1 725
4 47 3 1 4 725
4 48 3 3 9 725
4 54 3 2 18 725
4 56 3 2 16 725
4 57 3 2 16 725
4 59 3 4 6 725
4 62 3 1 21 725
4 63 3 4 4 725
4 65 3 4 25 725
4 67 3 3 22 725
4 69 3 3 25 725
4 70 3 1 22 725
4 71 3 1 4 725
4 72 3 4 12 725
4 73 3 4 19 725
4 74 3 2 6 725
4 77 3 1 5 725
4 78 3 4 12 725
4 79 3 4 9 725
4 80 3 2 7 725
4 82 3 4 7 725
4 85 3 1 17 725
4 86 3 2 12 725
4 88 3 2 9 725
4 90 3 4 25 725
4 92 3 2 2 725
4 96 3 3 17 725
5 0 4 3 24 161
5 1 4 4 3 161
5 2 4 2 18 161
5 3 4 3 23 161
5 6 4 1 17 161
5 7 4 4 19 161
5 8 4 3 16 161
5 9 4 1 19 161
5 11 4 1 3 161
5 12 4 4 20 161
5 13 4 1 18 161
5 14 4 2 4 161
5 16 4 4 4 161
5 17 4 2 2 161
5 19 4 1 19 161
5 21 4 4 11 161
5 27 4 2 22 161
5 28 4 2 24 161
5 32 4 1 21 161
5 35 4 3 14 161
5 39 4 2 22 161
5 46 4 1 19 161
5 47 4 1 5 161
5 50 4 2 24 161
5 51 4 4 2 161
5 53 4 2 11 161
5 57 4 2 21 161
5 59 4 4 11 161
5 61 4 2 6 161
5 63 4 4 7 161
5 64 4 1 13 161
5 65 4 4 11 161
5 66 4 1 3 161
5 69 4 3 18 161
5 71 4 1 20 161
5 73 4 4 10 161
5 74 4 2 1 161
5 76 4 1 19 161
5 77 4 1 13 161
5 79 4 4 20 161
5 82 4 4 5 161
5 84 4 2 5 161
5 85 4 1 9 161
5 91 4 1 2 161
5 92 4 2 18 161
5 96 4 3 11 161
6 0 1 3 23 492
6 4 1 3 15 492
6 5 1 4 17 492
6 7 1 4 14 492
6 8 1 3 15 492
6 12 1 4 18 492
6 13 1 1 5 492
6 15 1 1 2 492
6 16 1 4 17 492
6 19 1 1 7 492
6 20 1 1 9 492
6 23 1 4 18 492
6 24 1 2 7 492
6 25 1 3 12 492
6 26 1 2 5 492
6 28 1 2 25 492
6 29 1 2 25 492
6 30 1 1 22 492
6 33 1 4 2 492
6 34 1 1 16 492
6 35 1 3 14 492
6 36 1 3 13 492
6 38 1 1 9 492
6 40 1 4 24 492
6 41 1 3 17 492
6 42 1 1 15 492
6 43 1 4 14 492
6 44 1 2 5 492
6 45 1 1 22 492
6 46 1 1 17 492
6 48 1 3 1 492
6 50 1 2 13 492
6 51 1 4 9 492
6 54 1 2 11 492
6 55 1 3 13 492
6 57 1 2 18 492
6 58 1 3 18 492
6 59 1 4 1 492
6 60 1 1 23 492
6 63 1 4 13 492
6 64 1 1 2 492
6 67 1 3 22 492
6 68 1 3 19 492
6 69 1 3 11 492
6 78 1 4 4 492
6 81 1 2 21 492
6 82 1 4 9 492
6 84 1 2 21 492
6 85 1 1 21 492
6 86 1 2 10 492
6 88 1 2 15 492
6 89 1 4 4 492
6 91 1 1 15 492
6 94 1 4 3 492
6 95 1 3 8 492
6 99 1 4 14 492
7 5 4 4 19 227
7 6 4 1 14 227
7 8 4 3 21 227
7 9 4 1 15 227
7 11 4 1 4 227
7 12 4 4 19 227
7 17 4 2 24 227
7 18 4 2 10 227
7 21 4 4 13 227
7 23 4 4 8 227
7 24 4 2 6 227
7 25 4 3 10 227
7 26 4 2 9 227
7 28 4 2 16 227
7 30 4 1 23 227
7 33 4 4 20 227
7 36 4 3 10 227
7 37 4 4 5 227
7 39 4 2 10 227
7 45 4 1 13 227
7 46 4 1 22 227
7 47 4 1 2 227
7 55 4 3 10 227
7 57 4 2 19 227
7 58 4 3 17 227
7 63 4 4 8 227
7 64 4 1 4 227
7 65 4 4 20 227
7 68 4 3 7 227
7 69 4 3 24 227
7 71 4 1 9 227
7 72 4 4 10 227
7 76 4 1 16 227
7 77 4 1 23 227
7 78 4 4 25 227
7 79 4 4 13 227
7 80 4 2 5 227
7 82 4 4 9 227
7 85 4 1 22 227
7 87 4 1 16 227
7 88 4 2 8 227
7 90 4 4 6 227
7 91 4 1 7 227
7 92 4 2 15 227
7 94 4 4 5 227
7 95 4 3 23 227
8 0 3 3 11 185
8 2 3 2 20 185
8 5 3 4 16 185
8 6 3 1 15 185
8 7 3 4 21 185
8 11 3 1 20 185
8 15 3 1 3 185
8 17 3 2 8 185
8 19 3 1 15 185
8 20 3 1 9 185
8 22 3 1 9 185
8 23 3 4 15 185
8 24 3 2 10 185
8 25 3 3 25 185
8 29 3 2 1 185
8 34 3 1 25 185
8 35 3 3 8 185
8 36 3 3 19 185
8 38 3 1 23 185
8 43 3 4 14 185
8 46 3 1 19 185
8 49 3 1 6 185
8 50 3 2 17 185
8 51 3 4 10 185
8 53 3 2 16 185
8 61 3 2 24 185
8 62 3 1 9 185
8 63 3 4 1 185
8 67 3 3 16 185
8 69 3 3 4 185
8 72 3 4 8 185
8 73 3 4 19 185
8 76 3 1 24 185
8 80 3 2 6 185
8 81 3 2 4 185
8 85 3 1 24 185
8 87 3 1 4 185
8 88 3 2 7 185
8 89 3 4 17 185
8 91 3 1 24 185
8 95 3 3 4 185
8 97 3 2 12 185
8 98 3 3 19 185
9 0 1 3 23 168
9 3 1 3 15 168
9 4 1 3 5 168
9 5 1 4 19 168
9 7 1 4 15 168
9 10 1 3 16 168
9 11 1 1 5 168
9 12 1 4 23 168
9 13 1 1 5 168
9 14 1 2 23 168
9 15 1 1 8 168
9 17 1 2 23 168
9 18 1 2 9 168
9 20 1 1 16 168
9 23 1 4 5 168
9 26 1 2 13 168
9 27 1 2 22 168
9 29 1 2 21 168
9 31 1 3 6 168
9 32 1 1 21 168
9 34 1 1 19 168
9 35 1 3 12 168
9 36 1 3 14 168
9 38 1 1 13 168
9 39 1 2 1 168
9 40 1 4 6 168
9 43 1 4 13 168
9 44 1 2 11 168
9 45 1 1 15 168
9 46 1 1 14 168
9 47 1 1 12 168
9 48 1 3 13 168
9 51 1 4 4 168
9 52 1 3 15 168
9 53 1 2 1 168
9 55 1 3 10 168
9 56 1 2 12 168
9 61 1 2 15 168
9 62 1 1 2 168
9 64 1 1 6 168
9 65 1 4 1 168
9 67 1 3 21 168
9 68 1 3 1 168
9 71 1 1 20 168
9 72 1 4 13 168
9 74 1 2 10 168
9 75 1 1 24 168
9 76 1 1 9 168
9 77 1 1 5 168
9 80 1 2 1 168
9 81 1 2 23 168
9 83 1 3 7 168
9 87 1 1 24 168
9 88 1 2 2 168
9 89 1 4 22 168
9 91 1 1 20 168
9 94 1 4 21 168
9 95 1 3 7 168
9 99 1 4 2 168
10 0 3 3 5 806
10 1 3 4 11 806
10 2 3 2 8 806
10 3 3 3 9 806
10 4 3 3 24 806
10 9 3 1 16 806
10 11 3 1 9 806
10 14 3 2 11 806
10 15 3 1 8 806
10 16 3 4 9 806
10 17 3 2 5 806
10 18 3 2 18 806
10 19 3 1 2 806
10 20 3 1 7 806
10 21 3 4 12 806
10 22 3 1 13 806
10 25 3 3 9 806
10 26 3 2 6 806
10 27 3 2 11 806
10 29 3 2 13 806
10 34 3 1 22 806
10 35 3 3 19 806
10 36 3 3 9 806
10 37 3 4 15 806
10 38 3 1 6 806
10 39 3 2 15 806
10 40 3 4 18 806
10 41 3 3 11 806
10 42 3 1 20 806
10 43 3 4 3 806
10 47 3 1 11 806
10 49 3 1 17 806
10 52 3 3 14 806
10 55 3 3 16 806
10 56 3 2 23 806
10 58 3 3 12 806
10 59 3 4 18 806
10 61 3 2 21 806
10 63 3 4 3 806
10 64 3 1 17 806
10 65 3 4 6 806
10 66 3 1 7 806
10 67 3 3 25 806
10 70 3 1 18 806
10 72 3 4 12 806
10 74 3 2 10 806
10 76 3 1 24 806
10 78 3 4 5 806
10 81 3 2 15 806
10 83 3 3 16 806
10 84 3 2 22 806
10 87 3 1 20 806
10 88 3 2 6 806
10 90 3 4 25 806
10 92 3 2 17 806
10 94 3 4 1 806
10 96 3 3 2 806
10 97 3 2 6 806
10 98 3 3 3 806
10 99 3 4 5 806
11 0 1 3 1 616
11 1 1 4 3 616
11 4 1 3 13 616
11 5 1 4 3 616
11 7 1 4 4 616
11 8 1 3 20 616
11 9 1 1 5 616
11 10 1 3 9 616
11 12 1 4 15 616
11 14 1 2 10 616
11 15 1 1 20 616
11 18 1 2 23 616
11 19 1 1 13 616
11 20 1 1 12 616
11 22 1 1 11 616
11 27 1 2 25 616
11 28 1 2 15 616
11 29 1 2 16 616
11 30 1 1 14 616
11 31 1 3 3 616
11 35 1 3 23 616
11 38 1 1 13 616
11 42 1 1 24 616
11 43 1 4 10 616
11 45 1 1 10 616
11 49 1 1 7 616
11 50 1 2 12 616
11 51 1 4 20 616
11 52 1 3 11 616
11 54 1 2 25 616
11 60 1 1 22 616
11 61 1 2 8 616
11 62 1 1 6 616
11 64 1 1 21 616
11 66 1 1 17 616
11 68 1 3 1 616
11 70 1 1 9 616
11 71 1 1 5 616
11 72 1 4 3 616
11 74 1 2 17 616
11 75 1 1 18 616
11 76 1 1 22 616
11 80 1 2 15 616
11 83 1 3 2 616
11 84 1 2 13 616
11 85 1 1 8 616
11 87 1 1 3 616
11 88 1 2 12 616
11 89 1 4 19 616
11 91 1 1 23 616
11 93 1 3 1 616
11 96 1 3 3 616
12 1 4 4 25 355
12 3 4 3 22 355
12 5 4 4 20 355
12 6 4 1 18 355
12 7 4 4 19 355
12 9 4 1 23 355
12 11 4 1 15 355
12 14 4 2 12 355
12 23 4 4 18 355
12 24 4 2 4 355
12 27 4 2 17 355
12 28 4 2 9 355
12 29 4 2 12 355
12 34 4 1 3 355
12 35 4 3 19 355
12 37 4 4 1 355
12 38 4 1 11 355
12 39 4 2 4 355
12 40 4 4 24 355
12 42 4 1 6 355
12 44 4 2 2 355
12 45 4 1 15 355
12 46 4 1 20 355
12 47 4 1 2 355
12 49 4 1 3 355
12 53 4 2 16 355
12 54 4 2 2 355
12 55 4 3 20 355
12 56 4 2 12 355
12 57 4 2 16 355
12 58 4 3 17 355
12 61 4 2 25 355
12 63 4 4 21 355
12 64 4 1 23 355
12 65 4 4 8 355
12 66 4 1 23 355
12 67 4 3 18 355
12 70 4 1 17 355
12 71 4 1 9 355
12 73 4 4 12 355
12 74 4 2 5 355
12 75 4 1 15 355
12 76 4 1 8 355
12 79 4 4 13 355
12 82 4 4 11 355
12 88 4 2 3 355
12 89 4 4 11 355
12 90 4 4 24 355
12 91 4 1 3 355
12 92 4 2 3 355
12 95 4 3 23 355
12 96 4 3 25 355
12 97 4 2 23 355
13 2 1 2 1 367
13 5 1 4 18 367
13 6 1 1 5 367
13 9 1 1 5 367
13 16 1 4 13 367
13 17 1 2 1 367
13 18 1 2 3 367
13 21 1 4 16 367
13 22 1 1 10 367
13 24 1 2 4 367
13 25 1 3 15 367
13 27 1 2 13 367
13 28 1 2 1 367
13 29 1 2 16 367
13 30 1 1 25 367
13 32 1 1 17 367
13 33 1 4 10 367
13 35 1 3 5 367
13 39 1 2 4 367
13 41 1 3 13 367
13 43 1 4 25 367
13 45 1 1 20 367
13 53 1 2 24 367
13 56 1 2 13 367
13 60 1 1 18 367
13 61 1 2 11 367
13 63 1 4 21 367
13 66 1 1 12 367
13 69 1 3 6 367
13 71 1 1 13 367
13 73 1 4 3 367
13 80 1 2 6 367
13 82 1 4 21 367
13 83 1 3 2 367
13 86 1 2 19 367
13 87 1 1 4 367
13 88 1 2 15 367
13 90 1 4 3 367
13 91 1 1 9 367
13 92 1 2 22 367
13 95 1 3 16 367
14 1 2 4 5 521
14 3 2 3 17 521
14 5 2 4 4 521
14 9 2 1 23 521
14 10 2 3 11 521
14 11 2 1 10 521
14 12 2 4 12 521
14 16 2 4 3 521
14 18 2 2 23 521
14 21 2 4 16 521
14 22 2 1 16 521
14 23 2 4 11 521
14 31 2 3 10 521
14 33 2 4 7 521
14 34 2 1 22 521
14 36 2 3 18 521
14 37 2 4 16 521
14 39 2 2 15 521
14 40 2 4 8 521
14 44 2 2 12 521
14 46 2 1 20 521
14 47 2 1 5 521
14 48 2 3 21 521
14 49 2 1 13 521
14 51 2 4 10 521
14 52 2 3 22 521
14 56 2 2 13 521
14 62 2 1 3 521
14 63 2 4 4 521
14 65 2 4 1 521
14 67 2 3 1 521
14 68 2 3 17 521
14 69 2 3 17 521
14 70 2 1 3 521
14 73 2 4 7 521
14 74 2 2 12 521
14 76 2 1 25 521
14 77 2 1 17 521
14 79 2 4 19 521
14 84 2 2 20 521
14 85 2 1 9 521
14 87 2 1 15 521
14 90 2 4 12 521
14 93 2 3 5 521
14 95 2 3 5 521
14 97 2 2 2 521
14 98 2 3 6 521
15 0 1 3 22 247
15 2 1 2 20 247
15 3 1 3 2 247
15 6 1 1 2 247
15 8 1 3 3 247
15 9 1 1 8 247
15 10 1 3 8 247
15 11 1 1 20 247
15 16 1 4 21 247
15 18 1 2 21 247
15 20 1 1 16 247
15 22 1 1 7 247
15 30 1 1 4 247
15 32 1 1 23 247
15 33 1 4 5 247
15 34 1 1 17 247
15 36 1 3 1 247
15 37 1 4 18 247
15 38 1 1 23 247
15 39 1 2 22 247
15 42 1 1 15 247
15 46 1 1 12 247
15 47 1 1 6 247
15 54 1 2 7 247
15 55 1 3 6 247
15 56 1 2 9 247
15 60 1 1 3 247
15 61 1 2 10 247
15 64 1 1 9 247
15 65 1 4 15 247
15 68 1 3 1 247
15 69 1 3 14 247
15 70 1 1 25 247
15 72 1 4 7 247
15 74 1 2 21 247
15 75 1 1 22 247
15 82 1 4 2 247
15 83 1 3 10 247
15 85 1 1 9 247
15 86 1 2 15 247
15 87 1 1 15 247
15 88 1 2 6 247
15 89 1 4 4 247
15 90 1 4 20 247
15 94 1 4 8 247
15 96 1 3 12 247
15 98 1 3 15 247
16 0 4 3 24 575
16 1 4 4 10 575
16 5 4 4 4 575
16 6 4 1 17 575
16 10 4 3 9 575
16 13 4 1 13 575
16 14 4 2 3 575
16 15 4 1 21 575
16 18 4 2 19 575
16 20 4 1 8 575
16 22 4 1 15 575
16 23 4 4 19 575
16 26 4 2 14 575
16 28 4 2 25 575
16 29 4 2 12 575
16 30 4 1 3 575
16 31 4 3 6 575
16 34 4 1 4 575
16 35 4 3 8 575
16 36 4 3 25 575
16 41 4 3 4 575
16 43 4 4 8 575
16 44 4 2 2 575
16 46 4 1 9 575
16 50 4 2 13 575
16 51 4 4 8 575
16 55 4 3 4 575
16 59 4 4 19 575
16 60 4 1 4 575
16 61 4 2 13 575
16 62 4 1 2 575
16 63 4 4 3 575
16 67 4 3 16 575
16 69 4 3 14 575
16 70 4 1 11 575
16 73 4 4 16 575
16 74 4 2 21 575
16 75 4 1 5 575
16 77 4 1 13 575
16 78 4 4 19 575
16 79 4 4 18 575
16 80 4 2 24 575
16 83 4 3 17 575
16 84 4 2 17 575
16 85 4 1 5 575
16 86 4 2 1 575
16 87 4 1 17 575
16 90 4 4 3 575
16 91 4 1 4 575
16 92 4 2 2 575
16 95 4 3 24 575
16 96 4 3 2 575
17 2 2 2 8 793
17 3 2 3 4 793
17 5 2 4 2 793
17 7 2 4 24 793
17 8 2 3 8 793
17 9 2 1 23 793
17 10 2 3 5 793
17 13 2 1 1 793
17 18 2 2 10 793
17 24 2 2 14 793
17 26 2 2 1 793
17 28 2 2 6 793
17 31 2 3 13 793
17 33 2 4 13 793
17 34 2 1 10 793
17 35 2 3 19 793
17 36 2 3 8 793
17 39 2 2 20 793
17 40 2 4 2 793
17 42 2 1 21 793
17 45 2 1 15 793
17 46 2 1 22 793
17 47 2 1 1 793
17 52 2 3 17 793
17 53 2 2 10 793
17 56 2 2 11 793
17 60 2 1 13 793
17 61 2 2 16 793
17 62 2 1 8 793
17 65 2 4 19 793
17 67 2 3 16 793
17 68 2 3 13 793
17 69 2 3 23 793
17 71 2 1 15 793
17 72 2 4 17 793
17 73 2 4 5 793
17 76 2 1 18 793
17 77 2 1 20 793
17 78 2 4 17 793
17 79 2 4 22 793
17 80 2 2 6 793
17 81 2 2 15 793
17 83 2 3 5 793
17 85 2 1 12 793
17 86 2 2 5 793
17 90 2 4 12 793
17 93 2 3 17 793
17 94 2 4 18 793
17 95 2 3 5 793
17 96 2 3 13 793
17 97 2 2 14 793
17 98 2 3 10 793
17 99 2 4 17 793
18 0 2 3 4 763
18 2 2 2 1 763
18 3 2 3 3 763
18 4 2 3 6 763
18 7 2 4 10 763
18 9 2 1 9 763
18 10 2 3 18 763
18 11 2 1 23 763
18 13 2 1 3 763
18 14 2 2 23 763
18 15 2 1 21 763
18 16 2 4 19 763
18 17 2 2 10 763
18 20 2 1 1 763
18 22 2 1 18 763
18 25 2 3 12 763
18 26 2 2 25 763
18 27 2 2 25 763
18 28 2 2 4 763
18 30 2 1 4 763
18 31 2 3 11 763
18 32 2 1 2 763
18 33 2 4 9 763
18 34 2 1 12 763
18 36 2 3 6 763
18 38 2 1 3 763
18 39 2 2 4 763
18 42 2 1 24 763
18 43 2 4 3 763
18 44 2 2 19 763
18 45 2 1 11 763
18 46 2 1 21 763
18 48 2 3 5 763
18 50 2 2 21 763
18 53 2 2 10 763
18 54 2 2 19 763
18 57 2 2 8 763
18 58 2 3 16 763
18 59 2 4 17 763
18 60 2 1 2 763
18 62 2 1 16 763
18 63 2 4 23 763
18 64 2 1 3 763
18 65 2 4 17 763
18 67 2 3 13 763
18 69 2 3 21 763
18 72 2 4 5 763
18 74 2 2 3 763
18 75 2 1 13 763
18 76 2 1 5 763
18 78 2 4 4 763
18 82 2 4 14 763
18 83 2 3 16 763
18 84 2 2 18 763
18 86 2 2 20 763
18 87 2 1 25 763
18 88 2 2 20 763
18 89 2 4 5 763
18 92 2 2 18 763
18 95 2 3 24 763
18 97 2 2 1 763
19 0 1 3 6 948
19 2 1 2 3 948
19 3 1 3 5 948
19 4 1 3 24 948
19 5 1 4 19 948
19 6 1 1 7 948
19 8 1 3 15 948
19 10 1 3 2 948
19 11 1 1 13 948
19 20 1 1 19 948
19 27 1 2 9 948
19 28 1 2 17 948
19 30 1 1 18 948
19 31 1 3 15 948
19 33 1 4 17 948
19 35 1 3 22 948
19 36 1 3 23 948
19 37 1 4 6 948
19 38 1 1 20 948
19 42 1 1 7 948
19 43 1 4 22 948
19 47 1 1 16 948
19 48 1 3 4 948
19 51 1 4 8 948
19 52 1 3 4 948
19 53 1 2 8 948
19 54 1 2 13 948
19 60 1 1 3 948
19 61 1 2 19 948
19 65 1 4 11 948
19 67 1 3 15 948
19 68 1 3 10 948
19 71 1 1 17 948
19 72 1 4 10 948
19 73 1 4 9 948
19 74 1 2 13 948
19 79 1 4 19 948
19 81 1 2 12 948
19 83 1 3 8 948
19 84 1 2 16 948
19 85 1 1 2 948
19 88 1 2 16 948
19 91 1 1 23 948
19 94 1 4 17 948
19 97 1 2 10 948
19 98 1 3 14 948
19 99 1 4 10 948
20 1 1 4 12 387
20 3 1 3 9 387
20 6 1 1 9 387
20 8 1 3 9 387
20 9 1 1 16 387
20 10 1 3 7 387
20 11 1 1 12 387
20 15 1 1 16 387
20 16 1 4 8 387
20 18 1 2 1 387
20 19 1 1 19 387
20 21 1 4 18 387
20 22 1 1 16 387
20 23 1 4 23 387
20 24 1 2 7 387
20 26 1 2 22 387
20 27 1 2 23 387
20 29 1 2 16 387
20 33 1 4 8 387
20 34 1 1 16 387
20 36 1 3 12 387
20 39 1 2 8 387
20 40 1 4 11 387
20 41 1 3 10 387
20 44 1 2 5 387
20 45 1 1 15 387
20 46 1 1 6 387
20 47 1 1 20 387
20 48 1 3 20 387
20 49 1 1 24 387
20 50 1 2 18 387
20 55 1 3 2 387
20 58 1 3 10 387
20 59 1 4 23 387
20 62 1 1 11 387
20 64 1 1 20 387
20 65 1 4 6 387
20 66 1 1 6 387
20 67 1 3 4 387
20 73 1 4 11 387
20 74 1 2 5 387
20 79 1 4 25 387
20 80 1 2 23 387
20 81 1 2 13 387
20 82 1 4 15 387
20 83 1 3 9 387
20 84 1 2 6 387
20 85 1 1 12 387
20 87 1 1 24 387
20 88 1 2 3 387
20 89 1 4 6 387
20 90 1 4 6 387
20 91 1 1 10 387
20 93 1 3 6 387
20 94 1 4 20 387
20 95 1 3 25 387
21 5 4 4 11 998
21 7 4 4 13 998
21 10 4 3 12 998
21 13 4 1 16 998
21 14 4 2 16 998
21 20 4 1 18 998
21 27 4 2 23 998
21 29 4 2 25 998
21 30 4 1 13 998
21 32 4 1 20 998
21 33 4 4 8 998
21 34 4 1 18 998
21 35 4 3 10 998
21 36 4 3 19 998
21 39 4 2 24 998
21 40 4 4 11 998
21 41 4 3 9 998
21 45 4 1 12 998
21 47 4 1 21 998
21 49 4 1 21 998
21 50 4 2 16 998
21 51 4 4 8 998
21 52 4 3 16 998
21 53 4 2 19 998
21 54 4 2 5 998
21 58 4 3 16 998
21 61 4 2 19 998
21 62 4 1 21 998
21 63 4 4 16 998
21 65 4 4 24 998
21 69 4 3 6 998
21 70 4 1 10 998
21 71 4 1 18 998
21 73 4 4 2 998
21 80 4 2 16 998
21 81 4 2 8 998
21 83 4 3 10 998
21 84 4 2 14 998
21 86 4 2 11 998
21 87 4 1 6 998
21 88 4 2 22 998
21 91 4 1 20 998
21 92 4 2 25 998
21 93 4 3 25 998
21 95 4 3 22 998
21 97 4 2 8 998
22 2 1 2 20 575
22 3 1 3 11 575
22 4 1 3 4 575
22 8 1 3 9 575
22 10 1 3 13 575
22 11 1 1 11 575
22 13 1 1 10 575
22 14 1 2 16 575
22 15 1 1 7 575
22 16 1 4 15 575
22 18 1 2 18 575
22 20 1 1 16 575
22 23 1 4 21 575
22 31 1 3 10 575
22 32 1 1 23 575
22 33 1 4 2 575
22 34 1 1 1 575
22 35 1 3 24 575
22 36 1 3 25 575
22 39 1 2 17 575
22 41 1 3 19 575
22 42 1 1 18 575
22 46 1 1 23 575
22 47 1 1 3 575
22 52 1 3 20 575
22 54 1 2 3 575
22 58 1 3 10 575
22 59 1 4 18 575
22 60 1 1 18 575
22 62 1 1 5 575
22 63 1 4 9 575
22 66 1 1 18 575
22 67 1 3 6 575
22 69 1 3 14 575
22 70 1 1 11 575
22 71 1 1 9 575
22 75 1 1 25 575
22 76 1 1 15 575
22 79 1 4 22 575
22 81 1 2 20 575
22 82 1 4 6 575
22 83 1 3 21 575
22 87 1 1 12 575
22 90 1 4 20 575
22 93 1 3 6 575
22 95 1 3 16 575
22 97 1 2 17 575
22 99 1 4 13 575
23 0 4 3 5 680
23 4 4 3 12 680
23 6 4 1 18 680
23 7 4 4 8 680
23 8 4 3 15 680
23 9 4 1 5 680
23 12 4 4 18 680
23 14 4 2 11 680
23 16 4 4 19 680
23 20 4 1 23 680
23 22 4 1 21 680
23 24 4 2 9 680
23 26 4 2 15 680
23 27 4 2 25 680
23 28 4 2 24 680
23 29 4 2 3 680
23 32 4 1 21 680
23 33 4 4 11 680
23 38 4 1 9 680
23 39 4 2 19 680
23 40 4 4 3 680
23 41 4 3 4 680
23 42 4 1 14 680
23 44 4 2 9 680
23 45 4 1 23 680
23 46 4 1 23 680
23 48 4 3 9 680
23 49 4 1 22 680
23 52 4 3 4 680
23 53 4 2 20 680
23 58 4 3 19 680
23 60 4 1 17 680
23 63 4 4 10 680
23 64 4 1 24 680
23 66 4 1 18 680
23 67 4 3 10 680
23 68 4 3 21 680
23 70 4 1 12 680
23 71 4 1 13 680
23 72 4 4 11 680
23 73 4 4 21 680
23 75 4 1 13 680
23 83 4 3 10 680
23 84 4 2 16 680
23 85 4 1 5 680
23 86 4 2 15 680
23 89 4 4 21 680
23 93 4 3 25 680
23 94 4 4 20 680
23 96 4 3 14 680
23 97 4 2 10 680
24 0 2 3 25 627
24 4 2 3 16 627
24 6 2 1 7 627
24 7 2 4 6 627
24 8 2 3 10 627
24 12 2 4 4 627
24 13 2 1 4 627
24 17 2 2 14 627
24 20 2 1 7 627
24 23 2 4 9 627
24 25 2 3 1 627
24 26 2 2 14 627
24 27 2 2 15 627
24 28 2 2 11 627
24 32 2 1 4 627
24 35 2 3 25 627
24 36 2 3 17 627
24 39 2 2 4 627
24 40 2 4 3 627
24 41 2 3 4 627
24 44 2 2 5 627
24 45 2 1 6 627
24 47 2 1 18 627
24 48 2 3 11 627
24 49 2 1 24 627
24 53 2 2 13 627
24 54 2 2 25 627
24 55 2 3 3 627
24 56 2 2 19 627
24 57 2 2 10 627
24 58 2 3 12 627
24 59 2 4 15 627
24 60 2 1 15 627
24 62 2 1 17 627
24 65 2 4 11 627
24 66 2 1 18 627
24 67 2 3 20 627
24 72 2 4 24 627
24 75 2 1 3 627
24 77 2 1 17 627
24 81 2 2 12 627
24 82 2 4 11 627
24 84 2 2 20 627
24 87 2 1 13 627
24 88 2 2 15 627
24 89 2 4 18 627
24 91 2 1 8 627
24 94 2 4 9 627
24 97 2 2 9 627
24 99 2 4 14 627
25 1 3 4 4 653
25 4 3 3 8 653
25 6 3 1 12 653
25 7 3 4 10 653
25 8 3 3 25 653
25 10 3 3 9 653
25 13 3 1 15 653
25 18 3 2 12 653
25 24 3 2 1 653
25 27 3 2 19 653
25 28 3 2 11 653
25 29 3 2 10 653
25 30 3 1 23 653
25 31 3 3 13 653
25 33 3 4 18 653
25 35 3 3 7 653
25 36 3 3 8 653
25 38 3 1 12 653
25 40 3 4 13 653
25 41 3 3 20 653
25 42 3 1 11 653
25 44 3 2 18 653
25 46 3 1 1 653
25 50 3 2 15 653
25 52 3 3 22 653
25 54 3 2 5 653
25 56 3 2 14 653
25 57 3 2 22 653
25 60 3 1 1 653
25 61 3 2 17 653
25 62 3 1 13 653
25 64 3 1 4 653
25 66 3 1 14 653
25 67 3 3 11 653
25 68 3 3 9 653
25 69 3 3 4 653
25 73 3 4 10 653
25 75 3 1 15 653
25 77 3 1 24 653
25 78 3 4 24 653
25 81 3 2 1 653
25 84 3 2 10 653
25 85 3 1 18 653
25 86 3 2 4 653
25 87 3 1 24 653
25 88 3 2 19 653
25 91 3 1 16 653
25 93 3 3 6 653
25 98 3 3 2 653
26 2 2 2 8 126
26 6 2 1 5 126
26 7 2 4 9 126
26 9 2 1 13 126
26 10 2 3 6 126
26 16 2 4 14 126
26 17 2 2 1 126
26 18 2 2 25 126
26 20 2 1 22 126
26 23 2 4 15 126
26 24 2 2 14 126
26 27 2 2 18 126
26 28 2 2 21 126
26 33 2 4 14 126
26 34 2 1 6 126
26 35 2 3 12 126
26 36 2 3 15 126
26 38 2 1 15 126
26 42 2 1 8 126
26 46 2 1 24 126
26 47 2 1 21 126
26 50 2 2 4 126
26 52 2 3 24 126
26 54 2 2 5 126
26 57 2 2 16 126
26 59 2 4 10 126
26 60 2 1 22 126
26 65 2 4 12 126
26 66 2 1 10 126
26 68 2 3 4 126
26 69 2 3 1 126
26 73 2 4 15 126
26 76 2 1 21 126
26 77 2 1 12 126
26 78 2 4 4 126
26 79 2 4 23 126
26 80 2 2 8 126
26 85 2 1 9 126
26 89 2 4 14 126
26 95 2 3 2 126
26 97 2 2 15 126
26 98 2 3 22 126
26 99 2 4 7 126
27 2 2 2 14 112
27 3 2 3 10 112
27 4 2 3 8 112
27 5 2 4 22 112
27 9 2 1 22 112
27 10 2 3 11 112
27 11 2 1 25 112
27 12 2 4 17 112
27 13 2 1 13 112
27 18 2 2 25 112
27 19 2 1 9 112
27 20 2 1 23 112
27 21 2 4 23 112
27 23 2 4 25 112
27 24 2 2 15 112
27 25 2 3 19 112
27 26 2 2 18 112
27 28 2 2 2 112
27 29 2 2 14 112
27 30 2 1 1 112
27 31 2 3 24 112
27 32 2 1 23 112
27 40 2 4 23 112
27 41 2 3 5 112
27 42 2 1 10 112
27 45 2 1 9 112
27 46 2 1 16 112
27 50 2 2 22 112
27 52 2 3 22 112
27 54 2 2 10 112
27 56 2 2 19 112
27 57 2 2 1 112
27 58 2 3 11 112
27 61 2 2 12 112
27 62 2 1 17 112
27 66 2 1 8 112
27 70 2 1 15 112
27 72 2 4 12 112
27 73 2 4 23 112
27 74 2 2 18 112
27 79 2 4 22 112
27 81 2 2 15 112
27 82 2 4 9 112
27 84 2 2 25 112
27 86 2 2 5 112
27 91 2 1 5 112
27 93 2 3 16 112
27 95 2 3 5 112
27 97 2 2 8 112
28 3 2 3 22 909
28 5 2 4 24 909
28 6 2 1 25 909
28 7 2 4 16 909
28 11 2 1 15 909
28 12 2 4 9 909
28 13 2 1 1 909
28 16 2 4 25 909
28 17 2 2 6 909
28 18 2 2 4 909
28 19 2 1 17 909
28 23 2 4 24 909
28 24 2 2 11 909
28 25 2 3 11 909
28 26 2 2 21 909
28 27 2 2 2 909
28 29 2 2 2 909
28 30 2 1 2 909
28 31 2 3 12 909
28 32 2 1 1 909
28 34 2 1 7 909
28 35 2 3 14 909
28 37 2 4 19 909
28 42 2 1 24 909
28 43 2 4 21 909
28 45 2 1 14 909
28 46 2 1 7 909
28 48 2 3 7 909
28 49 2 1 23 909
28 50 2 2 4 909
28 51 2 4 14 909
28 52 2 3 2 909
28 53 2 2 14 909
28 55 2 3 18 909
28 56 2 2 2 909
28 57 2 2 22 909
28 58 2 3 10 909
28 59 2 4 6 909
28 62 2 1 15 909
28 63 2 4 1 909
28 65 2 4 1 909
28 67 2 3 11 909
28 69 2 3 20 909
28 70 2 1 12 909
28 71 2 1 23 909
28 72 2 4 11 909
28 75 2 1 9 909
28 77 2 1 18 909
28 85 2 1 7 909
28 89 2 4 2 909
28 94 2 4 5 909
28 97 2 2 9 909
28 98 2 3 10 909
29 6 2 1 25 690
29 8 2 3 1 690
29 9 2 1 21 690
29 10 2 3 13 690
29 11 2 1 16 690
29 12 2 4 12 690
29 13 2 1 16 690
29 16 2 4 12 690
29 20 2 1 16 690
29 21 2 4 25 690
29 23 2 4 3 690
29 25 2 3 10 690
29 27 2 2 14 690
29 28 2 2 2 690
29 33 2 4 7 690
29 35 2 3 16 690
29 37 2 4 22 690
29 38 2 1 6 690
29 42 2 1 3 690
29 44 2 2 23 690
29 45 2 1 25 690
29 46 2 1 23 690
29 51 2 4 8 690
29 53 2 2 13 690
29 54 2 2 13 690
29 55 2 3 11 690
29 56 2 2 20 690
29 58 2 3 25 690
29 60 2 1 6 690
29 61 2 2 7 690
29 62 2 1 7 690
29 63 2 4 5 690
29 65 2 4 25 690
29 66 2 1 1 690
29 67 2 3 19 690
29 70 2 1 10 690
29 71 2 1 18 690
29 76 2 1 14 690
29 77 2 1 23 690
29 79 2 4 4 690
29 81 2 2 17 690
29 82 2 4 10 690
29 83 2 3 13 690
29 84 2 2 2 690
29 87 2 1 4 690
29 90 2 4 17 690
29 94 2 4 17 690
29 97 2 2 20 690
29 98 2 3 22 690
30 1 1 4 20 489
30 2 1 2 8 489
30 4 1 3 8 489
30 6 1 1 22 489
30 7 1 4 23 489
30 11 1 1 14 489
30 13 1 1 25 489
30 15 1 1 4 489
30 16 1 4 3 489
30 18 1 2 4 489
30 19 1 1 18 489
30 21 1 4 13 489
30 25 1 3 23 489
30 27 1 2 1 489
30 28 1 2 2 489
30 31 1 3 4 489
30 32 1 1 8 489
30 36 1 3 21 489
30 39 1 2 13 489
30 40 1 4 1 489
30 41 1 3 24 489
30 42 1 1 4 489
30 43 1 4 5 489
30 44 1 2 9 489
30 46 1 1 12 489
30 48 1 3 13 489
30 51 1 4 7 489
30 52 1 3 19 489
30 53 1 2 17 489
30 54 1 2 16 489
30 55 1 3 11 489
30 57 1 2 5 489
30 59 1 4 16 489
30 60 1 1 16 489
30 62 1 1 14 489
30 63 1 4 9 489
30 64 1 1 21 489
30 65 1 4 9 489
30 69 1 3 16 489
30 70 1 1 18 489
30 71 1 1 25 489
30 72 1 4 17 489
30 73 1 4 7 489
30 76 1 1 5 489
30 79 1 4 18 489
30 80 1 2 10 489
30 81 1 2 11 489
30 84 1 2 10 489
30 86 1 2 25 489
30 90 1 4 22 489
30 94 1 4 23 489
30 95 1 3 5 489
30 97 1 2 4 489
30 98 1 3 25 489
30 99 1 4 24 489
31 0 3 3 11 643
31 3 3 3 23 643
31 9 3 1 6 643
31 11 3 1 3 643
31 14 3 2 10 643
31 16 3 4 6 643
31 17 3 2 13 643
31 18 3 2 11 643
31 19 3 1 15 643
31 22 3 1 10 643
31 25 3 3 13 643
31 27 3 2 24 643
31 28 3 2 12 643
31 30 3 1 4 643
31 34 3 1 18 643
31 35 3 3 4 643
31 36 3 3 5 643
31 37 3 4 18 643
31 40 3 4 13 643
31 42 3 1 10 643
31 45 3 1 11 643
31 46 3 1 13 643
31 47 3 1 2 643
31 58 3 3 12 643
31 59 3 4 24 643
31 60 3 1 16 643
31 61 3 2 18 643
31 62 3 1 1 643
31 67 3 3 10 643
31 71 3 1 7 643
31 78 3 4 18 643
31 80 3 2 1 643
31 81 3 2 9 643
31 82 3 4 21 643
31 84 3 2 21 643
31 87 3 1 17 643
31 89 3 4 19 643
31 91 3 1 13 643
31 94 3 4 7 643
31 98 3 3 9 643
32 0 1 3 16 741
32 2 1 2 3 741
32 3 1 3 17 741
32 5 1 4 21 741
32 9 1 1 21 741
32 13 1 1 17 741
32 15 1 1 23 741
32 18 1 2 2 741
32 21 1 4 20 741
32 22 1 1 23 741
32 23 1 4 21 741
32 24 1 2 4 741
32 27 1 2 23 741
32 28 1 2 1 741
32 30 1 1 8 741
32 34 1 1 7 741
32 36 1 3 6 741
32 40 1 4 5 741
32 44 1 2 3 741
32 46 1 1 15 741
32 47 1 1 12 741
32 48 1 3 24 741
32 51 1 4 25 741
32 52 1 3 2 741
32 53 1 2 16 741
32 54 1 2 25 741
32 56 1 2 21 741
32 57 1 2 15 741
32 59 1 4 1 741
32 62 1 1 7 741
32 63 1 4 12 741
32 64 1 1 24 741
32 65 1 4 8 741
32 66 1 1 1 741
32 69 1 3 4 741
32 73 1 4 14 741
32 78 1 4 17 741
32 79 1 4 22 741
32 81 1 2 14 741
32 82 1 4 7 741
32 83 1 3 24 741
32 84 1 2 22 741
32 87 1 1 8 741
32 89 1 4 21 741
32 93 1 3 6 741
32 96 1 3 6 741
32 97 1 2 8 741
32 99 1 4 20 741
33 0 4 3 4 247
33 1 4 4 24 247
33 2 4 2 14 247
33 3 4 3 25 247
33 4 4 3 13 247
33 6 4 1 2 247
33 7 4 4 20 247
33 13 4 1 10 247
33 14 4 2 7 247
33 15 4 1 5 247
33 17 4 2 13 247
33 18 4 2 9 247
33 19 4 1 17 247
33 20 4 1 8 247
33 21 4 4 8 247
33 22 4 1 2 247
33 23 4 4 11 247
33 25 4 3 18 247
33 26 4 2 14 247
33 29 4 2 7 247
33 34 4 1 10 247
33 35 4 3 17 247
33 36 4 3 12 247
33 37 4 4 25 247
33 38 4 1 15 247
33 40 4 4 8 247
33 43 4 4 5 247
33 44 4 2 12 247
33 45 4 1 10 247
33 46 4 1 17 247
33 47 4 1 9 247
33 48 4 3 2 247
33 50 4 2 20 247
33 54 4 2 6 247
33 56 4 2 12 247
33 58 4 3 2 247
33 59 4 4 1 247
33 60 4 1 18 247
33 62 4 1 7 247
33 63 4 4 17 247
33 64 4 1 24 247
33 65 4 4 17 247
33 66 4 1 19 247
33 67 4 3 3 247
33 68 4 3 14 247
33 69 4 3 16 247
33 71 4 1 20 247
33 73 4 4 12 247
33 75 4 1 21 247
33 77 4 1 7 247
33 79 4 4 9 247
33 80 4 2 7 247
33 84 4 2 6 247
33 85 4 1 22 247
33 87 4 1 24 247
33 88 4 2 5 247
33 90 4 4 24 247
33 91 4 1 13 247
33 92 4 2 23 247
33 93 4 3 20 247
33 95 4 3 16 247
33 97 4 2 10 247
33 98 4 3 2 247
33 99 4 4 3 247
34 0 1 3 21 760
34 1 1 4 18 760
34 6 1 1 16 760
34 8 1 3 25 760
34 9 1 1 19 760
34 10 1 3 22 760
34 12 1 4 3 760
34 14 1 2 22 760
34 15 1 1 17 760
34 16 1 4 4 760
34 17 1 2 10 760
34 18 1 2 12 760
34 20 1 1 16 760
34 21 1 4 18 760
34 22 1 1 1 760
34 26 1 2 6 760
34 28 1 2 7 760
34 31 1 3 18 760
34 32 1 1 7 760
34 33 1 4 10 760
34 35 1 3 17 760
34 36 1 3 1 760
34 37 1 4 5 760
34 38 1 1 15 760
34 40 1 4 14 760
34 42 1 1 1 760
34 44 1 2 21 760
34 45 1 1 11 760
34 47 1 1 8 760
34 48 1 3 8 760
34 49 1 1 1 760
34 51 1 4 14 760
34 53 1 2 7 760
34 54 1 2 9 760
34 58 1 3 4 760
34 59 1 4 21 760
34 61 1 2 9 760
34 62 1 1 17 760
34 66 1 1 10 760
34 67 1 3 20 760
34 68 1 3 11 760
34 71 1 1 8 760
34 72 1 4 14 760
34 74 1 2 6 760
34 75 1 1 24 760
34 76 1 1 7 760
34 77 1 1 21 760
34 82 1 4 20 760
34 86 1 2 12 760
34 87 1 1 11 760
34 89 1 4 4 760
34 90 1 4 23 760
34 91 1 1 10 760
34 92 1 2 8 760
34 93 1 3 14 760
34 94 1 4 18 760
35 0 3 3 5 527
35 1 3 4 14 527
35 3 3 3 8 527
35 5 3 4 14 527
35 6 3 1 14 527
35 8 3 3 8 527
35 9 3 1 12 527
35 10 3 3 19 527
35 11 3 1 23 527
35 12 3 4 19 527
35 13 3 1 5 527
35 16 3 4 8 527
35 17 3 2 19 527
35 19 3 1 22 527
35 21 3 4 10 527
35 22 3 1 24 527
35 24 3 2 25 527
35 25 3 3 7 527
35 26 3 2 12 527
35 28 3 2 14 527
35 29 3 2 16 527
35 31 3 3 4 527
35 33 3 4 17 527
35 34 3 1 17 527
35 38 3 1 18 527
35 41 3 3 18 527
35 43 3 4 4 527
35 45 3 1 6 527
35 46 3 1 11 527
35 47 3 1 10 527
35 48 3 3 17 527
35 52 3 3 16 527
35 53 3 2 9 527
35 55 3 3 25 527
35 56 3 2 22 527
35 57 3 2 5 527
35 58 3 3 10 527
35 59 3 4 12 527
35 61 3 2 24 527
35 62 3 1 11 527
35 65 3 4 23 527
35 68 3 3 8 527
35 69 3 3 20 527
35 71 3 1 15 527
35 73 3 4 19 527
35 74 3 2 17 527
35 75 3 1 9 527
35 77 3 1 25 527
35 79 3 4 24 527
35 80 3 2 23 527
35 81 3 2 21 527
35 82 3 4 10 527
35 83 3 3 25 527
35 92 3 2 17 527
35 93 3 3 24 527
35 96 3 3 18 527
35 97 3 2 5 527
35 98 3 3 23 527
36 0 3 3 12 850
36 1 3 4 11 850
36 6 3 1 13 850
36 7 3 4 10 850
36 8 3 3 19 850
36 9 3 1 14 850
36 10 3 3 9 850
36 14 3 2 18 850
36 15 3 1 1 850
36 16 3 4 25 850
36 17 3 2 8 850
36 18 3 2 6 850
36 19 3 1 23 850
36 20 3 1 12 850
36 21 3 4 19 850
36 22 3 1 25 850
36 24 3 2 17 850
36 25 3 3 8 850
36 26 3 2 15 850
36 30 3 1 21 850
36 31 3 3 5 850
36 32 3 1 6 850
36 33 3 4 12 850
36 34 3 1 1 850
36 37 3 4 17 850
36 39 3 2 8 850
36 40 3 4 15 850
36 41 3 3 19 850
36 44 3 2 9 850
36 46 3 1 9 850
36 47 3 1 12 850
36 48 3 3 16 850
36 49 3 1 6 850
36 51 3 4 25 850
36 52 3 3 10 850
36 53 3 2 8 850
36 54 3 2 6 850
36 55 3 3 19 850
36 57 3 2 7 850
36 58 3 3 12 850
36 59 3 4 21 850
36 67 3 3 2 850
36 68 3 3 17 850
36 70 3 1 20 850
36 73 3 4 4 850
36 74 3 2 22 850
36 77 3 1 11 850
36 78 3 4 1 850
36 79 3 4 19 850
36 81 3 2 19 850
36 82 3 4 13 850
36 83 3 3 4 850
36 84 3 2 20 850
36 85 3 1 2 850
36 87 3 1 22 850
36 89 3 4 9 850
36 90 3 4 14 850
36 95 3 3 11 850
36 96 3 3 9 850
36 97 3 2 24 850
36 98 3 3 11 850
37 0 4 3 10 306
37 2 4 2 6 306
37 3 4 3 1 306
37 4 4 3 23 306
37 7 4 4 5 306
37 10 4 3 15 306
37 12 4 4 1 306
37 14 4 2 16 306
37 15 4 1 18 306
37 19 4 1 6 306
37 28 4 2 19 306
37 29 4 2 22 306
37 31 4 3 18 306
37 33 4 4 25 306
37 34 4 1 5 306
37 36 4 3 17 306
37 38 4 1 24 306
37 39 4 2 21 306
37 40 4 4 25 306
37 41 4 3 11 306
37 44 4 2 1 306
37 46 4 1 24 306
37 47 4 1 10 306
37 48 4 3 1 306
37 49 4 1 17 306
37 50 4 2 17 306
37 51 4 4 6 306
37 53 4 2 2 306
37 56 4 2 25 306
37 57 4 2 21 306
37 59 4 4 5 306
37 61 4 2 14 306
37 63 4 4 19 306
37 64 4 1 17 306
37 65 4 4 13 306
37 69 4 3 13 306
37 72 4 4 18 306
37 73 4 4 23 306
37 74 4 2 3 306
37 75 4 1 16 306
37 76 4 1 18 306
37 78 4 4 6 306
37 81 4 2 22 306
37 87 4 1 19 306
37 88 4 2 15 306
37 90 4 4 19 306
37 92 4 2 10 306
37 94 4 4 5 306
37 95 4 3 23 306
37 96 4 3 14 306
37 97 4 2 23 306
37 99 4 4 15 306
38 2 1 2 25 217
38 3 1 3 22 217
38 4 1 3 19 217
38 6 1 1 9 217
38 8 1 3 23 217
38 9 1 1 13 217
38 10 1 3 6 217
38 11 1 1 13 217
38 12 1 4 11 217
38 15 1 1 23 217
38 18 1 2 3 217
38 19 1 1 20 217
38 23 1 4 9 217
38 25 1 3 12 217
38 26 1 2 15 217
38 29 1 2 6 217
38 33 1 4 15 217
38 34 1 1 15 217
38 35 1 3 18 217
38 37 1 4 24 217
38 39 1 2 10 217
38 40 1 4 15 217
38 45 1 1 10 217
38 48 1 3 11 217
38 50 1 2 16 217
38 52 1 3 8 217
38 54 1 2 5 217
38 55 1 3 4 217
38 56 1 2 15 217
38 57 1 2 24 217
38 58 1 3 14 217
38 59 1 4 17 217
38 60 1 1 12 217
38 66 1 1 5 217
38 74 1 2 10 217
38 77 1 1 21 217
38 78 1 4 19 217
38 82 1 4 19 217
38 83 1 3 12 217
38 84 1 2 23 217
38 85 1 1 9 217
38 87 1 1 11 217
38 89 1 4 12 217
38 90 1 4 5 217
38 93 1 3 16 217
38 95 1 3 24 217
39 1 2 4 14 806
39 5 2 4 22 806
39 7 2 4 10 806
39 9 2 1 1 806
39 10 2 3 15 806
39 12 2 4 4 806
39 13 2 1 4 806
39 14 2 2 15 806
39 15 2 1 22 806
39 17 2 2 20 806
39 18 2 2 4 806
39 20 2 1 8 806
39 21 2 4 24 806
39 22 2 1 17 806
39 23 2 4 19 806
39 24 2 2 4 806
39 30 2 1 13 806
39 36 2 3 8 806
39 37 2 4 21 806
39 38 2 1 10 806
39 42 2 1 12 806
39 45 2 1 6 806
39 47 2 1 16 806
39 50 2 2 2 806
39 54 2 2 11 806
39 55 2 3 13 806
39 60 2 1 7 806
39 61 2 2 22 806
39 62 2 1 4 806
39 63 2 4 22 806
39 66 2 1 8 806
39 70 2 1 22 806
39 74 2 2 23 806
39 75 2 1 20 806
39 76 2 1 25 806
39 80 2 2 4 806
39 82 2 4 17 806
39 83 2 3 21 806
39 84 2 2 19 806
39 85 2 1 13 806
39 87 2 1 14 806
39 90 2 4 8 806
39 92 2 2 9 806
39 93 2 3 10 806
39 94 2 4 1 806
39 95 2 3 4 806
39 96 2 3 23 806
39 99 2 4 8 806
40 2 4 2 8 946
40 4 4 3 22 946
40 6 4 1 24 946
40 9 4 1 6 946
40 10 4 3 18 946
40 12 4 4 24 946
40 14 4 2 8 946
40 17 4 2 2 946
40 20 4 1 11 946
40 21 4 4 11 946
40 23 4 4 3 946
40 24 4 2 3 946
40 25 4 3 13 946
40 27 4 2 23 946
40 30 4 1 1 946
40 31 4 3 13 946
40 32 4 1 5 946
40 33 4 4 8 946
40 34 4 1 14 946
40 36 4 3 15 946
40 37 4 4 25 946
40 38 4 1 15 946
40 43 4 4 20 946
40 46 4 1 21 946
40 50 4 2 16 946
40 51 4 4 3 946
40 53 4 2 12 946
40 56 4 2 20 946
40 57 4 2 4 946
40 58 4 3 10 946
40 59 4 4 19 946
40 62 4 1 15 946
40 64 4 1 20 946
40 65 4 4 11 946
40 67 4 3 23 946
40 71 4 1 5 946
40 72 4 4 20 946
40 73 4 4 21 946
40 76 4 1 20 946
40 78 4 4 20 946
40 80 4 2 3 946
40 82 4 4 9 946
40 83 4 3 10 946
40 86 4 2 22 946
40 87 4 1 20 946
40 91 4 1 12 946
40 94 4 4 6 946
40 96 4 3 5 946
40 99 4 4 21 946
41 1 3 4 22 662
41 2 3 2 5 662
41 3 3 3 17 662
41 6 3 1 17 662
41 10 3 3 11 662
41 13 3 1 13 662
41 16 3 4 4 662
41 20 3 1 10 662
41 21 3 4 9 662
41 22 3 1 19 662
41 23 3 4 4 662
41 24 3 2 4 662
41 25 3 3 20 662
41 27 3 2 5 662
41 30 3 1 24 662
41 35 3 3 18 662
41 36 3 3 19 662
41 37 3 4 11 662
41 45 3 1 14 662
41 50 3 2 18 662
41 51 3 4 9 662
41 52 3 3 16 662
41 55 3 3 7 662
41 56 3 2 23 662
41 57 3 2 23 662
41 60 3 1 16 662
41 61 3 2 15 662
41 62 3 1 5 662
41 64 3 1 8 662
41 65 3 4 9 662
41 69 3 3 12 662
41 71 3 1 10 662
41 72 3 4 17 662
41 74 3 2 10 662
41 75 3 1 12 662
41 79 3 4 14 662
41 81 3 2 17 662
41 82 3 4 25 662
41 83 3 3 16 662
41 85 3 1 25 662
41 86 3 2 5 662
41 87 3 1 23 662
41 88 3 2 15 662
41 89 3 4 17 662
41 92 3 2 19 662
42 1 1 4 11 175
42 2 1 2 12 175
42 3 1 3 20 175
42 6 1 1 15 175
42 10 1 3 20 175
42 11 1 1 24 175
42 12 1 4 6 175
42 15 1 1 15 175
42 17 1 2 21 175
42 18 1 2 24 175
42 19 1 1 7 175
42 22 1 1 18 175
42 23 1 4 14 175
42 25 1 3 11 175
42 26 1 2 8 175
42 27 1 2 10 175
42 28 1 2 24 175
42 29 1 2 3 175
42 30 1 1 4 175
42 31 1 3 10 175
42 34 1 1 1 175
42 39 1 2 12 175
42 43 1 4 9 175
42 49 1 1 7 175
42 52 1 3 20 175
42 53 1 2 9 175
42 60 1 1 19 175
42 61 1 2 19 175
42 62 1 1 18 175
42 63 1 4 11 175
42 64 1 1 3 175
42 65 1 4 2 175
42 66 1 1 23 175
42 67 1 3 17 175
42 70 1 1 6 175
42 71 1 1 9 175
42 72 1 4 16 175
42 73 1 4 24 175
42 74 1 2 17 175
42 76 1 1 10 175
42 77 1 1 23 175
42 78 1 4 10 175
42 80 1 2 2 175
42 83 1 3 5 175
42 84 1 2 14 175
42 86 1 2 16 175
42 90 1 4 10 175
42 94 1 4 23 175
42 95 1 3 9 175
42 96 1 3 24 175
43 0 4 3 6 93
43 1 4 4 12 93
43 2 4 2 20 93
43 4 4 3 22 93
43 6 4 1 14 93
43 8 4 3 14 93
43 9 4 1 13 93
43 10 4 3 3 93
43 11 4 1 10 93
43 13 4 1 25 93
43 16 4 4 8 93
43 18 4 2 3 93
43 19 4 1 22 93
43 28 4 2 21 93
43 30 4 1 5 93
43 33 4 4 5 93
43 35 4 3 4 93
43 40 4 4 20 93
43 42 4 1 9 93
43 46 4 1 3 93
43 48 4 3 15 93
43 49 4 1 19 93
43 50 4 2 23 93
43 51 4 4 19 93
43 52 4 3 3 93
43 55 4 3 6 93
43 56 4 2 15 93
43 58 4 3 24 93
43 59 4 4 20 93
43 60 4 1 12 93
43 61 4 2 24 93
43 65 4 4 22 93
43 66 4 1 4 93
43 68 4 3 12 93
43 69 4 3 21 93
43 71 4 1 8 93
43 72 4 4 14 93
43 73 4 4 16 93
43 76 4 1 24 93
43 80 4 2 24 93
43 81 4 2 4 93
43 83 4 3 18 93
43 84 4 2 13 93
43 85 4 1 19 93
43 87 4 1 23 93
43 89 4 4 15 93
43 91 4 1 1 93
43 92 4 2 14 93
43 94 4 4 5 93
43 95 4 3 19 93
43 96 4 3 14 93
43 97 4 2 11 93
44 2 2 2 8 204
44 3 2 3 16 204
44 6 2 1 5 204
44 9 2 1 11 204
44 12 2 4 2 204
44 14 2 2 12 204
44 16 2 4 2 204
44 18 2 2 19 204
44 20 2 1 5 204
44 23 2 4 9 204
44 24 2 2 5 204
44 25 2 3 18 204
44 29 2 2 23 204
44 30 2 1 9 204
44 32 2 1 3 204
44 33 2 4 12 204
44 34 2 1 21 204
44 36 2 3 9 204
44 37 2 4 1 204
44 46 2 1 3 204
44 47 2 1 21 204
44 49 2 1 3 204
44 52 2 3 21 204
44 56 2 2 13 204
44 58 2 3 15 204
44 59 2 4 8 204
44 62 2 1 25 204
44 63 2 4 12 204
44 66 2 1 5 204
44 68 2 3 8 204
44 69 2 3 9 204
44 73 2 4 7 204
44 74 2 2 23 204
44 77 2 1 21 204
44 78 2 4 13 204
44 79 2 4 5 204
44 80 2 2 24 204
44 81 2 2 9 204
44 82 2 4 21 204
44 84 2 2 6 204
44 87 2 1 2 204
44 88 2 2 18 204
44 90 2 4 3 204
44 93 2 3 21 204
44 98 2 3 22 204
45 1 1 4 7 429
45 2 1 2 6 429
45 3 1 3 17 429
45 6 1 1 22 429
45 7 1 4 13 429
45 9 1 1 15 429
45 11 1 1 10 429
45 12 1 4 15 429
45 13 1 1 20 429
45 17 1 2 15 429
45 18 1 2 11 429
45 20 1 1 15 429
45 21 1 4 12 429
45 23 1 4 23 429
45 24 1 2 6 429
45 27 1 2 9 429
45 28 1 2 14 429
45 29 1 2 25 429
45 31 1 3 11 429
45 33 1 4 10 429
45 34 1 1 11 429
45 35 1 3 6 429
45 38 1 1 10 429
45 39 1 2 6 429
45 41 1 3 14 429
45 47 1 1 24 429
45 48 1 3 1 429
45 50 1 2 20 429
45 54 1 2 6 429
45 55 1 3 24 429
45 59 1 4 4 429
45 60 1 1 12 429
45 61 1 2 14 429
45 62 1 1 10 429
45 63 1 4 7 429
45 65 1 4 15 429
45 67 1 3 20 429
45 69 1 3 11 429
45 70 1 1 9 429
45 71 1 1 21 429
45 74 1 2 6 429
45 76 1 1 11 429
45 80 1 2 10 429
45 81 1 2 10 429
45 82 1 4 20 429
45 83 1 3 1 429
45 84 1 2 14 429
45 86 1 2 11 429
45 90 1 4 12 429
45 91 1 1 9 429
45 92 1 2 7 429
45 93 1 3 13 429
45 94 1 4 7 429
45 95 1 3 11 429
45 96 1 3 20 429
45 99 1 4 3 429
46 0 1 3 24 317
46 1 1 4 17 317
46 3 1 3 6 317
46 4 1 3 1 317
46 5 1 4 19 317
46 6 1 1 17 317
46 7 1 4 22 317
46 8 1 3 19 317
46 9 1 1 14 317
46 12 1 4 20 317
46 14 1 2 20 317
46 15 1 1 12 317
46 16 1 4 9 317
46 17 1 2 22 317
46 18 1 2 21 317
46 20 1 1 6 317
46 22 1 1 23 317
46 23 1 4 23 317
46 25 1 3 1 317
46 26 1 2 24 317
46 27 1 2 16 317
46 28 1 2 7 317
46 29 1 2 23 317
46 30 1 1 12 317
46 31 1 3 13 317
46 32 1 1 15 317
46 33 1 4 17 317
46 35 1 3 11 317
46 36 1 3 9 317
46 37 1 4 24 317
46 40 1 4 21 317
46 43 1 4 3 317
46 44 1 2 3 317
46 47 1 1 15 317
46 50 1 2 21 317
46 51 1 4 8 317
46 53 1 2 6 317
46 55 1 3 17 317
46 56 1 2 2 317
46 59 1 4 14 317
46 60 1 1 21 317
46 61 1 2 16 317
46 64 1 1 24 317
46 67 1 3 4 317
46 68 1 3 7 317
46 70 1 1 16 317
46 71 1 1 9 317
46 72 1 4 11 317
46 73 1 4 23 317
46 74 1 2 6 317
46 75 1 1 12 317
46 76 1 1 11 317
46 78 1 4 7 317
46 79 1 4 7 317
46 81 1 2 18 317
46 83 1 3 19 317
46 87 1 1 3 317
46 88 1 2 7 317
46 89 1 4 3 317
46 92 1 2 6 317
46 93 1 3 17 317
46 95 1 3 2 317
46 96 1 3 23 317
47 0 1 3 17 703
47 1 1 4 14 703
47 4 1 3 4 703
47 5 1 4 5 703
47 7 1 4 2 703
47 9 1 1 12 703
47 10 1 3 11 703
47 12 1 4 2 703
47 14 1 2 5 703
47 15 1 1 6 703
47 17 1 2 1 703
47 19 1 1 16 703
47 20 1 1 20 703
47 21 1 4 21 703
47 22 1 1 3 703
47 24 1 2 18 703
47 26 1 2 21 703
47 31 1 3 2 703
47 32 1 1 12 703
47 33 1 4 9 703
47 34 1 1 8 703
47 35 1 3 10 703
47 36 1 3 12 703
47 37 1 4 10 703
47 39 1 2 16 703
47 44 1 2 21 703
47 45 1 1 24 703
47 46 1 1 15 703
47 48 1 3 14 703
47 49 1 1 17 703
47 50 1 2 1 703
47 55 1 3 2 703
47 58 1 3 3 703
47 62 1 1 2 703
47 64 1 1 18 703
47 67 1 3 24 703
47 69 1 3 7 703
47 72 1 4 25 703
47 73 1 4 15 703
47 79 1 4 19 703
47 80 1 2 10 703
47 83 1 3 8 703
47 85 1 1 22 703
47 86 1 2 12 703
47 87 1 1 2 703
47 88 1 2 18 703
47 91 1 1 5 703
47 93 1 3 11 703
47 94 1 4 12 703
47 95 1 3 22 703
47 96 1 3 23 703
47 99 1 4 20 703
48 2 3 2 13 112
48 4 3 3 9 112
48 6 3 1 1 112
48 9 3 1 13 112
48 14 3 2 21 112
48 18 3 2 5 112
48 19 3 1 4 112
48 20 3 1 20 112
48 23 3 4 9 112
48 24 3 2 11 112
48 28 3 2 7 112
48 30 3 1 13 112
48 32 3 1 24 112
48 33 3 4 2 112
48 34 3 1 8 112
48 35 3 3 17 112
48 36 3 3 16 112
48 37 3 4 1 112
48 38 3 1 11 112
48 43 3 4 15 112
48 45 3 1 1 112
48 47 3 1 14 112
48 50 3 2 15 112
48 53 3 2 13 112
48 55 3 3 17 112
48 58 3 3 17 112
48 59 3 4 13 112
48 62 3 1 8 112
48 63 3 4 8 112
48 64 3 1 4 112
48 69 3 3 20 112
48 70 3 1 8 112
48 73 3 4 17 112
48 74 3 2 12 112
48 75 3 1 13 112
48 81 3 2 20 112
48 83 3 3 19 112
48 85 3 1 7 112
48 87 3 1 25 112
48 89 3 4 24 112
48 90 3 4 3 112
48 91 3 1 25 112
48 94 3 4 24 112
48 97 3 2 16 112
48 98 3 3 7 112
48 99 3 4 11 112
49 2 1 2 24 97
49 3 1 3 9 97
49 8 1 3 6 97
49 10 1 3 17 97
49 11 1 1 7 97
49 12 1 4 3 97
49 14 1 2 13 97
49 20 1 1 24 97
49 21 1 4 21 97
49 23 1 4 22 97
49 24 1 2 24 97
49 28 1 2 23 97
49 34 1 1 1 97
49 36 1 3 6 97
49 37 1 4 17 97
49 42 1 1 7 97
49 43 1 4 19 97
49 44 1 2 3 97
49 47 1 1 17 97
49 51 1 4 13 97
49 52 1 3 10 97
49 54 1 2 23 97
49 57 1 2 5 97
49 60 1 1 12 97
49 61 1 2 18 97
49 62 1 1 8 97
49 63 1 4 1 97
49 64 1 1 13 97
49 69 1 3 24 97
49 71 1 1 20 97
49 72 1 4 15 97
49 74 1 2 9 97
49 76 1 1 14 97
49 82 1 4 1 97
49 85 1 1 17 97
49 87 1 1 18 97
49 89 1 4 9 97
49 90 1 4 2 97
49 93 1 3 4 97
49 94 1 4 8 97
49 96 1 3 13 97
49 97 1 2 23 97
50 1 2 4 3 357
50 3 2 3 20 357
50 5 2 4 24 357
50 6 2 1 13 357
50 8 2 3 17 357
50 11 2 1 12 357
50 16 2 4 13 357
50 18 2 2 21 357
50 20 2 1 18 357
50 21 2 4 16 357
50 25 2 3 15 357
50 26 2 2 4 357
50 27 2 2 22 357
50 28 2 2 4 357
50 33 2 4 20 357
50 37 2 4 17 357
50 38 2 1 16 357
50 39 2 2 2 357
50 40 2 4 16 357
50 41 2 3 18 357
50 43 2 4 23 357
50 45 2 1 20 357
50 46 2 1 21 357
50 47 2 1 1 357
50 48 2 3 15 357
50 53 2 2 8 357
50 56 2 2 22 357
50 57 2 2 1 357
50 61 2 2 8 357
50 62 2 1 3 357
50 65 2 4 1 357
50 68 2 3 16 357
50 69 2 3 3 357
50 70 2 1 5 357
50 72 2 4 1 357
50 75 2 1 5 357
50 76 2 1 6 357
50 77 2 1 22 357
50 79 2 4 20 357
50 83 2 3 20 357
50 84 2 2 16 357
50 87 2 1 5 357
50 88 2 2 2 357
50 90 2 4 6 357
50 91 2 1 11 357
50 95 2 3 2 357
51 1 4 4 12 512
51 2 4 2 12 512
51 5 4 4 2 512
51 6 4 1 9 512
51 8 4 3 10 512
51 9 4 1 4 512
51 11 4 1 20 512
51 14 4 2 10 512
51 16 4 4 8 512
51 19 4 1 8 512
51 21 4 4 8 512
51 28 4 2 14 512
51 29 4 2 8 512
51 30 4 1 7 512
51 32 4 1 25 512
51 34 4 1 14 512
51 36 4 3 25 512
51 37 4 4 6 512
51 40 4 4 3 512
51 41 4 3 9 512
51 43 4 4 19 512
51 46 4 1 8 512
51 49 4 1 13 512
51 52 4 3 20 512
51 54 4 2 9 512
51 55 4 3 13 512
51 56 4 2 13 512
51 57 4 2 17 512
51 59 4 4 25 512
51 60 4 1 8 512
51 62 4 1 7 512
51 69 4 3 13 512
51 70 4 1 7 512
51 71 4 1 7 512
51 72 4 4 2 512
51 73 4 4 12 512
51 75 4 1 8 512
51 77 4 1 5 512
51 78 4 4 4 512
51 80 4 2 9 512
51 83 4 3 9 512
51 85 4 1 19 512
51 89 4 4 25 512
51 90 4 4 1 512
51 93 4 3 16 512
51 95 4 3 18 512
51 96 4 3 9 512
51 97 4 2 21 512
51 98 4 3 25 512
51 99 4 4 22 512
52 0 3 3 10 291
52 9 3 1 15 291
52 10 3 3 14 291
52 11 3 1 11 291
52 14 3 2 22 291
52 17 3 2 17 291
52 19 3 1 4 291
52 21 3 4 16 291
52 22 3 1 20 291
52 23 3 4 4 291
52 25 3 3 22 291
52 26 3 2 24 291
52 27 3 2 22 291
52 28 3 2 2 291
52 30 3 1 19 291
52 32 3 1 2 291
52 35 3 3 16 291
52 36 3 3 10 291
52 38 3 1 8 291
52 41 3 3 16 291
52 42 3 1 20 291
52 43 3 4 3 291
52 44 3 2 21 291
52 49 3 1 10 291
52 51 3 4 20 291
52 54 3 2 4 291
52 55 3 3 7 291
52 56 3 2 23 291
52 57 3 2 21 291
52 61 3 2 8 291
52 65 3 4 5 291
52 67 3 3 3 291
52 68 3 3 6 291
52 69 3 3 24 291
52 70 3 1 4 291
52 72 3 4 12 291
52 73 3 4 13 291
52 76 3 1 7 291
52 77 3 1 7 291
52 78 3 4 10 291
52 80 3 2 5 291
52 82 3 4 3 291
52 86 3 2 21 291
52 87 3 1 3 291
52 88 3 2 3 291
52 92 3 2 17 291
52 94 3 4 1 291
53 2 2 2 20 856
53 5 2 4 11 856
53 8 2 3 16 856
53 9 2 1 1 856
53 12 2 4 16 856
53 13 2 1 24 856
53 17 2 2 10 856
53 18 2 2 10 856
53 19 2 1 8 856
53 21 2 4 19 856
53 23 2 4 20 856
53 24 2 2 13 856
53 28 2 2 14 856
53 29 2 2 13 856
53 30 2 1 17 856
53 32 2 1 16 856
53 34 2 1 7 856
53 35 2 3 9 856
53 36 2 3 8 856
53 37 2 4 2 856
53 40 2 4 12 856
53 42 2 1 9 856
53 46 2 1 6 856
53 48 2 3 13 856
53 50 2 2 8 856
53 54 2 2 25 856
53 55 2 3 23 856
53 57 2 2 8 856
53 58 2 3 15 856
53 63 2 4 21 856
53 65 2 4 10 856
53 68 2 3 19 856
53 69 2 3 8 856
53 71 2 1 3 856
53 72 2 4 2 856
53 74 2 2 16 856
53 75 2 1 12 856
53 76 2 1 1 856
53 81 2 2 15 856
53 82 2 4 13 856
53 83 2 3 2 856
53 84 2 2 10 856
53 85 2 1 20 856
53 87 2 1 6 856
53 88 2 2 22 856
53 89 2 4 18 856
53 92 2 2 23 856
53 95 2 3 12 856
53 96 2 3 14 856
53 98 2 3 24 856
54 0 2 3 6 71
54 1 2 4 8 71
54 2 2 2 15 71
54 3 2 3 5 71
54 4 2 3 18 71
54 6 2 1 11 71
54 11 2 1 25 71
54 12 2 4 2 71
54 15 2 1 7 71
54 18 2 2 19 71
54 19 2 1 13 71
54 21 2 4 5 71
54 22 2 1 3 71
54 24 2 2 25 71
54 25 2 3 5 71
54 26 2 2 5 71
54 27 2 2 10 71
54 29 2 2 13 71
54 30 2 1 16 71
54 32 2 1 25 71
54 33 2 4 6 71
54 34 2 1 9 71
54 36 2 3 6 71
54 38 2 1 5 71
54 39 2 2 11 71
54 45 2 1 6 71
54 49 2 1 23 71
54 51 2 4 9 71
54 52 2 3 4 71
54 53 2 2 25 71
54 57 2 2 8 71
54 58 2 3 15 71
54 59 2 4 25 71
54 60 2 1 14 71
54 61 2 2 14 71
54 64 2 1 21 71
54 65 2 4 3 71
54 66 2 1 15 71
54 68 2 3 7 71
54 69 2 3 18 71
54 70 2 1 9 71
54 71 2 1 5 71
54 72 2 4 22 71
54 76 2 1 2 71
54 77 2 1 12 71
54 78 2 4 22 71
54 80 2 2 2 71
54 83 2 3 21 71
54 84 2 2 16 71
54 85 2 1 3 71
54 86 2 2 4 71
54 87 2 1 7 71
54 88 2 2 14 71
54 90 2 4 14 71
54 91 2 1 3 71
54 92 2 2 18 71
54 94 2 4 1 71
54 95 2 3 20 71
54 96 2 3 8 71
54 97 2 2 25 71
55 0 3 3 16 219
55 6 3 1 13 219
55 7 3 4 10 219
55 9 3 1 10 219
55 10 3 3 16 219
55 12 3 4 20 219
55 15 3 1 6 219
55 16 3 4 4 219
55 20 3 1 2 219
55 24 3 2 3 219
55 28 3 2 18 219
55 29 3 2 11 219
55 30 3 1 11 219
55 35 3 3 25 219
55 36 3 3 19 219
55 38 3 1 4 219
55 39 3 2 13 219
55 41 3 3 7 219
55 43 3 4 6 219
55 45 3 1 24 219
55 46 3 1 17 219
55 47 3 1 2 219
55 48 3 3 17 219
55 51 3 4 13 219
55 52 3 3 7 219
55 53 3 2 23 219
55 56 3 2 5 219
55 60 3 1 13 219
55 61 3 2 4 219
55 63 3 4 18 219
55 66 3 1 21 219
55 68 3 3 18 219
55 71 3 1 8 219
55 72 3 4 16 219
55 73 3 4 8 219
55 74 3 2 23 219
55 77 3 1 4 219
55 78 3 4 20 219
55 79 3 4 13 219
55 82 3 4 10 219
55 85 3 1 21 219
55 89 3 4 10 219
55 90 3 4 21 219
55 92 3 2 6 219
55 94 3 4 15 219
55 95 3 3 8 219
55 96 3 3 5 219
55 97 3 2 23 219
55 99 3 4 6 219
56 0 2 3 10 779
56 3 2 3 3 779
56 4 2 3 16 779
56 9 2 1 12 779
56 10 2 3 23 779
56 12 2 4 12 779
56 13 2 1 13 779
56 14 2 2 13 779
56 15 2 1 9 779
56 17 2 2 11 779
56 24 2 2 19 779
56 25 2 3 14 779
56 27 2 2 19 779
56 28 2 2 2 779
56 29 2 2 20 779
56 32 2 1 21 779
56 33 2 4 12 779
56 35 2 3 22 779
56 37 2 4 25 779
56 38 2 1 15 779
56 40 2 4 20 779
56 41 2 3 23 779
56 43 2 4 15 779
56 44 2 2 13 779
56 46 2 1 2 779
56 50 2 2 22 779
56 51 2 4 13 779
56 52 2 3 23 779
56 55 2 3 5 779
56 60 2 1 18 779
56 61 2 2 7 779
56 63 2 4 1 779
56 68 2 3 2 779
56 71 2 1 23 779
56 73 2 4 2 779
56 74 2 2 10 779
56 75 2 1 16 779
56 76 2 1 20 779
56 77 2 1 20 779
56 82 2 4 25 779
56 83 2 3 2 779
56 87 2 1 21 779
56 88 2 2 22 779
56 91 2 1 17 779
56 93 2 3 8 779
56 95 2 3 1 779
56 96 2 3 4 779
56 98 2 3 8 779
56 99 2 4 3 779
57 1 2 4 2 568
57 2 2 2 25 568
57 4 2 3 16 568
57 5 2 4 21 568
57 6 2 1 18 568
57 7 2 4 19 568
57 12 2 4 16 568
57 18 2 2 8 568
57 24 2 2 10 568
57 25 2 3 22 568
57 26 2 2 16 568
57 27 2 2 1 568
57 28 2 2 22 568
57 30 2 1 5 568
57 32 2 1 15 568
57 35 2 3 5 568
57 36 2 3 7 568
57 37 2 4 21 568
57 38 2 1 24 568
57 40 2 4 4 568
57 41 2 3 23 568
57 49 2 1 5 568
57 50 2 2 1 568
57 51 2 4 17 568
57 52 2 3 21 568
57 53 2 2 8 568
57 54 2 2 8 568
57 58 2 3 12 568
57 62 2 1 19 568
57 66 2 1 2 568
57 68 2 3 24 568
57 71 2 1 4 568
57 75 2 1 7 568
57 78 2 4 25 568
57 80 2 2 14 568
57 83 2 3 6 568
57 87 2 1 1 568
57 89 2 4 16 568
57 92 2 2 25 568
57 93 2 3 20 568
57 95 2 3 4 568
57 96 2 3 3 568
58 2 3 2 18 376
58 6 3 1 18 376
58 7 3 4 17 376
58 10 3 3 12 376
58 12 3 4 17 376
58 18 3 2 16 376
58 20 3 1 10 376
58 21 3 4 16 376
58 22 3 1 10 376
58 23 3 4 19 376
58 24 3 2 12 376
58 27 3 2 11 376
58 28 3 2 10 376
58 29 3 2 25 376
58 31 3 3 12 376
58 33 3 4 2 376
58 34 3 1 4 376
58 35 3 3 10 376
58 36 3 3 12 376
58 38 3 1 14 376
58 40 3 4 10 376
58 43 3 4 24 376
58 44 3 2 15 376
58 47 3 1 3 376
58 48 3 3 17 376
58 53 3 2 15 376
58 54 3 2 15 376
58 57 3 2 12 376
58 59 3 4 17 376
58 60 3 1 15 376
58 61 3 2 8 376
58 65 3 4 15 376
58 68 3 3 7 376
58 69 3 3 14 376
58 70 3 1 6 376
58 74 3 2 19 376
58 77 3 1 19 376
58 78 3 4 7 376
58 79 3 4 21 376
58 80 3 2 23 376
58 82 3 4 2 376
58 88 3 2 25 376
58 91 3 1 9 376
58 94 3 4 25 376
58 96 3 3 1 376
58 98 3 3 20 376
58 99 3 4 4 376
59 1 4 4 8 938
59 3 4 3 20 938
59 4 4 3 6 938
59 5 4 4 11 938
59 6 4 1 1 938
59 10 4 3 18 938
59 16 4 4 19 938
59 18 4 2 17 938
59 20 4 1 23 938
59 22 4 1 18 938
59 24 4 2 15 938
59 26 4 2 10 938
59 28 4 2 6 938
59 30 4 1 16 938
59 31 4 3 24 938
59 32 4 1 1 938
59 33 4 4 1 938
59 34 4 1 21 938
59 35 4 3 12 938
59 36 4 3 21 938
59 37 4 4 5 938
59 38 4 1 17 938
59 40 4 4 19 938
59 43 4 4 20 938
59 44 4 2 8 938
59 45 4 1 4 938
59 46 4 1 14 938
59 48 4 3 13 938
59 51 4 4 25 938
59 54 4 2 25 938
59 58 4 3 17 938
59 62 4 1 22 938
59 65 4 4 15 938
59 66 4 1 16 938
59 69 4 3 16 938
59 70 4 1 22 938
59 72 4 4 18 938
59 74 4 2 13 938
59 76 4 1 3 938
59 77 4 1 5 938
59 78 4 4 23 938
59 79 4 4 2 938
59 80 4 2 22 938
59 84 4 2 7 938
59 87 4 1 21 938
59 88 4 2 8 938
59 91 4 1 6 938
59 92 4 2 19 938
59 96 4 3 15 938
59 97 4 2 8 938
59 98 4 3 7 938
59 99 4 4 14 938
60 0 1 3 4 449
60 1 1 4 13 449
60 6 1 1 23 449
60 11 1 1 22 449
60 13 1 1 18 449
60 15 1 1 3 449
60 16 1 4 4 449
60 17 1 2 13 449
60 18 1 2 2 449
60 19 1 1 3 449
60 22 1 1 18 449
60 23 1 4 17 449
60 24 1 2 15 449
60 25 1 3 1 449
60 26 1 2 22 449
60 29 1 2 6 449
60 30 1 1 16 449
60 31 1 3 16 449
60 33 1 4 18 449
60 38 1 1 12 449
60 39 1 2 7 449
60 41 1 3 16 449
60 42 1 1 19 449
60 43 1 4 12 449
60 45 1 1 12 449
60 46 1 1 21 449
60 49 1 1 12 449
60 51 1 4 8 449
60 54 1 2 14 449
60 55 1 3 13 449
60 56 1 2 18 449
60 58 1 3 15 449
60 64 1 1 5 449
60 67 1 3 24 449
60 73 1 4 13 449
60 76 1 1 4 449
60 77 1 1 23 449
60 78 1 4 4 449
60 79 1 4 4 449
60 82 1 4 25 449
60 83 1 3 24 449
60 86 1 2 8 449
60 87 1 1 10 449
60 89 1 4 24 449
60 99 1 4 18 449
61 5 2 4 6 614
61 8 2 3 24 614
61 9 2 1 15 614
61 10 2 3 21 614
61 11 2 1 8 614
61 12 2 4 25 614
61 13 2 1 11 614
61 15 2 1 10 614
61 16 2 4 13 614
61 17 2 2 16 614
61 19 2 1 19 614
61 21 2 4 19 614
61 25 2 3 17 614
61 27 2 2 12 614
61 29 2 2 7 614
61 31 2 3 18 614
61 34 2 1 9 614
61 35 2 3 24 614
61 37 2 4 14 614
61 39 2 2 22 614
61 41 2 3 15 614
61 42 2 1 19 614
61 43 2 4 24 614
61 45 2 1 14 614
61 46 2 1 16 614
61 49 2 1 18 614
61 50 2 2 8 614
61 52 2 3 8 614
61 54 2 2 14 614
61 55 2 3 4 614
61 56 2 2 7 614
61 58 2 3 8 614
61 62 2 1 3 614
61 64 2 1 22 614
61 68 2 3 19 614
61 72 2 4 11 614
61 76 2 1 13 614
61 77 2 1 8 614
61 78 2 4 25 614
61 80 2 2 6 614
61 87 2 1 15 614
61 90 2 4 24 614
61 91 2 1 14 614
61 92 2 2 10 614
61 93 2 3 11 614
61 94 2 4 25 614
61 95 2 3 19 614
61 96 2 3 5 614
62 0 1 3 22 596
62 1 1 4 7 596
62 2 1 2 4 596
62 3 1 3 2 596
62 4 1 3 21 596
62 8 1 3 9 596
62 9 1 1 2 596
62 11 1 1 6 596
62 14 1 2 3 596
62 16 1 4 2 596
62 17 1 2 8 596
62 18 1 2 16 596
62 20 1 1 11 596
62 21 1 4 21 596
62 22 1 1 5 596
62 24 1 2 17 596
62 25 1 3 13 596
62 27 1 2 17 596
62 28 1 2 15 596
62 29 1 2 7 596
62 30 1 1 14 596
62 31 1 3 1 596
62 32 1 1 7 596
62 33 1 4 7 596
62 34 1 1 17 596
62 35 1 3 11 596
62 39 1 2 4 596
62 40 1 4 15 596
62 41 1 3 5 596
62 42 1 1 18 596
62 44 1 2 25 596
62 45 1 1 10 596
62 47 1 1 2 596
62 48 1 3 8 596
62 49 1 1 8 596
62 50 1 2 3 596
62 51 1 4 7 596
62 57 1 2 19 596
62 59 1 4 22 596
62 61 1 2 3 596
62 63 1 4 20 596
62 64 1 1 15 596
62 66 1 1 18 596
62 69 1 3 25 596
62 70 1 1 1 596
62 71 1 1 2 596
62 72 1 4 24 596
62 79 1 4 14 596
62 82 1 4 17 596
62 85 1 1 9 596
62 86 1 2 7 596
62 87 1 1 25 596
62 92 1 2 22 596
62 94 1 4 25 596
62 96 1 3 1 596
62 97 1 2 18 596
62 98 1 3 8 596
62 99 1 4 10 596
63 1 4 4 13 907
63 2 4 2 13 907
63 3 4 3 5 907
63 4 4 3 4 907
63 5 4 4 7 907
63 6 4 1 13 907
63 7 4 4 8 907
63 8 4 3 1 907
63 10 4 3 3 907
63 12 4 4 21 907
63 13 4 1 21 907
63 14 4 2 4 907
63 16 4 4 3 907
63 18 4 2 23 907
63 21 4 4 16 907
63 22 4 1 9 907
63 23 4 4 10 907
63 28 4 2 1 907
63 29 4 2 5 907
63 30 4 1 9 907
63 32 4 1 12 907
63 33 4 4 17 907
63 37 4 4 19 907
63 39 4 2 22 907
63 42 4 1 11 907
63 44 4 2 12 907
63 45 4 1 7 907
63 48 4 3 8 907
63 49 4 1 1 907
63 53 4 2 21 907
63 55 4 3 18 907
63 56 4 2 1 907
63 62 4 1 20 907
63 69 4 3 2 907
63 70 4 1 14 907
63 72 4 4 7 907
63 76 4 1 13 907
63 77 4 1 7 907
63 79 4 4 11 907
63 82 4 4 16 907
63 83 4 3 2 907
63 86 4 2 11 907
63 89 4 4 15 907
63 93 4 3 10 907
63 94 4 4 19 907
63 95 4 3 4 907
63 96 4 3 13 907
63 98 4 3 22 907
64 1 1 4 15 194
64 3 1 3 25 194
64 5 1 4 13 194
64 6 1 1 2 194
64 7 1 4 4 194
64 9 1 1 6 194
64 10 1 3 17 194
64 11 1 1 21 194
64 12 1 4 23 194
64 15 1 1 9 194
64 18 1 2 3 194
64 20 1 1 20 194
64 23 1 4 24 194
64 25 1 3 4 194
64 30 1 1 21 194
64 32 1 1 24 194
64 33 1 4 24 194
64 37 1 4 17 194
64 40 1 4 20 194
64 41 1 3 8 194
64 42 1 1 3 194
64 46 1 1 24 194
64 47 1 1 18 194
64 48 1 3 4 194
64 49 1 1 13 194
64 54 1 2 21 194
64 60 1 1 5 194
64 61 1 2 22 194
64 62 1 1 15 194
64 66 1 1 7 194
64 67 1 3 24 194
64 68 1 3 15 194
64 69 1 3 11 194
64 71 1 1 2 194
64 74 1 2 9 194
64 78 1 4 7 194
64 81 1 2 11 194
64 83 1 3 25 194
64 85 1 1 15 194
64 86 1 2 11 194
64 91 1 1 24 194
64 95 1 3 10 194
64 97 1 2 2 194
64 99 1 4 21 194
65 2 4 2 13 76
65 3 4 3 5 76
65 4 4 3 25 76
65 5 4 4 11 76
65 7 4 4 20 76
65 9 4 1 1 76
65 10 4 3 6 76
65 12 4 4 8 76
65 14 4 2 1 76
65 15 4 1 15 76
65 17 4 2 19 76
65 18 4 2 17 76
65 19 4 1 11 76
65 20 4 1 6 76
65 21 4 4 24 76
65 24 4 2 11 76
65 26 4 2 12 76
65 28 4 2 1 76
65 29 4 2 25 76
65 30 4 1 9 76
65 32 4 1 8 76
65 33 4 4 17 76
65 35 4 3 23 76
65 37 4 4 13 76
65 40 4 4 11 76
65 41 4 3 9 76
65 42 4 1 2 76
65 43 4 4 22 76
65 45 4 1 15 76
65 50 4 2 1 76
65 52 4 3 5 76
65 53 4 2 10 76
65 54 4 2 3 76
65 58 4 3 15 76
65 59 4 4 15 76
65 70 4 1 24 76
65 71 4 1 6 76
65 75 4 1 6 76
65 78 4 4 17 76
65 81 4 2 12 76
65 83 4 3 19 76
65 85 4 1 5 76
65 86 4 2 16 76
65 87 4 1 22 76
65 88 4 2 13 76
65 90 4 4 7 76
65 91 4 1 16 76
65 93 4 3 16 76
65 94 4 4 12 76
65 96 4 3 15 76
65 97 4 2 9 76
65 98 4 3 3 76
65 99 4 4 15 76
66 1 1 4 1 297
66 2 1 2 5 297
66 3 1 3 3 297
66 5 1 4 3 297
66 10 1 3 7 297
66 11 1 1 17 297
66 12 1 4 23 297
66 13 1 1 12 297
66 20 1 1 6 297
66 22 1 1 18 297
66 23 1 4 18 297
66 24 1 2 18 297
66 25 1 3 14 297
66 26 1 2 10 297
66 27 1 2 8 297
66 29 1 2 1 297
66 32 1 1 1 297
66 33 1 4 19 297
66 34 1 1 10 297
66 38 1 1 5 297
66 39 1 2 8 297
66 42 1 1 23 297
66 43 1 4 4 297
66 44 1 2 5 297
66 54 1 2 15 297
66 55 1 3 21 297
66 57 1 2 2 297
66 59 1 4 16 297
66 62 1 1 18 297
66 64 1 1 7 297
66 67 1 3 13 297
66 68 1 3 1 297
66 71 1 1 7 297
66 73 1 4 15 297
66 74 1 2 12 297
66 75 1 1 22 297
66 77 1 1 1 297
66 78 1 4 16 297
66 80 1 2 5 297
66 82 1 4 24 297
66 85 1 1 8 297
66 87 1 1 24 297
66 92 1 2 2 297
66 95 1 3 25 297
66 98 1 3 18 297
66 99 1 4 14 297
67 0 3 3 17 289
67 3 3 3 4 289
67 4 3 3 22 289
67 6 3 1 22 289
67 8 3 3 16 289
67 9 3 1 21 289
67 10 3 3 25 289
67 12 3 4 18 289
67 14 3 2 1 289
67 16 3 4 16 289
67 17 3 2 16 289
67 18 3 2 13 289
67 19 3 1 15 289
67 20 3 1 4 289
67 22 3 1 6 289
67 23 3 4 10 289
67 24 3 2 20 289
67 25 3 3 11 289
67 28 3 2 11 289
67 29 3 2 19 289
67 31 3 3 10 289
67 33 3 4 3 289
67 34 3 1 20 289
67 36 3 3 2 289
67 40 3 4 23 289
67 42 3 1 17 289
67 45 3 1 20 289
67 46 3 1 4 289
67 47 3 1 24 289
67 52 3 3 3 289
67 60 3 1 24 289
67 64 3 1 24 289
67 66 3 1 13 289
67 68 3 3 16 289
67 69 3 3 12 289
67 70 3 1 25 289
67 71 3 1 10 289
67 75 3 1 7 289
67 76 3 1 19 289
67 77 3 1 14 289
67 78 3 4 16 289
67 87 3 1 12 289
67 88 3 2 25 289
67 89 3 4 1 289
67 90 3 4 2 289
67 91 3 1 20 289
67 92 3 2 6 289
67 94 3 4 9 289
67 96 3 3 15 289
68 6 3 1 19 129
68 7 3 4 7 129
68 9 3 1 1 129
68 11 3 1 1 129
68 14 3 2 17 129
68 15 3 1 1 129
68 17 3 2 13 129
68 19 3 1 10 129
68 23 3 4 21 129
68 25 3 3 9 129
68 26 3 2 4 129
68 33 3 4 14 129
68 34 3 1 11 129
68 35 3 3 8 129
68 36 3 3 17 129
68 43 3 4 12 129
68 44 3 2 8 129
68 46 3 1 7 129
68 50 3 2 16 129
68 52 3 3 6 129
68 53 3 2 19 129
68 54 3 2 7 129
68 55 3 3 18 129
68 56 3 2 2 129
68 57 3 2 24 129
68 58 3 3 7 129
68 61 3 2 19 129
68 64 3 1 15 129
68 66 3 1 1 129
68 67 3 3 16 129
68 69 3 3 5 129
68 70 3 1 3 129
68 73 3 4 6 129
68 74 3 2 22 129
68 75 3 1 18 129
68 76 3 1 2 129
68 78 3 4 5 129
68 79 3 4 18 129
68 81 3 2 1 129
68 84 3 2 8 129
68 85 3 1 9 129
68 87 3 1 22 129
68 90 3 4 22 129
68 94 3 4 18 129
68 95 3 3 24 129
68 96 3 3 2 129
68 98 3 3 16 129
69 1 3 4 9 806
69 2 3 2 21 806
69 4 3 3 25 806
69 5 3 4 18 806
69 6 3 1 11 806
69 7 3 4 24 806
69 8 3 3 4 806
69 13 3 1 6 806
69 14 3 2 17 806
69 15 3 1 14 806
69 16 3 4 14 806
69 17 3 2 23 806
69 18 3 2 21 806
69 21 3 4 6 806
69 22 3 1 14 806
69 25 3 3 4 806
69 26 3 2 1 806
69 28 3 2 20 806
69 30 3 1 16 806
69 32 3 1 4 806
69 33 3 4 16 806
69 35 3 3 20 806
69 37 3 4 13 806
69 41 3 3 12 806
69 43 3 4 21 806
69 44 3 2 9 806
69 45 3 1 11 806
69 47 3 1 7 806
69 48 3 3 20 806
69 49 3 1 24 806
69 50 3 2 3 806
69 51 3 4 13 806
69 52 3 3 24 806
69 53 3 2 8 806
69 54 3 2 18 806
69 58 3 3 14 806
69 59 3 4 16 806
69 62 3 1 25 806
69 63 3 4 2 806
69 64 3 1 11 806
69 67 3 3 12 806
69 68 3 3 5 806
69 72 3 4 21 806
69 73 3 4 20 806
69 74 3 2 6 806
69 76 3 1 24 806
69 80 3 2 17 806
69 82 3 4 16 806
69 84 3 2 6 806
69 87 3 1 17 806
69 88 3 2 24 806
69 90 3 4 3 806
69 92 3 2 10 806
69 96 3 3 21 806
69 97 3 2 16 806
70 3 1 3 22 667
70 4 1 3 22 667
70 10 1 3 18 667
70 11 1 1 9 667
70 12 1 4 17 667
70 14 1 2 3 667
70 15 1 1 25 667
70 16 1 4 11 667
70 21 1 4 10 667
70 22 1 1 11 667
70 23 1 4 12 667
70 27 1 2 15 667
70 28 1 2 12 667
70 29 1 2 10 667
70 30 1 1 18 667
70 36 1 3 20 667
70 39 1 2 22 667
70 42 1 1 6 667
70 45 1 1 9 667
70 46 1 1 16 667
70 48 1 3 8 667
70 50 1 2 5 667
70 51 1 4 7 667
70 52 1 3 4 667
70 54 1 2 9 667
70 58 1 3 6 667
70 59 1 4 22 667
70 62 1 1 1 667
70 63 1 4 14 667
70 65 1 4 24 667
70 67 1 3 25 667
70 68 1 3 3 667
70 74 1 2 20 667
70 76 1 1 23 667
70 79 1 4 1 667
70 80 1 2 9 667
70 81 1 2 5 667
70 82 1 4 8 667
70 83 1 3 14 667
70 84 1 2 3 667
70 85 1 1 17 667
70 86 1 2 18 667
70 87 1 1 11 667
70 88 1 2 17 667
70 89 1 4 24 667
70 91 1 1 18 667
70 95 1 3 17 667
70 96 1 3 2 667
70 97 1 2 6 667
70 98 1 3 23 667
70 99 1 4 24 667
71 0 1 3 2 965
71 2 1 2 20 965
71 3 1 3 12 965
71 4 1 3 4 965
71 5 1 4 20 965
71 7 1 4 9 965
71 9 1 1 20 965
71 11 1 1 5 965
71 12 1 4 9 965
71 13 1 1 13 965
71 17 1 2 15 965
71 19 1 1 17 965
71 21 1 4 18 965
71 22 1 1 9 965
71 23 1 4 13 965
71 28 1 2 23 965
71 29 1 2 18 965
71 30 1 1 25 965
71 31 1 3 7 965
71 33 1 4 20 965
71 34 1 1 8 965
71 35 1 3 15 965
71 40 1 4 5 965
71 41 1 3 10 965
71 42 1 1 9 965
71 43 1 4 8 965
71 45 1 1 21 965
71 46 1 1 9 965
71 49 1 1 20 965
71 51 1 4 7 965
71 53 1 2 3 965
71 54 1 2 5 965
71 55 1 3 8 965
71 56 1 2 23 965
71 57 1 2 4 965
71 62 1 1 2 965
71 64 1 1 2 965
71 65 1 4 6 965
71 66 1 1 7 965
71 67 1 3 10 965
71 73 1 4 17 965
71 75 1 1 14 965
71 76 1 1 13 965
71 77 1 1 5 965
71 80 1 2 6 965
71 82 1 4 13 965
71 86 1 2 23 965
71 87 1 1 7 965
71 89 1 4 4 965
71 91 1 1 25 965
71 94 1 4 10 965
71 95 1 3 15 965
71 96 1 3 5 965
71 99 1 4 21 965
72 2 4 2 15 985
72 3 4 3 6 985
72 4 4 3 12 985
72 7 4 4 10 985
72 8 4 3 8 985
72 9 4 1 13 985
72 10 4 3 12 985
72 11 4 1 3 985
72 15 4 1 7 985
72 17 4 2 17 985
72 18 4 2 5 985
72 19 4 1 10 985
72 23 4 4 11 985
72 24 4 2 24 985
72 27 4 2 12 985
72 28 4 2 11 985
72 30 4 1 17 985
72 34 4 1 14 985
72 37 4 4 18 985
72 40 4 4 20 985
72 41 4 3 17 985
72 42 4 1 16 985
72 43 4 4 14 985
72 46 4 1 11 985
72 47 4 1 25 985
72 49 4 1 15 985
72 50 4 2 1 985
72 51 4 4 2 985
72 52 4 3 12 985
72 53 4 2 2 985
72 54 4 2 22 985
72 55 4 3 16 985
72 59 4 4 18 985
72 61 4 2 11 985
72 62 4 1 24 985
72 63 4 4 7 985
72 69 4 3 21 985
72 77 4 1 24 985
72 78 4 4 12 985
72 79 4 4 24 985
72 81 4 2 4 985
72 82 4 4 1 985
72 87 4 1 15 985
72 88 4 2 19 985
72 89 4 4 10 985
72 95 4 3 3 985
72 96 4 3 11 985
73 4 4 3 19 891
73 5 4 4 10 891
73 8 4 3 19 891
73 12 4 4 12 891
73 13 4 1 3 891
73 14 4 2 7 891
73 16 4 4 16 891
73 17 4 2 5 891
73 19 4 1 9 891
73 20 4 1 11 891
73 21 4 4 2 891
73 23 4 4 21 891
73 25 4 3 10 891
73 26 4 2 15 891
73 27 4 2 23 891
73 30 4 1 7 891
73 32 4 1 14 891
73 33 4 4 12 891
73 35 4 3 19 891
73 36 4 3 4 891
73 37 4 4 23 891
73 40 4 4 21 891
73 42 4 1 24 891
73 43 4 4 16 891
73 44 4 2 7 891
73 46 4 1 23 891
73 47 4 1 15 891
73 48 4 3 17 891
73 51 4 4 12 891
73 52 4 3 13 891
73 55 4 3 8 891
73 56 4 2 2 891
73 60 4 1 13 891
73 66 4 1 15 891
73 68 4 3 6 891
73 69 4 3 20 891
73 71 4 1 17 891
73 74 4 2 17 891
73 76 4 1 24 891
73 79 4 4 7 891
73 80 4 2 14 891
73 81 4 2 23 891
73 83 4 3 4 891
73 86 4 2 24 891
73 87 4 1 19 891
73 88 4 2 16 891
73 91 4 1 8 891
73 92 4 2 8 891
73 93 4 3 11 891
73 96 4 3 2 891
73 97 4 2 11 891
73 98 4 3 22 891
74 0 2 3 11 651
74 1 2 4 16 651
74 4 2 3 6 651
74 5 2 4 1 651
74 9 2 1 10 651
74 10 2 3 10 651
74 11 2 1 17 651
74 12 2 4 5 651
74 14 2 2 12 651
74 15 2 1 21 651
74 16 2 4 21 651
74 18 2 2 3 651
74 19 2 1 13 651
74 20 2 1 5 651
74 27 2 2 18 651
74 34 2 1 6 651
74 35 2 3 17 651
74 36 2 3 22 651
74 37 2 4 3 651
74 38 2 1 10 651
74 39 2 2 23 651
74 41 2 3 10 651
74 42 2 1 17 651
74 44 2 2 23 651
74 45 2 1 6 651
74 46 2 1 6 651
74 48 2 3 12 651
74 49 2 1 9 651
74 53 2 2 16 651
74 55 2 3 23 651
74 56 2 2 10 651
74 58 2 3 19 651
74 59 2 4 13 651
74 64 2 1 9 651
74 66 2 1 12 651
74 68 2 3 22 651
74 69 2 3 6 651
74 70 2 1 20 651
74 73 2 4 17 651
74 75 2 1 3 651
74 76 2 1 11 651
74 77 2 1 9 651
74 79 2 4 9 651
74 81 2 2 23 651
74 82 2 4 23 651
74 84 2 2 25 651
74 86 2 2 15 651
74 87 2 1 21 651
74 89 2 4 11 651
74 90 2 4 2 651
74 91 2 1 17 651
74 92 2 2 15 651
74 97 2 2 24 651
74 99 2 4 14 651
75 2 1 2 14 57
75 9 1 1 24 57
75 11 1 1 18 57
75 12 1 4 15 57
75 15 1 1 22 57
75 16 1 4 5 57
75 18 1 2 13 57
75 22 1 1 25 57
75 23 1 4 13 57
75 24 1 2 3 57
75 25 1 3 15 57
75 28 1 2 9 57
75 33 1 4 21 57
75 34 1 1 24 57
75 35 1 3 9 57
75 37 1 4 16 57
75 39 1 2 20 57
75 41 1 3 12 57
75 46 1 1 12 57
75 48 1 3 13 57
75 50 1 2 5 57
75 51 1 4 8 57
75 53 1 2 12 57
75 56 1 2 16 57
75 57 1 2 7 57
75 65 1 4 6 57
75 66 1 1 22 57
75 67 1 3 7 57
75 68 1 3 18 57
75 71 1 1 14 57
75 74 1 2 3 57
75 81 1 2 19 57
75 83 1 3 24 57
75 85 1 1 17 57
75 88 1 2 24 57
75 90 1 4 18 57
75 93 1 3 2 57
75 94 1 4 3 57
75 96 1 3 23 57
75 97 1 2 5 57
75 98 1 3 14 57
76 0 1 3 16 739
76 5 1 4 19 739
76 7 1 4 16 739
76 8 1 3 24 739
76 9 1 1 9 739
76 10 1 3 24 739
76 11 1 1 22 739
76 12 1 4 8 739
76 14 1 2 25 739
76 17 1 2 18 739
76 18 1 2 5 739
76 22 1 1 15 739
76 26 1 2 21 739
76 29 1 2 14 739
76 30 1 1 5 739
76 34 1 1 7 739
76 37 1 4 18 739
76 39 1 2 25 739
76 40 1 4 20 739
76 42 1 1 10 739
76 43 1 4 24 739
76 45 1 1 11 739
76 46 1 1 11 739
76 49 1 1 14 739
76 50 1 2 6 739
76 52 1 3 7 739
76 53 1 2 1 739
76 54 1 2 2 739
76 56 1 2 20 739
76 59 1 4 3 739
76 60 1 1 4 739
76 61 1 2 13 739
76 63 1 4 13 739
76 67 1 3 19 739
76 68 1 3 2 739
76 69 1 3 24 739
76 70 1 1 23 739
76 71 1 1 13 739
76 73 1 4 24 739
76 74 1 2 11 739
76 77 1 1 13 739
76 78 1 4 6 739
76 79 1 4 14 739
76 81 1 2 17 739
76 83 1 3 13 739
76 84 1 2 2 739
76 85 1 1 18 739
76 86 1 2 2 739
76 87 1 1 21 739
76 88 1 2 10 739
76 93 1 3 9 739
76 94 1 4 8 739
76 97 1 2 3 739
76 98 1 3 4 739
77 0 1 3 21 847
77 2 1 2 12 847
77 3 1 3 10 847
77 4 1 3 5 847
77 5 1 4 13 847
77 7 1 4 23 847
77 9 1 1 5 847
77 14 1 2 17 847
77 16 1 4 13 847
77 17 1 2 20 847
77 24 1 2 17 847
77 25 1 3 24 847
77 26 1 2 12 847
77 28 1 2 18 847
77 29 1 2 23 847
77 33 1 4 7 847
77 34 1 1 21 847
77 35 1 3 25 847
77 36 1 3 11 847
77 38 1 1 21 847
77 42 1 1 23 847
77 44 1 2 21 847
77 50 1 2 22 847
77 51 1 4 5 847
77 52 1 3 7 847
77 54 1 2 12 847
77 55 1 3 4 847
77 56 1 2 20 847
77 58 1 3 19 847
77 59 1 4 5 847
77 60 1 1 23 847
77 61 1 2 8 847
77 63 1 4 7 847
77 66 1 1 1 847
77 67 1 3 14 847
77 71 1 1 5 847
77 72 1 4 24 847
77 74 1 2 9 847
77 76 1 1 13 847
77 78 1 4 10 847
77 80 1 2 18 847
77 82 1 4 4 847
77 83 1 3 2 847
77 86 1 2 15 847
77 87 1 1 11 847
77 88 1 2 18 847
77 89 1 4 13 847
77 91 1 1 21 847
77 94 1 4 8 847
77 97 1 2 16 847
77 98 1 3 21 847
77 99 1 4 1 847
78 1 4 4 4 466
78 4 4 3 12 466
78 6 4 1 4 466
78 7 4 4 25 466
78 10 4 3 5 466
78 16 4 4 19 466
78 17 4 2 17 466
78 18 4 2 4 466
78 25 4 3 24 466
78 26 4 2 4 466
78 31 4 3 18 466
78 32 4 1 17 466
78 36 4 3 1 466
78 37 4 4 6 466
78 38 4 1 19 466
78 40 4 4 20 466
78 42 4 1 10 466
78 44 4 2 13 466
78 46 4 1 7 466
78 51 4 4 4 466
78 52 4 3 10 466
78 54 4 2 22 466
78 55 4 3 20 466
78 57 4 2 25 466
78 58 4 3 7 466
78 59 4 4 23 466
78 60 4 1 4 466
78 61 4 2 25 466
78 64 4 1 7 466
78 65 4 4 17 466
78 66 4 1 16 466
78 67 4 3 16 466
78 68 4 3 5 466
78 72 4 4 12 466
78 76 4 1 6 466
78 77 4 1 10 466
78 79 4 4 8 466
78 80 4 2 23 466
78 83 4 3 24 466
78 85 4 1 15 466
78 86 4 2 4 466
78 87 4 1 20 466
78 91 4 1 4 466
78 92 4 2 7 466
78 93 4 3 12 466
78 94 4 4 11 466
78 99 4 4 6 466
79 1 4 4 16 991
79 2 4 2 6 991
79 3 4 3 6 991
79 4 4 3 9 991
79 5 4 4 20 991
79 7 4 4 13 991
79 12 4 4 13 991
79 14 4 2 19 991
79 16 4 4 18 991
79 17 4 2 22 991
79 19 4 1 19 991
79 20 4 1 25 991
79 22 4 1 22 991
79 26 4 2 23 991
79 27 4 2 22 991
79 29 4 2 4 991
79 30 4 1 18 991
79 32 4 1 22 991
79 33 4 4 9 991
79 35 4 3 24 991
79 36 4 3 19 991
79 41 4 3 14 991
79 44 4 2 5 991
79 46 4 1 7 991
79 47 4 1 19 991
79 50 4 2 20 991
79 55 4 3 13 991
79 58 4 3 21 991
79 59 4 4 2 991
79 60 4 1 4 991
79 62 4 1 14 991
79 63 4 4 11 991
79 68 4 3 18 991
79 70 4 1 1 991
79 72 4 4 24 991
79 73 4 4 7 991
79 74 4 2 9 991
79 76 4 1 14 991
79 78 4 4 8 991
79 80 4 2 11 991
79 81 4 2 24 991
79 82 4 4 2 991
79 84 4 2 12 991
79 86 4 2 15 991
79 87 4 1 4 991
79 89 4 4 15 991
79 90 4 4 24 991
79 91 4 1 6 991
79 97 4 2 5 991
79 99 4 4 14 991
80 1 2 4 12 750
80 2 2 2 15 750
80 3 2 3 11 750
80 4 2 3 7 750
80 7 2 4 5 750
80 8 2 3 6 750
80 9 2 1 1 750
80 11 2 1 15 750
80 13 2 1 6 750
80 16 2 4 24 750
80 17 2 2 6 750
80 20 2 1 23 750
80 21 2 4 16 750
80 26 2 2 8 750
80 30 2 1 10 750
80 31 2 3 1 750
80 33 2 4 7 750
80 35 2 3 23 750
80 39 2 2 4 750
80 40 2 4 3 750
80 42 2 1 2 750
80 43 2 4 24 750
80 44 2 2 24 750
80 45 2 1 10 750
80 47 2 1 10 750
80 51 2 4 9 750
80 52 2 3 5 750
80 54 2 2 2 750
80 57 2 2 14 750
80 58 2 3 23 750
80 59 2 4 22 750
80 61 2 2 6 750
80 66 2 1 5 750
80 69 2 3 17 750
80 70 2 1 9 750
80 71 2 1 6 750
80 73 2 4 14 750
80 77 2 1 18 750
80 78 2 4 23 750
80 79 2 4 11 750
80 82 2 4 18 750
80 84 2 2 1 750
80 86 2 2 14 750
80 88 2 2 11 750
80 89 2 4 21 750
80 92 2 2 12 750
80 95 2 3 7 750
80 99 2 4 8 750
81 3 2 3 19 391
81 6 2 1 21 391
81 8 2 3 4 391
81 9 2 1 23 391
81 10 2 3 15 391
81 17 2 2 15 391
81 19 2 1 12 391
81 20 2 1 13 391
81 21 2 4 8 391
81 22 2 1 20 391
81 24 2 2 12 391
81 25 2 3 1 391
81 27 2 2 15 391
81 29 2 2 17 391
81 30 2 1 11 391
81 31 2 3 9 391
81 32 2 1 14 391
81 35 2 3 21 391
81 36 2 3 19 391
81 37 2 4 22 391
81 41 2 3 17 391
81 43 2 4 4 391
81 44 2 2 9 391
81 45 2 1 10 391
81 46 2 1 18 391
81 48 2 3 20 391
81 53 2 2 15 391
81 64 2 1 11 391
81 65 2 4 12 391
81 68 2 3 1 391
81 70 2 1 5 391
81 72 2 4 4 391
81 73 2 4 23 391
81 74 2 2 23 391
81 75 2 1 19 391
81 76 2 1 17 391
81 79 2 4 24 391
81 82 2 4 1 391
81 84 2 2 22 391
81 85 2 1 24 391
81 89 2 4 4 391
81 91 2 1 9 391
81 93 2 3 3 391
81 97 2 2 25 391
81 98 2 3 10 391
82 0 4 3 14 227
82 2 4 2 23 227
82 3 4 3 7 227
82 4 4 3 7 227
82 5 4 4 5 227
82 6 4 1 9 227
82 7 4 4 9 227
82 12 4 4 11 227
82 13 4 1 21 227
82 15 4 1 2 227
82 18 4 2 14 227
82 20 4 1 15 227
82 22 4 1 6 227
82 24 4 2 11 227
82 27 4 2 9 227
82 29 4 2 10 227
82 31 4 3 21 227
82 32 4 1 7 227
82 34 4 1 20 227
82 35 4 3 10 227
82 36 4 3 13 227
82 38 4 1 19 227
82 39 4 2 17 227
82 40 4 4 9 227
82 41 4 3 25 227
82 44 4 2 21 227
82 45 4 1 20 227
82 49 4 1 1 227
82 52 4 3 3 227
82 53 4 2 13 227
82 55 4 3 10 227
82 56 4 2 25 227
82 58 4 3 2 227
82 60 4 1 25 227
82 62 4 1 17 227
82 63 4 4 16 227
82 66 4 1 24 227
82 69 4 3 16 227
82 70 4 1 8 227
82 71 4 1 13 227
82 72 4 4 1 227
82 74 4 2 23 227
82 77 4 1 4 227
82 79 4 4 2 227
82 80 4 2 18 227
82 81 4 2 1 227
82 86 4 2 1 227
82 87 4 1 5 227
82 89 4 4 16 227
82 90 4 4 14 227
82 92 4 2 7 227
82 93 4 3 8 227
82 94 4 4 2 227
82 95 4 3 21 227
82 96 4 3 16 227
82 99 4 4 9 227
83 1 3 4 4 238
83 9 3 1 7 238
83 10 3 3 16 238
83 11 3 1 2 238
83 13 3 1 2 238
83 15 3 1 10 238
83 16 3 4 17 238
83 17 3 2 5 238
83 18 3 2 16 238
83 19 3 1 8 238
83 20 3 1 9 238
83 21 3 4 10 238
83 22 3 1 21 238
83 23 3 4 10 238
83 29 3 2 13 238
83 32 3 1 24 238
83 35 3 3 25 238
83 36 3 3 4 238
83 38 3 1 12 238
83 39 3 2 21 238
83 40 3 4 10 238
83 41 3 3 16 238
83 42 3 1 5 238
83 43 3 4 18 238
83 45 3 1 1 238
83 46 3 1 19 238
83 47 3 1 8 238
83 48 3 3 19 238
83 50 3 2 20 238
83 51 3 4 9 238
83 53 3 2 2 238
83 54 3 2 21 238
83 56 3 2 2 238
83 57 3 2 6 238
83 60 3 1 24 238
83 63 3 4 2 238
83 64 3 1 25 238
83 65 3 4 19 238
83 70 3 1 14 238
83 73 3 4 4 238
83 75 3 1 24 238
83 76 3 1 13 238
83 77 3 1 2 238
83 78 3 4 24 238
83 84 3 2 15 238
83 86 3 2 5 238
83 88 3 2 5 238
83 89 3 4 2 238
83 91 3 1 22 238
83 92 3 2 16 238
83 95 3 3 23 238
83 96 3 3 5 238
84 1 2 4 1 934
84 3 2 3 4 934
84 5 2 4 5 934
84 6 2 1 21 934
84 10 2 3 22 934
84 11 2 1 13 934
84 14 2 2 20 934
84 16 2 4 17 934
84 18 2 2 18 934
84 19 2 1 16 934
84 20 2 1 6 934
84 21 2 4 14 934
84 23 2 4 16 934
84 24 2 2 20 934
84 25 2 3 10 934
84 27 2 2 25 934
84 29 2 2 2 934
84 30 2 1 10 934
84 31 2 3 21 934
84 32 2 1 22 934
84 33 2 4 6 934
84 36 2 3 20 934
84 38 2 1 23 934
84 39 2 2 19 934
84 42 2 1 14 934
84 43 2 4 13 934
84 44 2 2 6 934
84 45 2 1 14 934
84 50 2 2 16 934
84 53 2 2 10 934
84 54 2 2 16 934
84 59 2 4 7 934
84 68 2 3 8 934
84 69 2 3 6 934
84 70 2 1 3 934
84 74 2 2 25 934
84 76 2 1 2 934
84 79 2 4 12 934
84 80 2 2 1 934
84 81 2 2 22 934
84 83 2 3 15 934
84 86 2 2 11 934
84 88 2 2 8 934
84 89 2 4 12 934
84 90 2 4 16 934
84 93 2 3 25 934
84 98 2 3 16 934
84 99 2 4 4 934
85 0 1 3 1 930
85 2 1 2 13 930
85 4 1 3 17 930
85 5 1 4 9 930
85 6 1 1 21 930
85 7 1 4 22 930
85 8 1 3 24 930
85 11 1 1 8 930
85 14 1 2 9 930
85 15 1 1 9 930
85 16 1 4 5 930
85 17 1 2 12 930
85 19 1 1 2 930
85 20 1 1 12 930
85 23 1 4 5 930
85 25 1 3 18 930
85 26 1 2 9 930
85 28 1 2 7 930
85 33 1 4 22 930
85 36 1 3 2 930
85 38 1 1 9 930
85 39 1 2 13 930
85 41 1 3 25 930
85 43 1 4 19 930
85 47 1 1 22 930
85 48 1 3 7 930
85 49 1 1 17 930
85 51 1 4 19 930
85 53 1 2 20 930
85 54 1 2 3 930
85 55 1 3 21 930
85 62 1 1 9 930
85 64 1 1 15 930
85 65 1 4 5 930
85 66 1 1 8 930
85 68 1 3 9 930
85 70 1 1 17 930
85 75 1 1 17 930
85 76 1 1 18 930
85 78 1 4 15 930
85 81 1 2 24 930
85 90 1 4 6 930
85 91 1 1 4 930
85 92 1 2 16 930
85 93 1 3 15 930
85 95 1 3 2 930
85 97 1 2 20 930
85 98 1 3 17 930
86 1 2 4 9 555
86 4 2 3 12 555
86 6 2 1 10 555
86 13 2 1 19 555
86 15 2 1 15 555
86 16 2 4 1 555
86 17 2 2 5 555
86 18 2 2 20 555
86 21 2 4 11 555
86 23 2 4 15 555
86 25 2 3 4 555
86 27 2 2 5 555
86 30 2 1 25 555
86 34 2 1 12 555
86 40 2 4 22 555
86 41 2 3 5 555
86 42 2 1 16 555
86 45 2 1 11 555
86 47 2 1 12 555
86 52 2 3 21 555
86 54 2 2 4 555
86 60 2 1 8 555
86 62 2 1 7 555
86 63 2 4 11 555
86 64 2 1 11 555
86 65 2 4 16 555
86 70 2 1 18 555
86 71 2 1 23 555
86 73 2 4 24 555
86 74 2 2 15 555
86 76 2 1 2 555
86 77 2 1 15 555
86 78 2 4 4 555
86 79 2 4 15 555
86 80 2 2 14 555
86 82 2 4 1 555
86 83 2 3 5 555
86 84 2 2 11 555
86 87 2 1 22 555
86 90 2 4 2 555
86 93 2 3 5 555
86 94 2 4 19 555
86 96 2 3 4 555
87 0 1 3 3 252
87 1 1 4 14 252
87 3 1 3 11 252
87 7 1 4 16 252
87 8 1 3 4 252
87 9 1 1 24 252
87 10 1 3 20 252
87 11 1 1 3 252
87 13 1 1 4 252
87 14 1 2 15 252
87 15 1 1 15 252
87 16 1 4 17 252
87 18 1 2 25 252
87 20 1 1 24 252
87 21 1 4 6 252
87 22 1 1 12 252
87 24 1 2 13 252
87 25 1 3 24 252
87 29 1 2 4 252
87 31 1 3 17 252
87 32 1 1 8 252
87 33 1 4 24 252
87 34 1 1 11 252
87 36 1 3 22 252
87 37 1 4 19 252
87 38 1 1 11 252
87 39 1 2 14 252
87 40 1 4 20 252
87 41 1 3 23 252
87 43 1 4 23 252
87 44 1 2 2 252
87 46 1 1 3 252
87 47 1 1 2 252
87 48 1 3 25 252
87 49 1 1 18 252
87 50 1 2 5 252
87 52 1 3 3 252
87 53 1 2 6 252
87 54 1 2 7 252
87 56 1 2 21 252
87 57 1 2 1 252
87 59 1 4 21 252
87 60 1 1 10 252
87 61 1 2 15 252
87 62 1 1 25 252
87 65 1 4 22 252
87 66 1 1 24 252
87 67 1 3 12 252
87 68 1 3 22 252
87 69 1 3 17 252
87 70 1 1 11 252
87 71 1 1 7 252
87 72 1 4 15 252
87 73 1 4 19 252
87 74 1 2 21 252
87 76 1 1 21 252
87 77 1 1 11 252
87 78 1 4 20 252
87 79 1 4 4 252
87 82 1 4 5 252
87 86 1 2 22 252
87 88 1 2 7 252
87 90 1 4 5 252
87 92 1 2 3 252
87 93 1 3 15 252
87 94 1 4 2 252
87 98 1 3 2 252
88 3 2 3 4 780
88 4 2 3 9 780
88 6 2 1 15 780
88 7 2 4 8 780
88 8 2 3 7 780
88 9 2 1 2 780
88 10 2 3 6 780
88 11 2 1 12 780
88 12 2 4 3 780
88 13 2 1 15 780
88 15 2 1 6 780
88 18 2 2 20 780
88 19 2 1 16 780
88 20 2 1 3 780
88 21 2 4 22 780
88 24 2 2 15 780
88 25 2 3 19 780
88 33 2 4 5 780
88 37 2 4 15 780
88 41 2 3 15 780
88 44 2 2 18 780
88 46 2 1 7 780
88 47 2 1 18 780
88 50 2 2 2 780
88 52 2 3 3 780
88 53 2 2 22 780
88 54 2 2 14 780
88 56 2 2 22 780
88 58 2 3 25 780
88 59 2 4 8 780
88 65 2 4 13 780
88 67 2 3 25 780
88 69 2 3 24 780
88 70 2 1 17 780
88 72 2 4 19 780
88 73 2 4 16 780
88 75 2 1 24 780
88 76 2 1 10 780
88 77 2 1 18 780
88 80 2 2 11 780
88 83 2 3 5 780
88 84 2 2 8 780
88 87 2 1 7 780
88 91 2 1 16 780
88 93 2 3 13 780
88 94 2 4 4 780
88 95 2 3 12 780
88 96 2 3 20 780
88 97 2 2 10 780
88 98 2 3 16 780
89 1 4 4 23 490
89 2 4 2 7 490
89 6 4 1 4 490
89 8 4 3 17 490
89 9 4 1 22 490
89 11 4 1 19 490
89 12 4 4 11 490
89 15 4 1 4 490
89 18 4 2 5 490
89 20 4 1 6 490
89 23 4 4 21 490
89 24 4 2 18 490
89 26 4 2 14 490
89 28 4 2 2 490
89 31 4 3 19 490
89 32 4 1 21 490
89 34 4 1 4 490
89 36 4 3 9 490
89 38 4 1 12 490
89 41 4 3 17 490
89 43 4 4 15 490
89 46 4 1 3 490
89 48 4 3 24 490
89 49 4 1 9 490
89 51 4 4 25 490
89 53 4 2 18 490
89 55 4 3 10 490
89 57 4 2 16 490
89 60 4 1 24 490
89 63 4 4 15 490
89 67 4 3 1 490
89 70 4 1 24 490
89 71 4 1 4 490
89 72 4 4 10 490
89 74 4 2 11 490
89 77 4 1 13 490
89 79 4 4 15 490
89 80 4 2 21 490
89 81 4 2 4 490
89 82 4 4 16 490
89 83 4 3 2 490
89 84 4 2 12 490
89 91 4 1 16 490
89 95 4 3 13 490
90 1 4 4 19 219
90 2 4 2 11 219
90 4 4 3 25 219
90 7 4 4 6 219
90 10 4 3 25 219
90 12 4 4 24 219
90 13 4 1 3 219
90 14 4 2 12 219
90 15 4 1 20 219
90 16 4 4 3 219
90 17 4 2 12 219
90 20 4 1 6 219
90 22 4 1 20 219
90 29 4 2 17 219
90 30 4 1 22 219
90 33 4 4 24 219
90 34 4 1 23 219
90 36 4 3 14 219
90 37 4 4 19 219
90 38 4 1 5 219
90 39 4 2 8 219
90 42 4 1 10 219
90 44 4 2 3 219
90 45 4 1 12 219
90 48 4 3 3 219
90 49 4 1 2 219
90 50 4 2 6 219
90 51 4 4 1 219
90 54 4 2 14 219
90 55 4 3 21 219
90 61 4 2 24 219
90 65 4 4 7 219
90 67 4 3 2 219
90 68 4 3 22 219
90 69 4 3 3 219
90 74 4 2 2 219
90 75 4 1 18 219
90 79 4 4 24 219
90 82 4 4 14 219
90 84 4 2 16 219
90 85 4 1 6 219
90 86 4 2 2 219
90 87 4 1 5 219
90 91 4 1 2 219
90 93 4 3 12 219
90 96 4 3 17 219
90 98 4 3 3 219
90 99 4 4 22 219
91 5 1 4 2 315
91 6 1 1 15 315
91 7 1 4 7 315
91 8 1 3 24 315
91 9 1 1 20 315
91 11 1 1 23 315
91 12 1 4 3 315
91 13 1 1 9 315
91 16 1 4 4 315
91 19 1 1 23 315
91 20 1 1 10 315
91 21 1 4 20 315
91 24 1 2 8 315
91 25 1 3 16 315
91 27 1 2 5 315
91 31 1 3 13 315
91 33 1 4 13 315
91 34 1 1 10 315
91 40 1 4 12 315
91 43 1 4 1 315
91 45 1 1 9 315
91 47 1 1 5 315
91 48 1 3 25 315
91 50 1 2 11 315
91 54 1 2 3 315
91 56 1 2 17 315
91 58 1 3 9 315
91 59 1 4 6 315
91 61 1 2 14 315
91 64 1 1 24 315
91 65 1 4 16 315
91 67 1 3 20 315
91 70 1 1 18 315
91 71 1 1 25 315
91 73 1 4 8 315
91 74 1 2 17 315
91 77 1 1 21 315
91 78 1 4 4 315
91 79 1 4 6 315
91 81 1 2 9 315
91 83 1 3 22 315
91 85 1 1 4 315
91 88 1 2 16 315
91 89 1 4 16 315
91 90 1 4 2 315
91 93 1 3 13 315
91 94 1 4 7 315
91 96 1 3 19 315
91 99 1 4 11 315
92 1 2 4 5 627
92 3 2 3 2 627
92 4 2 3 2 627
92 5 2 4 18 627
92 7 2 4 15 627
92 10 2 3 17 627
92 12 2 4 3 627
92 13 2 1 22 627
92 16 2 4 2 627
92 18 2 2 18 627
92 21 2 4 25 627
92 33 2 4 23 627
92 34 2 1 8 627
92 35 2 3 17 627
92 37 2 4 10 627
92 39 2 2 9 627
92 41 2 3 19 627
92 43 2 4 14 627
92 45 2 1 7 627
92 46 2 1 6 627
92 52 2 3 17 627
92 53 2 2 23 627
92 54 2 2 18 627
92 55 2 3 6 627
92 57 2 2 25 627
92 59 2 4 19 627
92 61 2 2 10 627
92 62 2 1 22 627
92 66 2 1 2 627
92 67 2 3 6 627
92 69 2 3 10 627
92 73 2 4 8 627
92 74 2 2 15 627
92 78 2 4 7 627
92 80 2 2 12 627
92 82 2 4 7 627
92 83 2 3 16 627
92 85 2 1 16 627
92 87 2 1 3 627
92 95 2 3 17 627
92 96 2 3 18 627
92 98 2 3 18 627
92 99 2 4 3 627
93 2 3 2 5 725
93 3 3 3 7 725
93 11 3 1 1 725
93 14 3 2 5 725
93 17 3 2 17 725
93 20 3 1 6 725
93 21 3 4 25 725
93 22 3 1 6 725
93 23 3 4 25 725
93 25 3 3 6 725
93 27 3 2 16 725
93 32 3 1 6 725
93 33 3 4 20 725
93 34 3 1 14 725
93 35 3 3 24 725
93 38 3 1 16 725
93 39 3 2 10 725
93 44 3 2 21 725
93 45 3 1 13 725
93 46 3 1 17 725
93 47 3 1 11 725
93 49 3 1 4 725
93 51 3 4 16 725
93 56 3 2 8 725
93 57 3 2 20 725
93 61 3 2 11 725
93 63 3 4 10 725
93 65 3 4 16 725
93 73 3 4 11 725
93 75 3 1 2 725
93 76 3 1 9 725
93 78 3 4 12 725
93 81 3 2 3 725
93 82 3 4 8 725
93 84 3 2 25 725
93 85 3 1 15 725
93 86 3 2 5 725
93 87 3 1 15 725
93 88 3 2 13 725
93 90 3 4 12 725
93 91 3 1 13 725
93 97 3 2 9 725
93 98 3 3 12 725
94 3 4 3 7 911
94 6 4 1 3 911
94 7 4 4 5 911
94 9 4 1 21 911
94 10 4 3 1 911
94 15 4 1 8 911
94 17 4 2 18 911
94 19 4 1 17 911
94 20 4 1 20 911
94 23 4 4 20 911
94 24 4 2 9 911
94 28 4 2 5 911
94 29 4 2 17 911
94 30 4 1 23 911
94 31 4 3 7 911
94 34 4 1 18 911
94 37 4 4 5 911
94 39 4 2 1 911
94 40 4 4 6 911
94 42 4 1 23 911
94 43 4 4 5 911
94 45 4 1 7 911
94 47 4 1 12 911
94 48 4 3 24 911
94 49 4 1 8 911
94 52 4 3 1 911
94 54 4 2 1 911
94 55 4 3 15 911
94 58 4 3 25 911
94 61 4 2 25 911
94 62 4 1 25 911
94 63 4 4 19 911
94 65 4 4 12 911
94 67 4 3 9 911
94 68 4 3 18 911
94 71 4 1 10 911
94 75 4 1 3 911
94 76 4 1 8 911
94 77 4 1 8 911
94 78 4 4 11 911
94 82 4 4 2 911
94 86 4 2 19 911
94 87 4 1 2 911
94 88 4 2 4 911
94 91 4 1 7 911
94 96 4 3 11 911
94 99 4 4 4 911
95 0 3 3 19 230
95 2 3 2 23 230
95 6 3 1 8 230
95 7 3 4 23 230
95 8 3 3 4 230
95 9 3 1 7 230
95 12 3 4 23 230
95 13 3 1 16 230
95 14 3 2 5 230
95 16 3 4 24 230
95 17 3 2 5 230
95 18 3 2 24 230
95 20 3 1 25 230
95 21 3 4 22 230
95 22 3 1 16 230
95 26 3 2 2 230
95 27 3 2 5 230
95 30 3 1 5 230
95 33 3 4 16 230
95 36 3 3 11 230
95 37 3 4 23 230
95 38 3 1 24 230
95 39 3 2 4 230
95 42 3 1 9 230
95 43 3 4 19 230
95 45 3 1 11 230
95 46 3 1 2 230
95 47 3 1 22 230
95 50 3 2 2 230
95 51 3 4 18 230
95 53 3 2 12 230
95 54 3 2 20 230
95 55 3 3 8 230
95 56 3 2 1 230
95 57 3 2 4 230
95 61 3 2 19 230
95 63 3 4 4 230
95 64 3 1 10 230
95 66 3 1 25 230
95 68 3 3 24 230
95 70 3 1 17 230
95 71 3 1 15 230
95 72 3 4 3 230
95 80 3 2 7 230
95 82 3 4 21 230
95 83 3 3 23 230
95 85 3 1 2 230
95 88 3 2 12 230
95 89 3 4 13 230
95 92 3 2 17 230
95 96 3 3 16 230
95 97 3 2 1 230
95 99 3 4 8 230
96 4 3 3 17 343
96 5 3 4 11 343
96 10 3 3 2 343
96 11 3 1 3 343
96 12 3 4 25 343
96 15 3 1 12 343
96 16 3 4 2 343
96 17 3 2 13 343
96 23 3 4 14 343
96 32 3 1 6 343
96 35 3 3 18 343
96 36 3 3 9 343
96 37 3 4 14 343
96 39 3 2 23 343
96 40 3 4 5 343
96 42 3 1 24 343
96 43 3 4 14 343
96 45 3 1 20 343
96 46 3 1 23 343
96 47 3 1 23 343
96 49 3 1 13 343
96 51 3 4 9 343
96 53 3 2 14 343
96 54 3 2 8 343
96 55 3 3 5 343
96 56 3 2 4 343
96 57 3 2 3 343
96 58 3 3 1 343
96 59 3 4 15 343
96 61 3 2 5 343
96 62 3 1 1 343
96 63 3 4 13 343
96 65 3 4 15 343
96 67 3 3 15 343
96 68 3 3 2 343
96 69 3 3 21 343
96 70 3 1 2 343
96 71 3 1 5 343
96 72 3 4 11 343
96 73 3 4 2 343
96 75 3 1 23 343
96 82 3 4 16 343
96 83 3 3 5 343
96 86 3 2 4 343
96 88 3 2 20 343
96 90 3 4 17 343
96 91 3 1 19 343
96 92 3 2 18 343
96 94 3 4 11 343
96 95 3 3 16 343
96 98 3 3 5 343
97 1 2 4 11 762
97 2 2 2 11 762
97 8 2 3 12 762
97 10 2 3 6 762
97 12 2 4 23 762
97 14 2 2 2 762
97 17 2 2 14 762
97 18 2 2 1 762
97 19 2 1 10 762
97 21 2 4 8 762
97 22 2 1 17 762
97 23 2 4 10 762
97 24 2 2 9 762
97 26 2 2 15 762
97 27 2 2 8 762
97 28 2 2 9 762
97 29 2 2 20 762
97 30 2 1 4 762
97 32 2 1 8 762
97 33 2 4 10 762
97 35 2 3 5 762
97 36 2 3 24 762
97 37 2 4 23 762
97 43 2 4 11 762
97 48 2 3 16 762
97 49 2 1 23 762
97 51 2 4 21 762
97 54 2 2 25 762
97 55 2 3 23 762
97 59 2 4 8 762
97 62 2 1 18 762
97 64 2 1 2 762
97 65 2 4 9 762
97 69 2 3 16 762
97 70 2 1 6 762
97 73 2 4 11 762
97 74 2 2 24 762
97 75 2 1 5 762
97 76 2 1 3 762
97 77 2 1 16 762
97 79 2 4 5 762
97 81 2 2 25 762
97 85 2 1 20 762
97 88 2 2 10 762
97 93 2 3 9 762
97 95 2 3 1 762
97 99 2 4 10 762
98 1 3 4 5 940
98 8 3 3 19 940
98 10 3 3 3 940
98 14 3 2 6 940
98 15 3 1 15 940
98 17 3 2 10 940
98 19 3 1 14 940
98 25 3 3 2 940
98 26 3 2 22 940
98 28 3 2 10 940
98 29 3 2 22 940
98 30 3 1 25 940
98 31 3 3 9 940
98 33 3 4 2 940
98 35 3 3 23 940
98 36 3 3 11 940
98 44 3 2 22 940
98 48 3 3 7 940
98 51 3 4 25 940
98 53 3 2 24 940
98 56 3 2 8 940
98 58 3 3 20 940
98 59 3 4 7 940
98 62 3 1 8 940
98 63 3 4 22 940
98 65 3 4 3 940
98 66 3 1 18 940
98 68 3 3 16 940
98 70 3 1 23 940
98 73 3 4 22 940
98 75 3 1 14 940
98 76 3 1 4 940
98 77 3 1 21 940
98 81 3 2 10 940
98 84 3 2 16 940
98 85 3 1 17 940
98 87 3 1 2 940
98 88 3 2 16 940
98 90 3 4 3 940
98 92 3 2 18 940
98 93 3 3 12 940
98 96 3 3 5 940
98 99 3 4 25 940
99 0 4 3 13 457
99 2 4 2 2 457
99 6 4 1 14 457
99 9 4 1 2 457
99 10 4 3 5 457
99 17 4 2 17 457
99 19 4 1 10 457
99 22 4 1 13 457
99 24 4 2 14 457
99 26 4 2 7 457
99 30 4 1 24 457
99 32 4 1 20 457
99 33 4 4 3 457
99 37 4 4 15 457
99 39 4 2 8 457
99 40 4 4 21 457
99 45 4 1 3 457
99 47 4 1 20 457
99 48 4 3 11 457
99 51 4 4 22 457
99 55 4 3 6 457
99 56 4 2 3 457
99 58 4 3 4 457
99 59 4 4 14 457
99 60 4 1 18 457
99 62 4 1 10 457
99 64 4 1 21 457
99 65 4 4 15 457
99 66 4 1 14 457
99 70 4 1 24 457
99 71 4 1 21 457
99 74 4 2 14 457
99 77 4 1 1 457
99 78 4 4 6 457
99 79 4 4 14 457
99 80 4 2 8 457
99 82 4 4 9 457
99 84 4 2 4 457
99 90 4 4 22 457
99 91 4 1 11 457
99 92 4 2 3 457
99 94 4 4 4 457
99 95 4 3 8 457
99 97 4 2 10 457
99 98 4 3 25 457
