capacity  cost_by_node
nb_functions 8
25 44 89 76 27 14 75 47 47 32 87 85 55 25 26 81 27 41 27 29 27 94 19 22 37 59 55 11 33 37 41 14 93 35 93 97 92 31 18 45 30 26 45 77 34 51 14 62 97 23 76 
25 91 22 72 48 84 83 88 48 41 34 91 43 66 41 41 99 55 87 70 68 67 44 54 80 86 42 48 45 74 72 65 86 40 68 61 69 29 71 85 52 75 40 60 89 77 25 25 95 40 59 
26 49 82 85 33 51 77 91 80 34 38 15 34 43 36 76 84 47 87 90 62 70 51 93 39 93 74 52 99 95 31 64 51 53 90 43 63 91 73 26 35 50 56 18 15 28 95 57 83 92 96 
22 61 68 25 51 12 70 40 49 61 75 61 82 93 57 62 94 64 96 72 57 26 16 13 88 84 74 32 35 69 57 37 51 64 46 83 38 36 94 97 88 23 26 42 47 91 56 19 21 90 34 
39 25 21 33 31 35 39 50 39 85 63 14 31 49 76 30 89 33 98 21 100 79 15 11 74 11 44 86 40 63 75 72 52 31 58 70 88 28 43 55 23 19 39 47 17 53 25 29 79 56 32 
38 44 88 23 80 21 68 62 94 19 15 57 84 89 76 70 58 66 40 40 28 100 90 23 63 16 19 44 56 54 36 75 30 94 93 97 39 11 46 47 44 84 84 17 73 96 98 45 14 85 56 
31 53 59 36 47 94 20 61 17 55 63 16 53 61 33 18 23 60 30 22 22 29 48 99 61 51 62 91 74 57 89 86 12 98 68 71 46 24 96 58 62 36 40 51 32 26 16 86 28 63 72 
30 17 72 72 97 64 87 71 25 56 79 13 15 48 47 47 25 43 93 98 15 48 59 20 77 49 38 44 45 79 31 52 92 18 21 16 96 85 17 72 73 55 38 29 70 68 41 61 39 96 74 
