capacity  cost_by_node
nb_functions 8
38 40 63 15 50 14 83 70 66 56 75 38 30 55 47 34 78 89 86 25 17 64 32 91 30 16 56 10 58 82 11 60 16 14 80 33 86 60 35 72 61 79 92 75 63 46 51 61 14 50 57 
50 75 17 71 71 20 62 22 20 60 71 42 47 34 63 36 76 58 81 49 91 85 79 62 96 69 44 89 74 94 37 76 58 76 71 52 42 93 34 31 79 77 26 44 22 72 30 97 33 45 42 
53 42 28 18 65 73 37 26 43 86 10 95 86 18 39 57 38 51 74 65 21 77 68 36 58 95 59 47 56 93 50 13 49 57 44 91 11 48 79 24 81 29 70 77 17 24 14 26 16 43 94 
54 29 20 25 49 52 38 37 57 15 48 36 42 80 70 50 82 57 64 72 80 80 84 24 51 26 96 83 45 12 44 36 29 17 14 86 97 67 61 25 61 65 86 89 45 55 89 54 76 100 86 
52 53 71 18 36 51 39 17 67 69 66 24 69 82 57 10 74 55 32 36 54 74 29 39 88 78 67 81 84 29 61 18 56 61 67 43 18 17 17 16 100 92 13 98 23 76 67 30 74 94 14 
55 70 30 59 20 53 68 85 34 11 50 65 47 76 62 18 96 15 98 95 51 14 31 35 55 31 19 44 58 51 96 39 67 45 57 74 38 41 71 95 60 52 25 53 100 61 36 37 13 27 39 
33 83 31 12 19 71 25 42 80 96 73 19 97 91 53 11 56 59 71 93 100 98 42 79 40 55 35 62 98 53 51 54 53 30 96 91 78 91 48 66 41 18 40 35 26 53 61 25 56 59 33 
54 45 57 79 72 97 24 94 94 21 23 47 44 61 27 23 11 81 49 73 86 74 84 18 15 48 71 23 98 67 46 55 44 59 83 38 85 68 19 12 49 67 67 61 19 89 71 89 57 22 46 
