capacity  cost_by_node
nb_functions 10
8 97 24 98 32 49 98 70 79 73 53 87 38 49 81 48 90 99 50 22 46 36 61 37 91 66 60 76 69 81 55 19 51 60 84 72 52 79 11 73 43 14 18 96 81 35 47 64 70 71 40 
11 45 90 83 10 94 47 100 75 84 76 52 51 36 53 66 86 55 58 68 62 15 25 82 35 48 31 11 42 55 70 61 73 41 51 70 73 23 93 52 70 50 86 29 60 75 31 100 68 57 11 
8 60 100 34 63 19 25 88 27 63 79 82 62 98 70 83 16 69 75 61 51 88 64 35 92 21 24 13 71 43 39 47 69 19 18 23 22 70 39 90 15 77 70 19 88 42 72 47 98 77 44 
10 46 56 56 83 38 91 52 27 79 40 87 11 37 33 16 49 80 48 77 12 78 78 94 93 44 77 35 81 47 23 96 48 31 54 69 22 90 30 33 10 96 79 51 28 78 37 25 33 16 32 
6 89 23 49 82 100 86 71 46 55 56 43 18 24 18 74 17 35 32 58 52 49 66 26 90 22 15 95 11 43 70 29 65 42 78 80 38 77 30 90 34 51 20 56 25 65 32 34 66 22 43 
11 43 10 78 47 10 83 80 49 28 79 13 80 85 98 12 37 98 76 81 28 59 66 53 44 35 29 51 24 21 65 40 59 61 97 94 80 62 10 68 17 20 93 49 100 53 55 76 55 15 21 
7 21 54 82 98 30 68 30 93 61 24 33 83 99 83 73 59 49 79 14 18 98 51 58 92 64 15 86 63 49 97 23 59 46 79 61 45 19 66 88 15 96 70 40 74 70 19 70 65 32 37 
11 25 12 81 80 72 57 10 23 12 64 17 21 76 87 60 61 26 45 67 98 28 42 28 41 85 66 88 85 49 14 38 15 19 47 73 49 73 10 62 97 14 76 41 74 90 82 70 42 96 13 
12 60 67 22 96 62 42 84 18 83 62 97 92 86 54 41 57 21 39 41 15 24 26 38 60 69 86 36 73 75 21 65 99 67 70 69 71 34 35 81 32 30 67 93 37 57 14 72 38 75 61 
10 10 43 13 73 93 23 32 81 19 96 31 59 58 81 77 54 41 30 84 46 20 11 86 68 91 85 13 95 55 42 96 82 85 51 74 59 10 59 50 80 48 62 11 92 70 57 34 35 49 77 
