Node_1 Node_2 Capacity_node1 Capacity_node2 Latency_arc node_cost
nb_nodes 50
nb_arcs 1234
0 1 3 2 4 236
0 2 3 4 13 236
0 3 3 4 20 236
0 4 3 3 25 236
0 5 3 4 23 236
0 8 3 3 5 236
0 9 3 4 18 236
0 10 3 3 24 236
0 11 3 3 11 236
0 14 3 4 18 236
0 16 3 2 19 236
0 17 3 3 23 236
0 21 3 3 8 236
0 23 3 3 17 236
0 25 3 1 21 236
0 31 3 1 18 236
0 33 3 1 4 236
0 35 3 3 8 236
0 36 3 1 3 236
0 37 3 4 8 236
0 39 3 2 8 236
0 40 3 1 11 236
0 41 3 4 14 236
0 43 3 1 10 236
0 45 3 4 8 236
0 47 3 4 8 236
0 48 3 1 20 236
1 0 2 3 4 831
1 3 2 4 25 831
1 4 2 3 15 831
1 5 2 4 12 831
1 9 2 4 15 831
1 12 2 3 8 831
1 19 2 2 3 831
1 20 2 2 11 831
1 21 2 3 11 831
1 22 2 1 15 831
1 24 2 4 9 831
1 26 2 4 8 831
1 27 2 2 17 831
1 28 2 1 6 831
1 29 2 2 23 831
1 31 2 1 16 831
1 32 2 3 8 831
1 33 2 1 21 831
1 35 2 3 25 831
1 36 2 1 5 831
1 37 2 4 24 831
1 38 2 2 4 831
1 41 2 4 17 831
1 42 2 3 23 831
1 44 2 1 24 831
1 45 2 4 11 831
1 46 2 1 13 831
2 0 4 3 13 862
2 3 4 4 24 862
2 6 4 4 11 862
2 8 4 3 2 862
2 9 4 4 5 862
2 10 4 3 10 862
2 11 4 3 16 862
2 12 4 3 12 862
2 13 4 4 15 862
2 14 4 4 1 862
2 16 4 2 3 862
2 17 4 3 23 862
2 18 4 2 12 862
2 19 4 2 11 862
2 20 4 2 11 862
2 25 4 1 24 862
2 26 4 4 23 862
2 28 4 1 8 862
2 29 4 2 6 862
2 33 4 1 24 862
2 34 4 1 19 862
2 35 4 3 23 862
2 38 4 2 18 862
2 39 4 2 5 862
2 40 4 1 15 862
2 41 4 4 16 862
2 42 4 3 12 862
2 44 4 1 14 862
2 45 4 4 8 862
2 46 4 1 18 862
2 47 4 4 19 862
3 0 4 3 20 757
3 1 4 2 25 757
3 2 4 4 24 757
3 43 4 1 2 757
3 4 4 3 6 757
3 38 4 2 24 757
3 33 4 1 22 757
3 40 4 1 3 757
3 41 4 4 7 757
3 7 4 3 23 757
3 34 4 1 25 757
3 14 4 4 18 757
3 15 4 2 4 757
3 48 4 1 18 757
3 17 4 3 7 757
3 18 4 2 15 757
3 21 4 3 20 757
3 46 4 1 19 757
3 26 4 4 22 757
3 47 4 4 6 757
3 31 4 1 15 757
4 0 3 3 25 927
4 1 3 2 15 927
4 3 3 4 6 927
4 5 3 4 23 927
4 8 3 3 22 927
4 10 3 3 5 927
4 12 3 3 7 927
4 13 3 4 6 927
4 14 3 4 10 927
4 15 3 2 21 927
4 17 3 3 3 927
4 18 3 2 22 927
4 19 3 2 10 927
4 21 3 3 10 927
4 23 3 3 3 927
4 24 3 4 11 927
4 28 3 1 10 927
4 29 3 2 14 927
4 30 3 4 18 927
4 32 3 3 24 927
4 35 3 3 22 927
4 36 3 1 21 927
4 39 3 2 10 927
4 44 3 1 21 927
4 45 3 4 1 927
5 0 4 3 23 279
5 1 4 2 12 279
5 4 4 3 23 279
5 7 4 3 2 279
5 8 4 3 16 279
5 9 4 4 5 279
5 10 4 3 22 279
5 11 4 3 20 279
5 12 4 3 1 279
5 13 4 4 6 279
5 15 4 2 6 279
5 16 4 2 8 279
5 19 4 2 22 279
5 20 4 2 15 279
5 23 4 3 8 279
5 25 4 1 11 279
5 30 4 4 24 279
5 31 4 1 8 279
5 33 4 1 1 279
5 34 4 1 22 279
5 35 4 3 5 279
5 37 4 4 12 279
5 39 4 2 14 279
5 43 4 1 7 279
5 44 4 1 13 279
5 45 4 4 2 279
5 47 4 4 5 279
5 49 4 1 13 279
6 33 4 1 14 533
6 2 4 4 11 533
6 35 4 3 4 533
6 37 4 4 10 533
6 7 4 3 14 533
6 8 4 3 17 533
6 9 4 4 13 533
6 43 4 1 2 533
6 12 4 3 25 533
6 34 4 1 22 533
6 14 4 4 14 533
6 13 4 4 19 533
6 48 4 1 1 533
6 49 4 1 10 533
6 20 4 2 1 533
6 46 4 1 9 533
6 23 4 3 18 533
6 24 4 4 16 533
6 25 4 1 24 533
6 28 4 1 15 533
6 30 4 4 8 533
7 3 3 4 23 660
7 5 3 4 2 660
7 6 3 4 14 660
7 9 3 4 14 660
7 10 3 3 20 660
7 11 3 3 16 660
7 12 3 3 5 660
7 13 3 4 11 660
7 15 3 2 11 660
7 16 3 2 14 660
7 18 3 2 6 660
7 19 3 2 2 660
7 23 3 3 25 660
7 24 3 4 4 660
7 25 3 1 7 660
7 26 3 4 24 660
7 27 3 2 21 660
7 29 3 2 5 660
7 30 3 4 13 660
7 31 3 1 14 660
7 32 3 3 21 660
7 33 3 1 17 660
7 40 3 1 25 660
7 44 3 1 18 660
7 46 3 1 13 660
7 47 3 4 9 660
7 49 3 1 21 660
8 0 3 3 5 542
8 2 3 4 2 542
8 4 3 3 22 542
8 5 3 4 16 542
8 6 3 4 17 542
8 9 3 4 25 542
8 10 3 3 17 542
8 11 3 3 16 542
8 16 3 2 25 542
8 18 3 2 15 542
8 19 3 2 25 542
8 22 3 1 7 542
8 23 3 3 7 542
8 24 3 4 9 542
8 26 3 4 18 542
8 27 3 2 10 542
8 29 3 2 8 542
8 30 3 4 18 542
8 31 3 1 12 542
8 34 3 1 8 542
8 35 3 3 7 542
8 41 3 4 2 542
8 46 3 1 13 542
8 47 3 4 25 542
8 48 3 1 9 542
8 49 3 1 6 542
9 0 4 3 18 711
9 1 4 2 15 711
9 2 4 4 5 711
9 5 4 4 5 711
9 6 4 4 13 711
9 7 4 3 14 711
9 8 4 3 25 711
9 11 4 3 7 711
9 14 4 4 14 711
9 15 4 2 25 711
9 16 4 2 23 711
9 24 4 4 1 711
9 25 4 1 23 711
9 26 4 4 9 711
9 27 4 2 22 711
9 32 4 3 1 711
9 33 4 1 20 711
9 34 4 1 2 711
9 37 4 4 23 711
9 38 4 2 6 711
9 39 4 2 23 711
9 41 4 4 23 711
9 42 4 3 1 711
9 44 4 1 13 711
9 45 4 4 20 711
9 48 4 1 25 711
9 49 4 1 21 711
10 0 3 3 24 977
10 32 3 3 15 977
10 2 3 4 10 977
10 4 3 3 5 977
10 5 3 4 22 977
10 38 3 2 20 977
10 7 3 3 20 977
10 8 3 3 17 977
10 42 3 3 25 977
10 11 3 3 14 977
10 12 3 3 8 977
10 46 3 1 22 977
10 48 3 1 1 977
10 25 3 1 13 977
10 23 3 3 20 977
10 24 3 4 5 977
10 39 3 2 2 977
10 33 3 1 4 977
10 28 3 1 7 977
10 29 3 2 24 977
10 30 3 4 4 977
11 0 3 3 11 466
11 2 3 4 16 466
11 5 3 4 20 466
11 7 3 3 16 466
11 8 3 3 16 466
11 9 3 4 7 466
11 10 3 3 14 466
11 12 3 3 13 466
11 13 3 4 11 466
11 16 3 2 23 466
11 21 3 3 9 466
11 22 3 1 16 466
11 23 3 3 13 466
11 26 3 4 10 466
11 27 3 2 4 466
11 28 3 1 25 466
11 29 3 2 7 466
11 30 3 4 10 466
11 31 3 1 13 466
11 32 3 3 2 466
11 33 3 1 8 466
11 35 3 3 6 466
11 39 3 2 23 466
11 42 3 3 14 466
11 46 3 1 22 466
11 47 3 4 4 466
12 1 3 2 8 245
12 2 3 4 12 245
12 4 3 3 7 245
12 5 3 4 1 245
12 6 3 4 25 245
12 7 3 3 5 245
12 10 3 3 8 245
12 11 3 3 13 245
12 16 3 2 22 245
12 18 3 2 12 245
12 21 3 3 6 245
12 23 3 3 22 245
12 24 3 4 20 245
12 26 3 4 20 245
12 29 3 2 14 245
12 30 3 4 17 245
12 32 3 3 12 245
12 33 3 1 4 245
12 39 3 2 22 245
12 42 3 3 9 245
12 44 3 1 21 245
12 46 3 1 22 245
12 47 3 4 5 245
12 48 3 1 18 245
13 2 4 4 15 341
13 4 4 3 6 341
13 5 4 4 6 341
13 6 4 4 19 341
13 7 4 3 11 341
13 11 4 3 11 341
13 14 4 4 12 341
13 18 4 2 4 341
13 19 4 2 6 341
13 20 4 2 22 341
13 23 4 3 16 341
13 24 4 4 22 341
13 26 4 4 19 341
13 30 4 4 2 341
13 33 4 1 21 341
13 34 4 1 14 341
13 35 4 3 11 341
13 37 4 4 5 341
13 39 4 2 16 341
13 40 4 1 11 341
13 41 4 4 7 341
13 46 4 1 8 341
13 49 4 1 25 341
14 0 4 3 18 790
14 2 4 4 1 790
14 3 4 4 18 790
14 4 4 3 10 790
14 6 4 4 14 790
14 9 4 4 14 790
14 13 4 4 12 790
14 17 4 3 8 790
14 20 4 2 9 790
14 22 4 1 3 790
14 23 4 3 7 790
14 24 4 4 4 790
14 25 4 1 23 790
14 27 4 2 22 790
14 28 4 1 7 790
14 29 4 2 14 790
14 30 4 4 3 790
14 32 4 3 20 790
14 33 4 1 15 790
14 34 4 1 23 790
14 36 4 1 17 790
14 37 4 4 20 790
14 38 4 2 2 790
14 40 4 1 6 790
14 41 4 4 18 790
14 43 4 1 24 790
14 47 4 4 6 790
14 49 4 1 16 790
15 3 2 4 4 553
15 4 2 3 21 553
15 5 2 4 6 553
15 7 2 3 11 553
15 9 2 4 25 553
15 16 2 2 19 553
15 17 2 3 22 553
15 18 2 2 23 553
15 21 2 3 5 553
15 25 2 1 15 553
15 26 2 4 1 553
15 29 2 2 25 553
15 30 2 4 19 553
15 31 2 1 6 553
15 33 2 1 15 553
15 34 2 1 21 553
15 35 2 3 15 553
15 36 2 1 16 553
15 37 2 4 8 553
15 38 2 2 25 553
15 41 2 4 6 553
15 42 2 3 15 553
15 43 2 1 22 553
15 44 2 1 11 553
15 45 2 4 20 553
15 46 2 1 23 553
16 0 2 3 19 532
16 2 2 4 3 532
16 5 2 4 8 532
16 7 2 3 14 532
16 8 2 3 25 532
16 9 2 4 23 532
16 11 2 3 23 532
16 12 2 3 22 532
16 15 2 2 19 532
16 17 2 3 14 532
16 18 2 2 5 532
16 20 2 2 23 532
16 21 2 3 20 532
16 23 2 3 20 532
16 24 2 4 25 532
16 29 2 2 16 532
16 30 2 4 14 532
16 32 2 3 11 532
16 34 2 1 4 532
16 35 2 3 1 532
16 36 2 1 17 532
16 37 2 4 16 532
16 38 2 2 6 532
16 39 2 2 8 532
16 44 2 1 14 532
16 48 2 1 14 532
17 0 3 3 23 703
17 2 3 4 23 703
17 3 3 4 7 703
17 4 3 3 3 703
17 14 3 4 8 703
17 15 3 2 22 703
17 16 3 2 14 703
17 18 3 2 21 703
17 19 3 2 17 703
17 20 3 2 1 703
17 21 3 3 16 703
17 24 3 4 16 703
17 25 3 1 6 703
17 29 3 2 18 703
17 31 3 1 12 703
17 33 3 1 11 703
17 34 3 1 7 703
17 35 3 3 2 703
17 36 3 1 15 703
17 42 3 3 23 703
17 43 3 1 9 703
17 45 3 4 7 703
18 2 2 4 12 570
18 3 2 4 15 570
18 4 2 3 22 570
18 7 2 3 6 570
18 8 2 3 15 570
18 12 2 3 12 570
18 13 2 4 4 570
18 15 2 2 23 570
18 16 2 2 5 570
18 17 2 3 21 570
18 21 2 3 15 570
18 22 2 1 5 570
18 23 2 3 21 570
18 24 2 4 25 570
18 27 2 2 11 570
18 28 2 1 22 570
18 31 2 1 3 570
18 35 2 3 11 570
18 36 2 1 12 570
18 41 2 4 16 570
18 43 2 1 2 570
18 44 2 1 10 570
18 48 2 1 17 570
19 1 2 2 3 533
19 2 2 4 11 533
19 4 2 3 10 533
19 5 2 4 22 533
19 7 2 3 2 533
19 8 2 3 25 533
19 13 2 4 6 533
19 17 2 3 17 533
19 20 2 2 15 533
19 22 2 1 5 533
19 23 2 3 13 533
19 26 2 4 15 533
19 27 2 2 9 533
19 32 2 3 10 533
19 34 2 1 18 533
19 37 2 4 7 533
19 39 2 2 16 533
19 40 2 1 8 533
19 42 2 3 7 533
19 45 2 4 11 533
19 46 2 1 1 533
19 47 2 4 22 533
20 1 2 2 11 976
20 2 2 4 11 976
20 5 2 4 15 976
20 6 2 4 1 976
20 13 2 4 22 976
20 14 2 4 9 976
20 16 2 2 23 976
20 17 2 3 1 976
20 19 2 2 15 976
20 21 2 3 2 976
20 22 2 1 1 976
20 23 2 3 21 976
20 24 2 4 18 976
20 25 2 1 1 976
20 26 2 4 17 976
20 29 2 2 20 976
20 30 2 4 4 976
20 32 2 3 9 976
20 33 2 1 25 976
20 34 2 1 19 976
20 35 2 3 19 976
20 39 2 2 13 976
20 40 2 1 16 976
20 42 2 3 12 976
20 48 2 1 15 976
20 49 2 1 18 976
21 0 3 3 8 349
21 1 3 2 11 349
21 3 3 4 20 349
21 4 3 3 10 349
21 11 3 3 9 349
21 12 3 3 6 349
21 15 3 2 5 349
21 16 3 2 20 349
21 17 3 3 16 349
21 18 3 2 15 349
21 20 3 2 2 349
21 22 3 1 13 349
21 23 3 3 23 349
21 25 3 1 7 349
21 30 3 4 21 349
21 31 3 1 11 349
21 35 3 3 1 349
21 36 3 1 1 349
21 37 3 4 8 349
21 41 3 4 25 349
21 43 3 1 9 349
21 44 3 1 7 349
21 47 3 4 18 349
21 48 3 1 11 349
21 49 3 1 10 349
22 1 1 2 15 876
22 8 1 3 7 876
22 11 1 3 16 876
22 14 1 4 3 876
22 18 1 2 5 876
22 19 1 2 5 876
22 20 1 2 1 876
22 21 1 3 13 876
22 23 1 3 23 876
22 24 1 4 11 876
22 26 1 4 5 876
22 27 1 2 5 876
22 28 1 1 17 876
22 29 1 2 9 876
22 30 1 4 1 876
22 33 1 1 14 876
22 34 1 1 25 876
22 35 1 3 23 876
22 36 1 1 5 876
22 37 1 4 15 876
22 38 1 2 21 876
22 39 1 2 21 876
22 44 1 1 13 876
22 46 1 1 20 876
22 49 1 1 5 876
23 0 3 3 17 472
23 4 3 3 3 472
23 5 3 4 8 472
23 6 3 4 18 472
23 7 3 3 25 472
23 8 3 3 7 472
23 10 3 3 20 472
23 11 3 3 13 472
23 12 3 3 22 472
23 13 3 4 16 472
23 14 3 4 7 472
23 16 3 2 20 472
23 18 3 2 21 472
23 19 3 2 13 472
23 20 3 2 21 472
23 21 3 3 23 472
23 22 3 1 23 472
23 26 3 4 3 472
23 29 3 2 16 472
23 31 3 1 6 472
23 32 3 3 16 472
23 35 3 3 25 472
23 36 3 1 24 472
23 37 3 4 18 472
23 38 3 2 24 472
23 40 3 1 19 472
23 44 3 1 9 472
23 48 3 1 19 472
23 49 3 1 10 472
24 1 4 2 9 520
24 4 4 3 11 520
24 6 4 4 16 520
24 7 4 3 4 520
24 8 4 3 9 520
24 9 4 4 1 520
24 10 4 3 5 520
24 12 4 3 20 520
24 13 4 4 22 520
24 14 4 4 4 520
24 16 4 2 25 520
24 17 4 3 16 520
24 18 4 2 25 520
24 20 4 2 18 520
24 22 4 1 11 520
24 27 4 2 18 520
24 29 4 2 5 520
24 31 4 1 9 520
24 34 4 1 15 520
24 35 4 3 7 520
24 36 4 1 9 520
24 44 4 1 5 520
24 45 4 4 21 520
24 46 4 1 20 520
24 47 4 4 15 520
24 48 4 1 10 520
25 0 1 3 21 676
25 2 1 4 24 676
25 5 1 4 11 676
25 6 1 4 24 676
25 7 1 3 7 676
25 9 1 4 23 676
25 10 1 3 13 676
25 14 1 4 23 676
25 15 1 2 15 676
25 17 1 3 6 676
25 20 1 2 1 676
25 21 1 3 7 676
25 26 1 4 11 676
25 27 1 2 2 676
25 28 1 1 20 676
25 29 1 2 25 676
25 30 1 4 11 676
25 31 1 1 13 676
25 32 1 3 20 676
25 36 1 1 12 676
25 37 1 4 22 676
25 38 1 2 8 676
25 39 1 2 11 676
25 45 1 4 20 676
25 48 1 1 13 676
25 49 1 1 24 676
26 1 4 2 8 837
26 2 4 4 23 837
26 3 4 4 22 837
26 7 4 3 24 837
26 8 4 3 18 837
26 9 4 4 9 837
26 11 4 3 10 837
26 12 4 3 20 837
26 13 4 4 19 837
26 15 4 2 1 837
26 19 4 2 15 837
26 20 4 2 17 837
26 22 4 1 5 837
26 23 4 3 3 837
26 25 4 1 11 837
26 27 4 2 1 837
26 30 4 4 7 837
26 32 4 3 17 837
26 33 4 1 21 837
26 34 4 1 25 837
26 36 4 1 4 837
26 38 4 2 3 837
26 39 4 2 1 837
26 46 4 1 13 837
26 47 4 4 4 837
26 49 4 1 18 837
27 1 2 2 17 473
27 11 2 3 4 473
27 36 2 1 9 473
27 33 2 1 17 473
27 7 2 3 21 473
27 8 2 3 10 473
27 9 2 4 22 473
27 43 2 1 6 473
27 14 2 4 22 473
27 48 2 1 5 473
27 49 2 1 22 473
27 18 2 2 11 473
27 19 2 2 9 473
27 46 2 1 14 473
27 22 2 1 5 473
27 40 2 1 14 473
27 24 2 4 18 473
27 25 2 1 2 473
27 26 2 4 1 473
27 28 2 1 5 473
27 37 2 4 11 473
28 1 1 2 6 889
28 2 1 4 8 889
28 4 1 3 10 889
28 6 1 4 15 889
28 39 1 2 22 889
28 40 1 1 24 889
28 10 1 3 7 889
28 11 1 3 25 889
28 44 1 1 15 889
28 34 1 1 9 889
28 14 1 4 7 889
28 47 1 4 22 889
28 18 1 2 22 889
28 22 1 1 17 889
28 25 1 1 20 889
28 27 1 2 5 889
28 29 1 2 1 889
29 1 2 2 23 56
29 2 2 4 6 56
29 4 2 3 14 56
29 7 2 3 5 56
29 8 2 3 8 56
29 10 2 3 24 56
29 11 2 3 7 56
29 12 2 3 14 56
29 14 2 4 14 56
29 15 2 2 25 56
29 16 2 2 16 56
29 17 2 3 18 56
29 20 2 2 20 56
29 22 2 1 9 56
29 23 2 3 16 56
29 24 2 4 5 56
29 25 2 1 25 56
29 28 2 1 1 56
29 34 2 1 25 56
29 35 2 3 24 56
29 36 2 1 4 56
29 37 2 4 7 56
29 38 2 2 15 56
29 40 2 1 23 56
29 41 2 4 5 56
29 42 2 3 4 56
29 43 2 1 14 56
29 44 2 1 16 56
29 45 2 4 15 56
29 46 2 1 1 56
29 49 2 1 6 56
30 4 4 3 18 664
30 5 4 4 24 664
30 6 4 4 8 664
30 7 4 3 13 664
30 8 4 3 18 664
30 10 4 3 4 664
30 11 4 3 10 664
30 12 4 3 17 664
30 13 4 4 2 664
30 14 4 4 3 664
30 15 4 2 19 664
30 16 4 2 14 664
30 20 4 2 4 664
30 21 4 3 21 664
30 22 4 1 1 664
30 25 4 1 11 664
30 26 4 4 7 664
30 31 4 1 14 664
30 33 4 1 4 664
30 35 4 3 25 664
30 36 4 1 18 664
30 38 4 2 1 664
30 40 4 1 23 664
30 43 4 1 8 664
30 47 4 4 19 664
31 0 1 3 18 701
31 1 1 2 16 701
31 3 1 4 15 701
31 32 1 3 19 701
31 5 1 4 8 701
31 7 1 3 14 701
31 8 1 3 12 701
31 42 1 3 21 701
31 11 1 3 13 701
31 45 1 4 22 701
31 46 1 1 15 701
31 15 1 2 6 701
31 17 1 3 12 701
31 18 1 2 3 701
31 25 1 1 13 701
31 21 1 3 11 701
31 23 1 3 6 701
31 24 1 4 9 701
31 39 1 2 10 701
31 30 1 4 14 701
31 37 1 4 18 701
32 1 3 2 8 65
32 4 3 3 24 65
32 7 3 3 21 65
32 9 3 4 1 65
32 10 3 3 15 65
32 11 3 3 2 65
32 12 3 3 12 65
32 14 3 4 20 65
32 16 3 2 11 65
32 19 3 2 10 65
32 20 3 2 9 65
32 23 3 3 16 65
32 25 3 1 20 65
32 26 3 4 17 65
32 31 3 1 19 65
32 33 3 1 5 65
32 34 3 1 18 65
32 35 3 3 22 65
32 41 3 4 25 65
32 42 3 3 19 65
32 43 3 1 12 65
32 44 3 1 11 65
32 45 3 4 4 65
32 46 3 1 8 65
32 48 3 1 3 65
32 49 3 1 4 65
33 0 1 3 4 109
33 1 1 2 21 109
33 2 1 4 24 109
33 3 1 4 22 109
33 5 1 4 1 109
33 6 1 4 14 109
33 7 1 3 17 109
33 9 1 4 20 109
33 10 1 3 4 109
33 11 1 3 8 109
33 12 1 3 4 109
33 13 1 4 21 109
33 14 1 4 15 109
33 15 1 2 15 109
33 17 1 3 11 109
33 20 1 2 25 109
33 22 1 1 14 109
33 26 1 4 21 109
33 27 1 2 17 109
33 30 1 4 4 109
33 32 1 3 5 109
33 34 1 1 11 109
33 38 1 2 12 109
33 39 1 2 15 109
33 41 1 4 20 109
33 43 1 1 18 109
33 45 1 4 13 109
33 46 1 1 7 109
33 48 1 1 8 109
34 2 1 4 19 100
34 3 1 4 25 100
34 5 1 4 22 100
34 6 1 4 22 100
34 8 1 3 8 100
34 9 1 4 2 100
34 13 1 4 14 100
34 14 1 4 23 100
34 15 1 2 21 100
34 16 1 2 4 100
34 17 1 3 7 100
34 19 1 2 18 100
34 20 1 2 19 100
34 22 1 1 25 100
34 24 1 4 15 100
34 26 1 4 25 100
34 28 1 1 9 100
34 29 1 2 25 100
34 32 1 3 18 100
34 33 1 1 11 100
34 37 1 4 9 100
34 38 1 2 9 100
34 40 1 1 25 100
34 42 1 3 19 100
34 48 1 1 17 100
35 0 3 3 8 837
35 1 3 2 25 837
35 2 3 4 23 837
35 4 3 3 22 837
35 5 3 4 5 837
35 6 3 4 4 837
35 8 3 3 7 837
35 11 3 3 6 837
35 13 3 4 11 837
35 15 3 2 15 837
35 16 3 2 1 837
35 17 3 3 2 837
35 18 3 2 11 837
35 20 3 2 19 837
35 21 3 3 1 837
35 22 3 1 23 837
35 23 3 3 25 837
35 24 3 4 7 837
35 29 3 2 24 837
35 30 3 4 25 837
35 32 3 3 22 837
35 38 3 2 18 837
35 39 3 2 24 837
35 41 3 4 13 837
35 42 3 3 13 837
35 46 3 1 25 837
35 47 3 4 10 837
36 0 1 3 3 299
36 1 1 2 5 299
36 4 1 3 21 299
36 14 1 4 17 299
36 15 1 2 16 299
36 16 1 2 17 299
36 17 1 3 15 299
36 18 1 2 12 299
36 21 1 3 1 299
36 22 1 1 5 299
36 23 1 3 24 299
36 24 1 4 9 299
36 25 1 1 12 299
36 26 1 4 4 299
36 27 1 2 9 299
36 29 1 2 4 299
36 30 1 4 18 299
36 40 1 1 7 299
36 42 1 3 13 299
36 45 1 4 8 299
36 46 1 1 23 299
36 47 1 4 21 299
36 48 1 1 8 299
36 49 1 1 15 299
37 0 4 3 8 290
37 1 4 2 24 290
37 5 4 4 12 290
37 6 4 4 10 290
37 9 4 4 23 290
37 13 4 4 5 290
37 14 4 4 20 290
37 15 4 2 8 290
37 16 4 2 16 290
37 19 4 2 7 290
37 21 4 3 8 290
37 22 4 1 15 290
37 23 4 3 18 290
37 25 4 1 22 290
37 27 4 2 11 290
37 29 4 2 7 290
37 31 4 1 18 290
37 34 4 1 9 290
37 38 4 2 19 290
37 43 4 1 24 290
37 44 4 1 9 290
37 45 4 4 20 290
37 48 4 1 19 290
37 49 4 1 3 290
38 1 2 2 4 892
38 2 2 4 18 892
38 3 2 4 24 892
38 9 2 4 6 892
38 10 2 3 20 892
38 14 2 4 2 892
38 15 2 2 25 892
38 16 2 2 6 892
38 22 2 1 21 892
38 23 2 3 24 892
38 25 2 1 8 892
38 26 2 4 3 892
38 29 2 2 15 892
38 30 2 4 1 892
38 33 2 1 12 892
38 34 2 1 9 892
38 35 2 3 18 892
38 37 2 4 19 892
38 39 2 2 3 892
38 40 2 1 10 892
38 41 2 4 10 892
38 42 2 3 5 892
38 43 2 1 21 892
38 44 2 1 10 892
38 47 2 4 15 892
38 49 2 1 9 892
39 0 2 3 8 195
39 2 2 4 5 195
39 4 2 3 10 195
39 5 2 4 14 195
39 9 2 4 23 195
39 10 2 3 2 195
39 11 2 3 23 195
39 12 2 3 22 195
39 13 2 4 16 195
39 16 2 2 8 195
39 19 2 2 16 195
39 20 2 2 13 195
39 22 2 1 21 195
39 25 2 1 11 195
39 26 2 4 1 195
39 28 2 1 22 195
39 31 2 1 10 195
39 33 2 1 15 195
39 35 2 3 24 195
39 38 2 2 3 195
39 40 2 1 18 195
39 42 2 3 9 195
39 44 2 1 13 195
39 45 2 4 5 195
39 48 2 1 8 195
40 0 1 3 11 324
40 2 1 4 15 324
40 3 1 4 3 324
40 36 1 1 7 324
40 49 1 1 7 324
40 38 1 2 10 324
40 7 1 3 25 324
40 39 1 2 18 324
40 44 1 1 6 324
40 13 1 4 11 324
40 14 1 4 6 324
40 48 1 1 18 324
40 34 1 1 25 324
40 19 1 2 8 324
40 20 1 2 16 324
40 23 1 3 19 324
40 27 1 2 14 324
40 28 1 1 24 324
40 29 1 2 23 324
40 30 1 4 23 324
41 0 4 3 14 244
41 1 4 2 17 244
41 2 4 4 16 244
41 3 4 4 7 244
41 32 4 3 25 244
41 38 4 2 10 244
41 33 4 1 20 244
41 8 4 3 2 244
41 9 4 4 23 244
41 43 4 1 1 244
41 13 4 4 7 244
41 14 4 4 18 244
41 15 4 2 6 244
41 49 4 1 5 244
41 18 4 2 16 244
41 35 4 3 13 244
41 21 4 3 25 244
41 29 4 2 5 244
42 1 3 2 23 279
42 2 3 4 12 279
42 9 3 4 1 279
42 10 3 3 25 279
42 11 3 3 14 279
42 12 3 3 9 279
42 15 3 2 15 279
42 17 3 3 23 279
42 19 3 2 7 279
42 20 3 2 12 279
42 29 3 2 4 279
42 31 3 1 21 279
42 32 3 3 19 279
42 34 3 1 19 279
42 35 3 3 13 279
42 36 3 1 13 279
42 38 3 2 5 279
42 39 3 2 9 279
42 43 3 1 9 279
42 44 3 1 24 279
42 45 3 4 16 279
42 46 3 1 17 279
42 47 3 4 20 279
42 48 3 1 20 279
43 0 1 3 10 698
43 32 1 3 12 698
43 3 1 4 2 698
43 5 1 4 7 698
43 6 1 4 2 698
43 33 1 1 18 698
43 37 1 4 24 698
43 41 1 4 1 698
43 42 1 3 9 698
43 46 1 1 4 698
43 15 1 2 22 698
43 27 1 2 6 698
43 17 1 3 9 698
43 18 1 2 2 698
43 14 1 4 24 698
43 49 1 1 4 698
43 38 1 2 21 698
43 29 1 2 14 698
43 30 1 4 8 698
43 21 1 3 9 698
44 1 1 2 24 750
44 2 1 4 14 750
44 4 1 3 21 750
44 5 1 4 13 750
44 7 1 3 18 750
44 9 1 4 13 750
44 12 1 3 21 750
44 15 1 2 11 750
44 16 1 2 14 750
44 18 1 2 10 750
44 21 1 3 7 750
44 22 1 1 13 750
44 23 1 3 9 750
44 24 1 4 5 750
44 28 1 1 15 750
44 29 1 2 16 750
44 32 1 3 11 750
44 37 1 4 9 750
44 38 1 2 10 750
44 39 1 2 13 750
44 40 1 1 6 750
44 42 1 3 24 750
44 47 1 4 15 750
44 49 1 1 10 750
45 0 4 3 8 244
45 1 4 2 11 244
45 2 4 4 8 244
45 4 4 3 1 244
45 5 4 4 2 244
45 32 4 3 4 244
45 9 4 4 20 244
45 42 4 3 16 244
45 39 4 2 5 244
45 46 4 1 18 244
45 15 4 2 20 244
45 48 4 1 1 244
45 17 4 3 7 244
45 19 4 2 11 244
45 24 4 4 21 244
45 25 4 1 20 244
45 33 4 1 13 244
45 31 4 1 22 244
45 36 4 1 8 244
45 29 4 2 15 244
45 37 4 4 20 244
46 1 1 2 13 54
46 2 1 4 18 54
46 3 1 4 19 54
46 6 1 4 9 54
46 7 1 3 13 54
46 8 1 3 13 54
46 10 1 3 22 54
46 11 1 3 22 54
46 12 1 3 22 54
46 13 1 4 8 54
46 15 1 2 23 54
46 19 1 2 1 54
46 22 1 1 20 54
46 24 1 4 20 54
46 26 1 4 13 54
46 27 1 2 14 54
46 29 1 2 1 54
46 31 1 1 15 54
46 32 1 3 8 54
46 33 1 1 7 54
46 35 1 3 25 54
46 36 1 1 23 54
46 42 1 3 17 54
46 43 1 1 4 54
46 45 1 4 18 54
46 47 1 4 24 54
46 48 1 1 6 54
46 49 1 1 14 54
47 0 4 3 8 783
47 2 4 4 19 783
47 3 4 4 6 783
47 5 4 4 5 783
47 7 4 3 9 783
47 8 4 3 25 783
47 11 4 3 4 783
47 12 4 3 5 783
47 14 4 4 6 783
47 19 4 2 22 783
47 21 4 3 18 783
47 24 4 4 15 783
47 26 4 4 4 783
47 28 4 1 22 783
47 30 4 4 19 783
47 35 4 3 10 783
47 36 4 1 21 783
47 38 4 2 15 783
47 42 4 3 20 783
47 44 4 1 15 783
47 46 4 1 24 783
47 48 4 1 2 783
48 0 1 3 20 893
48 3 1 4 18 893
48 6 1 4 1 893
48 8 1 3 9 893
48 9 1 4 25 893
48 10 1 3 1 893
48 12 1 3 18 893
48 16 1 2 14 893
48 18 1 2 17 893
48 20 1 2 15 893
48 21 1 3 11 893
48 23 1 3 19 893
48 24 1 4 10 893
48 25 1 1 13 893
48 27 1 2 5 893
48 32 1 3 3 893
48 33 1 1 8 893
48 34 1 1 17 893
48 36 1 1 8 893
48 37 1 4 19 893
48 39 1 2 8 893
48 40 1 1 18 893
48 42 1 3 20 893
48 45 1 4 1 893
48 46 1 1 6 893
48 47 1 4 2 893
48 49 1 1 25 893
49 5 1 4 13 902
49 6 1 4 10 902
49 7 1 3 21 902
49 8 1 3 6 902
49 9 1 4 21 902
49 13 1 4 25 902
49 14 1 4 16 902
49 20 1 2 18 902
49 21 1 3 10 902
49 22 1 1 5 902
49 23 1 3 10 902
49 25 1 1 24 902
49 26 1 4 18 902
49 27 1 2 22 902
49 29 1 2 6 902
49 32 1 3 4 902
49 36 1 1 15 902
49 37 1 4 3 902
49 38 1 2 9 902
49 40 1 1 7 902
49 41 1 4 5 902
49 43 1 1 4 902
49 44 1 1 10 902
49 46 1 1 14 902
49 48 1 1 25 902
