Node_1 Node_2 Capacity_node1 Capacity_node2 Latency_arc node_cost
nb_nodes 50
nb_arcs 2178
0 1 2 3 1 613
0 2 2 2 23 613
0 3 2 5 11 613
0 4 2 4 20 613
0 5 2 4 7 613
0 6 2 5 19 613
0 7 2 6 23 613
0 8 2 1 3 613
0 9 2 5 17 613
0 10 2 4 10 613
0 11 2 3 16 613
0 12 2 6 19 613
0 13 2 4 4 613
0 15 2 2 1 613
0 16 2 2 19 613
0 20 2 1 24 613
0 21 2 4 16 613
0 22 2 4 24 613
0 23 2 1 14 613
0 24 2 3 11 613
0 25 2 1 2 613
0 26 2 5 25 613
0 27 2 2 18 613
0 28 2 3 17 613
0 29 2 4 1 613
0 30 2 1 14 613
0 31 2 4 7 613
0 32 2 1 1 613
0 33 2 5 13 613
0 34 2 4 23 613
0 35 2 4 16 613
0 36 2 6 4 613
0 37 2 2 25 613
0 38 2 6 12 613
0 39 2 6 24 613
0 40 2 1 22 613
0 41 2 3 16 613
0 42 2 3 12 613
0 43 2 5 2 613
0 45 2 1 3 613
0 47 2 3 17 613
0 48 2 4 3 613
0 49 2 5 5 613
1 0 3 2 1 684
1 2 3 2 21 684
1 3 3 5 14 684
1 4 3 4 10 684
1 5 3 4 12 684
1 6 3 5 18 684
1 7 3 6 18 684
1 8 3 1 10 684
1 9 3 5 3 684
1 10 3 4 25 684
1 11 3 3 18 684
1 12 3 6 25 684
1 13 3 4 16 684
1 14 3 5 15 684
1 15 3 2 18 684
1 16 3 2 19 684
1 17 3 3 6 684
1 18 3 1 18 684
1 19 3 3 6 684
1 20 3 1 5 684
1 21 3 4 9 684
1 22 3 4 10 684
1 23 3 1 19 684
1 24 3 3 22 684
1 25 3 1 22 684
1 26 3 5 23 684
1 27 3 2 3 684
1 28 3 3 17 684
1 29 3 4 3 684
1 30 3 1 19 684
1 31 3 4 22 684
1 32 3 1 6 684
1 33 3 5 11 684
1 34 3 4 25 684
1 35 3 4 14 684
1 36 3 6 24 684
1 37 3 2 15 684
1 38 3 6 11 684
1 41 3 3 2 684
1 42 3 3 23 684
1 43 3 5 17 684
1 44 3 4 15 684
1 45 3 1 15 684
1 46 3 1 12 684
1 47 3 3 5 684
1 48 3 4 23 684
1 49 3 5 5 684
2 0 2 2 23 783
2 1 2 3 21 783
2 3 2 5 4 783
2 4 2 4 9 783
2 5 2 4 12 783
2 6 2 5 17 783
2 8 2 1 11 783
2 9 2 5 10 783
2 10 2 4 23 783
2 12 2 6 17 783
2 13 2 4 25 783
2 14 2 5 14 783
2 15 2 2 1 783
2 17 2 3 22 783
2 18 2 1 22 783
2 19 2 3 18 783
2 20 2 1 25 783
2 22 2 4 24 783
2 23 2 1 25 783
2 24 2 3 6 783
2 25 2 1 25 783
2 26 2 5 5 783
2 27 2 2 14 783
2 28 2 3 1 783
2 29 2 4 23 783
2 30 2 1 16 783
2 31 2 4 17 783
2 32 2 1 13 783
2 33 2 5 1 783
2 34 2 4 20 783
2 35 2 4 19 783
2 36 2 6 22 783
2 38 2 6 13 783
2 39 2 6 16 783
2 40 2 1 10 783
2 41 2 3 5 783
2 42 2 3 18 783
2 43 2 5 15 783
2 44 2 4 11 783
2 46 2 1 3 783
2 47 2 3 15 783
2 48 2 4 13 783
2 49 2 5 7 783
3 0 5 2 11 55
3 1 5 3 14 55
3 2 5 2 4 55
3 4 5 4 2 55
3 5 5 4 7 55
3 6 5 5 2 55
3 7 5 6 21 55
3 8 5 1 10 55
3 9 5 5 21 55
3 11 5 3 7 55
3 12 5 6 13 55
3 13 5 4 9 55
3 14 5 5 6 55
3 15 5 2 5 55
3 16 5 2 1 55
3 17 5 3 12 55
3 18 5 1 11 55
3 19 5 3 7 55
3 20 5 1 23 55
3 21 5 4 9 55
3 22 5 4 11 55
3 23 5 1 2 55
3 26 5 5 24 55
3 27 5 2 7 55
3 29 5 4 17 55
3 30 5 1 20 55
3 31 5 4 18 55
3 32 5 1 7 55
3 33 5 5 22 55
3 34 5 4 3 55
3 35 5 4 8 55
3 36 5 6 10 55
3 37 5 2 14 55
3 38 5 6 20 55
3 39 5 6 17 55
3 40 5 1 18 55
3 41 5 3 7 55
3 44 5 4 22 55
3 45 5 1 20 55
3 46 5 1 11 55
3 47 5 3 20 55
3 48 5 4 23 55
3 49 5 5 9 55
4 0 4 2 20 832
4 1 4 3 10 832
4 2 4 2 9 832
4 3 4 5 2 832
4 5 4 4 12 832
4 6 4 5 13 832
4 7 4 6 13 832
4 8 4 1 9 832
4 9 4 5 6 832
4 10 4 4 19 832
4 11 4 3 16 832
4 13 4 4 1 832
4 14 4 5 19 832
4 15 4 2 11 832
4 17 4 3 21 832
4 18 4 1 23 832
4 19 4 3 9 832
4 20 4 1 20 832
4 21 4 4 19 832
4 22 4 4 4 832
4 23 4 1 8 832
4 24 4 3 25 832
4 25 4 1 13 832
4 26 4 5 14 832
4 27 4 2 19 832
4 28 4 3 20 832
4 29 4 4 19 832
4 30 4 1 24 832
4 31 4 4 11 832
4 32 4 1 3 832
4 33 4 5 11 832
4 34 4 4 14 832
4 35 4 4 19 832
4 36 4 6 19 832
4 37 4 2 8 832
4 38 4 6 5 832
4 39 4 6 25 832
4 40 4 1 1 832
4 41 4 3 17 832
4 43 4 5 21 832
4 44 4 4 21 832
4 45 4 1 22 832
4 46 4 1 20 832
4 47 4 3 23 832
4 48 4 4 1 832
4 49 4 5 2 832
5 0 4 2 7 301
5 1 4 3 12 301
5 2 4 2 12 301
5 3 4 5 7 301
5 4 4 4 12 301
5 7 4 6 19 301
5 8 4 1 21 301
5 9 4 5 11 301
5 10 4 4 6 301
5 11 4 3 17 301
5 12 4 6 1 301
5 13 4 4 7 301
5 14 4 5 25 301
5 15 4 2 7 301
5 16 4 2 1 301
5 17 4 3 6 301
5 18 4 1 3 301
5 19 4 3 24 301
5 20 4 1 6 301
5 21 4 4 16 301
5 22 4 4 1 301
5 23 4 1 10 301
5 24 4 3 24 301
5 25 4 1 2 301
5 26 4 5 22 301
5 27 4 2 9 301
5 28 4 3 21 301
5 29 4 4 23 301
5 30 4 1 5 301
5 31 4 4 20 301
5 32 4 1 15 301
5 33 4 5 4 301
5 34 4 4 4 301
5 35 4 4 12 301
5 37 4 2 25 301
5 38 4 6 14 301
5 39 4 6 10 301
5 40 4 1 21 301
5 41 4 3 21 301
5 42 4 3 3 301
5 43 4 5 2 301
5 44 4 4 13 301
5 45 4 1 13 301
5 46 4 1 22 301
5 47 4 3 25 301
5 49 4 5 25 301
6 0 5 2 19 583
6 1 5 3 18 583
6 2 5 2 17 583
6 3 5 5 2 583
6 4 5 4 13 583
6 7 5 6 14 583
6 9 5 5 24 583
6 11 5 3 12 583
6 12 5 6 20 583
6 13 5 4 17 583
6 14 5 5 8 583
6 15 5 2 7 583
6 16 5 2 20 583
6 18 5 1 15 583
6 19 5 3 9 583
6 20 5 1 23 583
6 21 5 4 12 583
6 22 5 4 9 583
6 23 5 1 24 583
6 24 5 3 22 583
6 26 5 5 19 583
6 27 5 2 19 583
6 29 5 4 3 583
6 30 5 1 21 583
6 33 5 5 14 583
6 37 5 2 22 583
6 38 5 6 16 583
6 39 5 6 4 583
6 40 5 1 7 583
6 41 5 3 19 583
6 42 5 3 20 583
6 43 5 5 6 583
6 44 5 4 17 583
6 45 5 1 7 583
6 46 5 1 15 583
6 47 5 3 2 583
6 48 5 4 15 583
6 49 5 5 18 583
7 0 6 2 23 626
7 1 6 3 18 626
7 3 6 5 21 626
7 4 6 4 13 626
7 5 6 4 19 626
7 6 6 5 14 626
7 8 6 1 23 626
7 9 6 5 15 626
7 10 6 4 25 626
7 11 6 3 18 626
7 12 6 6 11 626
7 13 6 4 17 626
7 14 6 5 2 626
7 15 6 2 22 626
7 16 6 2 13 626
7 17 6 3 4 626
7 18 6 1 24 626
7 19 6 3 24 626
7 20 6 1 8 626
7 21 6 4 6 626
7 22 6 4 15 626
7 23 6 1 5 626
7 24 6 3 3 626
7 25 6 1 18 626
7 26 6 5 1 626
7 27 6 2 10 626
7 28 6 3 18 626
7 30 6 1 24 626
7 31 6 4 9 626
7 32 6 1 12 626
7 33 6 5 1 626
7 34 6 4 9 626
7 35 6 4 15 626
7 36 6 6 3 626
7 37 6 2 23 626
7 38 6 6 23 626
7 39 6 6 12 626
7 40 6 1 23 626
7 41 6 3 3 626
7 42 6 3 20 626
7 43 6 5 15 626
7 44 6 4 23 626
7 45 6 1 12 626
7 46 6 1 18 626
7 47 6 3 3 626
7 48 6 4 21 626
7 49 6 5 7 626
8 0 1 2 3 103
8 1 1 3 10 103
8 2 1 2 11 103
8 3 1 5 10 103
8 4 1 4 9 103
8 5 1 4 21 103
8 7 1 6 23 103
8 9 1 5 9 103
8 10 1 4 8 103
8 11 1 3 19 103
8 12 1 6 24 103
8 13 1 4 2 103
8 14 1 5 23 103
8 18 1 1 6 103
8 19 1 3 23 103
8 20 1 1 8 103
8 21 1 4 20 103
8 22 1 4 4 103
8 23 1 1 22 103
8 24 1 3 20 103
8 25 1 1 5 103
8 27 1 2 17 103
8 28 1 3 10 103
8 29 1 4 22 103
8 30 1 1 4 103
8 31 1 4 23 103
8 32 1 1 13 103
8 33 1 5 13 103
8 34 1 4 14 103
8 36 1 6 17 103
8 37 1 2 19 103
8 38 1 6 15 103
8 39 1 6 17 103
8 40 1 1 10 103
8 41 1 3 15 103
8 42 1 3 19 103
8 43 1 5 4 103
8 44 1 4 18 103
8 45 1 1 3 103
8 47 1 3 15 103
8 49 1 5 20 103
9 0 5 2 17 288
9 1 5 3 3 288
9 2 5 2 10 288
9 3 5 5 21 288
9 4 5 4 6 288
9 5 5 4 11 288
9 6 5 5 24 288
9 7 5 6 15 288
9 8 5 1 9 288
9 10 5 4 5 288
9 11 5 3 17 288
9 14 5 5 23 288
9 15 5 2 14 288
9 16 5 2 15 288
9 17 5 3 6 288
9 18 5 1 19 288
9 19 5 3 15 288
9 20 5 1 16 288
9 21 5 4 2 288
9 22 5 4 23 288
9 23 5 1 16 288
9 24 5 3 10 288
9 25 5 1 16 288
9 27 5 2 25 288
9 28 5 3 14 288
9 30 5 1 15 288
9 31 5 4 25 288
9 32 5 1 18 288
9 33 5 5 7 288
9 34 5 4 20 288
9 35 5 4 14 288
9 36 5 6 19 288
9 37 5 2 25 288
9 38 5 6 3 288
9 40 5 1 11 288
9 41 5 3 5 288
9 42 5 3 21 288
9 43 5 5 23 288
9 44 5 4 23 288
9 45 5 1 5 288
9 46 5 1 12 288
9 47 5 3 11 288
9 48 5 4 19 288
9 49 5 5 12 288
10 0 4 2 10 129
10 1 4 3 25 129
10 2 4 2 23 129
10 4 4 4 19 129
10 5 4 4 6 129
10 7 4 6 25 129
10 8 4 1 8 129
10 9 4 5 5 129
10 11 4 3 18 129
10 13 4 4 15 129
10 14 4 5 2 129
10 18 4 1 11 129
10 19 4 3 17 129
10 20 4 1 2 129
10 22 4 4 22 129
10 23 4 1 7 129
10 24 4 3 19 129
10 25 4 1 14 129
10 26 4 5 25 129
10 27 4 2 12 129
10 28 4 3 9 129
10 29 4 4 22 129
10 31 4 4 9 129
10 32 4 1 14 129
10 33 4 5 20 129
10 34 4 4 14 129
10 35 4 4 1 129
10 36 4 6 22 129
10 37 4 2 4 129
10 38 4 6 9 129
10 39 4 6 13 129
10 40 4 1 19 129
10 41 4 3 17 129
10 42 4 3 1 129
10 43 4 5 4 129
10 44 4 4 12 129
10 45 4 1 1 129
10 46 4 1 15 129
10 47 4 3 4 129
10 48 4 4 19 129
10 49 4 5 9 129
11 0 3 2 16 389
11 1 3 3 18 389
11 3 3 5 7 389
11 4 3 4 16 389
11 5 3 4 17 389
11 6 3 5 12 389
11 7 3 6 18 389
11 8 3 1 19 389
11 9 3 5 17 389
11 10 3 4 18 389
11 12 3 6 18 389
11 13 3 4 16 389
11 14 3 5 14 389
11 15 3 2 22 389
11 16 3 2 2 389
11 17 3 3 8 389
11 18 3 1 13 389
11 19 3 3 16 389
11 20 3 1 18 389
11 22 3 4 6 389
11 25 3 1 6 389
11 26 3 5 17 389
11 27 3 2 15 389
11 28 3 3 9 389
11 29 3 4 23 389
11 31 3 4 13 389
11 32 3 1 7 389
11 33 3 5 24 389
11 34 3 4 14 389
11 35 3 4 2 389
11 36 3 6 12 389
11 37 3 2 2 389
11 39 3 6 9 389
11 40 3 1 3 389
11 41 3 3 18 389
11 42 3 3 9 389
11 43 3 5 6 389
11 44 3 4 20 389
11 46 3 1 18 389
11 47 3 3 1 389
11 48 3 4 13 389
11 49 3 5 21 389
12 0 6 2 19 296
12 1 6 3 25 296
12 2 6 2 17 296
12 3 6 5 13 296
12 5 6 4 1 296
12 6 6 5 20 296
12 7 6 6 11 296
12 8 6 1 24 296
12 11 6 3 18 296
12 13 6 4 25 296
12 14 6 5 15 296
12 15 6 2 15 296
12 17 6 3 13 296
12 18 6 1 1 296
12 19 6 3 4 296
12 20 6 1 21 296
12 21 6 4 24 296
12 22 6 4 19 296
12 23 6 1 15 296
12 24 6 3 21 296
12 25 6 1 15 296
12 26 6 5 21 296
12 27 6 2 21 296
12 28 6 3 1 296
12 29 6 4 7 296
12 31 6 4 9 296
12 32 6 1 6 296
12 33 6 5 22 296
12 34 6 4 22 296
12 36 6 6 8 296
12 37 6 2 25 296
12 38 6 6 14 296
12 39 6 6 19 296
12 40 6 1 11 296
12 41 6 3 5 296
12 42 6 3 1 296
12 43 6 5 4 296
12 44 6 4 19 296
12 45 6 1 13 296
12 46 6 1 4 296
12 47 6 3 8 296
12 48 6 4 3 296
12 49 6 5 5 296
13 0 4 2 4 266
13 1 4 3 16 266
13 2 4 2 25 266
13 3 4 5 9 266
13 4 4 4 1 266
13 5 4 4 7 266
13 6 4 5 17 266
13 7 4 6 17 266
13 8 4 1 2 266
13 10 4 4 15 266
13 11 4 3 16 266
13 12 4 6 25 266
13 14 4 5 11 266
13 15 4 2 25 266
13 16 4 2 21 266
13 17 4 3 4 266
13 18 4 1 20 266
13 19 4 3 15 266
13 20 4 1 25 266
13 21 4 4 6 266
13 22 4 4 21 266
13 23 4 1 19 266
13 24 4 3 16 266
13 25 4 1 21 266
13 26 4 5 18 266
13 28 4 3 13 266
13 30 4 1 22 266
13 31 4 4 24 266
13 32 4 1 7 266
13 33 4 5 23 266
13 34 4 4 16 266
13 35 4 4 17 266
13 36 4 6 25 266
13 37 4 2 9 266
13 38 4 6 19 266
13 39 4 6 11 266
13 40 4 1 24 266
13 41 4 3 13 266
13 42 4 3 3 266
13 43 4 5 18 266
13 44 4 4 2 266
13 45 4 1 1 266
13 46 4 1 7 266
13 47 4 3 5 266
13 48 4 4 2 266
13 49 4 5 17 266
14 1 5 3 15 532
14 2 5 2 14 532
14 3 5 5 6 532
14 4 5 4 19 532
14 5 5 4 25 532
14 6 5 5 8 532
14 7 5 6 2 532
14 8 5 1 23 532
14 9 5 5 23 532
14 10 5 4 2 532
14 11 5 3 14 532
14 12 5 6 15 532
14 13 5 4 11 532
14 15 5 2 17 532
14 16 5 2 1 532
14 17 5 3 16 532
14 18 5 1 6 532
14 19 5 3 17 532
14 20 5 1 5 532
14 21 5 4 9 532
14 22 5 4 17 532
14 23 5 1 19 532
14 24 5 3 15 532
14 25 5 1 12 532
14 26 5 5 4 532
14 27 5 2 20 532
14 28 5 3 2 532
14 29 5 4 22 532
14 30 5 1 12 532
14 31 5 4 19 532
14 32 5 1 5 532
14 33 5 5 5 532
14 34 5 4 19 532
14 35 5 4 7 532
14 36 5 6 4 532
14 37 5 2 2 532
14 39 5 6 22 532
14 40 5 1 14 532
14 41 5 3 19 532
14 42 5 3 20 532
14 43 5 5 22 532
14 45 5 1 8 532
14 47 5 3 24 532
14 48 5 4 15 532
14 49 5 5 20 532
15 0 2 2 1 72
15 1 2 3 18 72
15 2 2 2 1 72
15 3 2 5 5 72
15 4 2 4 11 72
15 5 2 4 7 72
15 6 2 5 7 72
15 7 2 6 22 72
15 9 2 5 14 72
15 11 2 3 22 72
15 12 2 6 15 72
15 13 2 4 25 72
15 14 2 5 17 72
15 16 2 2 10 72
15 17 2 3 22 72
15 18 2 1 22 72
15 19 2 3 6 72
15 22 2 4 1 72
15 23 2 1 1 72
15 24 2 3 11 72
15 26 2 5 11 72
15 27 2 2 3 72
15 28 2 3 21 72
15 29 2 4 14 72
15 30 2 1 13 72
15 31 2 4 22 72
15 33 2 5 15 72
15 34 2 4 25 72
15 35 2 4 3 72
15 36 2 6 10 72
15 37 2 2 25 72
15 39 2 6 10 72
15 40 2 1 24 72
15 41 2 3 19 72
15 42 2 3 20 72
15 43 2 5 12 72
15 44 2 4 10 72
15 45 2 1 20 72
15 46 2 1 9 72
15 47 2 3 6 72
15 48 2 4 10 72
15 49 2 5 19 72
16 0 2 2 19 259
16 1 2 3 19 259
16 3 2 5 1 259
16 5 2 4 1 259
16 6 2 5 20 259
16 7 2 6 13 259
16 9 2 5 15 259
16 11 2 3 2 259
16 13 2 4 21 259
16 14 2 5 1 259
16 15 2 2 10 259
16 17 2 3 13 259
16 18 2 1 7 259
16 19 2 3 5 259
16 21 2 4 7 259
16 22 2 4 18 259
16 23 2 1 3 259
16 24 2 3 15 259
16 25 2 1 15 259
16 27 2 2 19 259
16 28 2 3 16 259
16 29 2 4 14 259
16 30 2 1 25 259
16 31 2 4 22 259
16 32 2 1 14 259
16 35 2 4 23 259
16 36 2 6 6 259
16 37 2 2 24 259
16 38 2 6 24 259
16 39 2 6 2 259
16 40 2 1 15 259
16 41 2 3 20 259
16 42 2 3 25 259
16 43 2 5 7 259
16 44 2 4 17 259
16 45 2 1 4 259
16 46 2 1 21 259
16 47 2 3 2 259
16 49 2 5 6 259
17 1 3 3 6 925
17 2 3 2 22 925
17 3 3 5 12 925
17 4 3 4 21 925
17 5 3 4 6 925
17 7 3 6 4 925
17 9 3 5 6 925
17 11 3 3 8 925
17 12 3 6 13 925
17 13 3 4 4 925
17 14 3 5 16 925
17 15 3 2 22 925
17 16 3 2 13 925
17 18 3 1 6 925
17 19 3 3 11 925
17 20 3 1 9 925
17 21 3 4 22 925
17 22 3 4 5 925
17 23 3 1 14 925
17 24 3 3 5 925
17 25 3 1 11 925
17 26 3 5 14 925
17 27 3 2 18 925
17 28 3 3 19 925
17 29 3 4 7 925
17 30 3 1 17 925
17 31 3 4 22 925
17 32 3 1 16 925
17 33 3 5 1 925
17 34 3 4 15 925
17 35 3 4 23 925
17 36 3 6 2 925
17 37 3 2 13 925
17 38 3 6 15 925
17 39 3 6 8 925
17 41 3 3 1 925
17 42 3 3 19 925
17 43 3 5 24 925
17 45 3 1 4 925
17 46 3 1 9 925
17 47 3 3 12 925
17 48 3 4 14 925
17 49 3 5 18 925
18 1 1 3 18 405
18 2 1 2 22 405
18 3 1 5 11 405
18 4 1 4 23 405
18 5 1 4 3 405
18 6 1 5 15 405
18 7 1 6 24 405
18 8 1 1 6 405
18 9 1 5 19 405
18 10 1 4 11 405
18 11 1 3 13 405
18 12 1 6 1 405
18 13 1 4 20 405
18 14 1 5 6 405
18 15 1 2 22 405
18 16 1 2 7 405
18 17 1 3 6 405
18 19 1 3 22 405
18 20 1 1 24 405
18 21 1 4 21 405
18 22 1 4 1 405
18 24 1 3 10 405
18 25 1 1 7 405
18 26 1 5 20 405
18 27 1 2 19 405
18 28 1 3 5 405
18 29 1 4 21 405
18 30 1 1 21 405
18 31 1 4 17 405
18 32 1 1 13 405
18 33 1 5 2 405
18 34 1 4 10 405
18 35 1 4 2 405
18 36 1 6 2 405
18 37 1 2 14 405
18 38 1 6 20 405
18 39 1 6 7 405
18 40 1 1 24 405
18 41 1 3 2 405
18 42 1 3 5 405
18 43 1 5 7 405
18 44 1 4 12 405
18 46 1 1 20 405
18 47 1 3 18 405
18 48 1 4 19 405
18 49 1 5 9 405
19 1 3 3 6 140
19 2 3 2 18 140
19 3 3 5 7 140
19 4 3 4 9 140
19 5 3 4 24 140
19 6 3 5 9 140
19 7 3 6 24 140
19 8 3 1 23 140
19 9 3 5 15 140
19 10 3 4 17 140
19 11 3 3 16 140
19 12 3 6 4 140
19 13 3 4 15 140
19 14 3 5 17 140
19 15 3 2 6 140
19 16 3 2 5 140
19 17 3 3 11 140
19 18 3 1 22 140
19 20 3 1 3 140
19 21 3 4 16 140
19 22 3 4 21 140
19 23 3 1 6 140
19 24 3 3 21 140
19 25 3 1 21 140
19 26 3 5 13 140
19 28 3 3 10 140
19 29 3 4 18 140
19 30 3 1 22 140
19 31 3 4 3 140
19 32 3 1 6 140
19 33 3 5 25 140
19 34 3 4 10 140
19 35 3 4 12 140
19 36 3 6 18 140
19 37 3 2 16 140
19 39 3 6 22 140
19 40 3 1 2 140
19 42 3 3 6 140
19 43 3 5 7 140
19 44 3 4 10 140
19 45 3 1 22 140
19 46 3 1 2 140
19 47 3 3 24 140
19 48 3 4 15 140
19 49 3 5 11 140
20 0 1 2 24 954
20 1 1 3 5 954
20 2 1 2 25 954
20 3 1 5 23 954
20 4 1 4 20 954
20 5 1 4 6 954
20 6 1 5 23 954
20 7 1 6 8 954
20 8 1 1 8 954
20 9 1 5 16 954
20 10 1 4 2 954
20 11 1 3 18 954
20 12 1 6 21 954
20 13 1 4 25 954
20 14 1 5 5 954
20 17 1 3 9 954
20 18 1 1 24 954
20 19 1 3 3 954
20 21 1 4 17 954
20 22 1 4 16 954
20 23 1 1 11 954
20 24 1 3 1 954
20 25 1 1 9 954
20 26 1 5 6 954
20 28 1 3 23 954
20 29 1 4 13 954
20 30 1 1 2 954
20 31 1 4 23 954
20 32 1 1 20 954
20 33 1 5 21 954
20 34 1 4 7 954
20 35 1 4 8 954
20 36 1 6 2 954
20 37 1 2 4 954
20 38 1 6 3 954
20 39 1 6 23 954
20 40 1 1 24 954
20 41 1 3 13 954
20 42 1 3 17 954
20 43 1 5 8 954
20 45 1 1 7 954
20 46 1 1 20 954
20 47 1 3 24 954
20 48 1 4 2 954
20 49 1 5 6 954
21 0 4 2 16 897
21 1 4 3 9 897
21 3 4 5 9 897
21 4 4 4 19 897
21 5 4 4 16 897
21 6 4 5 12 897
21 7 4 6 6 897
21 8 4 1 20 897
21 9 4 5 2 897
21 12 4 6 24 897
21 13 4 4 6 897
21 14 4 5 9 897
21 16 4 2 7 897
21 17 4 3 22 897
21 18 4 1 21 897
21 19 4 3 16 897
21 20 4 1 17 897
21 22 4 4 21 897
21 23 4 1 8 897
21 24 4 3 11 897
21 25 4 1 5 897
21 26 4 5 22 897
21 27 4 2 15 897
21 28 4 3 21 897
21 29 4 4 10 897
21 30 4 1 5 897
21 31 4 4 6 897
21 32 4 1 18 897
21 33 4 5 16 897
21 34 4 4 1 897
21 35 4 4 14 897
21 36 4 6 5 897
21 37 4 2 8 897
21 38 4 6 1 897
21 39 4 6 12 897
21 40 4 1 25 897
21 41 4 3 5 897
21 43 4 5 7 897
21 44 4 4 10 897
21 45 4 1 24 897
21 46 4 1 9 897
21 47 4 3 17 897
21 48 4 4 5 897
21 49 4 5 11 897
22 0 4 2 24 609
22 1 4 3 10 609
22 2 4 2 24 609
22 3 4 5 11 609
22 4 4 4 4 609
22 5 4 4 1 609
22 6 4 5 9 609
22 7 4 6 15 609
22 8 4 1 4 609
22 9 4 5 23 609
22 10 4 4 22 609
22 11 4 3 6 609
22 12 4 6 19 609
22 13 4 4 21 609
22 14 4 5 17 609
22 15 4 2 1 609
22 16 4 2 18 609
22 17 4 3 5 609
22 18 4 1 1 609
22 19 4 3 21 609
22 20 4 1 16 609
22 21 4 4 21 609
22 23 4 1 1 609
22 24 4 3 12 609
22 25 4 1 12 609
22 26 4 5 12 609
22 27 4 2 16 609
22 28 4 3 17 609
22 29 4 4 1 609
22 30 4 1 20 609
22 32 4 1 11 609
22 33 4 5 22 609
22 34 4 4 14 609
22 36 4 6 15 609
22 38 4 6 7 609
22 40 4 1 3 609
22 41 4 3 22 609
22 42 4 3 2 609
22 43 4 5 24 609
22 44 4 4 22 609
22 45 4 1 5 609
22 46 4 1 3 609
22 48 4 4 5 609
22 49 4 5 22 609
23 0 1 2 14 712
23 1 1 3 19 712
23 2 1 2 25 712
23 3 1 5 2 712
23 4 1 4 8 712
23 5 1 4 10 712
23 6 1 5 24 712
23 7 1 6 5 712
23 8 1 1 22 712
23 9 1 5 16 712
23 10 1 4 7 712
23 12 1 6 15 712
23 13 1 4 19 712
23 14 1 5 19 712
23 15 1 2 1 712
23 16 1 2 3 712
23 17 1 3 14 712
23 19 1 3 6 712
23 20 1 1 11 712
23 21 1 4 8 712
23 22 1 4 1 712
23 24 1 3 10 712
23 25 1 1 12 712
23 26 1 5 8 712
23 27 1 2 12 712
23 28 1 3 25 712
23 29 1 4 7 712
23 30 1 1 11 712
23 31 1 4 24 712
23 32 1 1 12 712
23 33 1 5 5 712
23 34 1 4 18 712
23 35 1 4 11 712
23 37 1 2 9 712
23 38 1 6 23 712
23 41 1 3 13 712
23 42 1 3 21 712
23 43 1 5 1 712
23 44 1 4 23 712
23 45 1 1 18 712
23 46 1 1 16 712
23 47 1 3 13 712
23 48 1 4 6 712
23 49 1 5 16 712
24 0 3 2 11 987
24 1 3 3 22 987
24 2 3 2 6 987
24 4 3 4 25 987
24 5 3 4 24 987
24 6 3 5 22 987
24 7 3 6 3 987
24 8 3 1 20 987
24 9 3 5 10 987
24 10 3 4 19 987
24 12 3 6 21 987
24 13 3 4 16 987
24 14 3 5 15 987
24 15 3 2 11 987
24 16 3 2 15 987
24 17 3 3 5 987
24 18 3 1 10 987
24 19 3 3 21 987
24 20 3 1 1 987
24 21 3 4 11 987
24 22 3 4 12 987
24 23 3 1 10 987
24 27 3 2 22 987
24 28 3 3 19 987
24 29 3 4 12 987
24 30 3 1 20 987
24 31 3 4 20 987
24 33 3 5 16 987
24 34 3 4 11 987
24 35 3 4 23 987
24 36 3 6 25 987
24 37 3 2 17 987
24 38 3 6 15 987
24 39 3 6 25 987
24 40 3 1 25 987
24 41 3 3 19 987
24 42 3 3 4 987
24 45 3 1 4 987
24 46 3 1 9 987
24 47 3 3 8 987
24 48 3 4 4 987
24 49 3 5 23 987
25 0 1 2 2 481
25 1 1 3 22 481
25 2 1 2 25 481
25 4 1 4 13 481
25 5 1 4 2 481
25 7 1 6 18 481
25 8 1 1 5 481
25 9 1 5 16 481
25 10 1 4 14 481
25 11 1 3 6 481
25 12 1 6 15 481
25 13 1 4 21 481
25 14 1 5 12 481
25 16 1 2 15 481
25 17 1 3 11 481
25 18 1 1 7 481
25 19 1 3 21 481
25 20 1 1 9 481
25 21 1 4 5 481
25 22 1 4 12 481
25 23 1 1 12 481
25 27 1 2 21 481
25 28 1 3 11 481
25 29 1 4 22 481
25 30 1 1 21 481
25 31 1 4 1 481
25 32 1 1 23 481
25 33 1 5 11 481
25 34 1 4 24 481
25 35 1 4 8 481
25 36 1 6 17 481
25 37 1 2 4 481
25 38 1 6 9 481
25 39 1 6 7 481
25 40 1 1 11 481
25 41 1 3 11 481
25 42 1 3 25 481
25 44 1 4 20 481
25 45 1 1 4 481
25 46 1 1 9 481
25 47 1 3 14 481
25 48 1 4 9 481
25 49 1 5 12 481
26 0 5 2 25 408
26 1 5 3 23 408
26 2 5 2 5 408
26 3 5 5 24 408
26 4 5 4 14 408
26 5 5 4 22 408
26 6 5 5 19 408
26 7 5 6 1 408
26 10 5 4 25 408
26 11 5 3 17 408
26 12 5 6 21 408
26 13 5 4 18 408
26 14 5 5 4 408
26 15 5 2 11 408
26 17 5 3 14 408
26 18 5 1 20 408
26 19 5 3 13 408
26 20 5 1 6 408
26 21 5 4 22 408
26 22 5 4 12 408
26 23 5 1 8 408
26 27 5 2 11 408
26 28 5 3 12 408
26 30 5 1 22 408
26 31 5 4 17 408
26 32 5 1 16 408
26 33 5 5 7 408
26 34 5 4 18 408
26 35 5 4 15 408
26 36 5 6 23 408
26 37 5 2 25 408
26 38 5 6 25 408
26 40 5 1 16 408
26 41 5 3 5 408
26 42 5 3 10 408
26 43 5 5 9 408
26 45 5 1 24 408
26 46 5 1 12 408
26 47 5 3 16 408
26 48 5 4 3 408
26 49 5 5 5 408
27 0 2 2 18 53
27 1 2 3 3 53
27 2 2 2 14 53
27 3 2 5 7 53
27 4 2 4 19 53
27 5 2 4 9 53
27 6 2 5 19 53
27 7 2 6 10 53
27 8 2 1 17 53
27 9 2 5 25 53
27 10 2 4 12 53
27 11 2 3 15 53
27 12 2 6 21 53
27 14 2 5 20 53
27 15 2 2 3 53
27 16 2 2 19 53
27 17 2 3 18 53
27 18 2 1 19 53
27 21 2 4 15 53
27 22 2 4 16 53
27 23 2 1 12 53
27 24 2 3 22 53
27 25 2 1 21 53
27 26 2 5 11 53
27 28 2 3 8 53
27 29 2 4 22 53
27 30 2 1 23 53
27 31 2 4 1 53
27 32 2 1 9 53
27 33 2 5 10 53
27 34 2 4 22 53
27 35 2 4 20 53
27 36 2 6 2 53
27 37 2 2 8 53
27 38 2 6 3 53
27 39 2 6 7 53
27 40 2 1 13 53
27 41 2 3 23 53
27 42 2 3 24 53
27 44 2 4 9 53
27 45 2 1 24 53
27 46 2 1 14 53
27 47 2 3 18 53
27 48 2 4 7 53
27 49 2 5 22 53
28 0 3 2 17 340
28 1 3 3 17 340
28 2 3 2 1 340
28 4 3 4 20 340
28 5 3 4 21 340
28 7 3 6 18 340
28 8 3 1 10 340
28 9 3 5 14 340
28 10 3 4 9 340
28 11 3 3 9 340
28 12 3 6 1 340
28 13 3 4 13 340
28 14 3 5 2 340
28 15 3 2 21 340
28 16 3 2 16 340
28 17 3 3 19 340
28 18 3 1 5 340
28 19 3 3 10 340
28 20 3 1 23 340
28 21 3 4 21 340
28 22 3 4 17 340
28 23 3 1 25 340
28 24 3 3 19 340
28 25 3 1 11 340
28 26 3 5 12 340
28 27 3 2 8 340
28 29 3 4 1 340
28 30 3 1 2 340
28 31 3 4 18 340
28 32 3 1 25 340
28 33 3 5 6 340
28 34 3 4 15 340
28 36 3 6 6 340
28 38 3 6 18 340
28 39 3 6 25 340
28 41 3 3 13 340
28 42 3 3 9 340
28 43 3 5 4 340
28 44 3 4 19 340
28 45 3 1 18 340
28 46 3 1 13 340
28 47 3 3 10 340
28 48 3 4 2 340
28 49 3 5 6 340
29 0 4 2 1 914
29 1 4 3 3 914
29 2 4 2 23 914
29 3 4 5 17 914
29 4 4 4 19 914
29 5 4 4 23 914
29 6 4 5 3 914
29 8 4 1 22 914
29 10 4 4 22 914
29 11 4 3 23 914
29 12 4 6 7 914
29 14 4 5 22 914
29 15 4 2 14 914
29 16 4 2 14 914
29 17 4 3 7 914
29 18 4 1 21 914
29 19 4 3 18 914
29 20 4 1 13 914
29 21 4 4 10 914
29 22 4 4 1 914
29 23 4 1 7 914
29 24 4 3 12 914
29 25 4 1 22 914
29 27 4 2 22 914
29 28 4 3 1 914
29 30 4 1 2 914
29 31 4 4 25 914
29 32 4 1 7 914
29 33 4 5 8 914
29 35 4 4 23 914
29 36 4 6 11 914
29 37 4 2 3 914
29 38 4 6 1 914
29 39 4 6 5 914
29 40 4 1 19 914
29 42 4 3 25 914
29 43 4 5 7 914
29 44 4 4 19 914
29 46 4 1 1 914
29 47 4 3 4 914
29 48 4 4 19 914
29 49 4 5 5 914
30 0 1 2 14 890
30 1 1 3 19 890
30 2 1 2 16 890
30 3 1 5 20 890
30 4 1 4 24 890
30 5 1 4 5 890
30 6 1 5 21 890
30 7 1 6 24 890
30 8 1 1 4 890
30 9 1 5 15 890
30 13 1 4 22 890
30 14 1 5 12 890
30 15 1 2 13 890
30 16 1 2 25 890
30 17 1 3 17 890
30 18 1 1 21 890
30 19 1 3 22 890
30 20 1 1 2 890
30 21 1 4 5 890
30 22 1 4 20 890
30 23 1 1 11 890
30 24 1 3 20 890
30 25 1 1 21 890
30 26 1 5 22 890
30 27 1 2 23 890
30 28 1 3 2 890
30 29 1 4 2 890
30 31 1 4 11 890
30 33 1 5 19 890
30 34 1 4 12 890
30 35 1 4 25 890
30 36 1 6 21 890
30 37 1 2 23 890
30 38 1 6 23 890
30 39 1 6 19 890
30 41 1 3 17 890
30 42 1 3 19 890
30 44 1 4 12 890
30 45 1 1 17 890
30 46 1 1 8 890
30 47 1 3 22 890
30 48 1 4 3 890
30 49 1 5 25 890
31 0 4 2 7 583
31 1 4 3 22 583
31 2 4 2 17 583
31 3 4 5 18 583
31 4 4 4 11 583
31 5 4 4 20 583
31 7 4 6 9 583
31 8 4 1 23 583
31 9 4 5 25 583
31 10 4 4 9 583
31 11 4 3 13 583
31 12 4 6 9 583
31 13 4 4 24 583
31 14 4 5 19 583
31 15 4 2 22 583
31 16 4 2 22 583
31 17 4 3 22 583
31 18 4 1 17 583
31 19 4 3 3 583
31 20 4 1 23 583
31 21 4 4 6 583
31 23 4 1 24 583
31 24 4 3 20 583
31 25 4 1 1 583
31 26 4 5 17 583
31 27 4 2 1 583
31 28 4 3 18 583
31 29 4 4 25 583
31 30 4 1 11 583
31 32 4 1 22 583
31 33 4 5 20 583
31 34 4 4 25 583
31 35 4 4 24 583
31 36 4 6 21 583
31 37 4 2 7 583
31 39 4 6 11 583
31 41 4 3 24 583
31 43 4 5 9 583
31 44 4 4 12 583
31 45 4 1 5 583
31 46 4 1 21 583
31 47 4 3 10 583
31 48 4 4 1 583
31 49 4 5 11 583
32 0 1 2 1 466
32 1 1 3 6 466
32 2 1 2 13 466
32 3 1 5 7 466
32 4 1 4 3 466
32 5 1 4 15 466
32 7 1 6 12 466
32 8 1 1 13 466
32 9 1 5 18 466
32 10 1 4 14 466
32 11 1 3 7 466
32 12 1 6 6 466
32 13 1 4 7 466
32 14 1 5 5 466
32 16 1 2 14 466
32 17 1 3 16 466
32 18 1 1 13 466
32 19 1 3 6 466
32 20 1 1 20 466
32 21 1 4 18 466
32 22 1 4 11 466
32 23 1 1 12 466
32 25 1 1 23 466
32 26 1 5 16 466
32 27 1 2 9 466
32 28 1 3 25 466
32 29 1 4 7 466
32 31 1 4 22 466
32 33 1 5 25 466
32 35 1 4 21 466
32 36 1 6 17 466
32 37 1 2 3 466
32 38 1 6 19 466
32 39 1 6 15 466
32 40 1 1 24 466
32 41 1 3 13 466
32 42 1 3 8 466
32 43 1 5 20 466
32 44 1 4 12 466
32 45 1 1 10 466
32 46 1 1 6 466
32 47 1 3 17 466
32 48 1 4 5 466
32 49 1 5 4 466
33 0 5 2 13 236
33 1 5 3 11 236
33 2 5 2 1 236
33 3 5 5 22 236
33 4 5 4 11 236
33 5 5 4 4 236
33 6 5 5 14 236
33 7 5 6 1 236
33 8 5 1 13 236
33 9 5 5 7 236
33 10 5 4 20 236
33 11 5 3 24 236
33 12 5 6 22 236
33 13 5 4 23 236
33 14 5 5 5 236
33 15 5 2 15 236
33 17 5 3 1 236
33 18 5 1 2 236
33 19 5 3 25 236
33 20 5 1 21 236
33 21 5 4 16 236
33 22 5 4 22 236
33 23 5 1 5 236
33 24 5 3 16 236
33 25 5 1 11 236
33 26 5 5 7 236
33 27 5 2 10 236
33 28 5 3 6 236
33 29 5 4 8 236
33 30 5 1 19 236
33 31 5 4 20 236
33 32 5 1 25 236
33 34 5 4 2 236
33 35 5 4 20 236
33 36 5 6 11 236
33 37 5 2 4 236
33 38 5 6 20 236
33 39 5 6 15 236
33 40 5 1 16 236
33 41 5 3 23 236
33 42 5 3 8 236
33 43 5 5 2 236
33 44 5 4 6 236
33 45 5 1 6 236
33 46 5 1 7 236
33 47 5 3 13 236
33 48 5 4 13 236
33 49 5 5 7 236
34 0 4 2 23 864
34 1 4 3 25 864
34 2 4 2 20 864
34 3 4 5 3 864
34 4 4 4 14 864
34 5 4 4 4 864
34 7 4 6 9 864
34 8 4 1 14 864
34 9 4 5 20 864
34 10 4 4 14 864
34 11 4 3 14 864
34 12 4 6 22 864
34 13 4 4 16 864
34 14 4 5 19 864
34 15 4 2 25 864
34 17 4 3 15 864
34 18 4 1 10 864
34 19 4 3 10 864
34 20 4 1 7 864
34 21 4 4 1 864
34 22 4 4 14 864
34 23 4 1 18 864
34 24 4 3 11 864
34 25 4 1 24 864
34 26 4 5 18 864
34 27 4 2 22 864
34 28 4 3 15 864
34 30 4 1 12 864
34 31 4 4 25 864
34 33 4 5 2 864
34 35 4 4 4 864
34 36 4 6 2 864
34 37 4 2 15 864
34 38 4 6 20 864
34 39 4 6 19 864
34 40 4 1 12 864
34 41 4 3 3 864
34 42 4 3 23 864
34 43 4 5 18 864
34 44 4 4 18 864
34 45 4 1 4 864
34 46 4 1 20 864
34 47 4 3 9 864
34 48 4 4 17 864
34 49 4 5 20 864
35 0 4 2 16 790
35 1 4 3 14 790
35 2 4 2 19 790
35 3 4 5 8 790
35 4 4 4 19 790
35 5 4 4 12 790
35 7 4 6 15 790
35 9 4 5 14 790
35 10 4 4 1 790
35 11 4 3 2 790
35 13 4 4 17 790
35 14 4 5 7 790
35 15 4 2 3 790
35 16 4 2 23 790
35 17 4 3 23 790
35 18 4 1 2 790
35 19 4 3 12 790
35 20 4 1 8 790
35 21 4 4 14 790
35 23 4 1 11 790
35 24 4 3 23 790
35 25 4 1 8 790
35 26 4 5 15 790
35 27 4 2 20 790
35 29 4 4 23 790
35 30 4 1 25 790
35 31 4 4 24 790
35 32 4 1 21 790
35 33 4 5 20 790
35 34 4 4 4 790
35 36 4 6 19 790
35 37 4 2 6 790
35 38 4 6 17 790
35 39 4 6 15 790
35 40 4 1 4 790
35 41 4 3 9 790
35 42 4 3 22 790
35 43 4 5 12 790
35 44 4 4 24 790
35 45 4 1 23 790
35 46 4 1 15 790
35 47 4 3 9 790
35 48 4 4 10 790
36 0 6 2 4 753
36 1 6 3 24 753
36 2 6 2 22 753
36 3 6 5 10 753
36 4 6 4 19 753
36 7 6 6 3 753
36 8 6 1 17 753
36 9 6 5 19 753
36 10 6 4 22 753
36 11 6 3 12 753
36 12 6 6 8 753
36 13 6 4 25 753
36 14 6 5 4 753
36 15 6 2 10 753
36 16 6 2 6 753
36 17 6 3 2 753
36 18 6 1 2 753
36 19 6 3 18 753
36 20 6 1 2 753
36 21 6 4 5 753
36 22 6 4 15 753
36 24 6 3 25 753
36 25 6 1 17 753
36 26 6 5 23 753
36 27 6 2 2 753
36 28 6 3 6 753
36 29 6 4 11 753
36 30 6 1 21 753
36 31 6 4 21 753
36 32 6 1 17 753
36 33 6 5 11 753
36 34 6 4 2 753
36 35 6 4 19 753
36 37 6 2 3 753
36 38 6 6 20 753
36 39 6 6 3 753
36 40 6 1 18 753
36 41 6 3 21 753
36 42 6 3 9 753
36 43 6 5 12 753
36 44 6 4 8 753
36 45 6 1 7 753
36 46 6 1 20 753
36 48 6 4 12 753
36 49 6 5 1 753
37 0 2 2 25 269
37 1 2 3 15 269
37 3 2 5 14 269
37 4 2 4 8 269
37 5 2 4 25 269
37 6 2 5 22 269
37 7 2 6 23 269
37 8 2 1 19 269
37 9 2 5 25 269
37 10 2 4 4 269
37 11 2 3 2 269
37 12 2 6 25 269
37 13 2 4 9 269
37 14 2 5 2 269
37 15 2 2 25 269
37 16 2 2 24 269
37 17 2 3 13 269
37 18 2 1 14 269
37 19 2 3 16 269
37 20 2 1 4 269
37 21 2 4 8 269
37 23 2 1 9 269
37 24 2 3 17 269
37 25 2 1 4 269
37 26 2 5 25 269
37 27 2 2 8 269
37 29 2 4 3 269
37 30 2 1 23 269
37 31 2 4 7 269
37 32 2 1 3 269
37 33 2 5 4 269
37 34 2 4 15 269
37 35 2 4 6 269
37 36 2 6 3 269
37 38 2 6 3 269
37 39 2 6 13 269
37 40 2 1 20 269
37 41 2 3 12 269
37 42 2 3 10 269
37 43 2 5 21 269
37 44 2 4 8 269
37 46 2 1 18 269
37 47 2 3 4 269
37 49 2 5 15 269
38 0 6 2 12 194
38 1 6 3 11 194
38 2 6 2 13 194
38 3 6 5 20 194
38 4 6 4 5 194
38 5 6 4 14 194
38 6 6 5 16 194
38 7 6 6 23 194
38 8 6 1 15 194
38 9 6 5 3 194
38 10 6 4 9 194
38 12 6 6 14 194
38 13 6 4 19 194
38 16 6 2 24 194
38 17 6 3 15 194
38 18 6 1 20 194
38 20 6 1 3 194
38 21 6 4 1 194
38 22 6 4 7 194
38 23 6 1 23 194
38 24 6 3 15 194
38 25 6 1 9 194
38 26 6 5 25 194
38 27 6 2 3 194
38 28 6 3 18 194
38 29 6 4 1 194
38 30 6 1 23 194
38 32 6 1 19 194
38 33 6 5 20 194
38 34 6 4 20 194
38 35 6 4 17 194
38 36 6 6 20 194
38 37 6 2 3 194
38 39 6 6 12 194
38 41 6 3 21 194
38 42 6 3 13 194
38 43 6 5 9 194
38 44 6 4 25 194
38 45 6 1 11 194
38 46 6 1 3 194
38 48 6 4 25 194
38 49 6 5 24 194
39 0 6 2 24 477
39 2 6 2 16 477
39 3 6 5 17 477
39 4 6 4 25 477
39 5 6 4 10 477
39 6 6 5 4 477
39 7 6 6 12 477
39 8 6 1 17 477
39 10 6 4 13 477
39 11 6 3 9 477
39 12 6 6 19 477
39 13 6 4 11 477
39 14 6 5 22 477
39 15 6 2 10 477
39 16 6 2 2 477
39 17 6 3 8 477
39 18 6 1 7 477
39 19 6 3 22 477
39 20 6 1 23 477
39 21 6 4 12 477
39 24 6 3 25 477
39 25 6 1 7 477
39 27 6 2 7 477
39 28 6 3 25 477
39 29 6 4 5 477
39 30 6 1 19 477
39 31 6 4 11 477
39 32 6 1 15 477
39 33 6 5 15 477
39 34 6 4 19 477
39 35 6 4 15 477
39 36 6 6 3 477
39 37 6 2 13 477
39 38 6 6 12 477
39 40 6 1 10 477
39 41 6 3 8 477
39 42 6 3 17 477
39 43 6 5 21 477
39 44 6 4 16 477
39 45 6 1 23 477
39 47 6 3 10 477
39 48 6 4 25 477
39 49 6 5 7 477
40 0 1 2 22 575
40 2 1 2 10 575
40 3 1 5 18 575
40 4 1 4 1 575
40 5 1 4 21 575
40 6 1 5 7 575
40 7 1 6 23 575
40 8 1 1 10 575
40 9 1 5 11 575
40 10 1 4 19 575
40 11 1 3 3 575
40 12 1 6 11 575
40 13 1 4 24 575
40 14 1 5 14 575
40 15 1 2 24 575
40 16 1 2 15 575
40 18 1 1 24 575
40 19 1 3 2 575
40 20 1 1 24 575
40 21 1 4 25 575
40 22 1 4 3 575
40 24 1 3 25 575
40 25 1 1 11 575
40 26 1 5 16 575
40 27 1 2 13 575
40 29 1 4 19 575
40 32 1 1 24 575
40 33 1 5 16 575
40 34 1 4 12 575
40 35 1 4 4 575
40 36 1 6 18 575
40 37 1 2 20 575
40 39 1 6 10 575
40 42 1 3 4 575
40 43 1 5 23 575
40 44 1 4 21 575
40 46 1 1 20 575
40 47 1 3 5 575
40 48 1 4 18 575
41 0 3 2 16 462
41 1 3 3 2 462
41 2 3 2 5 462
41 3 3 5 7 462
41 4 3 4 17 462
41 5 3 4 21 462
41 6 3 5 19 462
41 7 3 6 3 462
41 8 3 1 15 462
41 9 3 5 5 462
41 10 3 4 17 462
41 11 3 3 18 462
41 12 3 6 5 462
41 13 3 4 13 462
41 14 3 5 19 462
41 15 3 2 19 462
41 16 3 2 20 462
41 17 3 3 1 462
41 18 3 1 2 462
41 20 3 1 13 462
41 21 3 4 5 462
41 22 3 4 22 462
41 23 3 1 13 462
41 24 3 3 19 462
41 25 3 1 11 462
41 26 3 5 5 462
41 27 3 2 23 462
41 28 3 3 13 462
41 30 3 1 17 462
41 31 3 4 24 462
41 32 3 1 13 462
41 33 3 5 23 462
41 34 3 4 3 462
41 35 3 4 9 462
41 36 3 6 21 462
41 37 3 2 12 462
41 38 3 6 21 462
41 39 3 6 8 462
41 42 3 3 12 462
41 43 3 5 22 462
41 44 3 4 1 462
41 45 3 1 11 462
41 47 3 3 25 462
41 48 3 4 22 462
41 49 3 5 12 462
42 0 3 2 12 398
42 1 3 3 23 398
42 2 3 2 18 398
42 5 3 4 3 398
42 6 3 5 20 398
42 7 3 6 20 398
42 8 3 1 19 398
42 9 3 5 21 398
42 10 3 4 1 398
42 11 3 3 9 398
42 12 3 6 1 398
42 13 3 4 3 398
42 14 3 5 20 398
42 15 3 2 20 398
42 16 3 2 25 398
42 17 3 3 19 398
42 18 3 1 5 398
42 19 3 3 6 398
42 20 3 1 17 398
42 22 3 4 2 398
42 23 3 1 21 398
42 24 3 3 4 398
42 25 3 1 25 398
42 26 3 5 10 398
42 27 3 2 24 398
42 28 3 3 9 398
42 29 3 4 25 398
42 30 3 1 19 398
42 32 3 1 8 398
42 33 3 5 8 398
42 34 3 4 23 398
42 35 3 4 22 398
42 36 3 6 9 398
42 37 3 2 10 398
42 38 3 6 13 398
42 39 3 6 17 398
42 40 3 1 4 398
42 41 3 3 12 398
42 43 3 5 2 398
42 44 3 4 15 398
42 45 3 1 5 398
42 46 3 1 14 398
42 47 3 3 19 398
42 48 3 4 8 398
42 49 3 5 1 398
43 0 5 2 2 188
43 1 5 3 17 188
43 2 5 2 15 188
43 4 5 4 21 188
43 5 5 4 2 188
43 6 5 5 6 188
43 7 5 6 15 188
43 8 5 1 4 188
43 9 5 5 23 188
43 10 5 4 4 188
43 11 5 3 6 188
43 12 5 6 4 188
43 13 5 4 18 188
43 14 5 5 22 188
43 15 5 2 12 188
43 16 5 2 7 188
43 17 5 3 24 188
43 18 5 1 7 188
43 19 5 3 7 188
43 20 5 1 8 188
43 21 5 4 7 188
43 22 5 4 24 188
43 23 5 1 1 188
43 26 5 5 9 188
43 28 5 3 4 188
43 29 5 4 7 188
43 31 5 4 9 188
43 32 5 1 20 188
43 33 5 5 2 188
43 34 5 4 18 188
43 35 5 4 12 188
43 36 5 6 12 188
43 37 5 2 21 188
43 38 5 6 9 188
43 39 5 6 21 188
43 40 5 1 23 188
43 41 5 3 22 188
43 42 5 3 2 188
43 45 5 1 7 188
43 46 5 1 22 188
43 47 5 3 11 188
43 48 5 4 22 188
44 1 4 3 15 334
44 2 4 2 11 334
44 3 4 5 22 334
44 4 4 4 21 334
44 5 4 4 13 334
44 6 4 5 17 334
44 7 4 6 23 334
44 8 4 1 18 334
44 9 4 5 23 334
44 10 4 4 12 334
44 11 4 3 20 334
44 12 4 6 19 334
44 13 4 4 2 334
44 15 4 2 10 334
44 16 4 2 17 334
44 18 4 1 12 334
44 19 4 3 10 334
44 21 4 4 10 334
44 22 4 4 22 334
44 23 4 1 23 334
44 25 4 1 20 334
44 27 4 2 9 334
44 28 4 3 19 334
44 29 4 4 19 334
44 30 4 1 12 334
44 31 4 4 12 334
44 32 4 1 12 334
44 33 4 5 6 334
44 34 4 4 18 334
44 35 4 4 24 334
44 36 4 6 8 334
44 37 4 2 8 334
44 38 4 6 25 334
44 39 4 6 16 334
44 40 4 1 21 334
44 41 4 3 1 334
44 42 4 3 15 334
44 45 4 1 15 334
44 46 4 1 23 334
44 47 4 3 8 334
44 48 4 4 14 334
44 49 4 5 22 334
45 0 1 2 3 809
45 1 1 3 15 809
45 3 1 5 20 809
45 4 1 4 22 809
45 5 1 4 13 809
45 6 1 5 7 809
45 7 1 6 12 809
45 8 1 1 3 809
45 9 1 5 5 809
45 10 1 4 1 809
45 12 1 6 13 809
45 13 1 4 1 809
45 14 1 5 8 809
45 15 1 2 20 809
45 16 1 2 4 809
45 17 1 3 4 809
45 19 1 3 22 809
45 20 1 1 7 809
45 21 1 4 24 809
45 22 1 4 5 809
45 23 1 1 18 809
45 24 1 3 4 809
45 25 1 1 4 809
45 26 1 5 24 809
45 27 1 2 24 809
45 28 1 3 18 809
45 30 1 1 17 809
45 31 1 4 5 809
45 32 1 1 10 809
45 33 1 5 6 809
45 34 1 4 4 809
45 35 1 4 23 809
45 36 1 6 7 809
45 38 1 6 11 809
45 39 1 6 23 809
45 41 1 3 11 809
45 42 1 3 5 809
45 43 1 5 7 809
45 44 1 4 15 809
45 47 1 3 8 809
45 48 1 4 9 809
45 49 1 5 6 809
46 1 1 3 12 248
46 2 1 2 3 248
46 3 1 5 11 248
46 4 1 4 20 248
46 5 1 4 22 248
46 6 1 5 15 248
46 7 1 6 18 248
46 9 1 5 12 248
46 10 1 4 15 248
46 11 1 3 18 248
46 12 1 6 4 248
46 13 1 4 7 248
46 15 1 2 9 248
46 16 1 2 21 248
46 17 1 3 9 248
46 18 1 1 20 248
46 19 1 3 2 248
46 20 1 1 20 248
46 21 1 4 9 248
46 22 1 4 3 248
46 23 1 1 16 248
46 24 1 3 9 248
46 25 1 1 9 248
46 26 1 5 12 248
46 27 1 2 14 248
46 28 1 3 13 248
46 29 1 4 1 248
46 30 1 1 8 248
46 31 1 4 21 248
46 32 1 1 6 248
46 33 1 5 7 248
46 34 1 4 20 248
46 35 1 4 15 248
46 36 1 6 20 248
46 37 1 2 18 248
46 38 1 6 3 248
46 40 1 1 20 248
46 42 1 3 14 248
46 43 1 5 22 248
46 44 1 4 23 248
46 47 1 3 14 248
46 48 1 4 10 248
46 49 1 5 4 248
47 0 3 2 17 671
47 1 3 3 5 671
47 2 3 2 15 671
47 3 3 5 20 671
47 4 3 4 23 671
47 5 3 4 25 671
47 6 3 5 2 671
47 7 3 6 3 671
47 8 3 1 15 671
47 9 3 5 11 671
47 10 3 4 4 671
47 11 3 3 1 671
47 12 3 6 8 671
47 13 3 4 5 671
47 14 3 5 24 671
47 15 3 2 6 671
47 16 3 2 2 671
47 17 3 3 12 671
47 18 3 1 18 671
47 19 3 3 24 671
47 20 3 1 24 671
47 21 3 4 17 671
47 23 3 1 13 671
47 24 3 3 8 671
47 25 3 1 14 671
47 26 3 5 16 671
47 27 3 2 18 671
47 28 3 3 10 671
47 29 3 4 4 671
47 30 3 1 22 671
47 31 3 4 10 671
47 32 3 1 17 671
47 33 3 5 13 671
47 34 3 4 9 671
47 35 3 4 9 671
47 37 3 2 4 671
47 39 3 6 10 671
47 40 3 1 5 671
47 41 3 3 25 671
47 42 3 3 19 671
47 43 3 5 11 671
47 44 3 4 8 671
47 45 3 1 8 671
47 46 3 1 14 671
47 49 3 5 18 671
48 0 4 2 3 756
48 1 4 3 23 756
48 2 4 2 13 756
48 3 4 5 23 756
48 4 4 4 1 756
48 6 4 5 15 756
48 7 4 6 21 756
48 9 4 5 19 756
48 10 4 4 19 756
48 11 4 3 13 756
48 12 4 6 3 756
48 13 4 4 2 756
48 14 4 5 15 756
48 15 4 2 10 756
48 17 4 3 14 756
48 18 4 1 19 756
48 19 4 3 15 756
48 20 4 1 2 756
48 21 4 4 5 756
48 22 4 4 5 756
48 23 4 1 6 756
48 24 4 3 4 756
48 25 4 1 9 756
48 26 4 5 3 756
48 27 4 2 7 756
48 28 4 3 2 756
48 29 4 4 19 756
48 30 4 1 3 756
48 31 4 4 1 756
48 32 4 1 5 756
48 33 4 5 13 756
48 34 4 4 17 756
48 35 4 4 10 756
48 36 4 6 12 756
48 38 4 6 25 756
48 39 4 6 25 756
48 40 4 1 18 756
48 41 4 3 22 756
48 42 4 3 8 756
48 43 4 5 22 756
48 44 4 4 14 756
48 45 4 1 9 756
48 46 4 1 10 756
48 49 4 5 7 756
49 0 5 2 5 78
49 1 5 3 5 78
49 2 5 2 7 78
49 3 5 5 9 78
49 4 5 4 2 78
49 5 5 4 25 78
49 6 5 5 18 78
49 7 5 6 7 78
49 8 5 1 20 78
49 9 5 5 12 78
49 10 5 4 9 78
49 11 5 3 21 78
49 12 5 6 5 78
49 13 5 4 17 78
49 14 5 5 20 78
49 15 5 2 19 78
49 16 5 2 6 78
49 17 5 3 18 78
49 18 5 1 9 78
49 19 5 3 11 78
49 20 5 1 6 78
49 21 5 4 11 78
49 22 5 4 22 78
49 23 5 1 16 78
49 24 5 3 23 78
49 25 5 1 12 78
49 26 5 5 5 78
49 27 5 2 22 78
49 28 5 3 6 78
49 29 5 4 5 78
49 30 5 1 25 78
49 31 5 4 11 78
49 32 5 1 4 78
49 33 5 5 7 78
49 34 5 4 20 78
49 36 5 6 1 78
49 37 5 2 15 78
49 38 5 6 24 78
49 39 5 6 7 78
49 41 5 3 12 78
49 42 5 3 1 78
49 44 5 4 22 78
49 45 5 1 6 78
49 46 5 1 4 78
49 47 5 3 18 78
49 48 5 4 7 78
