capacity  cost_by_node
nb_functions 10
7 33 16 19 49 100 84 41 47 27 76 99 92 63 32 40 43 48 63 34 91 57 17 68 57 100 
11 43 64 55 79 66 57 33 44 24 96 37 53 95 95 77 49 95 36 47 23 81 23 75 18 52 
10 57 66 18 21 98 41 60 72 16 27 44 18 90 52 42 96 99 15 58 17 67 49 43 30 49 
9 59 85 38 87 65 95 74 65 48 61 27 30 31 63 71 23 99 44 59 94 30 21 24 31 29 
10 35 76 45 51 86 29 69 38 25 52 49 69 24 12 84 12 65 22 59 22 17 16 37 18 51 
9 100 44 73 35 99 88 70 39 19 88 71 36 64 53 84 25 12 16 35 42 31 70 47 32 19 
9 88 22 74 50 39 88 17 10 55 38 53 28 17 74 55 29 30 59 10 80 31 38 78 39 65 
12 29 47 76 74 32 41 53 13 27 83 15 18 95 15 88 86 31 68 30 86 90 41 72 84 18 
10 40 66 57 50 54 100 42 95 61 71 19 82 87 32 94 53 22 67 60 89 81 74 55 57 63 
10 89 50 42 29 34 15 89 63 64 98 71 84 27 92 84 67 49 47 45 98 46 66 35 61 84 
