capacity  cost_by_node
nb_functions 8
11 68 51 83 58 63 67 17 81 47 97 59 46 87 42 37 44 56 95 87 43 31 64 98 61 71 
9 57 61 94 80 87 65 32 24 41 49 35 12 69 89 85 13 59 56 36 66 39 73 66 35 100 
12 71 21 100 70 60 94 80 62 68 81 13 80 41 48 34 10 49 73 85 83 78 44 82 59 62 
10 14 54 88 65 72 69 100 91 28 13 39 49 93 43 37 42 69 38 18 22 54 10 50 66 89 
12 39 66 96 85 77 40 12 76 60 14 48 48 35 41 13 64 68 67 85 13 16 35 52 31 71 
6 43 69 43 47 48 55 21 43 67 65 15 56 49 70 48 66 52 76 81 26 12 47 13 55 68 
6 62 87 24 47 77 68 45 89 53 66 36 80 77 82 32 44 68 53 61 94 95 55 69 99 41 
6 85 44 100 81 28 53 66 37 76 68 26 62 47 24 94 40 83 28 70 32 15 94 81 51 62 
