capacity  cost_by_node
nb_functions 10
14 74 98 80 36 83 66 72 26 41 55 18 93 29 18 10 64 73 53 55 16 58 61 41 25 16 
10 86 54 43 91 87 29 85 38 76 54 84 69 97 26 25 65 28 57 26 64 49 52 86 81 91 
11 14 17 29 18 85 47 86 81 69 17 55 57 81 14 85 47 47 34 47 76 94 58 97 56 82 
12 31 92 93 48 13 69 24 46 51 74 65 82 57 88 34 28 45 47 76 86 43 65 78 88 75 
8 79 13 33 21 64 60 18 42 48 14 50 90 21 28 63 18 92 76 20 76 56 77 41 86 47 
11 16 45 28 93 56 20 25 18 89 13 64 37 51 16 44 82 70 13 75 48 88 53 93 80 84 
8 20 79 40 61 77 90 42 34 44 59 74 95 62 20 18 65 82 32 12 57 98 78 27 74 43 
12 91 81 13 31 41 73 21 32 63 61 50 55 76 96 60 36 63 44 26 17 32 12 45 55 83 
10 76 29 31 35 92 19 21 13 37 50 19 43 39 84 56 83 19 42 88 88 41 40 76 91 91 
10 24 83 43 33 69 43 50 19 11 30 86 10 46 66 86 36 21 43 92 70 71 73 39 74 75 
