Node_1 Node_2 Capacity_node1 Capacity_node2 Latency_arc node_cost
nb_nodes 100
nb_arcs 5030
0 1 3 2 12 572
0 2 3 3 2 572
0 3 3 3 18 572
0 4 3 3 21 572
0 5 3 2 18 572
0 11 3 1 23 572
0 12 3 2 17 572
0 14 3 3 21 572
0 15 3 1 6 572
0 18 3 2 23 572
0 19 3 1 9 572
0 24 3 3 2 572
0 25 3 2 17 572
0 31 3 1 9 572
0 32 3 4 23 572
0 34 3 4 22 572
0 36 3 1 21 572
0 37 3 1 23 572
0 42 3 3 21 572
0 44 3 4 8 572
0 47 3 3 18 572
0 52 3 4 21 572
0 53 3 4 4 572
0 54 3 1 8 572
0 56 3 2 24 572
0 58 3 1 19 572
0 59 3 3 1 572
0 61 3 1 8 572
0 63 3 3 5 572
0 64 3 2 1 572
0 66 3 2 18 572
0 67 3 2 19 572
0 68 3 2 20 572
0 69 3 4 15 572
0 70 3 1 17 572
0 71 3 2 8 572
0 73 3 2 7 572
0 74 3 4 11 572
0 77 3 2 1 572
0 78 3 4 13 572
0 79 3 4 3 572
0 80 3 1 4 572
0 81 3 3 4 572
0 82 3 1 12 572
0 83 3 2 20 572
0 85 3 4 12 572
0 86 3 4 1 572
0 87 3 1 9 572
0 88 3 2 19 572
0 91 3 2 20 572
0 92 3 1 9 572
0 93 3 2 4 572
0 96 3 1 20 572
0 98 3 1 13 572
0 99 3 3 20 572
1 0 2 3 12 811
1 3 2 3 2 811
1 4 2 3 11 811
1 7 2 1 6 811
1 8 2 1 17 811
1 9 2 2 10 811
1 10 2 3 3 811
1 11 2 1 9 811
1 14 2 3 13 811
1 19 2 1 22 811
1 24 2 3 3 811
1 25 2 2 21 811
1 26 2 4 8 811
1 29 2 1 19 811
1 30 2 2 21 811
1 31 2 1 17 811
1 34 2 4 18 811
1 37 2 1 14 811
1 38 2 3 23 811
1 39 2 1 19 811
1 40 2 1 4 811
1 42 2 3 8 811
1 43 2 1 16 811
1 45 2 3 17 811
1 46 2 1 25 811
1 47 2 3 2 811
1 48 2 1 3 811
1 49 2 1 10 811
1 52 2 4 21 811
1 53 2 4 16 811
1 55 2 1 13 811
1 58 2 1 8 811
1 60 2 1 2 811
1 63 2 3 24 811
1 69 2 4 24 811
1 72 2 2 23 811
1 74 2 4 2 811
1 77 2 2 5 811
1 80 2 1 12 811
1 81 2 3 14 811
1 82 2 1 21 811
1 83 2 2 1 811
1 85 2 4 15 811
1 86 2 4 20 811
1 87 2 1 1 811
1 88 2 2 6 811
1 89 2 1 4 811
1 90 2 4 7 811
1 93 2 2 23 811
1 94 2 3 1 811
1 96 2 1 8 811
1 98 2 1 13 811
1 99 2 3 24 811
2 0 3 3 2 427
2 3 3 3 18 427
2 4 3 3 6 427
2 5 3 2 5 427
2 7 3 1 13 427
2 12 3 2 7 427
2 13 3 1 25 427
2 14 3 3 7 427
2 15 3 1 3 427
2 16 3 3 8 427
2 18 3 2 6 427
2 23 3 1 17 427
2 24 3 3 23 427
2 25 3 2 14 427
2 27 3 1 16 427
2 28 3 3 12 427
2 29 3 1 10 427
2 30 3 2 24 427
2 31 3 1 9 427
2 32 3 4 1 427
2 33 3 1 15 427
2 35 3 4 2 427
2 41 3 2 22 427
2 46 3 1 13 427
2 48 3 1 19 427
2 49 3 1 24 427
2 50 3 2 20 427
2 51 3 2 13 427
2 52 3 4 6 427
2 54 3 1 11 427
2 56 3 2 11 427
2 57 3 3 12 427
2 58 3 1 25 427
2 61 3 1 8 427
2 63 3 3 18 427
2 66 3 2 25 427
2 69 3 4 5 427
2 70 3 1 4 427
2 73 3 2 1 427
2 76 3 1 14 427
2 77 3 2 18 427
2 79 3 4 7 427
2 85 3 4 6 427
2 86 3 4 6 427
2 91 3 2 23 427
2 93 3 2 15 427
2 94 3 3 6 427
2 95 3 1 11 427
2 96 3 1 23 427
2 99 3 3 6 427
3 0 3 3 18 919
3 1 3 2 2 919
3 2 3 3 18 919
3 4 3 3 25 919
3 5 3 2 19 919
3 6 3 3 8 919
3 9 3 2 22 919
3 12 3 2 4 919
3 13 3 1 18 919
3 14 3 3 22 919
3 15 3 1 9 919
3 16 3 3 6 919
3 19 3 1 14 919
3 20 3 2 17 919
3 21 3 3 14 919
3 24 3 3 12 919
3 25 3 2 6 919
3 26 3 4 6 919
3 27 3 1 20 919
3 29 3 1 21 919
3 31 3 1 4 919
3 36 3 1 10 919
3 38 3 3 7 919
3 42 3 3 1 919
3 43 3 1 13 919
3 46 3 1 1 919
3 48 3 1 12 919
3 50 3 2 18 919
3 53 3 4 25 919
3 54 3 1 16 919
3 55 3 1 12 919
3 56 3 2 15 919
3 61 3 1 4 919
3 62 3 3 16 919
3 64 3 2 1 919
3 65 3 4 24 919
3 67 3 2 22 919
3 68 3 2 5 919
3 69 3 4 12 919
3 70 3 1 23 919
3 71 3 2 10 919
3 77 3 2 1 919
3 79 3 4 6 919
3 80 3 1 20 919
3 88 3 2 18 919
3 89 3 1 14 919
3 90 3 4 17 919
3 91 3 2 22 919
3 99 3 3 2 919
4 0 3 3 21 105
4 1 3 2 11 105
4 2 3 3 6 105
4 3 3 3 25 105
4 5 3 2 22 105
4 8 3 1 7 105
4 10 3 3 3 105
4 13 3 1 3 105
4 14 3 3 5 105
4 18 3 2 22 105
4 19 3 1 20 105
4 21 3 3 22 105
4 22 3 1 9 105
4 23 3 1 20 105
4 24 3 3 22 105
4 25 3 2 2 105
4 27 3 1 17 105
4 30 3 2 5 105
4 31 3 1 8 105
4 32 3 4 14 105
4 36 3 1 3 105
4 38 3 3 10 105
4 45 3 3 21 105
4 48 3 1 12 105
4 50 3 2 15 105
4 53 3 4 18 105
4 54 3 1 6 105
4 57 3 3 19 105
4 62 3 3 15 105
4 66 3 2 20 105
4 67 3 2 8 105
4 68 3 2 8 105
4 70 3 1 8 105
4 71 3 2 22 105
4 72 3 2 16 105
4 73 3 2 12 105
4 74 3 4 25 105
4 77 3 2 22 105
4 80 3 1 13 105
4 87 3 1 1 105
4 89 3 1 21 105
4 94 3 3 9 105
4 95 3 1 14 105
4 96 3 1 12 105
4 97 3 1 24 105
4 98 3 1 22 105
4 99 3 3 4 105
5 0 2 3 18 708
5 2 2 3 5 708
5 3 2 3 19 708
5 4 2 3 22 708
5 6 2 3 3 708
5 7 2 1 23 708
5 9 2 2 3 708
5 15 2 1 24 708
5 19 2 1 5 708
5 20 2 2 9 708
5 21 2 3 16 708
5 24 2 3 14 708
5 26 2 4 18 708
5 27 2 1 11 708
5 28 2 3 19 708
5 30 2 2 22 708
5 33 2 1 4 708
5 34 2 4 4 708
5 35 2 4 19 708
5 42 2 3 21 708
5 43 2 1 10 708
5 44 2 4 8 708
5 45 2 3 24 708
5 46 2 1 20 708
5 47 2 3 18 708
5 48 2 1 20 708
5 50 2 2 10 708
5 52 2 4 11 708
5 53 2 4 23 708
5 55 2 1 13 708
5 56 2 2 22 708
5 57 2 3 17 708
5 58 2 1 23 708
5 59 2 3 14 708
5 60 2 1 20 708
5 63 2 3 5 708
5 64 2 2 7 708
5 65 2 4 6 708
5 66 2 2 5 708
5 69 2 4 17 708
5 71 2 2 10 708
5 74 2 4 9 708
5 77 2 2 18 708
5 79 2 4 24 708
5 80 2 1 8 708
5 84 2 1 24 708
5 85 2 4 21 708
5 88 2 2 8 708
5 94 2 3 11 708
5 95 2 1 15 708
5 97 2 1 5 708
6 3 3 3 8 892
6 5 3 2 3 892
6 7 3 1 24 892
6 8 3 1 23 892
6 9 3 2 1 892
6 11 3 1 18 892
6 12 3 2 3 892
6 14 3 3 8 892
6 15 3 1 12 892
6 17 3 3 20 892
6 21 3 3 12 892
6 22 3 1 16 892
6 23 3 1 12 892
6 24 3 3 1 892
6 27 3 1 6 892
6 30 3 2 7 892
6 31 3 1 16 892
6 32 3 4 8 892
6 34 3 4 3 892
6 35 3 4 12 892
6 36 3 1 17 892
6 38 3 3 4 892
6 42 3 3 7 892
6 43 3 1 11 892
6 45 3 3 12 892
6 46 3 1 11 892
6 47 3 3 2 892
6 48 3 1 3 892
6 51 3 2 20 892
6 52 3 4 24 892
6 53 3 4 18 892
6 55 3 1 21 892
6 56 3 2 7 892
6 58 3 1 13 892
6 62 3 3 8 892
6 63 3 3 2 892
6 65 3 4 6 892
6 66 3 2 23 892
6 67 3 2 10 892
6 68 3 2 15 892
6 72 3 2 25 892
6 73 3 2 17 892
6 75 3 1 14 892
6 77 3 2 21 892
6 80 3 1 13 892
6 82 3 1 19 892
6 83 3 2 20 892
6 86 3 4 25 892
6 89 3 1 19 892
6 94 3 3 20 892
6 98 3 1 11 892
7 1 1 2 6 831
7 2 1 3 13 831
7 5 1 2 23 831
7 6 1 3 24 831
7 9 1 2 8 831
7 10 1 3 13 831
7 11 1 1 22 831
7 13 1 1 2 831
7 14 1 3 15 831
7 17 1 3 5 831
7 18 1 2 6 831
7 19 1 1 16 831
7 21 1 3 12 831
7 22 1 1 6 831
7 23 1 1 7 831
7 24 1 3 2 831
7 26 1 4 23 831
7 27 1 1 12 831
7 28 1 3 13 831
7 29 1 1 6 831
7 33 1 1 22 831
7 34 1 4 12 831
7 37 1 1 19 831
7 40 1 1 15 831
7 42 1 3 18 831
7 45 1 3 3 831
7 48 1 1 12 831
7 49 1 1 15 831
7 50 1 2 25 831
7 51 1 2 7 831
7 55 1 1 13 831
7 56 1 2 2 831
7 57 1 3 14 831
7 59 1 3 19 831
7 60 1 1 10 831
7 61 1 1 13 831
7 63 1 3 5 831
7 65 1 4 8 831
7 66 1 2 20 831
7 75 1 1 10 831
7 76 1 1 19 831
7 77 1 2 20 831
7 79 1 4 12 831
7 80 1 1 25 831
7 84 1 1 25 831
7 86 1 4 1 831
7 88 1 2 25 831
7 89 1 1 25 831
7 91 1 2 23 831
7 94 1 3 4 831
7 99 1 3 14 831
8 1 1 2 17 635
8 4 1 3 7 635
8 6 1 3 23 635
8 10 1 3 9 635
8 11 1 1 8 635
8 12 1 2 12 635
8 15 1 1 16 635
8 16 1 3 22 635
8 17 1 3 15 635
8 18 1 2 25 635
8 19 1 1 1 635
8 21 1 3 17 635
8 23 1 1 24 635
8 25 1 2 1 635
8 27 1 1 12 635
8 30 1 2 3 635
8 32 1 4 5 635
8 34 1 4 14 635
8 36 1 1 16 635
8 37 1 1 24 635
8 38 1 3 12 635
8 39 1 1 16 635
8 41 1 2 19 635
8 42 1 3 23 635
8 43 1 1 3 635
8 48 1 1 20 635
8 49 1 1 14 635
8 52 1 4 7 635
8 53 1 4 24 635
8 56 1 2 21 635
8 57 1 3 21 635
8 59 1 3 3 635
8 60 1 1 11 635
8 61 1 1 20 635
8 62 1 3 2 635
8 65 1 4 6 635
8 66 1 2 14 635
8 67 1 2 4 635
8 71 1 2 9 635
8 74 1 4 1 635
8 76 1 1 22 635
8 77 1 2 18 635
8 78 1 4 18 635
8 79 1 4 8 635
8 81 1 3 20 635
8 83 1 2 23 635
8 85 1 4 19 635
8 89 1 1 1 635
8 90 1 4 9 635
8 93 1 2 5 635
8 94 1 3 9 635
8 96 1 1 21 635
9 1 2 2 10 904
9 3 2 3 22 904
9 5 2 2 3 904
9 6 2 3 1 904
9 7 2 1 8 904
9 10 2 3 23 904
9 11 2 1 11 904
9 14 2 3 22 904
9 15 2 1 14 904
9 17 2 3 14 904
9 18 2 2 1 904
9 20 2 2 21 904
9 22 2 1 9 904
9 23 2 1 15 904
9 24 2 3 24 904
9 28 2 3 24 904
9 30 2 2 25 904
9 31 2 1 6 904
9 32 2 4 10 904
9 33 2 1 3 904
9 34 2 4 22 904
9 39 2 1 8 904
9 41 2 2 14 904
9 43 2 1 24 904
9 44 2 4 17 904
9 45 2 3 3 904
9 46 2 1 9 904
9 47 2 3 25 904
9 50 2 2 7 904
9 52 2 4 11 904
9 53 2 4 16 904
9 54 2 1 15 904
9 57 2 3 21 904
9 58 2 1 15 904
9 61 2 1 15 904
9 65 2 4 9 904
9 66 2 2 14 904
9 68 2 2 15 904
9 70 2 1 1 904
9 71 2 2 12 904
9 74 2 4 16 904
9 77 2 2 10 904
9 85 2 4 4 904
9 86 2 4 7 904
9 90 2 4 23 904
9 91 2 2 24 904
9 93 2 2 22 904
9 96 2 1 9 904
9 97 2 1 16 904
9 98 2 1 4 904
10 1 3 2 3 805
10 4 3 3 3 805
10 7 3 1 13 805
10 8 3 1 9 805
10 9 3 2 23 805
10 14 3 3 19 805
10 15 3 1 4 805
10 16 3 3 2 805
10 17 3 3 13 805
10 19 3 1 11 805
10 22 3 1 9 805
10 23 3 1 18 805
10 24 3 3 2 805
10 26 3 4 5 805
10 27 3 1 16 805
10 29 3 1 24 805
10 32 3 4 13 805
10 34 3 4 19 805
10 40 3 1 15 805
10 41 3 2 6 805
10 43 3 1 10 805
10 45 3 3 19 805
10 46 3 1 1 805
10 49 3 1 5 805
10 50 3 2 16 805
10 51 3 2 10 805
10 52 3 4 6 805
10 54 3 1 16 805
10 55 3 1 13 805
10 56 3 2 2 805
10 57 3 3 7 805
10 58 3 1 20 805
10 62 3 3 5 805
10 63 3 3 3 805
10 69 3 4 5 805
10 72 3 2 9 805
10 73 3 2 6 805
10 74 3 4 7 805
10 76 3 1 3 805
10 78 3 4 12 805
10 79 3 4 1 805
10 83 3 2 20 805
10 84 3 1 11 805
10 86 3 4 18 805
10 87 3 1 13 805
10 88 3 2 14 805
10 89 3 1 5 805
10 90 3 4 8 805
10 91 3 2 24 805
10 92 3 1 1 805
10 93 3 2 15 805
10 96 3 1 17 805
10 97 3 1 14 805
10 98 3 1 17 805
11 0 1 3 23 518
11 1 1 2 9 518
11 6 1 3 18 518
11 7 1 1 22 518
11 8 1 1 8 518
11 9 1 2 11 518
11 13 1 1 11 518
11 16 1 3 20 518
11 18 1 2 19 518
11 20 1 2 9 518
11 22 1 1 20 518
11 24 1 3 4 518
11 26 1 4 11 518
11 27 1 1 17 518
11 28 1 3 3 518
11 29 1 1 25 518
11 31 1 1 1 518
11 32 1 4 7 518
11 33 1 1 5 518
11 36 1 1 23 518
11 37 1 1 14 518
11 40 1 1 19 518
11 41 1 2 13 518
11 42 1 3 23 518
11 47 1 3 10 518
11 49 1 1 7 518
11 52 1 4 21 518
11 54 1 1 8 518
11 55 1 1 6 518
11 57 1 3 9 518
11 58 1 1 24 518
11 59 1 3 11 518
11 61 1 1 10 518
11 62 1 3 19 518
11 68 1 2 4 518
11 72 1 2 25 518
11 78 1 4 23 518
11 81 1 3 21 518
11 82 1 1 16 518
11 86 1 4 10 518
11 88 1 2 24 518
11 90 1 4 7 518
11 93 1 2 20 518
11 94 1 3 20 518
11 97 1 1 20 518
11 98 1 1 2 518
12 0 2 3 17 768
12 2 2 3 7 768
12 3 2 3 4 768
12 6 2 3 3 768
12 8 2 1 12 768
12 14 2 3 2 768
12 16 2 3 13 768
12 18 2 2 16 768
12 20 2 2 7 768
12 23 2 1 18 768
12 28 2 3 6 768
12 31 2 1 25 768
12 32 2 4 12 768
12 37 2 1 19 768
12 38 2 3 4 768
12 42 2 3 22 768
12 44 2 4 16 768
12 45 2 3 23 768
12 46 2 1 8 768
12 47 2 3 9 768
12 50 2 2 12 768
12 51 2 2 11 768
12 52 2 4 3 768
12 53 2 4 7 768
12 56 2 2 4 768
12 57 2 3 14 768
12 58 2 1 1 768
12 59 2 3 15 768
12 60 2 1 10 768
12 63 2 3 16 768
12 64 2 2 25 768
12 67 2 2 13 768
12 68 2 2 1 768
12 69 2 4 18 768
12 70 2 1 4 768
12 72 2 2 21 768
12 73 2 2 1 768
12 76 2 1 6 768
12 77 2 2 1 768
12 79 2 4 18 768
12 80 2 1 14 768
12 85 2 4 21 768
12 87 2 1 1 768
12 89 2 1 5 768
12 91 2 2 25 768
12 93 2 2 19 768
12 95 2 1 2 768
12 96 2 1 13 768
12 97 2 1 22 768
12 98 2 1 16 768
12 99 2 3 2 768
13 2 1 3 25 466
13 3 1 3 18 466
13 4 1 3 3 466
13 7 1 1 2 466
13 11 1 1 11 466
13 14 1 3 23 466
13 16 1 3 25 466
13 17 1 3 11 466
13 22 1 1 12 466
13 23 1 1 22 466
13 24 1 3 11 466
13 25 1 2 18 466
13 26 1 4 8 466
13 30 1 2 25 466
13 31 1 1 11 466
13 37 1 1 16 466
13 39 1 1 18 466
13 40 1 1 18 466
13 44 1 4 3 466
13 45 1 3 11 466
13 46 1 1 5 466
13 48 1 1 17 466
13 52 1 4 12 466
13 53 1 4 12 466
13 54 1 1 23 466
13 56 1 2 18 466
13 58 1 1 15 466
13 60 1 1 1 466
13 63 1 3 1 466
13 64 1 2 2 466
13 65 1 4 25 466
13 67 1 2 17 466
13 68 1 2 21 466
13 73 1 2 5 466
13 74 1 4 14 466
13 77 1 2 7 466
13 78 1 4 17 466
13 82 1 1 7 466
13 83 1 2 9 466
13 85 1 4 4 466
13 86 1 4 12 466
13 87 1 1 1 466
13 88 1 2 2 466
13 89 1 1 9 466
13 90 1 4 8 466
13 91 1 2 16 466
13 95 1 1 8 466
13 96 1 1 21 466
13 97 1 1 12 466
13 99 1 3 15 466
14 0 3 3 21 664
14 1 3 2 13 664
14 2 3 3 7 664
14 3 3 3 22 664
14 4 3 3 5 664
14 6 3 3 8 664
14 7 3 1 15 664
14 9 3 2 22 664
14 10 3 3 19 664
14 12 3 2 2 664
14 13 3 1 23 664
14 18 3 2 10 664
14 19 3 1 23 664
14 20 3 2 14 664
14 21 3 3 4 664
14 22 3 1 2 664
14 23 3 1 14 664
14 27 3 1 7 664
14 29 3 1 1 664
14 35 3 4 12 664
14 36 3 1 19 664
14 39 3 1 5 664
14 40 3 1 2 664
14 42 3 3 2 664
14 43 3 1 4 664
14 44 3 4 18 664
14 46 3 1 11 664
14 47 3 3 15 664
14 49 3 1 1 664
14 51 3 2 23 664
14 52 3 4 1 664
14 54 3 1 1 664
14 60 3 1 15 664
14 62 3 3 9 664
14 65 3 4 3 664
14 67 3 2 11 664
14 68 3 2 18 664
14 71 3 2 21 664
14 75 3 1 5 664
14 78 3 4 5 664
14 81 3 3 13 664
14 82 3 1 11 664
14 83 3 2 13 664
14 84 3 1 18 664
14 87 3 1 1 664
14 88 3 2 23 664
14 90 3 4 13 664
14 93 3 2 24 664
14 98 3 1 15 664
15 0 1 3 6 755
15 2 1 3 3 755
15 3 1 3 9 755
15 5 1 2 24 755
15 6 1 3 12 755
15 8 1 1 16 755
15 9 1 2 14 755
15 10 1 3 4 755
15 18 1 2 13 755
15 20 1 2 6 755
15 22 1 1 20 755
15 26 1 4 24 755
15 27 1 1 18 755
15 28 1 3 3 755
15 30 1 2 13 755
15 36 1 1 1 755
15 37 1 1 20 755
15 38 1 3 22 755
15 39 1 1 12 755
15 40 1 1 13 755
15 42 1 3 4 755
15 43 1 1 20 755
15 44 1 4 15 755
15 45 1 3 12 755
15 52 1 4 12 755
15 53 1 4 12 755
15 55 1 1 4 755
15 56 1 2 24 755
15 57 1 3 12 755
15 59 1 3 6 755
15 61 1 1 21 755
15 64 1 2 2 755
15 68 1 2 1 755
15 71 1 2 21 755
15 75 1 1 20 755
15 76 1 1 22 755
15 79 1 4 18 755
15 90 1 4 19 755
15 92 1 1 1 755
15 95 1 1 2 755
15 96 1 1 19 755
15 98 1 1 4 755
15 99 1 3 21 755
16 2 3 3 8 266
16 3 3 3 6 266
16 8 3 1 22 266
16 10 3 3 2 266
16 11 3 1 20 266
16 12 3 2 13 266
16 13 3 1 25 266
16 18 3 2 17 266
16 19 3 1 19 266
16 21 3 3 7 266
16 24 3 3 17 266
16 27 3 1 21 266
16 28 3 3 25 266
16 30 3 2 22 266
16 31 3 1 20 266
16 35 3 4 4 266
16 36 3 1 13 266
16 38 3 3 17 266
16 39 3 1 2 266
16 41 3 2 3 266
16 42 3 3 19 266
16 44 3 4 25 266
16 46 3 1 11 266
16 47 3 3 12 266
16 49 3 1 10 266
16 50 3 2 21 266
16 52 3 4 22 266
16 55 3 1 24 266
16 56 3 2 1 266
16 57 3 3 8 266
16 58 3 1 20 266
16 59 3 3 10 266
16 60 3 1 19 266
16 65 3 4 24 266
16 66 3 2 23 266
16 69 3 4 23 266
16 70 3 1 24 266
16 71 3 2 11 266
16 72 3 2 6 266
16 73 3 2 17 266
16 75 3 1 25 266
16 77 3 2 25 266
16 81 3 3 8 266
16 83 3 2 12 266
16 84 3 1 3 266
16 85 3 4 16 266
16 88 3 2 2 266
16 89 3 1 7 266
16 93 3 2 14 266
16 94 3 3 23 266
16 95 3 1 15 266
16 96 3 1 2 266
16 98 3 1 2 266
17 6 3 3 20 488
17 7 3 1 5 488
17 8 3 1 15 488
17 9 3 2 14 488
17 10 3 3 13 488
17 13 3 1 11 488
17 18 3 2 18 488
17 19 3 1 23 488
17 20 3 2 9 488
17 21 3 3 9 488
17 22 3 1 13 488
17 24 3 3 1 488
17 26 3 4 15 488
17 27 3 1 2 488
17 29 3 1 1 488
17 32 3 4 3 488
17 33 3 1 22 488
17 37 3 1 19 488
17 39 3 1 17 488
17 40 3 1 6 488
17 41 3 2 1 488
17 43 3 1 10 488
17 44 3 4 19 488
17 48 3 1 25 488
17 49 3 1 15 488
17 51 3 2 24 488
17 52 3 4 12 488
17 54 3 1 5 488
17 55 3 1 13 488
17 56 3 2 25 488
17 58 3 1 7 488
17 59 3 3 9 488
17 60 3 1 1 488
17 61 3 1 3 488
17 63 3 3 18 488
17 65 3 4 12 488
17 66 3 2 8 488
17 67 3 2 17 488
17 68 3 2 19 488
17 69 3 4 14 488
17 72 3 2 10 488
17 74 3 4 11 488
17 75 3 1 23 488
17 79 3 4 14 488
17 81 3 3 7 488
17 82 3 1 18 488
17 83 3 2 1 488
17 87 3 1 11 488
17 88 3 2 9 488
17 93 3 2 7 488
17 94 3 3 18 488
17 95 3 1 4 488
18 0 2 3 23 873
18 2 2 3 6 873
18 4 2 3 22 873
18 7 2 1 6 873
18 8 2 1 25 873
18 9 2 2 1 873
18 11 2 1 19 873
18 12 2 2 16 873
18 14 2 3 10 873
18 15 2 1 13 873
18 16 2 3 17 873
18 17 2 3 18 873
18 19 2 1 6 873
18 21 2 3 20 873
18 22 2 1 14 873
18 23 2 1 6 873
18 24 2 3 13 873
18 26 2 4 8 873
18 27 2 1 3 873
18 31 2 1 5 873
18 32 2 4 4 873
18 37 2 1 5 873
18 38 2 3 22 873
18 44 2 4 17 873
18 46 2 1 1 873
18 47 2 3 7 873
18 48 2 1 11 873
18 54 2 1 19 873
18 55 2 1 3 873
18 58 2 1 1 873
18 61 2 1 9 873
18 62 2 3 10 873
18 63 2 3 24 873
18 64 2 2 19 873
18 65 2 4 11 873
18 66 2 2 8 873
18 67 2 2 16 873
18 71 2 2 24 873
18 72 2 2 5 873
18 74 2 4 8 873
18 75 2 1 13 873
18 76 2 1 25 873
18 77 2 2 4 873
18 78 2 4 3 873
18 79 2 4 8 873
18 80 2 1 24 873
18 83 2 2 23 873
18 88 2 2 18 873
18 90 2 4 13 873
18 91 2 2 1 873
18 95 2 1 7 873
18 96 2 1 12 873
18 97 2 1 13 873
18 98 2 1 15 873
18 99 2 3 17 873
19 0 1 3 9 415
19 1 1 2 22 415
19 3 1 3 14 415
19 4 1 3 20 415
19 5 1 2 5 415
19 7 1 1 16 415
19 8 1 1 1 415
19 10 1 3 11 415
19 14 1 3 23 415
19 16 1 3 19 415
19 17 1 3 23 415
19 18 1 2 6 415
19 21 1 3 22 415
19 24 1 3 22 415
19 25 1 2 6 415
19 27 1 1 25 415
19 34 1 4 7 415
19 35 1 4 21 415
19 36 1 1 25 415
19 37 1 1 24 415
19 39 1 1 3 415
19 41 1 2 22 415
19 42 1 3 16 415
19 44 1 4 19 415
19 45 1 3 4 415
19 46 1 1 20 415
19 48 1 1 8 415
19 51 1 2 8 415
19 52 1 4 19 415
19 55 1 1 17 415
19 66 1 2 23 415
19 70 1 1 4 415
19 72 1 2 3 415
19 73 1 2 4 415
19 74 1 4 1 415
19 75 1 1 21 415
19 76 1 1 13 415
19 78 1 4 20 415
19 79 1 4 4 415
19 81 1 3 13 415
19 82 1 1 2 415
19 84 1 1 25 415
19 89 1 1 3 415
19 91 1 2 19 415
19 94 1 3 9 415
19 97 1 1 17 415
19 99 1 3 2 415
20 3 2 3 17 677
20 5 2 2 9 677
20 9 2 2 21 677
20 11 2 1 9 677
20 12 2 2 7 677
20 14 2 3 14 677
20 15 2 1 6 677
20 17 2 3 9 677
20 21 2 3 21 677
20 23 2 1 16 677
20 30 2 2 7 677
20 33 2 1 3 677
20 34 2 4 2 677
20 35 2 4 17 677
20 39 2 1 25 677
20 40 2 1 16 677
20 41 2 2 22 677
20 46 2 1 18 677
20 47 2 3 2 677
20 49 2 1 20 677
20 51 2 2 21 677
20 53 2 4 4 677
20 54 2 1 16 677
20 58 2 1 24 677
20 60 2 1 5 677
20 61 2 1 21 677
20 62 2 3 7 677
20 63 2 3 13 677
20 64 2 2 11 677
20 65 2 4 19 677
20 67 2 2 15 677
20 68 2 2 2 677
20 70 2 1 23 677
20 71 2 2 12 677
20 72 2 2 22 677
20 79 2 4 15 677
20 80 2 1 3 677
20 84 2 1 10 677
20 87 2 1 25 677
20 89 2 1 11 677
20 90 2 4 11 677
20 91 2 2 12 677
20 93 2 2 11 677
20 94 2 3 23 677
20 95 2 1 11 677
20 97 2 1 13 677
21 3 3 3 14 949
21 4 3 3 22 949
21 5 3 2 16 949
21 6 3 3 12 949
21 7 3 1 12 949
21 8 3 1 17 949
21 14 3 3 4 949
21 16 3 3 7 949
21 17 3 3 9 949
21 18 3 2 20 949
21 19 3 1 22 949
21 20 3 2 21 949
21 22 3 1 14 949
21 24 3 3 15 949
21 25 3 2 21 949
21 27 3 1 12 949
21 28 3 3 11 949
21 30 3 2 25 949
21 34 3 4 17 949
21 37 3 1 5 949
21 41 3 2 8 949
21 44 3 4 5 949
21 48 3 1 10 949
21 49 3 1 5 949
21 50 3 2 22 949
21 51 3 2 10 949
21 54 3 1 14 949
21 55 3 1 14 949
21 61 3 1 8 949
21 62 3 3 9 949
21 65 3 4 21 949
21 67 3 2 24 949
21 68 3 2 16 949
21 70 3 1 21 949
21 71 3 2 20 949
21 72 3 2 12 949
21 76 3 1 12 949
21 77 3 2 7 949
21 78 3 4 23 949
21 79 3 4 21 949
21 84 3 1 2 949
21 85 3 4 12 949
21 87 3 1 2 949
21 91 3 2 18 949
21 92 3 1 22 949
21 93 3 2 23 949
21 94 3 3 3 949
21 99 3 3 16 949
22 4 1 3 9 272
22 6 1 3 16 272
22 7 1 1 6 272
22 9 1 2 9 272
22 10 1 3 9 272
22 11 1 1 20 272
22 13 1 1 12 272
22 14 1 3 2 272
22 15 1 1 20 272
22 17 1 3 13 272
22 18 1 2 14 272
22 21 1 3 14 272
22 23 1 1 18 272
22 24 1 3 10 272
22 25 1 2 12 272
22 27 1 1 15 272
22 30 1 2 5 272
22 33 1 1 6 272
22 35 1 4 24 272
22 36 1 1 17 272
22 37 1 1 13 272
22 43 1 1 22 272
22 45 1 3 24 272
22 46 1 1 11 272
22 49 1 1 16 272
22 50 1 2 5 272
22 52 1 4 12 272
22 59 1 3 10 272
22 61 1 1 4 272
22 63 1 3 15 272
22 65 1 4 3 272
22 66 1 2 18 272
22 67 1 2 24 272
22 68 1 2 6 272
22 69 1 4 14 272
22 70 1 1 7 272
22 71 1 2 2 272
22 72 1 2 3 272
22 76 1 1 7 272
22 79 1 4 4 272
22 80 1 1 14 272
22 81 1 3 3 272
22 82 1 1 14 272
22 83 1 2 21 272
22 84 1 1 8 272
22 86 1 4 23 272
22 87 1 1 2 272
22 89 1 1 8 272
22 93 1 2 9 272
22 94 1 3 6 272
22 97 1 1 7 272
22 98 1 1 6 272
22 99 1 3 8 272
23 2 1 3 17 920
23 4 1 3 20 920
23 6 1 3 12 920
23 7 1 1 7 920
23 8 1 1 24 920
23 9 1 2 15 920
23 10 1 3 18 920
23 12 1 2 18 920
23 13 1 1 22 920
23 14 1 3 14 920
23 18 1 2 6 920
23 20 1 2 16 920
23 22 1 1 18 920
23 24 1 3 21 920
23 26 1 4 23 920
23 28 1 3 12 920
23 29 1 1 21 920
23 31 1 1 19 920
23 32 1 4 5 920
23 33 1 1 20 920
23 36 1 1 1 920
23 37 1 1 8 920
23 39 1 1 11 920
23 40 1 1 20 920
23 42 1 3 5 920
23 43 1 1 16 920
23 47 1 3 3 920
23 48 1 1 5 920
23 50 1 2 20 920
23 52 1 4 22 920
23 53 1 4 2 920
23 61 1 1 15 920
23 64 1 2 25 920
23 66 1 2 20 920
23 67 1 2 25 920
23 68 1 2 4 920
23 69 1 4 5 920
23 70 1 1 10 920
23 71 1 2 20 920
23 72 1 2 19 920
23 73 1 2 16 920
23 77 1 2 19 920
23 81 1 3 18 920
23 82 1 1 12 920
23 83 1 2 21 920
23 86 1 4 15 920
23 88 1 2 2 920
23 89 1 1 24 920
23 90 1 4 12 920
23 92 1 1 23 920
23 94 1 3 1 920
23 95 1 1 25 920
23 96 1 1 11 920
24 0 3 3 2 669
24 1 3 2 3 669
24 2 3 3 23 669
24 3 3 3 12 669
24 4 3 3 22 669
24 5 3 2 14 669
24 6 3 3 1 669
24 7 3 1 2 669
24 9 3 2 24 669
24 10 3 3 2 669
24 11 3 1 4 669
24 13 3 1 11 669
24 16 3 3 17 669
24 17 3 3 1 669
24 18 3 2 13 669
24 19 3 1 22 669
24 21 3 3 15 669
24 22 3 1 10 669
24 23 3 1 21 669
24 28 3 3 5 669
24 29 3 1 11 669
24 33 3 1 2 669
24 35 3 4 11 669
24 38 3 3 15 669
24 44 3 4 5 669
24 45 3 3 13 669
24 50 3 2 16 669
24 54 3 1 6 669
24 55 3 1 2 669
24 57 3 3 18 669
24 58 3 1 2 669
24 60 3 1 11 669
24 61 3 1 21 669
24 63 3 3 11 669
24 65 3 4 24 669
24 66 3 2 25 669
24 69 3 4 24 669
24 70 3 1 9 669
24 71 3 2 7 669
24 73 3 2 25 669
24 74 3 4 12 669
24 75 3 1 16 669
24 78 3 4 3 669
24 80 3 1 8 669
24 81 3 3 21 669
24 82 3 1 18 669
24 85 3 4 18 669
24 86 3 4 1 669
24 87 3 1 4 669
24 90 3 4 17 669
24 91 3 2 19 669
24 93 3 2 3 669
24 94 3 3 17 669
24 97 3 1 17 669
24 99 3 3 10 669
25 0 2 3 17 614
25 1 2 2 21 614
25 2 2 3 14 614
25 3 2 3 6 614
25 4 2 3 2 614
25 8 2 1 1 614
25 13 2 1 18 614
25 19 2 1 6 614
25 21 2 3 21 614
25 22 2 1 12 614
25 26 2 4 6 614
25 27 2 1 11 614
25 29 2 1 8 614
25 32 2 4 23 614
25 35 2 4 12 614
25 36 2 1 10 614
25 37 2 1 1 614
25 38 2 3 11 614
25 39 2 1 8 614
25 40 2 1 18 614
25 42 2 3 22 614
25 43 2 1 24 614
25 44 2 4 14 614
25 45 2 3 25 614
25 47 2 3 10 614
25 53 2 4 12 614
25 55 2 1 25 614
25 56 2 2 18 614
25 57 2 3 16 614
25 59 2 3 1 614
25 62 2 3 8 614
25 63 2 3 23 614
25 64 2 2 6 614
25 65 2 4 17 614
25 66 2 2 2 614
25 71 2 2 18 614
25 72 2 2 11 614
25 73 2 2 21 614
25 74 2 4 3 614
25 75 2 1 15 614
25 76 2 1 18 614
25 78 2 4 7 614
25 79 2 4 14 614
25 80 2 1 15 614
25 81 2 3 22 614
25 82 2 1 15 614
25 83 2 2 25 614
25 86 2 4 2 614
25 87 2 1 24 614
25 90 2 4 13 614
25 92 2 1 3 614
25 96 2 1 9 614
25 98 2 1 21 614
25 99 2 3 24 614
26 1 4 2 8 654
26 3 4 3 6 654
26 5 4 2 18 654
26 7 4 1 23 654
26 10 4 3 5 654
26 11 4 1 11 654
26 13 4 1 8 654
26 15 4 1 24 654
26 17 4 3 15 654
26 18 4 2 8 654
26 23 4 1 23 654
26 25 4 2 6 654
26 29 4 1 7 654
26 30 4 2 14 654
26 31 4 1 10 654
26 32 4 4 15 654
26 33 4 1 13 654
26 34 4 4 14 654
26 35 4 4 22 654
26 36 4 1 3 654
26 38 4 3 24 654
26 40 4 1 16 654
26 41 4 2 18 654
26 43 4 1 22 654
26 45 4 3 9 654
26 46 4 1 12 654
26 47 4 3 9 654
26 49 4 1 7 654
26 50 4 2 12 654
26 52 4 4 21 654
26 54 4 1 21 654
26 55 4 1 6 654
26 56 4 2 13 654
26 58 4 1 14 654
26 62 4 3 6 654
26 66 4 2 9 654
26 68 4 2 17 654
26 69 4 4 4 654
26 70 4 1 17 654
26 71 4 2 8 654
26 74 4 4 7 654
26 80 4 1 24 654
26 82 4 1 3 654
26 84 4 1 10 654
26 86 4 4 17 654
26 92 4 1 23 654
26 95 4 1 5 654
26 99 4 3 17 654
27 2 1 3 16 154
27 3 1 3 20 154
27 4 1 3 17 154
27 5 1 2 11 154
27 6 1 3 6 154
27 7 1 1 12 154
27 8 1 1 12 154
27 10 1 3 16 154
27 11 1 1 17 154
27 14 1 3 7 154
27 15 1 1 18 154
27 16 1 3 21 154
27 17 1 3 2 154
27 18 1 2 3 154
27 19 1 1 25 154
27 21 1 3 12 154
27 22 1 1 15 154
27 25 1 2 11 154
27 29 1 1 6 154
27 32 1 4 9 154
27 33 1 1 2 154
27 34 1 4 2 154
27 35 1 4 3 154
27 36 1 1 20 154
27 38 1 3 2 154
27 40 1 1 14 154
27 41 1 2 13 154
27 46 1 1 20 154
27 47 1 3 23 154
27 49 1 1 10 154
27 52 1 4 24 154
27 55 1 1 18 154
27 59 1 3 14 154
27 60 1 1 16 154
27 62 1 3 10 154
27 63 1 3 23 154
27 64 1 2 7 154
27 65 1 4 10 154
27 68 1 2 15 154
27 69 1 4 11 154
27 70 1 1 3 154
27 73 1 2 16 154
27 76 1 1 23 154
27 78 1 4 18 154
27 79 1 4 8 154
27 80 1 1 22 154
27 84 1 1 8 154
27 87 1 1 9 154
27 91 1 2 7 154
27 92 1 1 16 154
27 94 1 3 15 154
27 99 1 3 25 154
28 2 3 3 12 571
28 5 3 2 19 571
28 7 3 1 13 571
28 9 3 2 24 571
28 11 3 1 3 571
28 12 3 2 6 571
28 15 3 1 3 571
28 16 3 3 25 571
28 21 3 3 11 571
28 23 3 1 12 571
28 24 3 3 5 571
28 31 3 1 24 571
28 36 3 1 5 571
28 37 3 1 12 571
28 41 3 2 25 571
28 42 3 3 20 571
28 43 3 1 21 571
28 47 3 3 7 571
28 50 3 2 18 571
28 52 3 4 5 571
28 54 3 1 14 571
28 55 3 1 15 571
28 56 3 2 11 571
28 58 3 1 25 571
28 60 3 1 1 571
28 63 3 3 15 571
28 64 3 2 16 571
28 66 3 2 22 571
28 67 3 2 8 571
28 68 3 2 1 571
28 73 3 2 5 571
28 76 3 1 17 571
28 80 3 1 5 571
28 81 3 3 19 571
28 85 3 4 9 571
28 87 3 1 13 571
28 88 3 2 7 571
28 89 3 1 10 571
28 94 3 3 5 571
28 96 3 1 17 571
28 97 3 1 9 571
28 98 3 1 19 571
28 99 3 3 1 571
29 1 1 2 19 999
29 2 1 3 10 999
29 3 1 3 21 999
29 7 1 1 6 999
29 10 1 3 24 999
29 11 1 1 25 999
29 14 1 3 1 999
29 17 1 3 1 999
29 23 1 1 21 999
29 24 1 3 11 999
29 25 1 2 8 999
29 26 1 4 7 999
29 27 1 1 6 999
29 32 1 4 18 999
29 33 1 1 4 999
29 35 1 4 12 999
29 36 1 1 20 999
29 41 1 2 15 999
29 45 1 3 13 999
29 47 1 3 2 999
29 49 1 1 17 999
29 50 1 2 20 999
29 51 1 2 21 999
29 52 1 4 8 999
29 53 1 4 19 999
29 54 1 1 13 999
29 55 1 1 2 999
29 56 1 2 5 999
29 57 1 3 3 999
29 59 1 3 1 999
29 60 1 1 23 999
29 62 1 3 18 999
29 66 1 2 9 999
29 67 1 2 5 999
29 68 1 2 3 999
29 70 1 1 14 999
29 71 1 2 22 999
29 73 1 2 21 999
29 76 1 1 25 999
29 79 1 4 21 999
29 81 1 3 10 999
29 82 1 1 21 999
29 84 1 1 24 999
29 85 1 4 10 999
29 86 1 4 9 999
29 87 1 1 4 999
29 88 1 2 9 999
29 91 1 2 7 999
29 96 1 1 2 999
29 97 1 1 24 999
29 99 1 3 8 999
30 1 2 2 21 365
30 2 2 3 24 365
30 4 2 3 5 365
30 5 2 2 22 365
30 6 2 3 7 365
30 8 2 1 3 365
30 9 2 2 25 365
30 13 2 1 25 365
30 15 2 1 13 365
30 16 2 3 22 365
30 20 2 2 7 365
30 21 2 3 25 365
30 22 2 1 5 365
30 26 2 4 14 365
30 33 2 1 3 365
30 35 2 4 23 365
30 36 2 1 5 365
30 37 2 1 20 365
30 40 2 1 1 365
30 41 2 2 24 365
30 44 2 4 10 365
30 45 2 3 16 365
30 51 2 2 18 365
30 53 2 4 3 365
30 54 2 1 24 365
30 55 2 1 18 365
30 58 2 1 1 365
30 59 2 3 2 365
30 60 2 1 5 365
30 62 2 3 12 365
30 63 2 3 14 365
30 67 2 2 9 365
30 68 2 2 4 365
30 69 2 4 14 365
30 71 2 2 9 365
30 77 2 2 21 365
30 80 2 1 5 365
30 81 2 3 11 365
30 82 2 1 6 365
30 84 2 1 20 365
30 86 2 4 6 365
30 87 2 1 6 365
30 88 2 2 1 365
30 90 2 4 17 365
30 93 2 2 4 365
30 95 2 1 13 365
30 96 2 1 25 365
30 98 2 1 14 365
30 99 2 3 5 365
31 0 1 3 9 767
31 1 1 2 17 767
31 2 1 3 9 767
31 3 1 3 4 767
31 4 1 3 8 767
31 6 1 3 16 767
31 9 1 2 6 767
31 11 1 1 1 767
31 12 1 2 25 767
31 13 1 1 11 767
31 16 1 3 20 767
31 18 1 2 5 767
31 23 1 1 19 767
31 26 1 4 10 767
31 28 1 3 24 767
31 33 1 1 14 767
31 35 1 4 7 767
31 36 1 1 14 767
31 37 1 1 12 767
31 39 1 1 20 767
31 40 1 1 10 767
31 41 1 2 21 767
31 42 1 3 22 767
31 44 1 4 6 767
31 45 1 3 12 767
31 47 1 3 20 767
31 50 1 2 12 767
31 52 1 4 8 767
31 53 1 4 9 767
31 54 1 1 10 767
31 56 1 2 7 767
31 61 1 1 7 767
31 62 1 3 4 767
31 63 1 3 19 767
31 72 1 2 6 767
31 73 1 2 12 767
31 75 1 1 1 767
31 82 1 1 9 767
31 84 1 1 9 767
31 85 1 4 8 767
31 86 1 4 19 767
31 87 1 1 14 767
31 88 1 2 14 767
31 90 1 4 22 767
31 92 1 1 22 767
31 94 1 3 10 767
31 98 1 1 17 767
32 0 4 3 23 350
32 2 4 3 1 350
32 4 4 3 14 350
32 6 4 3 8 350
32 8 4 1 5 350
32 9 4 2 10 350
32 10 4 3 13 350
32 11 4 1 7 350
32 12 4 2 12 350
32 17 4 3 3 350
32 18 4 2 4 350
32 23 4 1 5 350
32 25 4 2 23 350
32 26 4 4 15 350
32 27 4 1 9 350
32 29 4 1 18 350
32 34 4 4 20 350
32 35 4 4 10 350
32 37 4 1 5 350
32 38 4 3 5 350
32 39 4 1 5 350
32 44 4 4 11 350
32 45 4 3 17 350
32 46 4 1 6 350
32 47 4 3 19 350
32 49 4 1 11 350
32 52 4 4 24 350
32 55 4 1 24 350
32 58 4 1 6 350
32 59 4 3 9 350
32 60 4 1 5 350
32 66 4 2 10 350
32 70 4 1 1 350
32 72 4 2 24 350
32 73 4 2 7 350
32 74 4 4 12 350
32 75 4 1 14 350
32 76 4 1 16 350
32 79 4 4 19 350
32 80 4 1 23 350
32 81 4 3 19 350
32 83 4 2 17 350
32 84 4 1 4 350
32 85 4 4 14 350
32 86 4 4 5 350
32 87 4 1 1 350
32 91 4 2 3 350
32 92 4 1 1 350
32 93 4 2 25 350
32 94 4 3 21 350
32 96 4 1 22 350
32 97 4 1 16 350
33 2 1 3 15 824
33 5 1 2 4 824
33 7 1 1 22 824
33 9 1 2 3 824
33 11 1 1 5 824
33 17 1 3 22 824
33 20 1 2 3 824
33 22 1 1 6 824
33 23 1 1 20 824
33 24 1 3 2 824
33 26 1 4 13 824
33 27 1 1 2 824
33 29 1 1 4 824
33 30 1 2 3 824
33 31 1 1 14 824
33 34 1 4 5 824
33 36 1 1 15 824
33 37 1 1 15 824
33 38 1 3 25 824
33 40 1 1 18 824
33 41 1 2 23 824
33 44 1 4 2 824
33 45 1 3 25 824
33 46 1 1 19 824
33 47 1 3 3 824
33 49 1 1 11 824
33 50 1 2 6 824
33 52 1 4 11 824
33 54 1 1 1 824
33 56 1 2 19 824
33 58 1 1 16 824
33 59 1 3 14 824
33 60 1 1 5 824
33 62 1 3 11 824
33 64 1 2 25 824
33 65 1 4 24 824
33 66 1 2 15 824
33 67 1 2 14 824
33 68 1 2 4 824
33 69 1 4 20 824
33 71 1 2 18 824
33 75 1 1 18 824
33 77 1 2 6 824
33 79 1 4 6 824
33 84 1 1 11 824
33 86 1 4 4 824
33 87 1 1 3 824
33 89 1 1 21 824
33 97 1 1 11 824
33 98 1 1 4 824
33 99 1 3 9 824
34 0 4 3 22 79
34 1 4 2 18 79
34 5 4 2 4 79
34 6 4 3 3 79
34 7 4 1 12 79
34 8 4 1 14 79
34 9 4 2 22 79
34 10 4 3 19 79
34 19 4 1 7 79
34 20 4 2 2 79
34 21 4 3 17 79
34 26 4 4 14 79
34 27 4 1 2 79
34 32 4 4 20 79
34 33 4 1 5 79
34 37 4 1 9 79
34 38 4 3 2 79
34 39 4 1 9 79
34 42 4 3 12 79
34 44 4 4 25 79
34 49 4 1 2 79
34 52 4 4 1 79
34 54 4 1 6 79
34 56 4 2 5 79
34 58 4 1 19 79
34 62 4 3 15 79
34 64 4 2 12 79
34 65 4 4 20 79
34 67 4 2 1 79
34 71 4 2 25 79
34 72 4 2 13 79
34 74 4 4 17 79
34 76 4 1 8 79
34 77 4 2 2 79
34 78 4 4 21 79
34 82 4 1 16 79
34 83 4 2 7 79
34 84 4 1 24 79
34 86 4 4 3 79
34 88 4 2 14 79
34 89 4 1 8 79
34 93 4 2 11 79
34 94 4 3 23 79
34 99 4 3 12 79
35 2 4 3 2 284
35 5 4 2 19 284
35 6 4 3 12 284
35 14 4 3 12 284
35 16 4 3 4 284
35 19 4 1 21 284
35 20 4 2 17 284
35 22 4 1 24 284
35 24 4 3 11 284
35 25 4 2 12 284
35 26 4 4 22 284
35 27 4 1 3 284
35 29 4 1 12 284
35 30 4 2 23 284
35 31 4 1 7 284
35 32 4 4 10 284
35 36 4 1 13 284
35 38 4 3 6 284
35 39 4 1 23 284
35 40 4 1 18 284
35 42 4 3 10 284
35 43 4 1 14 284
35 44 4 4 24 284
35 47 4 3 7 284
35 48 4 1 10 284
35 49 4 1 10 284
35 50 4 2 1 284
35 56 4 2 16 284
35 57 4 3 12 284
35 58 4 1 17 284
35 63 4 3 2 284
35 64 4 2 3 284
35 66 4 2 23 284
35 67 4 2 8 284
35 68 4 2 21 284
35 70 4 1 21 284
35 71 4 2 12 284
35 73 4 2 6 284
35 81 4 3 4 284
35 84 4 1 8 284
35 85 4 4 19 284
35 86 4 4 17 284
35 87 4 1 4 284
35 91 4 2 2 284
35 93 4 2 5 284
35 95 4 1 12 284
35 98 4 1 18 284
36 0 1 3 21 317
36 3 1 3 10 317
36 4 1 3 3 317
36 6 1 3 17 317
36 8 1 1 16 317
36 11 1 1 23 317
36 14 1 3 19 317
36 15 1 1 1 317
36 16 1 3 13 317
36 19 1 1 25 317
36 22 1 1 17 317
36 23 1 1 1 317
36 25 1 2 10 317
36 26 1 4 3 317
36 27 1 1 20 317
36 28 1 3 5 317
36 29 1 1 20 317
36 30 1 2 5 317
36 31 1 1 14 317
36 33 1 1 15 317
36 35 1 4 13 317
36 37 1 1 2 317
36 38 1 3 16 317
36 41 1 2 3 317
36 42 1 3 7 317
36 44 1 4 10 317
36 46 1 1 18 317
36 47 1 3 24 317
36 50 1 2 19 317
36 51 1 2 24 317
36 53 1 4 3 317
36 55 1 1 12 317
36 59 1 3 1 317
36 62 1 3 11 317
36 63 1 3 8 317
36 65 1 4 3 317
36 66 1 2 3 317
36 67 1 2 24 317
36 69 1 4 2 317
36 70 1 1 15 317
36 77 1 2 12 317
36 79 1 4 3 317
36 82 1 1 15 317
36 83 1 2 17 317
36 85 1 4 19 317
36 87 1 1 17 317
36 88 1 2 7 317
36 90 1 4 17 317
36 96 1 1 10 317
36 98 1 1 5 317
36 99 1 3 15 317
37 0 1 3 23 121
37 1 1 2 14 121
37 7 1 1 19 121
37 8 1 1 24 121
37 11 1 1 14 121
37 12 1 2 19 121
37 13 1 1 16 121
37 15 1 1 20 121
37 17 1 3 19 121
37 18 1 2 5 121
37 19 1 1 24 121
37 21 1 3 5 121
37 22 1 1 13 121
37 23 1 1 8 121
37 25 1 2 1 121
37 28 1 3 12 121
37 30 1 2 20 121
37 31 1 1 12 121
37 32 1 4 5 121
37 33 1 1 15 121
37 34 1 4 9 121
37 36 1 1 2 121
37 39 1 1 19 121
37 40 1 1 10 121
37 41 1 2 20 121
37 42 1 3 13 121
37 43 1 1 15 121
37 46 1 1 23 121
37 47 1 3 22 121
37 49 1 1 16 121
37 51 1 2 22 121
37 52 1 4 6 121
37 53 1 4 1 121
37 54 1 1 20 121
37 56 1 2 9 121
37 59 1 3 24 121
37 60 1 1 19 121
37 62 1 3 21 121
37 65 1 4 19 121
37 68 1 2 13 121
37 69 1 4 17 121
37 70 1 1 5 121
37 71 1 2 7 121
37 72 1 2 13 121
37 74 1 4 8 121
37 77 1 2 24 121
37 78 1 4 18 121
37 84 1 1 8 121
37 85 1 4 5 121
37 86 1 4 22 121
37 91 1 2 20 121
37 94 1 3 21 121
37 97 1 1 18 121
37 99 1 3 25 121
38 1 3 2 23 449
38 3 3 3 7 449
38 4 3 3 10 449
38 6 3 3 4 449
38 8 3 1 12 449
38 12 3 2 4 449
38 15 3 1 22 449
38 16 3 3 17 449
38 18 3 2 22 449
38 24 3 3 15 449
38 25 3 2 11 449
38 26 3 4 24 449
38 27 3 1 2 449
38 32 3 4 5 449
38 33 3 1 25 449
38 34 3 4 2 449
38 35 3 4 6 449
38 36 3 1 16 449
38 39 3 1 5 449
38 40 3 1 20 449
38 41 3 2 19 449
38 44 3 4 21 449
38 45 3 3 2 449
38 48 3 1 9 449
38 55 3 1 12 449
38 62 3 3 19 449
38 63 3 3 23 449
38 64 3 2 25 449
38 65 3 4 6 449
38 66 3 2 18 449
38 68 3 2 6 449
38 69 3 4 14 449
38 70 3 1 13 449
38 72 3 2 15 449
38 73 3 2 11 449
38 75 3 1 18 449
38 81 3 3 24 449
38 83 3 2 9 449
38 84 3 1 8 449
38 86 3 4 11 449
38 87 3 1 14 449
38 88 3 2 25 449
38 89 3 1 3 449
38 90 3 4 1 449
38 94 3 3 13 449
38 96 3 1 12 449
38 99 3 3 5 449
39 1 1 2 19 772
39 8 1 1 16 772
39 9 1 2 8 772
39 13 1 1 18 772
39 14 1 3 5 772
39 15 1 1 12 772
39 16 1 3 2 772
39 17 1 3 17 772
39 19 1 1 3 772
39 20 1 2 25 772
39 23 1 1 11 772
39 25 1 2 8 772
39 31 1 1 20 772
39 32 1 4 5 772
39 34 1 4 9 772
39 35 1 4 23 772
39 37 1 1 19 772
39 38 1 3 5 772
39 40 1 1 23 772
39 42 1 3 17 772
39 43 1 1 18 772
39 44 1 4 6 772
39 45 1 3 7 772
39 46 1 1 21 772
39 52 1 4 7 772
39 55 1 1 18 772
39 56 1 2 25 772
39 62 1 3 7 772
39 63 1 3 4 772
39 64 1 2 3 772
39 65 1 4 9 772
39 66 1 2 5 772
39 68 1 2 22 772
39 69 1 4 23 772
39 74 1 4 21 772
39 78 1 4 7 772
39 80 1 1 17 772
39 82 1 1 14 772
39 84 1 1 22 772
39 85 1 4 23 772
39 86 1 4 21 772
39 90 1 4 1 772
39 91 1 2 11 772
39 92 1 1 5 772
39 93 1 2 15 772
39 94 1 3 1 772
39 98 1 1 10 772
40 1 1 2 4 199
40 7 1 1 15 199
40 10 1 3 15 199
40 11 1 1 19 199
40 13 1 1 18 199
40 14 1 3 2 199
40 15 1 1 13 199
40 17 1 3 6 199
40 20 1 2 16 199
40 23 1 1 20 199
40 25 1 2 18 199
40 26 1 4 16 199
40 27 1 1 14 199
40 30 1 2 1 199
40 31 1 1 10 199
40 33 1 1 18 199
40 35 1 4 18 199
40 37 1 1 10 199
40 38 1 3 20 199
40 39 1 1 23 199
40 42 1 3 14 199
40 43 1 1 17 199
40 45 1 3 5 199
40 46 1 1 21 199
40 47 1 3 19 199
40 49 1 1 23 199
40 52 1 4 16 199
40 53 1 4 9 199
40 55 1 1 12 199
40 58 1 1 2 199
40 59 1 3 8 199
40 62 1 3 24 199
40 64 1 2 17 199
40 65 1 4 17 199
40 67 1 2 22 199
40 68 1 2 8 199
40 69 1 4 1 199
40 71 1 2 20 199
40 72 1 2 8 199
40 75 1 1 14 199
40 76 1 1 13 199
40 77 1 2 15 199
40 78 1 4 14 199
40 82 1 1 1 199
40 83 1 2 23 199
40 85 1 4 9 199
40 86 1 4 10 199
40 87 1 1 14 199
40 88 1 2 17 199
40 91 1 2 2 199
40 92 1 1 11 199
40 95 1 1 10 199
40 96 1 1 4 199
40 97 1 1 2 199
40 98 1 1 19 199
41 2 2 3 22 566
41 8 2 1 19 566
41 9 2 2 14 566
41 10 2 3 6 566
41 11 2 1 13 566
41 16 2 3 3 566
41 17 2 3 1 566
41 19 2 1 22 566
41 20 2 2 22 566
41 21 2 3 8 566
41 26 2 4 18 566
41 27 2 1 13 566
41 28 2 3 25 566
41 29 2 1 15 566
41 30 2 2 24 566
41 31 2 1 21 566
41 33 2 1 23 566
41 36 2 1 3 566
41 37 2 1 20 566
41 38 2 3 19 566
41 42 2 3 12 566
41 46 2 1 21 566
41 47 2 3 3 566
41 48 2 1 7 566
41 50 2 2 20 566
41 51 2 2 2 566
41 54 2 1 16 566
41 55 2 1 17 566
41 57 2 3 8 566
41 58 2 1 15 566
41 61 2 1 11 566
41 62 2 3 10 566
41 63 2 3 2 566
41 68 2 2 15 566
41 69 2 4 1 566
41 71 2 2 24 566
41 72 2 2 7 566
41 73 2 2 18 566
41 75 2 1 7 566
41 76 2 1 9 566
41 78 2 4 2 566
41 80 2 1 5 566
41 84 2 1 24 566
41 88 2 2 8 566
41 89 2 1 12 566
41 90 2 4 4 566
41 92 2 1 6 566
41 93 2 2 1 566
41 94 2 3 15 566
41 95 2 1 9 566
41 96 2 1 23 566
41 97 2 1 3 566
41 98 2 1 11 566
42 0 3 3 21 280
42 1 3 2 8 280
42 3 3 3 1 280
42 5 3 2 21 280
42 6 3 3 7 280
42 7 3 1 18 280
42 8 3 1 23 280
42 11 3 1 23 280
42 12 3 2 22 280
42 14 3 3 2 280
42 15 3 1 4 280
42 16 3 3 19 280
42 19 3 1 16 280
42 23 3 1 5 280
42 25 3 2 22 280
42 28 3 3 20 280
42 31 3 1 22 280
42 34 3 4 12 280
42 35 3 4 10 280
42 36 3 1 7 280
42 37 3 1 13 280
42 39 3 1 17 280
42 40 3 1 14 280
42 41 3 2 12 280
42 43 3 1 22 280
42 45 3 3 8 280
42 46 3 1 4 280
42 47 3 3 23 280
42 48 3 1 18 280
42 50 3 2 25 280
42 52 3 4 15 280
42 58 3 1 21 280
42 62 3 3 16 280
42 63 3 3 4 280
42 64 3 2 8 280
42 65 3 4 10 280
42 66 3 2 2 280
42 67 3 2 1 280
42 68 3 2 15 280
42 69 3 4 23 280
42 72 3 2 18 280
42 74 3 4 18 280
42 75 3 1 8 280
42 79 3 4 11 280
42 80 3 1 17 280
42 81 3 3 9 280
42 83 3 2 20 280
42 84 3 1 10 280
42 85 3 4 4 280
42 86 3 4 12 280
42 89 3 1 14 280
42 91 3 2 24 280
42 95 3 1 25 280
42 99 3 3 20 280
43 1 1 2 16 93
43 3 1 3 13 93
43 5 1 2 10 93
43 6 1 3 11 93
43 8 1 1 3 93
43 9 1 2 24 93
43 10 1 3 10 93
43 14 1 3 4 93
43 15 1 1 20 93
43 17 1 3 10 93
43 22 1 1 22 93
43 23 1 1 16 93
43 25 1 2 24 93
43 26 1 4 22 93
43 28 1 3 21 93
43 35 1 4 14 93
43 37 1 1 15 93
43 39 1 1 18 93
43 40 1 1 17 93
43 42 1 3 22 93
43 46 1 1 23 93
43 48 1 1 3 93
43 51 1 2 18 93
43 53 1 4 7 93
43 54 1 1 19 93
43 56 1 2 4 93
43 60 1 1 24 93
43 61 1 1 19 93
43 64 1 2 21 93
43 65 1 4 21 93
43 66 1 2 11 93
43 67 1 2 21 93
43 68 1 2 7 93
43 69 1 4 1 93
43 72 1 2 15 93
43 75 1 1 6 93
43 77 1 2 18 93
43 78 1 4 1 93
43 83 1 2 19 93
43 84 1 1 17 93
43 85 1 4 24 93
43 86 1 4 13 93
43 87 1 1 5 93
43 90 1 4 7 93
43 91 1 2 7 93
43 92 1 1 11 93
43 93 1 2 25 93
43 94 1 3 19 93
43 96 1 1 4 93
43 98 1 1 18 93
44 0 4 3 8 461
44 5 4 2 8 461
44 9 4 2 17 461
44 12 4 2 16 461
44 13 4 1 3 461
44 14 4 3 18 461
44 15 4 1 15 461
44 16 4 3 25 461
44 17 4 3 19 461
44 18 4 2 17 461
44 19 4 1 19 461
44 21 4 3 5 461
44 24 4 3 5 461
44 25 4 2 14 461
44 30 4 2 10 461
44 31 4 1 6 461
44 32 4 4 11 461
44 33 4 1 2 461
44 34 4 4 25 461
44 35 4 4 24 461
44 36 4 1 10 461
44 38 4 3 21 461
44 39 4 1 6 461
44 45 4 3 5 461
44 46 4 1 9 461
44 47 4 3 21 461
44 50 4 2 1 461
44 53 4 4 2 461
44 54 4 1 20 461
44 55 4 1 3 461
44 61 4 1 12 461
44 63 4 3 4 461
44 64 4 2 8 461
44 65 4 4 13 461
44 66 4 2 14 461
44 67 4 2 23 461
44 68 4 2 8 461
44 69 4 4 8 461
44 70 4 1 21 461
44 71 4 2 14 461
44 73 4 2 1 461
44 75 4 1 3 461
44 78 4 4 6 461
44 79 4 4 4 461
44 82 4 1 13 461
44 83 4 2 7 461
44 84 4 1 23 461
44 86 4 4 22 461
44 89 4 1 3 461
44 91 4 2 8 461
44 92 4 1 4 461
44 93 4 2 17 461
44 95 4 1 15 461
44 96 4 1 13 461
44 97 4 1 4 461
45 1 3 2 17 344
45 4 3 3 21 344
45 5 3 2 24 344
45 6 3 3 12 344
45 7 3 1 3 344
45 9 3 2 3 344
45 10 3 3 19 344
45 12 3 2 23 344
45 13 3 1 11 344
45 15 3 1 12 344
45 19 3 1 4 344
45 22 3 1 24 344
45 24 3 3 13 344
45 25 3 2 25 344
45 26 3 4 9 344
45 29 3 1 13 344
45 30 3 2 16 344
45 31 3 1 12 344
45 32 3 4 17 344
45 33 3 1 25 344
45 38 3 3 2 344
45 39 3 1 7 344
45 40 3 1 5 344
45 42 3 3 8 344
45 44 3 4 5 344
45 47 3 3 17 344
45 48 3 1 24 344
45 49 3 1 8 344
45 51 3 2 20 344
45 52 3 4 10 344
45 54 3 1 16 344
45 55 3 1 2 344
45 56 3 2 25 344
45 61 3 1 15 344
45 62 3 3 3 344
45 63 3 3 14 344
45 67 3 2 17 344
45 68 3 2 24 344
45 69 3 4 22 344
45 73 3 2 4 344
45 74 3 4 18 344
45 75 3 1 25 344
45 76 3 1 15 344
45 77 3 2 3 344
45 82 3 1 12 344
45 83 3 2 8 344
45 85 3 4 8 344
45 87 3 1 6 344
45 88 3 2 17 344
45 89 3 1 4 344
45 95 3 1 15 344
45 96 3 1 5 344
45 97 3 1 9 344
45 98 3 1 25 344
46 1 1 2 25 104
46 2 1 3 13 104
46 3 1 3 1 104
46 5 1 2 20 104
46 6 1 3 11 104
46 9 1 2 9 104
46 10 1 3 1 104
46 12 1 2 8 104
46 13 1 1 5 104
46 14 1 3 11 104
46 16 1 3 11 104
46 18 1 2 1 104
46 19 1 1 20 104
46 20 1 2 18 104
46 22 1 1 11 104
46 26 1 4 12 104
46 27 1 1 20 104
46 32 1 4 6 104
46 33 1 1 19 104
46 36 1 1 18 104
46 37 1 1 23 104
46 39 1 1 21 104
46 40 1 1 21 104
46 41 1 2 21 104
46 42 1 3 4 104
46 43 1 1 23 104
46 44 1 4 9 104
46 48 1 1 11 104
46 49 1 1 16 104
46 52 1 4 4 104
46 53 1 4 14 104
46 54 1 1 22 104
46 56 1 2 11 104
46 57 1 3 25 104
46 60 1 1 12 104
46 62 1 3 18 104
46 63 1 3 15 104
46 65 1 4 2 104
46 67 1 2 5 104
46 69 1 4 5 104
46 73 1 2 21 104
46 75 1 1 22 104
46 79 1 4 2 104
46 81 1 3 13 104
46 83 1 2 9 104
46 88 1 2 15 104
46 89 1 1 21 104
46 91 1 2 15 104
46 93 1 2 12 104
46 98 1 1 18 104
47 0 3 3 18 718
47 1 3 2 2 718
47 5 3 2 18 718
47 6 3 3 2 718
47 9 3 2 25 718
47 11 3 1 10 718
47 12 3 2 9 718
47 14 3 3 15 718
47 16 3 3 12 718
47 18 3 2 7 718
47 20 3 2 2 718
47 23 3 1 3 718
47 25 3 2 10 718
47 26 3 4 9 718
47 27 3 1 23 718
47 28 3 3 7 718
47 29 3 1 2 718
47 31 3 1 20 718
47 32 3 4 19 718
47 33 3 1 3 718
47 35 3 4 7 718
47 36 3 1 24 718
47 37 3 1 22 718
47 40 3 1 19 718
47 41 3 2 3 718
47 42 3 3 23 718
47 44 3 4 21 718
47 45 3 3 17 718
47 48 3 1 25 718
47 49 3 1 5 718
47 50 3 2 3 718
47 52 3 4 13 718
47 53 3 4 19 718
47 54 3 1 11 718
47 58 3 1 22 718
47 61 3 1 11 718
47 63 3 3 5 718
47 65 3 4 25 718
47 66 3 2 19 718
47 67 3 2 20 718
47 71 3 2 2 718
47 74 3 4 15 718
47 75 3 1 3 718
47 76 3 1 14 718
47 77 3 2 23 718
47 80 3 1 18 718
47 83 3 2 3 718
47 84 3 1 5 718
47 87 3 1 3 718
47 88 3 2 7 718
47 89 3 1 19 718
47 90 3 4 17 718
47 91 3 2 13 718
47 93 3 2 9 718
47 95 3 1 19 718
47 96 3 1 8 718
47 98 3 1 16 718
47 99 3 3 1 718
48 1 1 2 3 713
48 2 1 3 19 713
48 3 1 3 12 713
48 4 1 3 12 713
48 5 1 2 20 713
48 6 1 3 3 713
48 7 1 1 12 713
48 8 1 1 20 713
48 13 1 1 17 713
48 17 1 3 25 713
48 18 1 2 11 713
48 19 1 1 8 713
48 21 1 3 10 713
48 23 1 1 5 713
48 35 1 4 10 713
48 38 1 3 9 713
48 41 1 2 7 713
48 42 1 3 18 713
48 43 1 1 3 713
48 45 1 3 24 713
48 46 1 1 11 713
48 47 1 3 25 713
48 50 1 2 7 713
48 52 1 4 21 713
48 53 1 4 12 713
48 54 1 1 17 713
48 63 1 3 2 713
48 67 1 2 22 713
48 72 1 2 10 713
48 75 1 1 25 713
48 76 1 1 21 713
48 80 1 1 12 713
48 82 1 1 4 713
48 83 1 2 3 713
48 84 1 1 3 713
48 85 1 4 17 713
48 87 1 1 7 713
48 88 1 2 3 713
48 89 1 1 11 713
48 90 1 4 24 713
48 92 1 1 4 713
48 95 1 1 7 713
48 96 1 1 22 713
48 97 1 1 23 713
48 99 1 3 21 713
49 1 1 2 10 933
49 2 1 3 24 933
49 7 1 1 15 933
49 8 1 1 14 933
49 10 1 3 5 933
49 11 1 1 7 933
49 14 1 3 1 933
49 16 1 3 10 933
49 17 1 3 15 933
49 20 1 2 20 933
49 21 1 3 5 933
49 22 1 1 16 933
49 26 1 4 7 933
49 27 1 1 10 933
49 29 1 1 17 933
49 32 1 4 11 933
49 33 1 1 11 933
49 34 1 4 2 933
49 35 1 4 10 933
49 37 1 1 16 933
49 40 1 1 23 933
49 45 1 3 8 933
49 46 1 1 16 933
49 47 1 3 5 933
49 52 1 4 13 933
49 54 1 1 16 933
49 56 1 2 19 933
49 57 1 3 1 933
49 62 1 3 25 933
49 65 1 4 12 933
49 66 1 2 6 933
49 67 1 2 14 933
49 69 1 4 24 933
49 70 1 1 20 933
49 71 1 2 12 933
49 72 1 2 10 933
49 73 1 2 20 933
49 74 1 4 12 933
49 76 1 1 25 933
49 78 1 4 5 933
49 80 1 1 3 933
49 81 1 3 21 933
49 82 1 1 5 933
49 83 1 2 17 933
49 84 1 1 12 933
49 91 1 2 9 933
49 92 1 1 6 933
49 93 1 2 17 933
49 94 1 3 2 933
49 95 1 1 14 933
49 96 1 1 13 933
49 97 1 1 2 933
49 98 1 1 9 933
50 2 2 3 20 303
50 3 2 3 18 303
50 4 2 3 15 303
50 5 2 2 10 303
50 7 2 1 25 303
50 9 2 2 7 303
50 10 2 3 16 303
50 12 2 2 12 303
50 16 2 3 21 303
50 21 2 3 22 303
50 22 2 1 5 303
50 23 2 1 20 303
50 24 2 3 16 303
50 26 2 4 12 303
50 28 2 3 18 303
50 29 2 1 20 303
50 31 2 1 12 303
50 33 2 1 6 303
50 35 2 4 1 303
50 36 2 1 19 303
50 41 2 2 20 303
50 42 2 3 25 303
50 44 2 4 1 303
50 47 2 3 3 303
50 48 2 1 7 303
50 53 2 4 21 303
50 54 2 1 10 303
50 55 2 1 18 303
50 56 2 2 9 303
50 57 2 3 12 303
50 59 2 3 1 303
50 61 2 1 16 303
50 64 2 2 22 303
50 67 2 2 9 303
50 68 2 2 16 303
50 69 2 4 4 303
50 71 2 2 18 303
50 75 2 1 2 303
50 76 2 1 9 303
50 77 2 2 22 303
50 78 2 4 16 303
50 80 2 1 17 303
50 85 2 4 20 303
50 88 2 2 6 303
50 89 2 1 13 303
50 90 2 4 22 303
50 92 2 1 1 303
50 93 2 2 16 303
50 94 2 3 24 303
50 97 2 1 21 303
50 98 2 1 10 303
51 2 2 3 13 411
51 6 2 3 20 411
51 7 2 1 7 411
51 10 2 3 10 411
51 12 2 2 11 411
51 14 2 3 23 411
51 17 2 3 24 411
51 19 2 1 8 411
51 20 2 2 21 411
51 21 2 3 10 411
51 29 2 1 21 411
51 30 2 2 18 411
51 36 2 1 24 411
51 37 2 1 22 411
51 41 2 2 2 411
51 43 2 1 18 411
51 45 2 3 20 411
51 54 2 1 23 411
51 57 2 3 18 411
51 59 2 3 4 411
51 60 2 1 12 411
51 61 2 1 8 411
51 64 2 2 14 411
51 67 2 2 21 411
51 70 2 1 13 411
51 72 2 2 16 411
51 73 2 2 12 411
51 76 2 1 11 411
51 80 2 1 22 411
51 81 2 3 24 411
51 92 2 1 14 411
51 93 2 2 4 411
51 95 2 1 25 411
51 96 2 1 1 411
51 99 2 3 9 411
52 0 4 3 21 929
52 1 4 2 21 929
52 2 4 3 6 929
52 5 4 2 11 929
52 6 4 3 24 929
52 8 4 1 7 929
52 9 4 2 11 929
52 10 4 3 6 929
52 11 4 1 21 929
52 12 4 2 3 929
52 13 4 1 12 929
52 14 4 3 1 929
52 15 4 1 12 929
52 16 4 3 22 929
52 17 4 3 12 929
52 19 4 1 19 929
52 22 4 1 12 929
52 23 4 1 22 929
52 26 4 4 21 929
52 27 4 1 24 929
52 28 4 3 5 929
52 29 4 1 8 929
52 31 4 1 8 929
52 32 4 4 24 929
52 33 4 1 11 929
52 34 4 4 1 929
52 37 4 1 6 929
52 39 4 1 7 929
52 40 4 1 16 929
52 42 4 3 15 929
52 45 4 3 10 929
52 46 4 1 4 929
52 47 4 3 13 929
52 48 4 1 21 929
52 49 4 1 13 929
52 57 4 3 19 929
52 59 4 3 8 929
52 60 4 1 1 929
52 61 4 1 17 929
52 72 4 2 23 929
52 74 4 4 14 929
52 78 4 4 10 929
52 81 4 3 18 929
52 82 4 1 23 929
52 85 4 4 17 929
52 87 4 1 18 929
52 88 4 2 25 929
52 90 4 4 2 929
52 92 4 1 8 929
52 93 4 2 6 929
52 97 4 1 2 929
53 0 4 3 4 227
53 1 4 2 16 227
53 3 4 3 25 227
53 4 4 3 18 227
53 5 4 2 23 227
53 6 4 3 18 227
53 8 4 1 24 227
53 9 4 2 16 227
53 12 4 2 7 227
53 13 4 1 12 227
53 15 4 1 12 227
53 20 4 2 4 227
53 23 4 1 2 227
53 25 4 2 12 227
53 29 4 1 19 227
53 30 4 2 3 227
53 31 4 1 9 227
53 36 4 1 3 227
53 37 4 1 1 227
53 40 4 1 9 227
53 43 4 1 7 227
53 44 4 4 2 227
53 46 4 1 14 227
53 47 4 3 19 227
53 48 4 1 12 227
53 50 4 2 21 227
53 56 4 2 4 227
53 57 4 3 4 227
53 60 4 1 14 227
53 61 4 1 9 227
53 62 4 3 19 227
53 63 4 3 13 227
53 64 4 2 20 227
53 65 4 4 13 227
53 68 4 2 23 227
53 71 4 2 19 227
53 73 4 2 7 227
53 74 4 4 11 227
53 78 4 4 25 227
53 79 4 4 4 227
53 80 4 1 9 227
53 83 4 2 10 227
53 84 4 1 1 227
53 85 4 4 20 227
53 87 4 1 10 227
53 88 4 2 5 227
53 89 4 1 9 227
53 91 4 2 11 227
53 92 4 1 25 227
53 94 4 3 5 227
53 96 4 1 6 227
53 98 4 1 23 227
53 99 4 3 18 227
54 0 1 3 8 717
54 2 1 3 11 717
54 3 1 3 16 717
54 4 1 3 6 717
54 9 1 2 15 717
54 10 1 3 16 717
54 11 1 1 8 717
54 13 1 1 23 717
54 14 1 3 1 717
54 17 1 3 5 717
54 18 1 2 19 717
54 20 1 2 16 717
54 21 1 3 14 717
54 24 1 3 6 717
54 26 1 4 21 717
54 28 1 3 14 717
54 29 1 1 13 717
54 30 1 2 24 717
54 31 1 1 10 717
54 33 1 1 1 717
54 34 1 4 6 717
54 37 1 1 20 717
54 41 1 2 16 717
54 43 1 1 19 717
54 44 1 4 20 717
54 45 1 3 16 717
54 46 1 1 22 717
54 47 1 3 11 717
54 48 1 1 17 717
54 49 1 1 16 717
54 50 1 2 10 717
54 51 1 2 23 717
54 55 1 1 14 717
54 56 1 2 18 717
54 58 1 1 25 717
54 59 1 3 3 717
54 60 1 1 19 717
54 62 1 3 16 717
54 66 1 2 19 717
54 69 1 4 17 717
54 71 1 2 11 717
54 72 1 2 13 717
54 73 1 2 8 717
54 74 1 4 20 717
54 75 1 1 23 717
54 76 1 1 13 717
54 79 1 4 20 717
54 82 1 1 10 717
54 85 1 4 3 717
54 86 1 4 18 717
54 91 1 2 1 717
54 96 1 1 9 717
55 1 1 2 13 673
55 3 1 3 12 673
55 5 1 2 13 673
55 6 1 3 21 673
55 7 1 1 13 673
55 10 1 3 13 673
55 11 1 1 6 673
55 15 1 1 4 673
55 16 1 3 24 673
55 17 1 3 13 673
55 18 1 2 3 673
55 19 1 1 17 673
55 21 1 3 14 673
55 24 1 3 2 673
55 25 1 2 25 673
55 26 1 4 6 673
55 27 1 1 18 673
55 28 1 3 15 673
55 29 1 1 2 673
55 30 1 2 18 673
55 32 1 4 24 673
55 36 1 1 12 673
55 38 1 3 12 673
55 39 1 1 18 673
55 40 1 1 12 673
55 41 1 2 17 673
55 44 1 4 3 673
55 45 1 3 2 673
55 50 1 2 18 673
55 54 1 1 14 673
55 57 1 3 23 673
55 58 1 1 15 673
55 63 1 3 20 673
55 69 1 4 1 673
55 73 1 2 1 673
55 74 1 4 2 673
55 75 1 1 6 673
55 76 1 1 21 673
55 77 1 2 3 673
55 78 1 4 6 673
55 80 1 1 18 673
55 81 1 3 4 673
55 83 1 2 21 673
55 84 1 1 24 673
55 87 1 1 3 673
55 88 1 2 6 673
55 91 1 2 1 673
55 92 1 1 19 673
55 94 1 3 1 673
55 95 1 1 3 673
55 97 1 1 11 673
55 99 1 3 8 673
56 0 2 3 24 527
56 2 2 3 11 527
56 3 2 3 15 527
56 5 2 2 22 527
56 6 2 3 7 527
56 7 2 1 2 527
56 8 2 1 21 527
56 10 2 3 2 527
56 12 2 2 4 527
56 13 2 1 18 527
56 15 2 1 24 527
56 16 2 3 1 527
56 17 2 3 25 527
56 25 2 2 18 527
56 26 2 4 13 527
56 28 2 3 11 527
56 29 2 1 5 527
56 31 2 1 7 527
56 33 2 1 19 527
56 34 2 4 5 527
56 35 2 4 16 527
56 37 2 1 9 527
56 39 2 1 25 527
56 43 2 1 4 527
56 45 2 3 25 527
56 46 2 1 11 527
56 49 2 1 19 527
56 50 2 2 9 527
56 53 2 4 4 527
56 54 2 1 18 527
56 57 2 3 1 527
56 58 2 1 14 527
56 59 2 3 1 527
56 65 2 4 4 527
56 66 2 2 25 527
56 67 2 2 4 527
56 69 2 4 24 527
56 70 2 1 24 527
56 71 2 2 10 527
56 73 2 2 21 527
56 74 2 4 25 527
56 76 2 1 1 527
56 77 2 2 10 527
56 79 2 4 7 527
56 83 2 2 25 527
56 85 2 4 12 527
56 86 2 4 21 527
56 88 2 2 9 527
56 89 2 1 10 527
56 90 2 4 24 527
56 92 2 1 7 527
56 93 2 2 17 527
56 94 2 3 9 527
56 96 2 1 1 527
56 98 2 1 4 527
56 99 2 3 8 527
57 2 3 3 12 624
57 4 3 3 19 624
57 5 3 2 17 624
57 7 3 1 14 624
57 8 3 1 21 624
57 9 3 2 21 624
57 10 3 3 7 624
57 11 3 1 9 624
57 12 3 2 14 624
57 15 3 1 12 624
57 16 3 3 8 624
57 24 3 3 18 624
57 25 3 2 16 624
57 29 3 1 3 624
57 35 3 4 12 624
57 41 3 2 8 624
57 46 3 1 25 624
57 49 3 1 1 624
57 50 3 2 12 624
57 51 3 2 18 624
57 52 3 4 19 624
57 53 3 4 4 624
57 55 3 1 23 624
57 56 3 2 1 624
57 58 3 1 15 624
57 69 3 4 20 624
57 70 3 1 9 624
57 71 3 2 22 624
57 72 3 2 23 624
57 75 3 1 24 624
57 77 3 2 4 624
57 81 3 3 3 624
57 84 3 1 20 624
57 86 3 4 13 624
57 89 3 1 20 624
57 91 3 2 14 624
57 94 3 3 17 624
57 97 3 1 12 624
57 98 3 1 4 624
58 0 1 3 19 587
58 1 1 2 8 587
58 2 1 3 25 587
58 5 1 2 23 587
58 6 1 3 13 587
58 9 1 2 15 587
58 10 1 3 20 587
58 11 1 1 24 587
58 12 1 2 1 587
58 13 1 1 15 587
58 16 1 3 20 587
58 17 1 3 7 587
58 18 1 2 1 587
58 20 1 2 24 587
58 24 1 3 2 587
58 26 1 4 14 587
58 28 1 3 25 587
58 30 1 2 1 587
58 32 1 4 6 587
58 33 1 1 16 587
58 34 1 4 19 587
58 35 1 4 17 587
58 40 1 1 2 587
58 41 1 2 15 587
58 42 1 3 21 587
58 47 1 3 22 587
58 54 1 1 25 587
58 55 1 1 15 587
58 56 1 2 14 587
58 57 1 3 15 587
58 61 1 1 18 587
58 62 1 3 3 587
58 63 1 3 20 587
58 64 1 2 3 587
58 65 1 4 15 587
58 67 1 2 10 587
58 70 1 1 10 587
58 71 1 2 1 587
58 73 1 2 20 587
58 78 1 4 13 587
58 82 1 1 19 587
58 83 1 2 16 587
58 84 1 1 24 587
58 85 1 4 17 587
58 86 1 4 16 587
58 88 1 2 4 587
58 89 1 1 14 587
58 91 1 2 9 587
58 96 1 1 23 587
58 98 1 1 18 587
58 99 1 3 3 587
59 0 3 3 1 676
59 5 3 2 14 676
59 7 3 1 19 676
59 8 3 1 3 676
59 11 3 1 11 676
59 12 3 2 15 676
59 15 3 1 6 676
59 16 3 3 10 676
59 17 3 3 9 676
59 22 3 1 10 676
59 25 3 2 1 676
59 27 3 1 14 676
59 29 3 1 1 676
59 30 3 2 2 676
59 32 3 4 9 676
59 33 3 1 14 676
59 36 3 1 1 676
59 37 3 1 24 676
59 40 3 1 8 676
59 50 3 2 1 676
59 51 3 2 4 676
59 52 3 4 8 676
59 54 3 1 3 676
59 56 3 2 1 676
59 61 3 1 24 676
59 63 3 3 4 676
59 64 3 2 4 676
59 65 3 4 11 676
59 66 3 2 9 676
59 67 3 2 17 676
59 68 3 2 3 676
59 73 3 2 7 676
59 74 3 4 3 676
59 77 3 2 11 676
59 78 3 4 7 676
59 79 3 4 8 676
59 83 3 2 9 676
59 85 3 4 12 676
59 87 3 1 20 676
59 88 3 2 14 676
59 89 3 1 4 676
59 90 3 4 11 676
59 91 3 2 4 676
59 92 3 1 17 676
59 94 3 3 16 676
60 1 1 2 2 134
60 5 1 2 20 134
60 7 1 1 10 134
60 8 1 1 11 134
60 12 1 2 10 134
60 13 1 1 1 134
60 14 1 3 15 134
60 16 1 3 19 134
60 17 1 3 1 134
60 20 1 2 5 134
60 24 1 3 11 134
60 27 1 1 16 134
60 28 1 3 1 134
60 29 1 1 23 134
60 30 1 2 5 134
60 32 1 4 5 134
60 33 1 1 5 134
60 37 1 1 19 134
60 43 1 1 24 134
60 46 1 1 12 134
60 51 1 2 12 134
60 52 1 4 1 134
60 53 1 4 14 134
60 54 1 1 19 134
60 64 1 2 7 134
60 65 1 4 14 134
60 69 1 4 14 134
60 70 1 1 13 134
60 72 1 2 13 134
60 73 1 2 9 134
60 76 1 1 2 134
60 77 1 2 8 134
60 82 1 1 10 134
60 85 1 4 15 134
60 86 1 4 13 134
60 88 1 2 21 134
60 89 1 1 3 134
60 90 1 4 15 134
60 91 1 2 12 134
60 93 1 2 8 134
60 94 1 3 18 134
60 96 1 1 5 134
61 0 1 3 8 607
61 2 1 3 8 607
61 3 1 3 4 607
61 7 1 1 13 607
61 8 1 1 20 607
61 9 1 2 15 607
61 11 1 1 10 607
61 15 1 1 21 607
61 17 1 3 3 607
61 18 1 2 9 607
61 20 1 2 21 607
61 21 1 3 8 607
61 22 1 1 4 607
61 23 1 1 15 607
61 24 1 3 21 607
61 31 1 1 7 607
61 41 1 2 11 607
61 43 1 1 19 607
61 44 1 4 12 607
61 45 1 3 15 607
61 47 1 3 11 607
61 50 1 2 16 607
61 51 1 2 8 607
61 52 1 4 17 607
61 53 1 4 9 607
61 58 1 1 18 607
61 59 1 3 24 607
61 62 1 3 19 607
61 63 1 3 10 607
61 64 1 2 14 607
61 66 1 2 9 607
61 67 1 2 18 607
61 69 1 4 17 607
61 71 1 2 2 607
61 76 1 1 11 607
61 79 1 4 21 607
61 81 1 3 16 607
61 83 1 2 10 607
61 85 1 4 2 607
61 86 1 4 2 607
61 87 1 1 17 607
61 89 1 1 9 607
61 90 1 4 1 607
61 95 1 1 14 607
61 97 1 1 1 607
61 98 1 1 9 607
61 99 1 3 16 607
62 3 3 3 16 687
62 4 3 3 15 687
62 6 3 3 8 687
62 8 3 1 2 687
62 10 3 3 5 687
62 11 3 1 19 687
62 14 3 3 9 687
62 18 3 2 10 687
62 20 3 2 7 687
62 21 3 3 9 687
62 25 3 2 8 687
62 26 3 4 6 687
62 27 3 1 10 687
62 29 3 1 18 687
62 30 3 2 12 687
62 31 3 1 4 687
62 33 3 1 11 687
62 34 3 4 15 687
62 36 3 1 11 687
62 37 3 1 21 687
62 38 3 3 19 687
62 39 3 1 7 687
62 40 3 1 24 687
62 41 3 2 10 687
62 42 3 3 16 687
62 45 3 3 3 687
62 46 3 1 18 687
62 49 3 1 25 687
62 53 3 4 19 687
62 54 3 1 16 687
62 58 3 1 3 687
62 61 3 1 19 687
62 66 3 2 10 687
62 70 3 1 15 687
62 74 3 4 4 687
62 76 3 1 1 687
62 80 3 1 4 687
62 84 3 1 14 687
62 85 3 4 18 687
62 87 3 1 14 687
62 90 3 4 9 687
62 91 3 2 11 687
62 92 3 1 11 687
62 99 3 3 22 687
63 0 3 3 5 124
63 1 3 2 24 124
63 2 3 3 18 124
63 5 3 2 5 124
63 6 3 3 2 124
63 7 3 1 5 124
63 10 3 3 3 124
63 12 3 2 16 124
63 13 3 1 1 124
63 17 3 3 18 124
63 18 3 2 24 124
63 20 3 2 13 124
63 22 3 1 15 124
63 24 3 3 11 124
63 25 3 2 23 124
63 27 3 1 23 124
63 28 3 3 15 124
63 30 3 2 14 124
63 31 3 1 19 124
63 35 3 4 2 124
63 36 3 1 8 124
63 38 3 3 23 124
63 39 3 1 4 124
63 41 3 2 2 124
63 42 3 3 4 124
63 44 3 4 4 124
63 45 3 3 14 124
63 46 3 1 15 124
63 47 3 3 5 124
63 48 3 1 2 124
63 53 3 4 13 124
63 55 3 1 20 124
63 58 3 1 20 124
63 59 3 3 4 124
63 61 3 1 10 124
63 64 3 2 23 124
63 65 3 4 6 124
63 68 3 2 4 124
63 70 3 1 13 124
63 72 3 2 16 124
63 73 3 2 10 124
63 74 3 4 12 124
63 75 3 1 9 124
63 76 3 1 3 124
63 78 3 4 24 124
63 80 3 1 14 124
63 81 3 3 7 124
63 84 3 1 19 124
63 85 3 4 1 124
63 86 3 4 3 124
63 87 3 1 15 124
63 88 3 2 17 124
63 91 3 2 17 124
63 93 3 2 8 124
63 94 3 3 16 124
63 95 3 1 12 124
63 98 3 1 15 124
64 0 2 3 1 427
64 3 2 3 1 427
64 5 2 2 7 427
64 12 2 2 25 427
64 13 2 1 2 427
64 15 2 1 2 427
64 18 2 2 19 427
64 20 2 2 11 427
64 23 2 1 25 427
64 25 2 2 6 427
64 27 2 1 7 427
64 28 2 3 16 427
64 33 2 1 25 427
64 34 2 4 12 427
64 35 2 4 3 427
64 38 2 3 25 427
64 39 2 1 3 427
64 40 2 1 17 427
64 42 2 3 8 427
64 43 2 1 21 427
64 44 2 4 8 427
64 50 2 2 22 427
64 51 2 2 14 427
64 53 2 4 20 427
64 58 2 1 3 427
64 59 2 3 4 427
64 60 2 1 7 427
64 61 2 1 14 427
64 63 2 3 23 427
64 67 2 2 22 427
64 69 2 4 6 427
64 70 2 1 23 427
64 73 2 2 19 427
64 75 2 1 14 427
64 80 2 1 3 427
64 84 2 1 12 427
64 87 2 1 9 427
64 90 2 4 5 427
64 92 2 1 25 427
64 93 2 2 22 427
64 96 2 1 5 427
64 97 2 1 13 427
64 99 2 3 8 427
65 3 4 3 24 374
65 5 4 2 6 374
65 6 4 3 6 374
65 7 4 1 8 374
65 8 4 1 6 374
65 9 4 2 9 374
65 13 4 1 25 374
65 14 4 3 3 374
65 16 4 3 24 374
65 17 4 3 12 374
65 18 4 2 11 374
65 20 4 2 19 374
65 21 4 3 21 374
65 22 4 1 3 374
65 24 4 3 24 374
65 25 4 2 17 374
65 27 4 1 10 374
65 33 4 1 24 374
65 34 4 4 20 374
65 36 4 1 3 374
65 37 4 1 19 374
65 38 4 3 6 374
65 39 4 1 9 374
65 40 4 1 17 374
65 42 4 3 10 374
65 43 4 1 21 374
65 44 4 4 13 374
65 46 4 1 2 374
65 47 4 3 25 374
65 49 4 1 12 374
65 53 4 4 13 374
65 56 4 2 4 374
65 58 4 1 15 374
65 59 4 3 11 374
65 60 4 1 14 374
65 63 4 3 6 374
65 66 4 2 6 374
65 69 4 4 1 374
65 70 4 1 24 374
65 72 4 2 18 374
65 74 4 4 4 374
65 75 4 1 22 374
65 76 4 1 18 374
65 77 4 2 3 374
65 78 4 4 21 374
65 79 4 4 12 374
65 84 4 1 8 374
65 86 4 4 25 374
65 88 4 2 11 374
65 90 4 4 7 374
65 91 4 2 16 374
65 93 4 2 12 374
65 96 4 1 21 374
65 99 4 3 3 374
66 0 2 3 18 232
66 2 2 3 25 232
66 4 2 3 20 232
66 5 2 2 5 232
66 6 2 3 23 232
66 7 2 1 20 232
66 8 2 1 14 232
66 9 2 2 14 232
66 16 2 3 23 232
66 17 2 3 8 232
66 18 2 2 8 232
66 19 2 1 23 232
66 22 2 1 18 232
66 23 2 1 20 232
66 24 2 3 25 232
66 25 2 2 2 232
66 26 2 4 9 232
66 28 2 3 22 232
66 29 2 1 9 232
66 32 2 4 10 232
66 33 2 1 15 232
66 35 2 4 23 232
66 36 2 1 3 232
66 38 2 3 18 232
66 39 2 1 5 232
66 42 2 3 2 232
66 43 2 1 11 232
66 44 2 4 14 232
66 47 2 3 19 232
66 49 2 1 6 232
66 54 2 1 19 232
66 56 2 2 25 232
66 59 2 3 9 232
66 61 2 1 9 232
66 62 2 3 10 232
66 65 2 4 6 232
66 68 2 2 16 232
66 71 2 2 11 232
66 72 2 2 1 232
66 74 2 4 18 232
66 75 2 1 5 232
66 76 2 1 17 232
66 78 2 4 4 232
66 79 2 4 24 232
66 83 2 2 8 232
66 84 2 1 1 232
66 89 2 1 2 232
66 91 2 2 23 232
66 92 2 1 23 232
66 93 2 2 7 232
66 95 2 1 17 232
66 97 2 1 9 232
66 98 2 1 2 232
66 99 2 3 11 232
67 0 2 3 19 509
67 3 2 3 22 509
67 4 2 3 8 509
67 6 2 3 10 509
67 8 2 1 4 509
67 12 2 2 13 509
67 13 2 1 17 509
67 14 2 3 11 509
67 17 2 3 17 509
67 18 2 2 16 509
67 20 2 2 15 509
67 21 2 3 24 509
67 22 2 1 24 509
67 23 2 1 25 509
67 28 2 3 8 509
67 29 2 1 5 509
67 30 2 2 9 509
67 33 2 1 14 509
67 34 2 4 1 509
67 35 2 4 8 509
67 36 2 1 24 509
67 40 2 1 22 509
67 42 2 3 1 509
67 43 2 1 21 509
67 44 2 4 23 509
67 45 2 3 17 509
67 46 2 1 5 509
67 47 2 3 20 509
67 48 2 1 22 509
67 49 2 1 14 509
67 50 2 2 9 509
67 51 2 2 21 509
67 56 2 2 4 509
67 58 2 1 10 509
67 59 2 3 17 509
67 61 2 1 18 509
67 64 2 2 22 509
67 68 2 2 11 509
67 69 2 4 7 509
67 74 2 4 6 509
67 77 2 2 4 509
67 78 2 4 4 509
67 81 2 3 9 509
67 82 2 1 3 509
67 84 2 1 25 509
67 86 2 4 6 509
67 87 2 1 7 509
67 88 2 2 1 509
67 89 2 1 23 509
67 91 2 2 3 509
67 93 2 2 7 509
67 94 2 3 15 509
67 96 2 1 14 509
67 98 2 1 12 509
67 99 2 3 22 509
68 0 2 3 20 875
68 3 2 3 5 875
68 4 2 3 8 875
68 6 2 3 15 875
68 9 2 2 15 875
68 11 2 1 4 875
68 12 2 2 1 875
68 13 2 1 21 875
68 14 2 3 18 875
68 15 2 1 1 875
68 17 2 3 19 875
68 20 2 2 2 875
68 21 2 3 16 875
68 22 2 1 6 875
68 23 2 1 4 875
68 26 2 4 17 875
68 27 2 1 15 875
68 28 2 3 1 875
68 29 2 1 3 875
68 30 2 2 4 875
68 33 2 1 4 875
68 35 2 4 21 875
68 37 2 1 13 875
68 38 2 3 6 875
68 39 2 1 22 875
68 40 2 1 8 875
68 41 2 2 15 875
68 42 2 3 15 875
68 43 2 1 7 875
68 44 2 4 8 875
68 45 2 3 24 875
68 50 2 2 16 875
68 53 2 4 23 875
68 59 2 3 3 875
68 63 2 3 4 875
68 66 2 2 16 875
68 67 2 2 11 875
68 70 2 1 24 875
68 72 2 2 11 875
68 74 2 4 16 875
68 75 2 1 5 875
68 78 2 4 6 875
68 79 2 4 25 875
68 80 2 1 17 875
68 82 2 1 19 875
68 83 2 2 22 875
68 85 2 4 14 875
68 91 2 2 6 875
68 93 2 2 10 875
68 94 2 3 13 875
68 95 2 1 7 875
68 98 2 1 8 875
68 99 2 3 15 875
69 0 4 3 15 740
69 1 4 2 24 740
69 2 4 3 5 740
69 3 4 3 12 740
69 5 4 2 17 740
69 10 4 3 5 740
69 12 4 2 18 740
69 16 4 3 23 740
69 17 4 3 14 740
69 22 4 1 14 740
69 23 4 1 5 740
69 24 4 3 24 740
69 26 4 4 4 740
69 27 4 1 11 740
69 30 4 2 14 740
69 33 4 1 20 740
69 36 4 1 2 740
69 37 4 1 17 740
69 38 4 3 14 740
69 39 4 1 23 740
69 40 4 1 1 740
69 41 4 2 1 740
69 42 4 3 23 740
69 43 4 1 1 740
69 44 4 4 8 740
69 45 4 3 22 740
69 46 4 1 5 740
69 49 4 1 24 740
69 50 4 2 4 740
69 54 4 1 17 740
69 55 4 1 1 740
69 56 4 2 24 740
69 57 4 3 20 740
69 60 4 1 14 740
69 61 4 1 17 740
69 64 4 2 6 740
69 65 4 4 1 740
69 67 4 2 7 740
69 70 4 1 18 740
69 71 4 2 22 740
69 75 4 1 5 740
69 76 4 1 18 740
69 78 4 4 10 740
69 79 4 4 2 740
69 80 4 1 3 740
69 82 4 1 2 740
69 85 4 4 3 740
69 87 4 1 1 740
69 88 4 2 17 740
69 89 4 1 13 740
69 90 4 4 4 740
69 92 4 1 7 740
69 93 4 2 9 740
69 96 4 1 13 740
69 97 4 1 6 740
69 98 4 1 3 740
70 0 1 3 17 430
70 2 1 3 4 430
70 3 1 3 23 430
70 4 1 3 8 430
70 9 1 2 1 430
70 12 1 2 4 430
70 16 1 3 24 430
70 19 1 1 4 430
70 20 1 2 23 430
70 21 1 3 21 430
70 22 1 1 7 430
70 23 1 1 10 430
70 24 1 3 9 430
70 26 1 4 17 430
70 27 1 1 3 430
70 29 1 1 14 430
70 32 1 4 1 430
70 35 1 4 21 430
70 36 1 1 15 430
70 37 1 1 5 430
70 38 1 3 13 430
70 44 1 4 21 430
70 49 1 1 20 430
70 51 1 2 13 430
70 56 1 2 24 430
70 57 1 3 9 430
70 58 1 1 10 430
70 60 1 1 13 430
70 62 1 3 15 430
70 63 1 3 13 430
70 64 1 2 23 430
70 65 1 4 24 430
70 68 1 2 24 430
70 69 1 4 18 430
70 71 1 2 23 430
70 72 1 2 17 430
70 74 1 4 6 430
70 76 1 1 15 430
70 78 1 4 4 430
70 79 1 4 3 430
70 80 1 1 11 430
70 83 1 2 16 430
70 86 1 4 18 430
70 87 1 1 11 430
70 89 1 1 2 430
70 91 1 2 7 430
70 92 1 1 6 430
70 93 1 2 25 430
70 95 1 1 17 430
70 96 1 1 15 430
70 97 1 1 13 430
70 98 1 1 22 430
71 0 2 3 8 190
71 3 2 3 10 190
71 4 2 3 22 190
71 5 2 2 10 190
71 8 2 1 9 190
71 9 2 2 12 190
71 14 2 3 21 190
71 15 2 1 21 190
71 16 2 3 11 190
71 18 2 2 24 190
71 20 2 2 12 190
71 21 2 3 20 190
71 22 2 1 2 190
71 23 2 1 20 190
71 24 2 3 7 190
71 25 2 2 18 190
71 26 2 4 8 190
71 29 2 1 22 190
71 30 2 2 9 190
71 33 2 1 18 190
71 34 2 4 25 190
71 35 2 4 12 190
71 37 2 1 7 190
71 40 2 1 20 190
71 41 2 2 24 190
71 44 2 4 14 190
71 47 2 3 2 190
71 49 2 1 12 190
71 50 2 2 18 190
71 53 2 4 19 190
71 54 2 1 11 190
71 56 2 2 10 190
71 57 2 3 22 190
71 58 2 1 1 190
71 61 2 1 2 190
71 66 2 2 11 190
71 69 2 4 22 190
71 70 2 1 23 190
71 72 2 2 6 190
71 76 2 1 24 190
71 80 2 1 5 190
71 82 2 1 12 190
71 88 2 2 20 190
71 91 2 2 18 190
71 92 2 1 7 190
71 93 2 2 21 190
71 94 2 3 15 190
71 95 2 1 23 190
71 96 2 1 20 190
71 98 2 1 23 190
72 1 2 2 23 701
72 4 2 3 16 701
72 6 2 3 25 701
72 10 2 3 9 701
72 11 2 1 25 701
72 12 2 2 21 701
72 16 2 3 6 701
72 17 2 3 10 701
72 18 2 2 5 701
72 19 2 1 3 701
72 20 2 2 22 701
72 21 2 3 12 701
72 22 2 1 3 701
72 23 2 1 19 701
72 25 2 2 11 701
72 31 2 1 6 701
72 32 2 4 24 701
72 34 2 4 13 701
72 37 2 1 13 701
72 38 2 3 15 701
72 40 2 1 8 701
72 41 2 2 7 701
72 42 2 3 18 701
72 43 2 1 15 701
72 48 2 1 10 701
72 49 2 1 10 701
72 51 2 2 16 701
72 52 2 4 23 701
72 54 2 1 13 701
72 57 2 3 23 701
72 60 2 1 13 701
72 63 2 3 16 701
72 65 2 4 18 701
72 66 2 2 1 701
72 68 2 2 11 701
72 70 2 1 17 701
72 71 2 2 6 701
72 74 2 4 15 701
72 75 2 1 6 701
72 76 2 1 10 701
72 77 2 2 1 701
72 80 2 1 15 701
72 81 2 3 13 701
72 82 2 1 12 701
72 83 2 2 20 701
72 84 2 1 15 701
72 85 2 4 24 701
72 86 2 4 10 701
72 88 2 2 3 701
72 91 2 2 12 701
72 92 2 1 6 701
72 93 2 2 11 701
72 94 2 3 13 701
72 95 2 1 15 701
72 97 2 1 5 701
73 0 2 3 7 265
73 2 2 3 1 265
73 4 2 3 12 265
73 6 2 3 17 265
73 10 2 3 6 265
73 12 2 2 1 265
73 13 2 1 5 265
73 16 2 3 17 265
73 19 2 1 4 265
73 23 2 1 16 265
73 24 2 3 25 265
73 25 2 2 21 265
73 27 2 1 16 265
73 28 2 3 5 265
73 29 2 1 21 265
73 31 2 1 12 265
73 32 2 4 7 265
73 35 2 4 6 265
73 38 2 3 11 265
73 41 2 2 18 265
73 44 2 4 1 265
73 45 2 3 4 265
73 46 2 1 21 265
73 49 2 1 20 265
73 51 2 2 12 265
73 53 2 4 7 265
73 54 2 1 8 265
73 55 2 1 1 265
73 56 2 2 21 265
73 58 2 1 20 265
73 59 2 3 7 265
73 60 2 1 9 265
73 63 2 3 10 265
73 64 2 2 19 265
73 75 2 1 15 265
73 76 2 1 6 265
73 77 2 2 21 265
73 78 2 4 25 265
73 79 2 4 25 265
73 80 2 1 8 265
73 82 2 1 18 265
73 84 2 1 7 265
73 85 2 4 13 265
73 86 2 4 11 265
73 87 2 1 11 265
73 88 2 2 11 265
73 89 2 1 1 265
73 91 2 2 25 265
73 92 2 1 20 265
73 93 2 2 2 265
73 95 2 1 22 265
73 97 2 1 24 265
73 98 2 1 12 265
74 0 4 3 11 490
74 1 4 2 2 490
74 4 4 3 25 490
74 5 4 2 9 490
74 8 4 1 1 490
74 9 4 2 16 490
74 10 4 3 7 490
74 13 4 1 14 490
74 17 4 3 11 490
74 18 4 2 8 490
74 19 4 1 1 490
74 24 4 3 12 490
74 25 4 2 3 490
74 26 4 4 7 490
74 32 4 4 12 490
74 34 4 4 17 490
74 37 4 1 8 490
74 39 4 1 21 490
74 42 4 3 18 490
74 45 4 3 18 490
74 47 4 3 15 490
74 49 4 1 12 490
74 52 4 4 14 490
74 53 4 4 11 490
74 54 4 1 20 490
74 55 4 1 2 490
74 56 4 2 25 490
74 59 4 3 3 490
74 62 4 3 4 490
74 63 4 3 12 490
74 65 4 4 4 490
74 66 4 2 18 490
74 67 4 2 6 490
74 68 4 2 16 490
74 70 4 1 6 490
74 72 4 2 15 490
74 76 4 1 14 490
74 77 4 2 11 490
74 83 4 2 14 490
74 84 4 1 18 490
74 85 4 4 15 490
74 86 4 4 8 490
74 87 4 1 21 490
74 89 4 1 5 490
74 90 4 4 7 490
74 91 4 2 11 490
74 92 4 1 13 490
74 93 4 2 13 490
74 94 4 3 6 490
74 95 4 1 20 490
74 96 4 1 7 490
74 97 4 1 2 490
74 99 4 3 13 490
75 6 1 3 14 759
75 7 1 1 10 759
75 14 1 3 5 759
75 15 1 1 20 759
75 16 1 3 25 759
75 17 1 3 23 759
75 18 1 2 13 759
75 19 1 1 21 759
75 24 1 3 16 759
75 25 1 2 15 759
75 31 1 1 1 759
75 32 1 4 14 759
75 33 1 1 18 759
75 38 1 3 18 759
75 40 1 1 14 759
75 41 1 2 7 759
75 42 1 3 8 759
75 43 1 1 6 759
75 44 1 4 3 759
75 45 1 3 25 759
75 46 1 1 22 759
75 47 1 3 3 759
75 48 1 1 25 759
75 50 1 2 2 759
75 54 1 1 23 759
75 55 1 1 6 759
75 57 1 3 24 759
75 63 1 3 9 759
75 64 1 2 14 759
75 65 1 4 22 759
75 66 1 2 5 759
75 68 1 2 5 759
75 69 1 4 5 759
75 72 1 2 6 759
75 73 1 2 15 759
75 76 1 1 8 759
75 77 1 2 6 759
75 80 1 1 5 759
75 81 1 3 3 759
75 82 1 1 6 759
75 83 1 2 16 759
75 85 1 4 18 759
75 88 1 2 22 759
75 89 1 1 18 759
75 90 1 4 9 759
75 92 1 1 14 759
75 94 1 3 21 759
75 95 1 1 4 759
75 96 1 1 3 759
75 99 1 3 18 759
76 2 1 3 14 650
76 7 1 1 19 650
76 8 1 1 22 650
76 10 1 3 3 650
76 12 1 2 6 650
76 15 1 1 22 650
76 18 1 2 25 650
76 19 1 1 13 650
76 21 1 3 12 650
76 22 1 1 7 650
76 25 1 2 18 650
76 27 1 1 23 650
76 28 1 3 17 650
76 29 1 1 25 650
76 32 1 4 16 650
76 34 1 4 8 650
76 40 1 1 13 650
76 41 1 2 9 650
76 45 1 3 15 650
76 47 1 3 14 650
76 48 1 1 21 650
76 49 1 1 25 650
76 50 1 2 9 650
76 51 1 2 11 650
76 54 1 1 13 650
76 55 1 1 21 650
76 56 1 2 1 650
76 60 1 1 2 650
76 61 1 1 11 650
76 62 1 3 1 650
76 63 1 3 3 650
76 65 1 4 18 650
76 66 1 2 17 650
76 69 1 4 18 650
76 70 1 1 15 650
76 71 1 2 24 650
76 72 1 2 10 650
76 73 1 2 6 650
76 74 1 4 14 650
76 75 1 1 8 650
76 77 1 2 10 650
76 80 1 1 11 650
76 83 1 2 15 650
76 84 1 1 5 650
76 86 1 4 11 650
76 87 1 1 16 650
76 88 1 2 4 650
76 90 1 4 3 650
76 91 1 2 24 650
76 92 1 1 17 650
76 94 1 3 2 650
76 95 1 1 2 650
76 97 1 1 9 650
77 0 2 3 1 300
77 1 2 2 5 300
77 2 2 3 18 300
77 3 2 3 1 300
77 4 2 3 22 300
77 5 2 2 18 300
77 6 2 3 21 300
77 7 2 1 20 300
77 8 2 1 18 300
77 9 2 2 10 300
77 12 2 2 1 300
77 13 2 1 7 300
77 16 2 3 25 300
77 18 2 2 4 300
77 21 2 3 7 300
77 23 2 1 19 300
77 30 2 2 21 300
77 33 2 1 6 300
77 34 2 4 2 300
77 36 2 1 12 300
77 37 2 1 24 300
77 40 2 1 15 300
77 43 2 1 18 300
77 45 2 3 3 300
77 47 2 3 23 300
77 50 2 2 22 300
77 55 2 1 3 300
77 56 2 2 10 300
77 57 2 3 4 300
77 59 2 3 11 300
77 60 2 1 8 300
77 65 2 4 3 300
77 67 2 2 4 300
77 72 2 2 1 300
77 73 2 2 21 300
77 74 2 4 11 300
77 75 2 1 6 300
77 76 2 1 10 300
77 80 2 1 2 300
77 81 2 3 22 300
77 82 2 1 10 300
77 85 2 4 17 300
77 87 2 1 25 300
77 88 2 2 2 300
77 89 2 1 25 300
77 90 2 4 25 300
77 91 2 2 3 300
77 93 2 2 21 300
77 94 2 3 19 300
77 95 2 1 15 300
77 96 2 1 16 300
77 97 2 1 13 300
77 98 2 1 16 300
77 99 2 3 20 300
78 0 4 3 13 336
78 8 4 1 18 336
78 10 4 3 12 336
78 11 4 1 23 336
78 13 4 1 17 336
78 14 4 3 5 336
78 18 4 2 3 336
78 19 4 1 20 336
78 21 4 3 23 336
78 24 4 3 3 336
78 25 4 2 7 336
78 27 4 1 18 336
78 34 4 4 21 336
78 37 4 1 18 336
78 39 4 1 7 336
78 40 4 1 14 336
78 41 4 2 2 336
78 43 4 1 1 336
78 44 4 4 6 336
78 49 4 1 5 336
78 50 4 2 16 336
78 52 4 4 10 336
78 53 4 4 25 336
78 55 4 1 6 336
78 58 4 1 13 336
78 59 4 3 7 336
78 63 4 3 24 336
78 65 4 4 21 336
78 66 4 2 4 336
78 67 4 2 4 336
78 68 4 2 6 336
78 69 4 4 10 336
78 70 4 1 4 336
78 73 4 2 25 336
78 80 4 1 13 336
78 81 4 3 7 336
78 83 4 2 2 336
78 84 4 1 7 336
78 86 4 4 22 336
78 91 4 2 2 336
78 94 4 3 22 336
78 97 4 1 20 336
78 98 4 1 6 336
78 99 4 3 9 336
79 0 4 3 3 819
79 2 4 3 7 819
79 3 4 3 6 819
79 5 4 2 24 819
79 7 4 1 12 819
79 8 4 1 8 819
79 10 4 3 1 819
79 12 4 2 18 819
79 15 4 1 18 819
79 17 4 3 14 819
79 18 4 2 8 819
79 19 4 1 4 819
79 20 4 2 15 819
79 21 4 3 21 819
79 22 4 1 4 819
79 25 4 2 14 819
79 27 4 1 8 819
79 29 4 1 21 819
79 32 4 4 19 819
79 33 4 1 6 819
79 36 4 1 3 819
79 42 4 3 11 819
79 44 4 4 4 819
79 46 4 1 2 819
79 53 4 4 4 819
79 54 4 1 20 819
79 56 4 2 7 819
79 59 4 3 8 819
79 61 4 1 21 819
79 65 4 4 12 819
79 66 4 2 24 819
79 68 4 2 25 819
79 69 4 4 2 819
79 70 4 1 3 819
79 73 4 2 25 819
79 80 4 1 4 819
79 81 4 3 16 819
79 84 4 1 18 819
79 85 4 4 19 819
79 86 4 4 19 819
79 88 4 2 6 819
79 93 4 2 2 819
79 96 4 1 3 819
79 99 4 3 8 819
80 0 1 3 4 751
80 1 1 2 12 751
80 3 1 3 20 751
80 4 1 3 13 751
80 5 1 2 8 751
80 6 1 3 13 751
80 7 1 1 25 751
80 12 1 2 14 751
80 18 1 2 24 751
80 20 1 2 3 751
80 22 1 1 14 751
80 24 1 3 8 751
80 25 1 2 15 751
80 26 1 4 24 751
80 27 1 1 22 751
80 28 1 3 5 751
80 30 1 2 5 751
80 32 1 4 23 751
80 39 1 1 17 751
80 41 1 2 5 751
80 42 1 3 17 751
80 47 1 3 18 751
80 48 1 1 12 751
80 49 1 1 3 751
80 50 1 2 17 751
80 51 1 2 22 751
80 53 1 4 9 751
80 55 1 1 18 751
80 62 1 3 4 751
80 63 1 3 14 751
80 64 1 2 3 751
80 68 1 2 17 751
80 69 1 4 3 751
80 70 1 1 11 751
80 71 1 2 5 751
80 72 1 2 15 751
80 73 1 2 8 751
80 75 1 1 5 751
80 76 1 1 11 751
80 77 1 2 2 751
80 78 1 4 13 751
80 79 1 4 4 751
80 81 1 3 24 751
80 82 1 1 10 751
80 85 1 4 24 751
80 86 1 4 14 751
80 90 1 4 5 751
80 91 1 2 13 751
80 96 1 1 23 751
80 99 1 3 13 751
81 0 3 3 4 522
81 1 3 2 14 522
81 8 3 1 20 522
81 11 3 1 21 522
81 14 3 3 13 522
81 16 3 3 8 522
81 17 3 3 7 522
81 19 3 1 13 522
81 22 3 1 3 522
81 23 3 1 18 522
81 24 3 3 21 522
81 25 3 2 22 522
81 28 3 3 19 522
81 29 3 1 10 522
81 30 3 2 11 522
81 32 3 4 19 522
81 35 3 4 4 522
81 38 3 3 24 522
81 42 3 3 9 522
81 46 3 1 13 522
81 49 3 1 21 522
81 51 3 2 24 522
81 52 3 4 18 522
81 55 3 1 4 522
81 57 3 3 3 522
81 61 3 1 16 522
81 63 3 3 7 522
81 67 3 2 9 522
81 72 3 2 13 522
81 75 3 1 3 522
81 77 3 2 22 522
81 78 3 4 7 522
81 79 3 4 16 522
81 80 3 1 24 522
81 83 3 2 20 522
81 84 3 1 12 522
81 85 3 4 6 522
81 87 3 1 22 522
81 88 3 2 22 522
81 89 3 1 20 522
81 92 3 1 16 522
81 93 3 2 15 522
81 94 3 3 13 522
81 96 3 1 19 522
81 97 3 1 16 522
82 0 1 3 12 146
82 1 1 2 21 146
82 6 1 3 19 146
82 11 1 1 16 146
82 13 1 1 7 146
82 14 1 3 11 146
82 17 1 3 18 146
82 19 1 1 2 146
82 22 1 1 14 146
82 23 1 1 12 146
82 24 1 3 18 146
82 25 1 2 15 146
82 26 1 4 3 146
82 29 1 1 21 146
82 30 1 2 6 146
82 31 1 1 9 146
82 34 1 4 16 146
82 36 1 1 15 146
82 39 1 1 14 146
82 40 1 1 1 146
82 44 1 4 13 146
82 45 1 3 12 146
82 48 1 1 4 146
82 49 1 1 5 146
82 52 1 4 23 146
82 54 1 1 10 146
82 58 1 1 19 146
82 60 1 1 10 146
82 67 1 2 3 146
82 68 1 2 19 146
82 69 1 4 2 146
82 71 1 2 12 146
82 72 1 2 12 146
82 73 1 2 18 146
82 75 1 1 6 146
82 77 1 2 10 146
82 80 1 1 10 146
82 84 1 1 20 146
82 87 1 1 8 146
82 90 1 4 3 146
82 91 1 2 20 146
82 93 1 2 11 146
82 95 1 1 15 146
82 96 1 1 5 146
82 99 1 3 18 146
83 0 2 3 20 670
83 1 2 2 1 670
83 6 2 3 20 670
83 8 2 1 23 670
83 10 2 3 20 670
83 13 2 1 9 670
83 14 2 3 13 670
83 16 2 3 12 670
83 17 2 3 1 670
83 18 2 2 23 670
83 22 2 1 21 670
83 23 2 1 21 670
83 25 2 2 25 670
83 32 2 4 17 670
83 34 2 4 7 670
83 36 2 1 17 670
83 38 2 3 9 670
83 40 2 1 23 670
83 42 2 3 20 670
83 43 2 1 19 670
83 44 2 4 7 670
83 45 2 3 8 670
83 46 2 1 9 670
83 47 2 3 3 670
83 48 2 1 3 670
83 49 2 1 17 670
83 53 2 4 10 670
83 55 2 1 21 670
83 56 2 2 25 670
83 58 2 1 16 670
83 59 2 3 9 670
83 61 2 1 10 670
83 66 2 2 8 670
83 68 2 2 22 670
83 70 2 1 16 670
83 72 2 2 20 670
83 74 2 4 14 670
83 75 2 1 16 670
83 76 2 1 15 670
83 78 2 4 2 670
83 81 2 3 20 670
83 88 2 2 22 670
83 89 2 1 12 670
83 91 2 2 1 670
83 95 2 1 14 670
83 98 2 1 11 670
83 99 2 3 2 670
84 5 1 2 24 695
84 7 1 1 25 695
84 10 1 3 11 695
84 14 1 3 18 695
84 16 1 3 3 695
84 19 1 1 25 695
84 20 1 2 10 695
84 21 1 3 2 695
84 22 1 1 8 695
84 26 1 4 10 695
84 27 1 1 8 695
84 29 1 1 24 695
84 30 1 2 20 695
84 31 1 1 9 695
84 32 1 4 4 695
84 33 1 1 11 695
84 34 1 4 24 695
84 35 1 4 8 695
84 37 1 1 8 695
84 38 1 3 8 695
84 39 1 1 22 695
84 41 1 2 24 695
84 42 1 3 10 695
84 43 1 1 17 695
84 44 1 4 23 695
84 47 1 3 5 695
84 48 1 1 3 695
84 49 1 1 12 695
84 53 1 4 1 695
84 55 1 1 24 695
84 57 1 3 20 695
84 58 1 1 24 695
84 62 1 3 14 695
84 63 1 3 19 695
84 64 1 2 12 695
84 65 1 4 8 695
84 66 1 2 1 695
84 67 1 2 25 695
84 72 1 2 15 695
84 73 1 2 7 695
84 74 1 4 18 695
84 76 1 1 5 695
84 78 1 4 7 695
84 79 1 4 18 695
84 81 1 3 12 695
84 82 1 1 20 695
84 85 1 4 25 695
84 88 1 2 12 695
84 89 1 1 3 695
84 90 1 4 25 695
84 96 1 1 24 695
84 98 1 1 23 695
84 99 1 3 4 695
85 0 4 3 12 714
85 1 4 2 15 714
85 2 4 3 6 714
85 5 4 2 21 714
85 8 4 1 19 714
85 9 4 2 4 714
85 12 4 2 21 714
85 13 4 1 4 714
85 16 4 3 16 714
85 21 4 3 12 714
85 24 4 3 18 714
85 28 4 3 9 714
85 29 4 1 10 714
85 31 4 1 8 714
85 32 4 4 14 714
85 35 4 4 19 714
85 36 4 1 19 714
85 37 4 1 5 714
85 39 4 1 23 714
85 40 4 1 9 714
85 42 4 3 4 714
85 43 4 1 24 714
85 45 4 3 8 714
85 48 4 1 17 714
85 50 4 2 20 714
85 52 4 4 17 714
85 53 4 4 20 714
85 54 4 1 3 714
85 56 4 2 12 714
85 58 4 1 17 714
85 59 4 3 12 714
85 60 4 1 15 714
85 61 4 1 2 714
85 62 4 3 18 714
85 63 4 3 1 714
85 68 4 2 14 714
85 69 4 4 3 714
85 72 4 2 24 714
85 73 4 2 13 714
85 74 4 4 15 714
85 75 4 1 18 714
85 77 4 2 17 714
85 79 4 4 19 714
85 80 4 1 24 714
85 81 4 3 6 714
85 84 4 1 25 714
85 93 4 2 3 714
85 94 4 3 7 714
85 95 4 1 19 714
85 97 4 1 5 714
86 0 4 3 1 725
86 1 4 2 20 725
86 2 4 3 6 725
86 6 4 3 25 725
86 7 4 1 1 725
86 9 4 2 7 725
86 10 4 3 18 725
86 11 4 1 10 725
86 13 4 1 12 725
86 22 4 1 23 725
86 23 4 1 15 725
86 24 4 3 1 725
86 25 4 2 2 725
86 26 4 4 17 725
86 29 4 1 9 725
86 30 4 2 6 725
86 31 4 1 19 725
86 32 4 4 5 725
86 33 4 1 4 725
86 34 4 4 3 725
86 35 4 4 17 725
86 37 4 1 22 725
86 38 4 3 11 725
86 39 4 1 21 725
86 40 4 1 10 725
86 42 4 3 12 725
86 43 4 1 13 725
86 44 4 4 22 725
86 54 4 1 18 725
86 56 4 2 21 725
86 57 4 3 13 725
86 58 4 1 16 725
86 60 4 1 13 725
86 61 4 1 2 725
86 63 4 3 3 725
86 65 4 4 25 725
86 67 4 2 6 725
86 70 4 1 18 725
86 72 4 2 10 725
86 73 4 2 11 725
86 74 4 4 8 725
86 76 4 1 11 725
86 78 4 4 22 725
86 79 4 4 19 725
86 80 4 1 14 725
86 89 4 1 3 725
86 90 4 4 21 725
86 92 4 1 11 725
86 97 4 1 1 725
86 98 4 1 18 725
87 0 1 3 9 552
87 1 1 2 1 552
87 4 1 3 1 552
87 10 1 3 13 552
87 12 1 2 1 552
87 13 1 1 1 552
87 14 1 3 1 552
87 17 1 3 11 552
87 20 1 2 25 552
87 21 1 3 2 552
87 22 1 1 2 552
87 24 1 3 4 552
87 25 1 2 24 552
87 27 1 1 9 552
87 28 1 3 13 552
87 29 1 1 4 552
87 30 1 2 6 552
87 31 1 1 14 552
87 32 1 4 1 552
87 33 1 1 3 552
87 35 1 4 4 552
87 36 1 1 17 552
87 38 1 3 14 552
87 40 1 1 14 552
87 43 1 1 5 552
87 45 1 3 6 552
87 47 1 3 3 552
87 48 1 1 7 552
87 52 1 4 18 552
87 53 1 4 10 552
87 55 1 1 3 552
87 59 1 3 20 552
87 61 1 1 17 552
87 62 1 3 14 552
87 63 1 3 15 552
87 64 1 2 9 552
87 67 1 2 7 552
87 69 1 4 1 552
87 70 1 1 11 552
87 73 1 2 11 552
87 74 1 4 21 552
87 76 1 1 16 552
87 77 1 2 25 552
87 81 1 3 22 552
87 82 1 1 8 552
87 89 1 1 10 552
87 90 1 4 24 552
87 92 1 1 14 552
87 93 1 2 12 552
87 98 1 1 24 552
88 0 2 3 19 613
88 1 2 2 6 613
88 3 2 3 18 613
88 5 2 2 8 613
88 7 2 1 25 613
88 10 2 3 14 613
88 11 2 1 24 613
88 13 2 1 2 613
88 14 2 3 23 613
88 16 2 3 2 613
88 17 2 3 9 613
88 18 2 2 18 613
88 23 2 1 2 613
88 28 2 3 7 613
88 29 2 1 9 613
88 30 2 2 1 613
88 31 2 1 14 613
88 34 2 4 14 613
88 36 2 1 7 613
88 38 2 3 25 613
88 40 2 1 17 613
88 41 2 2 8 613
88 45 2 3 17 613
88 46 2 1 15 613
88 47 2 3 7 613
88 48 2 1 3 613
88 50 2 2 6 613
88 52 2 4 25 613
88 53 2 4 5 613
88 55 2 1 6 613
88 56 2 2 9 613
88 58 2 1 4 613
88 59 2 3 14 613
88 60 2 1 21 613
88 63 2 3 17 613
88 65 2 4 11 613
88 67 2 2 1 613
88 69 2 4 17 613
88 71 2 2 20 613
88 72 2 2 3 613
88 73 2 2 11 613
88 75 2 1 22 613
88 76 2 1 4 613
88 77 2 2 2 613
88 79 2 4 6 613
88 81 2 3 22 613
88 83 2 2 22 613
88 84 2 1 12 613
88 90 2 4 22 613
88 91 2 2 13 613
88 92 2 1 17 613
88 95 2 1 7 613
88 97 2 1 6 613
88 98 2 1 13 613
89 1 1 2 4 242
89 3 1 3 14 242
89 4 1 3 21 242
89 6 1 3 19 242
89 7 1 1 25 242
89 8 1 1 1 242
89 10 1 3 5 242
89 12 1 2 5 242
89 13 1 1 9 242
89 16 1 3 7 242
89 19 1 1 3 242
89 20 1 2 11 242
89 22 1 1 8 242
89 23 1 1 24 242
89 28 1 3 10 242
89 33 1 1 21 242
89 34 1 4 8 242
89 38 1 3 3 242
89 41 1 2 12 242
89 42 1 3 14 242
89 44 1 4 3 242
89 45 1 3 4 242
89 46 1 1 21 242
89 47 1 3 19 242
89 48 1 1 11 242
89 50 1 2 13 242
89 53 1 4 9 242
89 56 1 2 10 242
89 57 1 3 20 242
89 58 1 1 14 242
89 59 1 3 4 242
89 60 1 1 3 242
89 61 1 1 9 242
89 66 1 2 2 242
89 67 1 2 23 242
89 69 1 4 13 242
89 70 1 1 2 242
89 73 1 2 1 242
89 74 1 4 5 242
89 75 1 1 18 242
89 77 1 2 25 242
89 81 1 3 20 242
89 83 1 2 12 242
89 84 1 1 3 242
89 86 1 4 3 242
89 87 1 1 10 242
89 90 1 4 7 242
89 91 1 2 25 242
89 92 1 1 12 242
89 94 1 3 19 242
89 95 1 1 16 242
89 96 1 1 18 242
89 99 1 3 2 242
90 1 4 2 7 897
90 3 4 3 17 897
90 8 4 1 9 897
90 9 4 2 23 897
90 10 4 3 8 897
90 11 4 1 7 897
90 13 4 1 8 897
90 14 4 3 13 897
90 15 4 1 19 897
90 18 4 2 13 897
90 20 4 2 11 897
90 23 4 1 12 897
90 24 4 3 17 897
90 25 4 2 13 897
90 30 4 2 17 897
90 31 4 1 22 897
90 36 4 1 17 897
90 38 4 3 1 897
90 39 4 1 1 897
90 41 4 2 4 897
90 43 4 1 7 897
90 47 4 3 17 897
90 48 4 1 24 897
90 50 4 2 22 897
90 52 4 4 2 897
90 56 4 2 24 897
90 59 4 3 11 897
90 60 4 1 15 897
90 61 4 1 1 897
90 62 4 3 9 897
90 64 4 2 5 897
90 65 4 4 7 897
90 69 4 4 4 897
90 74 4 4 7 897
90 75 4 1 9 897
90 76 4 1 3 897
90 77 4 2 25 897
90 80 4 1 5 897
90 82 4 1 3 897
90 84 4 1 25 897
90 86 4 4 21 897
90 87 4 1 24 897
90 88 4 2 22 897
90 89 4 1 7 897
90 92 4 1 23 897
90 94 4 3 20 897
90 95 4 1 21 897
90 97 4 1 7 897
91 0 2 3 20 535
91 2 2 3 23 535
91 3 2 3 22 535
91 7 2 1 23 535
91 9 2 2 24 535
91 10 2 3 24 535
91 12 2 2 25 535
91 13 2 1 16 535
91 18 2 2 1 535
91 19 2 1 19 535
91 20 2 2 12 535
91 21 2 3 18 535
91 24 2 3 19 535
91 27 2 1 7 535
91 29 2 1 7 535
91 32 2 4 3 535
91 35 2 4 2 535
91 37 2 1 20 535
91 39 2 1 11 535
91 40 2 1 2 535
91 42 2 3 24 535
91 43 2 1 7 535
91 44 2 4 8 535
91 46 2 1 15 535
91 47 2 3 13 535
91 49 2 1 9 535
91 53 2 4 11 535
91 54 2 1 1 535
91 55 2 1 1 535
91 57 2 3 14 535
91 58 2 1 9 535
91 59 2 3 4 535
91 60 2 1 12 535
91 62 2 3 11 535
91 63 2 3 17 535
91 65 2 4 16 535
91 66 2 2 23 535
91 67 2 2 3 535
91 68 2 2 6 535
91 70 2 1 7 535
91 71 2 2 18 535
91 72 2 2 12 535
91 73 2 2 25 535
91 74 2 4 11 535
91 76 2 1 24 535
91 77 2 2 3 535
91 78 2 4 2 535
91 80 2 1 13 535
91 82 2 1 20 535
91 83 2 2 1 535
91 88 2 2 13 535
91 89 2 1 25 535
91 93 2 2 20 535
91 94 2 3 5 535
91 95 2 1 22 535
91 99 2 3 10 535
92 0 1 3 9 565
92 10 1 3 1 565
92 15 1 1 1 565
92 21 1 3 22 565
92 23 1 1 23 565
92 25 1 2 3 565
92 26 1 4 23 565
92 27 1 1 16 565
92 31 1 1 22 565
92 32 1 4 1 565
92 39 1 1 5 565
92 40 1 1 11 565
92 41 1 2 6 565
92 43 1 1 11 565
92 44 1 4 4 565
92 48 1 1 4 565
92 49 1 1 6 565
92 50 1 2 1 565
92 51 1 2 14 565
92 52 1 4 8 565
92 53 1 4 25 565
92 55 1 1 19 565
92 56 1 2 7 565
92 59 1 3 17 565
92 62 1 3 11 565
92 64 1 2 25 565
92 66 1 2 23 565
92 69 1 4 7 565
92 70 1 1 6 565
92 71 1 2 7 565
92 72 1 2 6 565
92 73 1 2 20 565
92 74 1 4 13 565
92 75 1 1 14 565
92 76 1 1 17 565
92 81 1 3 16 565
92 86 1 4 11 565
92 87 1 1 14 565
92 88 1 2 17 565
92 89 1 1 12 565
92 90 1 4 23 565
92 94 1 3 17 565
92 95 1 1 6 565
92 96 1 1 6 565
92 97 1 1 13 565
92 98 1 1 5 565
92 99 1 3 11 565
93 0 2 3 4 258
93 1 2 2 23 258
93 2 2 3 15 258
93 8 2 1 5 258
93 9 2 2 22 258
93 10 2 3 15 258
93 11 2 1 20 258
93 12 2 2 19 258
93 14 2 3 24 258
93 16 2 3 14 258
93 17 2 3 7 258
93 20 2 2 11 258
93 21 2 3 23 258
93 22 2 1 9 258
93 24 2 3 3 258
93 30 2 2 4 258
93 32 2 4 25 258
93 34 2 4 11 258
93 35 2 4 5 258
93 39 2 1 15 258
93 41 2 2 1 258
93 43 2 1 25 258
93 44 2 4 17 258
93 46 2 1 12 258
93 47 2 3 9 258
93 49 2 1 17 258
93 50 2 2 16 258
93 51 2 2 4 258
93 52 2 4 6 258
93 56 2 2 17 258
93 60 2 1 8 258
93 63 2 3 8 258
93 64 2 2 22 258
93 65 2 4 12 258
93 66 2 2 7 258
93 67 2 2 7 258
93 68 2 2 10 258
93 69 2 4 9 258
93 70 2 1 25 258
93 71 2 2 21 258
93 72 2 2 11 258
93 73 2 2 2 258
93 74 2 4 13 258
93 77 2 2 21 258
93 79 2 4 2 258
93 81 2 3 15 258
93 82 2 1 11 258
93 85 2 4 3 258
93 87 2 1 12 258
93 91 2 2 20 258
93 96 2 1 9 258
93 98 2 1 6 258
94 1 3 2 1 989
94 2 3 3 6 989
94 4 3 3 9 989
94 5 3 2 11 989
94 6 3 3 20 989
94 7 3 1 4 989
94 8 3 1 9 989
94 11 3 1 20 989
94 16 3 3 23 989
94 17 3 3 18 989
94 19 3 1 9 989
94 20 3 2 23 989
94 21 3 3 3 989
94 22 3 1 6 989
94 23 3 1 1 989
94 24 3 3 17 989
94 27 3 1 15 989
94 28 3 3 5 989
94 31 3 1 10 989
94 32 3 4 21 989
94 34 3 4 23 989
94 37 3 1 21 989
94 38 3 3 13 989
94 39 3 1 1 989
94 41 3 2 15 989
94 43 3 1 19 989
94 49 3 1 2 989
94 50 3 2 24 989
94 53 3 4 5 989
94 55 3 1 1 989
94 56 3 2 9 989
94 57 3 3 17 989
94 59 3 3 16 989
94 60 3 1 18 989
94 63 3 3 16 989
94 67 3 2 15 989
94 68 3 2 13 989
94 71 3 2 15 989
94 72 3 2 13 989
94 74 3 4 6 989
94 75 3 1 21 989
94 76 3 1 2 989
94 77 3 2 19 989
94 78 3 4 22 989
94 81 3 3 13 989
94 85 3 4 7 989
94 89 3 1 19 989
94 90 3 4 20 989
94 91 3 2 5 989
94 92 3 1 17 989
94 98 3 1 9 989
95 2 1 3 11 251
95 4 1 3 14 251
95 5 1 2 15 251
95 12 1 2 2 251
95 13 1 1 8 251
95 15 1 1 2 251
95 16 1 3 15 251
95 17 1 3 4 251
95 18 1 2 7 251
95 20 1 2 11 251
95 23 1 1 25 251
95 26 1 4 5 251
95 30 1 2 13 251
95 35 1 4 12 251
95 40 1 1 10 251
95 41 1 2 9 251
95 42 1 3 25 251
95 44 1 4 15 251
95 45 1 3 15 251
95 47 1 3 19 251
95 48 1 1 7 251
95 49 1 1 14 251
95 51 1 2 25 251
95 55 1 1 3 251
95 61 1 1 14 251
95 63 1 3 12 251
95 66 1 2 17 251
95 68 1 2 7 251
95 70 1 1 17 251
95 71 1 2 23 251
95 72 1 2 15 251
95 73 1 2 22 251
95 74 1 4 20 251
95 75 1 1 4 251
95 76 1 1 2 251
95 77 1 2 15 251
95 82 1 1 15 251
95 83 1 2 14 251
95 85 1 4 19 251
95 88 1 2 7 251
95 89 1 1 16 251
95 90 1 4 21 251
95 91 1 2 22 251
95 92 1 1 6 251
95 96 1 1 6 251
96 0 1 3 20 80
96 1 1 2 8 80
96 2 1 3 23 80
96 4 1 3 12 80
96 8 1 1 21 80
96 9 1 2 9 80
96 10 1 3 17 80
96 12 1 2 13 80
96 13 1 1 21 80
96 15 1 1 19 80
96 16 1 3 2 80
96 18 1 2 12 80
96 23 1 1 11 80
96 25 1 2 9 80
96 28 1 3 17 80
96 29 1 1 2 80
96 30 1 2 25 80
96 32 1 4 22 80
96 36 1 1 10 80
96 38 1 3 12 80
96 40 1 1 4 80
96 41 1 2 23 80
96 43 1 1 4 80
96 44 1 4 13 80
96 45 1 3 5 80
96 47 1 3 8 80
96 48 1 1 22 80
96 49 1 1 13 80
96 51 1 2 1 80
96 53 1 4 6 80
96 54 1 1 9 80
96 56 1 2 1 80
96 58 1 1 23 80
96 60 1 1 5 80
96 64 1 2 5 80
96 65 1 4 21 80
96 67 1 2 14 80
96 69 1 4 13 80
96 70 1 1 15 80
96 71 1 2 20 80
96 74 1 4 7 80
96 75 1 1 3 80
96 77 1 2 16 80
96 79 1 4 3 80
96 80 1 1 23 80
96 81 1 3 19 80
96 82 1 1 5 80
96 84 1 1 24 80
96 89 1 1 18 80
96 92 1 1 6 80
96 93 1 2 9 80
96 95 1 1 6 80
96 98 1 1 20 80
96 99 1 3 2 80
97 4 1 3 24 646
97 5 1 2 5 646
97 9 1 2 16 646
97 10 1 3 14 646
97 11 1 1 20 646
97 12 1 2 22 646
97 13 1 1 12 646
97 18 1 2 13 646
97 19 1 1 17 646
97 20 1 2 13 646
97 22 1 1 7 646
97 24 1 3 17 646
97 28 1 3 9 646
97 29 1 1 24 646
97 32 1 4 16 646
97 33 1 1 11 646
97 37 1 1 18 646
97 40 1 1 2 646
97 41 1 2 3 646
97 44 1 4 4 646
97 45 1 3 9 646
97 48 1 1 23 646
97 49 1 1 2 646
97 50 1 2 21 646
97 52 1 4 2 646
97 55 1 1 11 646
97 57 1 3 12 646
97 61 1 1 1 646
97 64 1 2 13 646
97 66 1 2 9 646
97 69 1 4 6 646
97 70 1 1 13 646
97 72 1 2 5 646
97 73 1 2 24 646
97 74 1 4 2 646
97 76 1 1 9 646
97 77 1 2 13 646
97 78 1 4 20 646
97 81 1 3 16 646
97 85 1 4 5 646
97 86 1 4 1 646
97 88 1 2 6 646
97 90 1 4 7 646
97 92 1 1 13 646
97 98 1 1 10 646
98 0 1 3 13 634
98 1 1 2 13 634
98 4 1 3 22 634
98 6 1 3 11 634
98 9 1 2 4 634
98 10 1 3 17 634
98 11 1 1 2 634
98 12 1 2 16 634
98 14 1 3 15 634
98 15 1 1 4 634
98 16 1 3 2 634
98 18 1 2 15 634
98 22 1 1 6 634
98 25 1 2 21 634
98 28 1 3 19 634
98 30 1 2 14 634
98 31 1 1 17 634
98 33 1 1 4 634
98 35 1 4 18 634
98 36 1 1 5 634
98 39 1 1 10 634
98 40 1 1 19 634
98 41 1 2 11 634
98 43 1 1 18 634
98 45 1 3 25 634
98 46 1 1 18 634
98 47 1 3 16 634
98 49 1 1 9 634
98 50 1 2 10 634
98 53 1 4 23 634
98 56 1 2 4 634
98 57 1 3 4 634
98 58 1 1 18 634
98 61 1 1 9 634
98 63 1 3 15 634
98 66 1 2 2 634
98 67 1 2 12 634
98 68 1 2 8 634
98 69 1 4 3 634
98 70 1 1 22 634
98 71 1 2 23 634
98 73 1 2 12 634
98 77 1 2 16 634
98 78 1 4 6 634
98 83 1 2 11 634
98 84 1 1 23 634
98 86 1 4 18 634
98 87 1 1 24 634
98 88 1 2 13 634
98 92 1 1 5 634
98 93 1 2 6 634
98 94 1 3 9 634
98 96 1 1 20 634
98 97 1 1 10 634
98 99 1 3 16 634
99 0 3 3 20 766
99 1 3 2 24 766
99 2 3 3 6 766
99 3 3 3 2 766
99 4 3 3 4 766
99 7 3 1 14 766
99 12 3 2 2 766
99 13 3 1 15 766
99 15 3 1 21 766
99 18 3 2 17 766
99 19 3 1 2 766
99 21 3 3 16 766
99 22 3 1 8 766
99 24 3 3 10 766
99 25 3 2 24 766
99 26 3 4 17 766
99 27 3 1 25 766
99 28 3 3 1 766
99 29 3 1 8 766
99 30 3 2 5 766
99 33 3 1 9 766
99 34 3 4 12 766
99 36 3 1 15 766
99 37 3 1 25 766
99 38 3 3 5 766
99 42 3 3 20 766
99 47 3 3 1 766
99 48 3 1 21 766
99 51 3 2 9 766
99 53 3 4 18 766
99 55 3 1 8 766
99 56 3 2 8 766
99 58 3 1 3 766
99 61 3 1 16 766
99 62 3 3 22 766
99 64 3 2 8 766
99 65 3 4 3 766
99 66 3 2 11 766
99 67 3 2 22 766
99 68 3 2 15 766
99 74 3 4 13 766
99 75 3 1 18 766
99 77 3 2 20 766
99 78 3 4 9 766
99 79 3 4 8 766
99 80 3 1 13 766
99 82 3 1 18 766
99 83 3 2 2 766
99 84 3 1 4 766
99 89 3 1 2 766
99 91 3 2 10 766
99 92 3 1 11 766
99 96 3 1 2 766
99 98 3 1 16 766
