capacity  cost_by_node
nb_functions 10
10 17 84 39 65 84 48 55 20 48 43 53 43 55 16 40 22 15 84 79 10 85 16 35 73 69 16 89 48 93 45 71 70 82 19 20 68 58 18 44 66 57 37 14 44 52 98 28 93 85 37 
10 31 23 64 33 26 90 30 77 92 62 12 50 44 95 35 16 81 74 59 19 24 89 24 85 80 14 52 81 46 90 96 78 51 22 11 77 80 34 26 16 53 57 47 38 77 19 80 99 15 65 
19 25 99 88 99 59 86 99 41 49 69 62 70 22 69 85 47 70 87 65 17 15 78 41 34 79 42 48 30 50 17 43 42 85 94 55 38 66 40 39 92 48 55 97 75 26 22 74 41 96 18 
15 62 16 57 39 55 72 63 51 81 93 60 89 22 88 39 33 69 18 72 98 84 42 10 62 57 65 40 76 18 37 71 52 44 69 33 62 68 99 17 52 70 67 78 60 55 56 96 89 60 85 
9 64 11 44 91 39 27 83 83 81 53 66 13 10 17 12 51 11 100 95 55 75 39 77 46 19 14 98 41 57 96 16 90 100 58 91 87 24 61 30 13 98 61 61 96 81 82 98 61 86 65 
12 91 85 65 58 12 38 35 17 47 80 12 99 53 46 91 36 39 61 91 19 96 67 51 100 54 47 69 79 66 48 62 56 18 43 30 14 23 54 94 46 16 79 77 69 35 13 82 32 72 18 
17 13 33 79 32 57 75 20 69 26 95 15 54 57 43 13 64 15 32 46 63 97 97 56 14 63 28 97 18 85 50 71 92 85 20 11 90 96 65 46 43 62 44 58 34 86 33 69 38 18 64 
17 80 45 10 72 79 61 74 38 95 98 69 73 54 82 32 59 41 19 54 91 46 48 46 64 30 67 33 88 97 83 99 45 47 98 77 32 49 100 53 57 89 48 38 81 97 71 95 65 83 34 
12 90 35 65 12 66 56 61 67 17 74 89 55 74 75 57 91 51 17 26 97 29 31 78 26 47 63 38 75 90 46 54 16 34 27 74 78 87 75 40 91 81 40 11 70 54 93 21 82 86 82 
16 81 19 33 66 88 46 13 69 99 25 18 10 43 24 35 55 22 95 59 26 17 15 37 96 33 42 10 22 96 51 72 85 93 40 13 27 13 13 15 55 64 98 41 20 80 42 11 45 63 28 
