Node_1 Node_2 Capacity_node1 Capacity_node2 Latency_arc node_cost
nb_nodes 50
nb_arcs 2192
0 1 5 1 22 230
0 2 5 2 24 230
0 3 5 6 19 230
0 4 5 1 15 230
0 5 5 3 13 230
0 6 5 5 7 230
0 7 5 5 12 230
0 8 5 3 8 230
0 9 5 1 8 230
0 10 5 5 17 230
0 11 5 6 4 230
0 12 5 4 9 230
0 13 5 5 24 230
0 14 5 4 17 230
0 15 5 2 19 230
0 16 5 5 17 230
0 17 5 5 1 230
0 18 5 4 7 230
0 19 5 1 9 230
0 20 5 6 15 230
0 21 5 6 25 230
0 22 5 2 13 230
0 23 5 4 1 230
0 24 5 5 25 230
0 25 5 2 20 230
0 26 5 5 17 230
0 27 5 5 19 230
0 28 5 5 8 230
0 29 5 2 4 230
0 30 5 3 21 230
0 32 5 2 12 230
0 33 5 2 15 230
0 34 5 4 10 230
0 36 5 6 16 230
0 37 5 6 14 230
0 38 5 6 24 230
0 39 5 4 9 230
0 40 5 2 12 230
0 41 5 6 20 230
0 42 5 6 18 230
0 43 5 2 3 230
0 44 5 4 17 230
0 45 5 4 4 230
0 47 5 5 15 230
0 49 5 5 1 230
1 0 1 5 22 290
1 2 1 2 25 290
1 3 1 6 23 290
1 4 1 1 3 290
1 5 1 3 18 290
1 6 1 5 15 290
1 7 1 5 7 290
1 8 1 3 3 290
1 10 1 5 25 290
1 11 1 6 25 290
1 12 1 4 4 290
1 13 1 5 16 290
1 14 1 4 6 290
1 15 1 2 6 290
1 17 1 5 7 290
1 18 1 4 25 290
1 19 1 1 4 290
1 20 1 6 12 290
1 21 1 6 17 290
1 22 1 2 19 290
1 23 1 4 15 290
1 24 1 5 9 290
1 25 1 2 21 290
1 26 1 5 10 290
1 27 1 5 1 290
1 28 1 5 18 290
1 29 1 2 15 290
1 30 1 3 1 290
1 31 1 3 21 290
1 32 1 2 9 290
1 33 1 2 3 290
1 34 1 4 8 290
1 35 1 3 12 290
1 36 1 6 12 290
1 37 1 6 23 290
1 38 1 6 14 290
1 39 1 4 17 290
1 40 1 2 2 290
1 41 1 6 15 290
1 42 1 6 23 290
1 43 1 2 23 290
1 44 1 4 8 290
1 48 1 6 17 290
1 49 1 5 10 290
2 0 2 5 24 547
2 1 2 1 25 547
2 3 2 6 15 547
2 4 2 1 23 547
2 5 2 3 20 547
2 6 2 5 9 547
2 7 2 5 8 547
2 8 2 3 13 547
2 9 2 1 16 547
2 10 2 5 6 547
2 11 2 6 16 547
2 12 2 4 23 547
2 13 2 5 22 547
2 14 2 4 13 547
2 15 2 2 21 547
2 16 2 5 17 547
2 17 2 5 3 547
2 18 2 4 13 547
2 19 2 1 12 547
2 20 2 6 3 547
2 21 2 6 8 547
2 22 2 2 22 547
2 24 2 5 11 547
2 25 2 2 6 547
2 26 2 5 12 547
2 27 2 5 2 547
2 28 2 5 22 547
2 29 2 2 20 547
2 31 2 3 3 547
2 32 2 2 14 547
2 33 2 2 11 547
2 34 2 4 23 547
2 35 2 3 5 547
2 36 2 6 21 547
2 37 2 6 15 547
2 38 2 6 9 547
2 39 2 4 17 547
2 40 2 2 11 547
2 41 2 6 25 547
2 42 2 6 14 547
2 43 2 2 10 547
2 44 2 4 23 547
2 45 2 4 10 547
2 47 2 5 1 547
2 48 2 6 20 547
2 49 2 5 17 547
3 0 6 5 19 263
3 1 6 1 23 263
3 2 6 2 15 263
3 4 6 1 1 263
3 5 6 3 12 263
3 6 6 5 11 263
3 7 6 5 10 263
3 8 6 3 19 263
3 9 6 1 2 263
3 10 6 5 3 263
3 11 6 6 9 263
3 12 6 4 16 263
3 13 6 5 1 263
3 14 6 4 17 263
3 15 6 2 17 263
3 16 6 5 15 263
3 17 6 5 25 263
3 18 6 4 15 263
3 19 6 1 24 263
3 20 6 6 13 263
3 22 6 2 2 263
3 23 6 4 18 263
3 24 6 5 10 263
3 26 6 5 9 263
3 27 6 5 1 263
3 29 6 2 19 263
3 30 6 3 3 263
3 31 6 3 23 263
3 32 6 2 16 263
3 33 6 2 25 263
3 34 6 4 10 263
3 35 6 3 15 263
3 36 6 6 5 263
3 37 6 6 10 263
3 38 6 6 16 263
3 39 6 4 15 263
3 40 6 2 18 263
3 41 6 6 21 263
3 43 6 2 16 263
3 44 6 4 14 263
3 45 6 4 11 263
3 47 6 5 8 263
3 48 6 6 5 263
3 49 6 5 9 263
4 0 1 5 15 549
4 1 1 1 3 549
4 2 1 2 23 549
4 3 1 6 1 549
4 5 1 3 7 549
4 6 1 5 13 549
4 7 1 5 19 549
4 8 1 3 8 549
4 9 1 1 11 549
4 10 1 5 4 549
4 11 1 6 21 549
4 14 1 4 25 549
4 15 1 2 14 549
4 16 1 5 2 549
4 17 1 5 9 549
4 19 1 1 1 549
4 20 1 6 15 549
4 21 1 6 4 549
4 22 1 2 17 549
4 23 1 4 21 549
4 24 1 5 25 549
4 25 1 2 5 549
4 26 1 5 12 549
4 27 1 5 14 549
4 28 1 5 24 549
4 29 1 2 11 549
4 31 1 3 10 549
4 32 1 2 18 549
4 33 1 2 24 549
4 34 1 4 1 549
4 36 1 6 8 549
4 37 1 6 9 549
4 38 1 6 5 549
4 39 1 4 7 549
4 40 1 2 3 549
4 41 1 6 17 549
4 42 1 6 24 549
4 43 1 2 15 549
4 44 1 4 22 549
4 45 1 4 14 549
4 46 1 6 12 549
4 47 1 5 9 549
4 49 1 5 18 549
5 0 3 5 13 752
5 1 3 1 18 752
5 2 3 2 20 752
5 3 3 6 12 752
5 4 3 1 7 752
5 7 3 5 7 752
5 8 3 3 19 752
5 9 3 1 9 752
5 10 3 5 17 752
5 11 3 6 22 752
5 13 3 5 15 752
5 14 3 4 3 752
5 16 3 5 9 752
5 17 3 5 8 752
5 18 3 4 1 752
5 19 3 1 16 752
5 20 3 6 22 752
5 21 3 6 5 752
5 22 3 2 21 752
5 23 3 4 25 752
5 24 3 5 21 752
5 25 3 2 3 752
5 26 3 5 5 752
5 27 3 5 20 752
5 28 3 5 1 752
5 29 3 2 7 752
5 30 3 3 3 752
5 31 3 3 19 752
5 33 3 2 7 752
5 34 3 4 10 752
5 35 3 3 21 752
5 36 3 6 22 752
5 37 3 6 24 752
5 38 3 6 25 752
5 39 3 4 4 752
5 40 3 2 24 752
5 41 3 6 25 752
5 42 3 6 24 752
5 43 3 2 22 752
5 44 3 4 3 752
5 45 3 4 1 752
5 48 3 6 19 752
5 49 3 5 8 752
6 0 5 5 7 560
6 1 5 1 15 560
6 2 5 2 9 560
6 3 5 6 11 560
6 4 5 1 13 560
6 7 5 5 12 560
6 8 5 3 9 560
6 9 5 1 24 560
6 10 5 5 14 560
6 11 5 6 8 560
6 12 5 4 15 560
6 13 5 5 11 560
6 14 5 4 25 560
6 15 5 2 3 560
6 16 5 5 16 560
6 17 5 5 12 560
6 18 5 4 7 560
6 19 5 1 17 560
6 20 5 6 17 560
6 21 5 6 17 560
6 22 5 2 19 560
6 23 5 4 2 560
6 24 5 5 22 560
6 25 5 2 11 560
6 26 5 5 21 560
6 27 5 5 13 560
6 28 5 5 16 560
6 29 5 2 23 560
6 31 5 3 25 560
6 32 5 2 2 560
6 33 5 2 2 560
6 34 5 4 21 560
6 35 5 3 18 560
6 36 5 6 16 560
6 37 5 6 11 560
6 39 5 4 22 560
6 40 5 2 24 560
6 41 5 6 23 560
6 42 5 6 22 560
6 43 5 2 4 560
6 44 5 4 10 560
6 45 5 4 4 560
6 46 5 6 17 560
6 47 5 5 2 560
6 48 5 6 14 560
6 49 5 5 11 560
7 0 5 5 12 785
7 1 5 1 7 785
7 2 5 2 8 785
7 3 5 6 10 785
7 4 5 1 19 785
7 5 5 3 7 785
7 6 5 5 12 785
7 8 5 3 6 785
7 9 5 1 18 785
7 10 5 5 3 785
7 11 5 6 18 785
7 12 5 4 13 785
7 13 5 5 16 785
7 14 5 4 5 785
7 15 5 2 18 785
7 16 5 5 19 785
7 17 5 5 22 785
7 18 5 4 16 785
7 19 5 1 24 785
7 20 5 6 11 785
7 21 5 6 21 785
7 22 5 2 11 785
7 23 5 4 15 785
7 24 5 5 23 785
7 25 5 2 23 785
7 26 5 5 4 785
7 27 5 5 12 785
7 28 5 5 19 785
7 29 5 2 4 785
7 30 5 3 17 785
7 31 5 3 3 785
7 32 5 2 4 785
7 33 5 2 7 785
7 34 5 4 11 785
7 35 5 3 18 785
7 36 5 6 15 785
7 37 5 6 15 785
7 39 5 4 6 785
7 40 5 2 24 785
7 41 5 6 10 785
7 42 5 6 24 785
7 43 5 2 10 785
7 44 5 4 21 785
7 45 5 4 23 785
7 46 5 6 9 785
7 47 5 5 6 785
7 48 5 6 1 785
8 0 3 5 8 920
8 1 3 1 3 920
8 2 3 2 13 920
8 3 3 6 19 920
8 4 3 1 8 920
8 5 3 3 19 920
8 6 3 5 9 920
8 7 3 5 6 920
8 9 3 1 10 920
8 10 3 5 3 920
8 11 3 6 14 920
8 14 3 4 10 920
8 15 3 2 23 920
8 17 3 5 24 920
8 18 3 4 18 920
8 19 3 1 25 920
8 20 3 6 8 920
8 22 3 2 8 920
8 24 3 5 9 920
8 25 3 2 9 920
8 26 3 5 5 920
8 27 3 5 5 920
8 28 3 5 5 920
8 29 3 2 21 920
8 30 3 3 11 920
8 31 3 3 4 920
8 32 3 2 16 920
8 33 3 2 23 920
8 34 3 4 16 920
8 35 3 3 4 920
8 36 3 6 4 920
8 37 3 6 6 920
8 38 3 6 24 920
8 39 3 4 25 920
8 40 3 2 17 920
8 41 3 6 23 920
8 42 3 6 11 920
8 43 3 2 1 920
8 45 3 4 15 920
8 46 3 6 24 920
8 47 3 5 23 920
8 48 3 6 20 920
9 0 1 5 8 831
9 2 1 2 16 831
9 3 1 6 2 831
9 4 1 1 11 831
9 5 1 3 9 831
9 6 1 5 24 831
9 7 1 5 18 831
9 8 1 3 10 831
9 10 1 5 1 831
9 11 1 6 11 831
9 12 1 4 24 831
9 13 1 5 19 831
9 14 1 4 23 831
9 15 1 2 23 831
9 16 1 5 7 831
9 17 1 5 21 831
9 18 1 4 8 831
9 19 1 1 8 831
9 20 1 6 4 831
9 21 1 6 3 831
9 22 1 2 18 831
9 23 1 4 15 831
9 24 1 5 12 831
9 25 1 2 14 831
9 26 1 5 1 831
9 27 1 5 22 831
9 29 1 2 8 831
9 30 1 3 7 831
9 31 1 3 2 831
9 32 1 2 6 831
9 33 1 2 18 831
9 34 1 4 16 831
9 35 1 3 15 831
9 36 1 6 6 831
9 37 1 6 8 831
9 38 1 6 16 831
9 39 1 4 10 831
9 41 1 6 9 831
9 42 1 6 18 831
9 44 1 4 23 831
9 45 1 4 9 831
9 46 1 6 6 831
9 47 1 5 2 831
9 48 1 6 22 831
10 0 5 5 17 530
10 1 5 1 25 530
10 2 5 2 6 530
10 3 5 6 3 530
10 4 5 1 4 530
10 5 5 3 17 530
10 6 5 5 14 530
10 7 5 5 3 530
10 8 5 3 3 530
10 9 5 1 1 530
10 11 5 6 11 530
10 12 5 4 14 530
10 13 5 5 9 530
10 14 5 4 5 530
10 15 5 2 8 530
10 16 5 5 1 530
10 17 5 5 7 530
10 18 5 4 7 530
10 19 5 1 12 530
10 20 5 6 6 530
10 21 5 6 18 530
10 22 5 2 25 530
10 23 5 4 15 530
10 24 5 5 2 530
10 25 5 2 21 530
10 26 5 5 8 530
10 27 5 5 15 530
10 28 5 5 11 530
10 29 5 2 5 530
10 30 5 3 16 530
10 31 5 3 8 530
10 32 5 2 15 530
10 33 5 2 15 530
10 34 5 4 12 530
10 35 5 3 18 530
10 36 5 6 7 530
10 37 5 6 24 530
10 38 5 6 21 530
10 39 5 4 13 530
10 40 5 2 5 530
10 41 5 6 19 530
10 42 5 6 23 530
10 43 5 2 5 530
10 44 5 4 19 530
10 45 5 4 8 530
10 46 5 6 12 530
10 47 5 5 23 530
10 48 5 6 19 530
10 49 5 5 10 530
11 0 6 5 4 94
11 1 6 1 25 94
11 2 6 2 16 94
11 3 6 6 9 94
11 4 6 1 21 94
11 5 6 3 22 94
11 6 6 5 8 94
11 7 6 5 18 94
11 8 6 3 14 94
11 9 6 1 11 94
11 10 6 5 11 94
11 13 6 5 23 94
11 14 6 4 17 94
11 15 6 2 20 94
11 16 6 5 19 94
11 17 6 5 5 94
11 18 6 4 5 94
11 20 6 6 10 94
11 21 6 6 12 94
11 23 6 4 11 94
11 24 6 5 3 94
11 25 6 2 24 94
11 26 6 5 24 94
11 27 6 5 3 94
11 28 6 5 7 94
11 29 6 2 21 94
11 30 6 3 15 94
11 31 6 3 13 94
11 32 6 2 9 94
11 33 6 2 20 94
11 34 6 4 8 94
11 35 6 3 13 94
11 36 6 6 9 94
11 38 6 6 25 94
11 39 6 4 5 94
11 40 6 2 8 94
11 41 6 6 19 94
11 43 6 2 4 94
11 44 6 4 8 94
11 45 6 4 8 94
11 46 6 6 4 94
11 47 6 5 2 94
11 48 6 6 23 94
11 49 6 5 21 94
12 0 4 5 9 167
12 1 4 1 4 167
12 2 4 2 23 167
12 3 4 6 16 167
12 6 4 5 15 167
12 7 4 5 13 167
12 9 4 1 24 167
12 10 4 5 14 167
12 13 4 5 19 167
12 14 4 4 8 167
12 15 4 2 7 167
12 17 4 5 12 167
12 18 4 4 17 167
12 19 4 1 24 167
12 20 4 6 8 167
12 21 4 6 24 167
12 22 4 2 1 167
12 23 4 4 9 167
12 24 4 5 13 167
12 25 4 2 16 167
12 26 4 5 21 167
12 27 4 5 9 167
12 28 4 5 17 167
12 30 4 3 20 167
12 31 4 3 21 167
12 32 4 2 5 167
12 33 4 2 19 167
12 34 4 4 10 167
12 35 4 3 15 167
12 37 4 6 3 167
12 38 4 6 18 167
12 39 4 4 1 167
12 40 4 2 19 167
12 41 4 6 12 167
12 42 4 6 17 167
12 43 4 2 18 167
12 44 4 4 8 167
12 45 4 4 9 167
12 46 4 6 25 167
12 48 4 6 12 167
12 49 4 5 21 167
13 0 5 5 24 202
13 1 5 1 16 202
13 2 5 2 22 202
13 3 5 6 1 202
13 5 5 3 15 202
13 6 5 5 11 202
13 7 5 5 16 202
13 9 5 1 19 202
13 10 5 5 9 202
13 11 5 6 23 202
13 12 5 4 19 202
13 14 5 4 2 202
13 17 5 5 15 202
13 21 5 6 5 202
13 22 5 2 13 202
13 23 5 4 25 202
13 24 5 5 9 202
13 25 5 2 25 202
13 26 5 5 3 202
13 28 5 5 17 202
13 29 5 2 22 202
13 30 5 3 9 202
13 31 5 3 4 202
13 32 5 2 2 202
13 33 5 2 5 202
13 34 5 4 15 202
13 35 5 3 22 202
13 36 5 6 17 202
13 37 5 6 15 202
13 38 5 6 13 202
13 39 5 4 20 202
13 40 5 2 17 202
13 42 5 6 23 202
13 43 5 2 5 202
13 44 5 4 8 202
13 45 5 4 22 202
13 46 5 6 7 202
13 47 5 5 4 202
13 48 5 6 21 202
13 49 5 5 8 202
14 0 4 5 17 748
14 1 4 1 6 748
14 2 4 2 13 748
14 3 4 6 17 748
14 4 4 1 25 748
14 5 4 3 3 748
14 6 4 5 25 748
14 7 4 5 5 748
14 8 4 3 10 748
14 9 4 1 23 748
14 10 4 5 5 748
14 11 4 6 17 748
14 12 4 4 8 748
14 13 4 5 2 748
14 15 4 2 17 748
14 17 4 5 23 748
14 18 4 4 3 748
14 19 4 1 19 748
14 20 4 6 23 748
14 21 4 6 18 748
14 22 4 2 17 748
14 23 4 4 12 748
14 24 4 5 3 748
14 25 4 2 9 748
14 26 4 5 7 748
14 28 4 5 3 748
14 30 4 3 21 748
14 31 4 3 9 748
14 32 4 2 2 748
14 33 4 2 23 748
14 34 4 4 12 748
14 35 4 3 7 748
14 36 4 6 6 748
14 37 4 6 17 748
14 38 4 6 12 748
14 39 4 4 24 748
14 40 4 2 1 748
14 41 4 6 15 748
14 42 4 6 4 748
14 43 4 2 8 748
14 45 4 4 13 748
14 46 4 6 9 748
14 47 4 5 3 748
14 48 4 6 17 748
14 49 4 5 12 748
15 0 2 5 19 808
15 1 2 1 6 808
15 2 2 2 21 808
15 3 2 6 17 808
15 4 2 1 14 808
15 6 2 5 3 808
15 7 2 5 18 808
15 8 2 3 23 808
15 9 2 1 23 808
15 10 2 5 8 808
15 11 2 6 20 808
15 12 2 4 7 808
15 14 2 4 17 808
15 16 2 5 1 808
15 17 2 5 4 808
15 18 2 4 5 808
15 20 2 6 12 808
15 21 2 6 19 808
15 22 2 2 10 808
15 25 2 2 14 808
15 26 2 5 9 808
15 27 2 5 7 808
15 28 2 5 6 808
15 30 2 3 1 808
15 32 2 2 13 808
15 33 2 2 22 808
15 34 2 4 16 808
15 35 2 3 8 808
15 37 2 6 13 808
15 39 2 4 2 808
15 40 2 2 5 808
15 41 2 6 19 808
15 43 2 2 21 808
15 44 2 4 8 808
15 45 2 4 15 808
15 46 2 6 5 808
15 47 2 5 22 808
15 48 2 6 15 808
16 0 5 5 17 826
16 2 5 2 17 826
16 3 5 6 15 826
16 4 5 1 2 826
16 5 5 3 9 826
16 6 5 5 16 826
16 7 5 5 19 826
16 9 5 1 7 826
16 10 5 5 1 826
16 11 5 6 19 826
16 15 5 2 1 826
16 17 5 5 6 826
16 18 5 4 14 826
16 19 5 1 24 826
16 20 5 6 4 826
16 21 5 6 5 826
16 22 5 2 10 826
16 23 5 4 18 826
16 24 5 5 2 826
16 25 5 2 21 826
16 26 5 5 6 826
16 27 5 5 12 826
16 28 5 5 22 826
16 29 5 2 9 826
16 30 5 3 23 826
16 31 5 3 3 826
16 32 5 2 5 826
16 33 5 2 2 826
16 34 5 4 20 826
16 35 5 3 21 826
16 36 5 6 23 826
16 37 5 6 18 826
16 38 5 6 3 826
16 39 5 4 8 826
16 40 5 2 18 826
16 41 5 6 17 826
16 43 5 2 10 826
16 44 5 4 23 826
16 45 5 4 7 826
16 46 5 6 20 826
16 47 5 5 13 826
16 48 5 6 16 826
16 49 5 5 7 826
17 0 5 5 1 869
17 1 5 1 7 869
17 2 5 2 3 869
17 3 5 6 25 869
17 4 5 1 9 869
17 5 5 3 8 869
17 6 5 5 12 869
17 7 5 5 22 869
17 8 5 3 24 869
17 9 5 1 21 869
17 10 5 5 7 869
17 11 5 6 5 869
17 12 5 4 12 869
17 13 5 5 15 869
17 14 5 4 23 869
17 15 5 2 4 869
17 16 5 5 6 869
17 18 5 4 20 869
17 20 5 6 25 869
17 21 5 6 19 869
17 23 5 4 8 869
17 25 5 2 15 869
17 26 5 5 10 869
17 27 5 5 23 869
17 28 5 5 8 869
17 29 5 2 4 869
17 30 5 3 19 869
17 31 5 3 14 869
17 32 5 2 18 869
17 33 5 2 11 869
17 34 5 4 10 869
17 35 5 3 18 869
17 36 5 6 4 869
17 37 5 6 23 869
17 38 5 6 25 869
17 39 5 4 12 869
17 40 5 2 14 869
17 41 5 6 8 869
17 42 5 6 18 869
17 43 5 2 9 869
17 44 5 4 2 869
17 45 5 4 23 869
17 46 5 6 24 869
17 47 5 5 16 869
17 48 5 6 8 869
17 49 5 5 22 869
18 0 4 5 7 628
18 1 4 1 25 628
18 2 4 2 13 628
18 3 4 6 15 628
18 5 4 3 1 628
18 6 4 5 7 628
18 7 4 5 16 628
18 8 4 3 18 628
18 9 4 1 8 628
18 10 4 5 7 628
18 11 4 6 5 628
18 12 4 4 17 628
18 14 4 4 3 628
18 15 4 2 5 628
18 16 4 5 14 628
18 17 4 5 20 628
18 19 4 1 18 628
18 20 4 6 25 628
18 21 4 6 21 628
18 22 4 2 18 628
18 23 4 4 18 628
18 24 4 5 5 628
18 25 4 2 14 628
18 26 4 5 25 628
18 27 4 5 8 628
18 28 4 5 18 628
18 29 4 2 5 628
18 30 4 3 12 628
18 31 4 3 19 628
18 32 4 2 12 628
18 33 4 2 2 628
18 34 4 4 25 628
18 35 4 3 15 628
18 37 4 6 2 628
18 38 4 6 24 628
18 39 4 4 19 628
18 40 4 2 3 628
18 41 4 6 13 628
18 42 4 6 3 628
18 43 4 2 25 628
18 45 4 4 17 628
18 46 4 6 4 628
18 47 4 5 19 628
18 48 4 6 10 628
18 49 4 5 9 628
19 0 1 5 9 800
19 1 1 1 4 800
19 2 1 2 12 800
19 3 1 6 24 800
19 4 1 1 1 800
19 5 1 3 16 800
19 6 1 5 17 800
19 7 1 5 24 800
19 8 1 3 25 800
19 9 1 1 8 800
19 10 1 5 12 800
19 12 1 4 24 800
19 14 1 4 19 800
19 16 1 5 24 800
19 18 1 4 18 800
19 21 1 6 15 800
19 22 1 2 3 800
19 23 1 4 24 800
19 24 1 5 20 800
19 25 1 2 14 800
19 26 1 5 12 800
19 27 1 5 10 800
19 28 1 5 17 800
19 29 1 2 3 800
19 30 1 3 12 800
19 32 1 2 14 800
19 34 1 4 20 800
19 35 1 3 24 800
19 36 1 6 19 800
19 38 1 6 25 800
19 41 1 6 20 800
19 42 1 6 4 800
19 43 1 2 13 800
19 44 1 4 7 800
19 45 1 4 13 800
19 46 1 6 11 800
19 47 1 5 21 800
19 48 1 6 2 800
19 49 1 5 21 800
20 0 6 5 15 625
20 1 6 1 12 625
20 2 6 2 3 625
20 3 6 6 13 625
20 4 6 1 15 625
20 5 6 3 22 625
20 6 6 5 17 625
20 7 6 5 11 625
20 8 6 3 8 625
20 9 6 1 4 625
20 10 6 5 6 625
20 11 6 6 10 625
20 12 6 4 8 625
20 14 6 4 23 625
20 15 6 2 12 625
20 16 6 5 4 625
20 17 6 5 25 625
20 18 6 4 25 625
20 21 6 6 7 625
20 22 6 2 22 625
20 23 6 4 16 625
20 24 6 5 10 625
20 25 6 2 4 625
20 26 6 5 16 625
20 27 6 5 8 625
20 28 6 5 1 625
20 29 6 2 15 625
20 30 6 3 7 625
20 31 6 3 13 625
20 32 6 2 13 625
20 33 6 2 2 625
20 35 6 3 18 625
20 36 6 6 6 625
20 37 6 6 22 625
20 39 6 4 10 625
20 41 6 6 22 625
20 43 6 2 4 625
20 44 6 4 4 625
20 45 6 4 16 625
20 46 6 6 16 625
20 47 6 5 11 625
20 48 6 6 16 625
20 49 6 5 11 625
21 0 6 5 25 881
21 1 6 1 17 881
21 2 6 2 8 881
21 4 6 1 4 881
21 5 6 3 5 881
21 6 6 5 17 881
21 7 6 5 21 881
21 9 6 1 3 881
21 10 6 5 18 881
21 11 6 6 12 881
21 12 6 4 24 881
21 13 6 5 5 881
21 14 6 4 18 881
21 15 6 2 19 881
21 16 6 5 5 881
21 17 6 5 19 881
21 18 6 4 21 881
21 19 6 1 15 881
21 20 6 6 7 881
21 22 6 2 18 881
21 23 6 4 12 881
21 24 6 5 15 881
21 25 6 2 14 881
21 26 6 5 3 881
21 27 6 5 15 881
21 28 6 5 7 881
21 29 6 2 11 881
21 31 6 3 8 881
21 32 6 2 7 881
21 33 6 2 2 881
21 35 6 3 18 881
21 36 6 6 12 881
21 37 6 6 22 881
21 38 6 6 9 881
21 39 6 4 16 881
21 40 6 2 5 881
21 41 6 6 21 881
21 42 6 6 1 881
21 43 6 2 20 881
21 44 6 4 24 881
21 46 6 6 9 881
21 48 6 6 18 881
21 49 6 5 6 881
22 0 2 5 13 817
22 1 2 1 19 817
22 2 2 2 22 817
22 3 2 6 2 817
22 4 2 1 17 817
22 5 2 3 21 817
22 6 2 5 19 817
22 7 2 5 11 817
22 8 2 3 8 817
22 9 2 1 18 817
22 10 2 5 25 817
22 12 2 4 1 817
22 13 2 5 13 817
22 14 2 4 17 817
22 15 2 2 10 817
22 16 2 5 10 817
22 18 2 4 18 817
22 19 2 1 3 817
22 20 2 6 22 817
22 21 2 6 18 817
22 23 2 4 16 817
22 24 2 5 16 817
22 25 2 2 3 817
22 26 2 5 1 817
22 27 2 5 4 817
22 28 2 5 4 817
22 29 2 2 15 817
22 30 2 3 10 817
22 31 2 3 13 817
22 32 2 2 15 817
22 33 2 2 6 817
22 34 2 4 9 817
22 35 2 3 25 817
22 36 2 6 9 817
22 37 2 6 6 817
22 38 2 6 1 817
22 39 2 4 7 817
22 40 2 2 10 817
22 41 2 6 13 817
22 42 2 6 1 817
22 43 2 2 18 817
22 44 2 4 4 817
22 45 2 4 8 817
22 46 2 6 16 817
22 47 2 5 13 817
22 48 2 6 5 817
22 49 2 5 21 817
23 0 4 5 1 963
23 1 4 1 15 963
23 3 4 6 18 963
23 4 4 1 21 963
23 5 4 3 25 963
23 6 4 5 2 963
23 7 4 5 15 963
23 9 4 1 15 963
23 10 4 5 15 963
23 11 4 6 11 963
23 12 4 4 9 963
23 13 4 5 25 963
23 14 4 4 12 963
23 16 4 5 18 963
23 17 4 5 8 963
23 18 4 4 18 963
23 19 4 1 24 963
23 20 4 6 16 963
23 21 4 6 12 963
23 22 4 2 16 963
23 25 4 2 12 963
23 26 4 5 18 963
23 28 4 5 24 963
23 29 4 2 18 963
23 30 4 3 7 963
23 31 4 3 3 963
23 32 4 2 13 963
23 33 4 2 4 963
23 34 4 4 25 963
23 35 4 3 12 963
23 36 4 6 23 963
23 37 4 6 22 963
23 38 4 6 13 963
23 40 4 2 16 963
23 41 4 6 25 963
23 42 4 6 12 963
23 44 4 4 9 963
23 45 4 4 3 963
23 46 4 6 17 963
23 47 4 5 21 963
23 48 4 6 17 963
23 49 4 5 11 963
24 0 5 5 25 205
24 1 5 1 9 205
24 2 5 2 11 205
24 3 5 6 10 205
24 4 5 1 25 205
24 5 5 3 21 205
24 6 5 5 22 205
24 7 5 5 23 205
24 8 5 3 9 205
24 9 5 1 12 205
24 10 5 5 2 205
24 11 5 6 3 205
24 12 5 4 13 205
24 13 5 5 9 205
24 14 5 4 3 205
24 16 5 5 2 205
24 18 5 4 5 205
24 19 5 1 20 205
24 20 5 6 10 205
24 21 5 6 15 205
24 22 5 2 16 205
24 25 5 2 10 205
24 27 5 5 17 205
24 28 5 5 11 205
24 29 5 2 18 205
24 30 5 3 9 205
24 31 5 3 13 205
24 32 5 2 24 205
24 33 5 2 10 205
24 34 5 4 1 205
24 35 5 3 8 205
24 36 5 6 7 205
24 37 5 6 20 205
24 38 5 6 6 205
24 39 5 4 6 205
24 40 5 2 19 205
24 41 5 6 21 205
24 43 5 2 19 205
24 44 5 4 1 205
24 45 5 4 7 205
24 46 5 6 4 205
24 47 5 5 25 205
24 48 5 6 24 205
24 49 5 5 23 205
25 0 2 5 20 128
25 1 2 1 21 128
25 2 2 2 6 128
25 4 2 1 5 128
25 5 2 3 3 128
25 6 2 5 11 128
25 7 2 5 23 128
25 8 2 3 9 128
25 9 2 1 14 128
25 10 2 5 21 128
25 11 2 6 24 128
25 12 2 4 16 128
25 13 2 5 25 128
25 14 2 4 9 128
25 15 2 2 14 128
25 16 2 5 21 128
25 17 2 5 15 128
25 18 2 4 14 128
25 19 2 1 14 128
25 20 2 6 4 128
25 21 2 6 14 128
25 22 2 2 3 128
25 23 2 4 12 128
25 24 2 5 10 128
25 26 2 5 7 128
25 27 2 5 8 128
25 28 2 5 3 128
25 29 2 2 18 128
25 30 2 3 16 128
25 31 2 3 19 128
25 32 2 2 1 128
25 33 2 2 6 128
25 34 2 4 24 128
25 36 2 6 12 128
25 37 2 6 16 128
25 38 2 6 20 128
25 40 2 2 9 128
25 41 2 6 3 128
25 42 2 6 11 128
25 43 2 2 1 128
25 44 2 4 8 128
25 45 2 4 9 128
25 46 2 6 25 128
25 47 2 5 21 128
25 48 2 6 9 128
25 49 2 5 21 128
26 0 5 5 17 611
26 1 5 1 10 611
26 2 5 2 12 611
26 3 5 6 9 611
26 4 5 1 12 611
26 5 5 3 5 611
26 6 5 5 21 611
26 7 5 5 4 611
26 8 5 3 5 611
26 9 5 1 1 611
26 10 5 5 8 611
26 11 5 6 24 611
26 12 5 4 21 611
26 13 5 5 3 611
26 14 5 4 7 611
26 15 5 2 9 611
26 16 5 5 6 611
26 17 5 5 10 611
26 18 5 4 25 611
26 19 5 1 12 611
26 20 5 6 16 611
26 21 5 6 3 611
26 22 5 2 1 611
26 23 5 4 18 611
26 25 5 2 7 611
26 27 5 5 20 611
26 28 5 5 12 611
26 29 5 2 14 611
26 30 5 3 1 611
26 31 5 3 9 611
26 32 5 2 18 611
26 33 5 2 6 611
26 34 5 4 10 611
26 35 5 3 5 611
26 36 5 6 3 611
26 37 5 6 10 611
26 38 5 6 24 611
26 39 5 4 21 611
26 40 5 2 16 611
26 41 5 6 25 611
26 42 5 6 15 611
26 43 5 2 6 611
26 44 5 4 2 611
26 45 5 4 19 611
26 46 5 6 8 611
26 47 5 5 1 611
26 48 5 6 19 611
26 49 5 5 25 611
27 0 5 5 19 191
27 1 5 1 1 191
27 2 5 2 2 191
27 3 5 6 1 191
27 4 5 1 14 191
27 5 5 3 20 191
27 6 5 5 13 191
27 7 5 5 12 191
27 8 5 3 5 191
27 9 5 1 22 191
27 10 5 5 15 191
27 11 5 6 3 191
27 12 5 4 9 191
27 15 5 2 7 191
27 16 5 5 12 191
27 17 5 5 23 191
27 18 5 4 8 191
27 19 5 1 10 191
27 20 5 6 8 191
27 21 5 6 15 191
27 22 5 2 4 191
27 24 5 5 17 191
27 25 5 2 8 191
27 26 5 5 20 191
27 28 5 5 12 191
27 29 5 2 22 191
27 30 5 3 19 191
27 31 5 3 1 191
27 32 5 2 15 191
27 33 5 2 12 191
27 35 5 3 20 191
27 36 5 6 20 191
27 37 5 6 13 191
27 38 5 6 19 191
27 39 5 4 2 191
27 41 5 6 1 191
27 42 5 6 9 191
27 43 5 2 20 191
27 46 5 6 22 191
27 47 5 5 1 191
27 48 5 6 22 191
27 49 5 5 18 191
28 0 5 5 8 502
28 1 5 1 18 502
28 2 5 2 22 502
28 4 5 1 24 502
28 5 5 3 1 502
28 6 5 5 16 502
28 7 5 5 19 502
28 8 5 3 5 502
28 10 5 5 11 502
28 11 5 6 7 502
28 12 5 4 17 502
28 13 5 5 17 502
28 14 5 4 3 502
28 15 5 2 6 502
28 16 5 5 22 502
28 17 5 5 8 502
28 18 5 4 18 502
28 19 5 1 17 502
28 20 5 6 1 502
28 21 5 6 7 502
28 22 5 2 4 502
28 23 5 4 24 502
28 24 5 5 11 502
28 25 5 2 3 502
28 26 5 5 12 502
28 27 5 5 12 502
28 29 5 2 21 502
28 31 5 3 16 502
28 32 5 2 6 502
28 33 5 2 21 502
28 35 5 3 8 502
28 37 5 6 7 502
28 38 5 6 19 502
28 39 5 4 13 502
28 40 5 2 7 502
28 41 5 6 17 502
28 42 5 6 25 502
28 43 5 2 4 502
28 44 5 4 9 502
28 45 5 4 18 502
28 46 5 6 25 502
28 47 5 5 20 502
28 48 5 6 23 502
28 49 5 5 21 502
29 0 2 5 4 677
29 1 2 1 15 677
29 2 2 2 20 677
29 3 2 6 19 677
29 4 2 1 11 677
29 5 2 3 7 677
29 6 2 5 23 677
29 7 2 5 4 677
29 8 2 3 21 677
29 9 2 1 8 677
29 10 2 5 5 677
29 11 2 6 21 677
29 13 2 5 22 677
29 16 2 5 9 677
29 17 2 5 4 677
29 18 2 4 5 677
29 19 2 1 3 677
29 20 2 6 15 677
29 21 2 6 11 677
29 22 2 2 15 677
29 23 2 4 18 677
29 24 2 5 18 677
29 25 2 2 18 677
29 26 2 5 14 677
29 27 2 5 22 677
29 28 2 5 21 677
29 30 2 3 4 677
29 31 2 3 22 677
29 32 2 2 7 677
29 34 2 4 6 677
29 35 2 3 9 677
29 36 2 6 23 677
29 37 2 6 15 677
29 38 2 6 21 677
29 39 2 4 13 677
29 40 2 2 13 677
29 41 2 6 23 677
29 42 2 6 17 677
29 43 2 2 8 677
29 44 2 4 20 677
29 45 2 4 24 677
29 46 2 6 18 677
29 47 2 5 25 677
29 48 2 6 6 677
29 49 2 5 17 677
30 0 3 5 21 114
30 1 3 1 1 114
30 3 3 6 3 114
30 5 3 3 3 114
30 7 3 5 17 114
30 8 3 3 11 114
30 9 3 1 7 114
30 10 3 5 16 114
30 11 3 6 15 114
30 12 3 4 20 114
30 13 3 5 9 114
30 14 3 4 21 114
30 15 3 2 1 114
30 16 3 5 23 114
30 17 3 5 19 114
30 18 3 4 12 114
30 19 3 1 12 114
30 20 3 6 7 114
30 22 3 2 10 114
30 23 3 4 7 114
30 24 3 5 9 114
30 25 3 2 16 114
30 26 3 5 1 114
30 27 3 5 19 114
30 29 3 2 4 114
30 31 3 3 20 114
30 32 3 2 10 114
30 33 3 2 20 114
30 34 3 4 23 114
30 35 3 3 21 114
30 36 3 6 25 114
30 37 3 6 11 114
30 38 3 6 19 114
30 39 3 4 12 114
30 40 3 2 18 114
30 41 3 6 13 114
30 42 3 6 21 114
30 43 3 2 8 114
30 44 3 4 21 114
30 45 3 4 25 114
30 46 3 6 9 114
30 47 3 5 10 114
30 48 3 6 12 114
31 1 3 1 21 563
31 2 3 2 3 563
31 3 3 6 23 563
31 4 3 1 10 563
31 5 3 3 19 563
31 6 3 5 25 563
31 7 3 5 3 563
31 8 3 3 4 563
31 9 3 1 2 563
31 10 3 5 8 563
31 11 3 6 13 563
31 12 3 4 21 563
31 13 3 5 4 563
31 14 3 4 9 563
31 16 3 5 3 563
31 17 3 5 14 563
31 18 3 4 19 563
31 20 3 6 13 563
31 21 3 6 8 563
31 22 3 2 13 563
31 23 3 4 3 563
31 24 3 5 13 563
31 25 3 2 19 563
31 26 3 5 9 563
31 27 3 5 1 563
31 28 3 5 16 563
31 29 3 2 22 563
31 30 3 3 20 563
31 32 3 2 18 563
31 33 3 2 6 563
31 34 3 4 1 563
31 35 3 3 19 563
31 36 3 6 2 563
31 37 3 6 25 563
31 38 3 6 2 563
31 39 3 4 8 563
31 40 3 2 8 563
31 42 3 6 5 563
31 43 3 2 19 563
31 44 3 4 18 563
31 45 3 4 9 563
31 46 3 6 4 563
31 47 3 5 1 563
31 48 3 6 19 563
32 0 2 5 12 400
32 1 2 1 9 400
32 2 2 2 14 400
32 3 2 6 16 400
32 4 2 1 18 400
32 6 2 5 2 400
32 7 2 5 4 400
32 8 2 3 16 400
32 9 2 1 6 400
32 10 2 5 15 400
32 11 2 6 9 400
32 12 2 4 5 400
32 13 2 5 2 400
32 14 2 4 2 400
32 15 2 2 13 400
32 16 2 5 5 400
32 17 2 5 18 400
32 18 2 4 12 400
32 19 2 1 14 400
32 20 2 6 13 400
32 21 2 6 7 400
32 22 2 2 15 400
32 23 2 4 13 400
32 24 2 5 24 400
32 25 2 2 1 400
32 26 2 5 18 400
32 27 2 5 15 400
32 28 2 5 6 400
32 29 2 2 7 400
32 30 2 3 10 400
32 31 2 3 18 400
32 33 2 2 2 400
32 34 2 4 19 400
32 35 2 3 19 400
32 36 2 6 15 400
32 37 2 6 14 400
32 38 2 6 19 400
32 39 2 4 12 400
32 40 2 2 15 400
32 42 2 6 4 400
32 43 2 2 4 400
32 44 2 4 6 400
32 45 2 4 4 400
32 46 2 6 19 400
32 48 2 6 14 400
32 49 2 5 6 400
33 0 2 5 15 167
33 1 2 1 3 167
33 2 2 2 11 167
33 3 2 6 25 167
33 4 2 1 24 167
33 5 2 3 7 167
33 6 2 5 2 167
33 7 2 5 7 167
33 8 2 3 23 167
33 9 2 1 18 167
33 10 2 5 15 167
33 11 2 6 20 167
33 12 2 4 19 167
33 13 2 5 5 167
33 14 2 4 23 167
33 15 2 2 22 167
33 16 2 5 2 167
33 17 2 5 11 167
33 18 2 4 2 167
33 20 2 6 2 167
33 21 2 6 2 167
33 22 2 2 6 167
33 23 2 4 4 167
33 24 2 5 10 167
33 25 2 2 6 167
33 26 2 5 6 167
33 27 2 5 12 167
33 28 2 5 21 167
33 30 2 3 20 167
33 31 2 3 6 167
33 32 2 2 2 167
33 34 2 4 5 167
33 36 2 6 8 167
33 37 2 6 5 167
33 38 2 6 14 167
33 39 2 4 4 167
33 40 2 2 1 167
33 41 2 6 14 167
33 42 2 6 13 167
33 43 2 2 19 167
33 44 2 4 19 167
33 45 2 4 1 167
33 46 2 6 6 167
33 48 2 6 25 167
33 49 2 5 11 167
34 0 4 5 10 133
34 1 4 1 8 133
34 2 4 2 23 133
34 3 4 6 10 133
34 4 4 1 1 133
34 5 4 3 10 133
34 6 4 5 21 133
34 7 4 5 11 133
34 8 4 3 16 133
34 9 4 1 16 133
34 10 4 5 12 133
34 11 4 6 8 133
34 12 4 4 10 133
34 13 4 5 15 133
34 14 4 4 12 133
34 15 4 2 16 133
34 16 4 5 20 133
34 17 4 5 10 133
34 18 4 4 25 133
34 19 4 1 20 133
34 22 4 2 9 133
34 23 4 4 25 133
34 24 4 5 1 133
34 25 4 2 24 133
34 26 4 5 10 133
34 29 4 2 6 133
34 30 4 3 23 133
34 31 4 3 1 133
34 32 4 2 19 133
34 33 4 2 5 133
34 35 4 3 9 133
34 36 4 6 16 133
34 37 4 6 5 133
34 38 4 6 8 133
34 39 4 4 12 133
34 40 4 2 19 133
34 41 4 6 24 133
34 42 4 6 19 133
34 43 4 2 1 133
34 44 4 4 15 133
34 45 4 4 12 133
34 46 4 6 13 133
34 47 4 5 5 133
34 48 4 6 21 133
34 49 4 5 24 133
35 1 3 1 12 221
35 2 3 2 5 221
35 3 3 6 15 221
35 5 3 3 21 221
35 6 3 5 18 221
35 7 3 5 18 221
35 8 3 3 4 221
35 9 3 1 15 221
35 10 3 5 18 221
35 11 3 6 13 221
35 12 3 4 15 221
35 13 3 5 22 221
35 14 3 4 7 221
35 15 3 2 8 221
35 16 3 5 21 221
35 17 3 5 18 221
35 18 3 4 15 221
35 19 3 1 24 221
35 20 3 6 18 221
35 21 3 6 18 221
35 22 3 2 25 221
35 23 3 4 12 221
35 24 3 5 8 221
35 26 3 5 5 221
35 27 3 5 20 221
35 28 3 5 8 221
35 29 3 2 9 221
35 30 3 3 21 221
35 31 3 3 19 221
35 32 3 2 19 221
35 34 3 4 9 221
35 36 3 6 1 221
35 37 3 6 17 221
35 38 3 6 23 221
35 39 3 4 8 221
35 40 3 2 19 221
35 41 3 6 21 221
35 43 3 2 20 221
35 44 3 4 13 221
35 45 3 4 3 221
35 46 3 6 3 221
35 47 3 5 22 221
35 48 3 6 5 221
35 49 3 5 21 221
36 0 6 5 16 408
36 1 6 1 12 408
36 2 6 2 21 408
36 3 6 6 5 408
36 4 6 1 8 408
36 5 6 3 22 408
36 6 6 5 16 408
36 7 6 5 15 408
36 8 6 3 4 408
36 9 6 1 6 408
36 10 6 5 7 408
36 11 6 6 9 408
36 13 6 5 17 408
36 14 6 4 6 408
36 16 6 5 23 408
36 17 6 5 4 408
36 19 6 1 19 408
36 20 6 6 6 408
36 21 6 6 12 408
36 22 6 2 9 408
36 23 6 4 23 408
36 24 6 5 7 408
36 25 6 2 12 408
36 26 6 5 3 408
36 27 6 5 20 408
36 29 6 2 23 408
36 30 6 3 25 408
36 31 6 3 2 408
36 32 6 2 15 408
36 33 6 2 8 408
36 34 6 4 16 408
36 35 6 3 1 408
36 37 6 6 17 408
36 39 6 4 24 408
36 40 6 2 25 408
36 41 6 6 19 408
36 42 6 6 13 408
36 43 6 2 5 408
36 44 6 4 18 408
36 45 6 4 3 408
36 46 6 6 21 408
36 47 6 5 9 408
36 49 6 5 15 408
37 0 6 5 14 142
37 1 6 1 23 142
37 2 6 2 15 142
37 3 6 6 10 142
37 4 6 1 9 142
37 5 6 3 24 142
37 6 6 5 11 142
37 7 6 5 15 142
37 8 6 3 6 142
37 9 6 1 8 142
37 10 6 5 24 142
37 12 6 4 3 142
37 13 6 5 15 142
37 14 6 4 17 142
37 15 6 2 13 142
37 16 6 5 18 142
37 17 6 5 23 142
37 18 6 4 2 142
37 20 6 6 22 142
37 21 6 6 22 142
37 22 6 2 6 142
37 23 6 4 22 142
37 24 6 5 20 142
37 25 6 2 16 142
37 26 6 5 10 142
37 27 6 5 13 142
37 28 6 5 7 142
37 29 6 2 15 142
37 30 6 3 11 142
37 31 6 3 25 142
37 32 6 2 14 142
37 33 6 2 5 142
37 34 6 4 5 142
37 35 6 3 17 142
37 36 6 6 17 142
37 38 6 6 8 142
37 39 6 4 9 142
37 40 6 2 5 142
37 41 6 6 16 142
37 42 6 6 19 142
37 43 6 2 24 142
37 44 6 4 19 142
37 45 6 4 7 142
37 47 6 5 4 142
37 49 6 5 21 142
38 0 6 5 24 506
38 1 6 1 14 506
38 2 6 2 9 506
38 3 6 6 16 506
38 4 6 1 5 506
38 5 6 3 25 506
38 8 6 3 24 506
38 9 6 1 16 506
38 10 6 5 21 506
38 11 6 6 25 506
38 12 6 4 18 506
38 13 6 5 13 506
38 14 6 4 12 506
38 16 6 5 3 506
38 17 6 5 25 506
38 18 6 4 24 506
38 19 6 1 25 506
38 21 6 6 9 506
38 22 6 2 1 506
38 23 6 4 13 506
38 24 6 5 6 506
38 25 6 2 20 506
38 26 6 5 24 506
38 27 6 5 19 506
38 28 6 5 19 506
38 29 6 2 21 506
38 30 6 3 19 506
38 31 6 3 2 506
38 32 6 2 19 506
38 33 6 2 14 506
38 34 6 4 8 506
38 35 6 3 23 506
38 37 6 6 8 506
38 39 6 4 6 506
38 40 6 2 17 506
38 41 6 6 3 506
38 42 6 6 21 506
38 43 6 2 13 506
38 44 6 4 5 506
38 46 6 6 25 506
38 47 6 5 22 506
38 49 6 5 6 506
39 0 4 5 9 554
39 1 4 1 17 554
39 2 4 2 17 554
39 3 4 6 15 554
39 4 4 1 7 554
39 5 4 3 4 554
39 6 4 5 22 554
39 7 4 5 6 554
39 8 4 3 25 554
39 9 4 1 10 554
39 10 4 5 13 554
39 11 4 6 5 554
39 12 4 4 1 554
39 13 4 5 20 554
39 14 4 4 24 554
39 15 4 2 2 554
39 16 4 5 8 554
39 17 4 5 12 554
39 18 4 4 19 554
39 20 4 6 10 554
39 21 4 6 16 554
39 22 4 2 7 554
39 24 4 5 6 554
39 26 4 5 21 554
39 27 4 5 2 554
39 28 4 5 13 554
39 29 4 2 13 554
39 30 4 3 12 554
39 31 4 3 8 554
39 32 4 2 12 554
39 33 4 2 4 554
39 34 4 4 12 554
39 35 4 3 8 554
39 36 4 6 24 554
39 37 4 6 9 554
39 38 4 6 6 554
39 40 4 2 16 554
39 41 4 6 22 554
39 43 4 2 19 554
39 44 4 4 22 554
39 45 4 4 25 554
39 46 4 6 17 554
39 47 4 5 24 554
39 48 4 6 9 554
39 49 4 5 13 554
40 0 2 5 12 330
40 1 2 1 2 330
40 2 2 2 11 330
40 3 2 6 18 330
40 4 2 1 3 330
40 5 2 3 24 330
40 6 2 5 24 330
40 7 2 5 24 330
40 8 2 3 17 330
40 10 2 5 5 330
40 11 2 6 8 330
40 12 2 4 19 330
40 13 2 5 17 330
40 14 2 4 1 330
40 15 2 2 5 330
40 16 2 5 18 330
40 17 2 5 14 330
40 18 2 4 3 330
40 21 2 6 5 330
40 22 2 2 10 330
40 23 2 4 16 330
40 24 2 5 19 330
40 25 2 2 9 330
40 26 2 5 16 330
40 28 2 5 7 330
40 29 2 2 13 330
40 30 2 3 18 330
40 31 2 3 8 330
40 32 2 2 15 330
40 33 2 2 1 330
40 34 2 4 19 330
40 35 2 3 19 330
40 36 2 6 25 330
40 37 2 6 5 330
40 38 2 6 17 330
40 39 2 4 16 330
40 41 2 6 18 330
40 42 2 6 8 330
40 43 2 2 19 330
40 45 2 4 24 330
40 46 2 6 16 330
40 47 2 5 1 330
40 48 2 6 23 330
40 49 2 5 12 330
41 0 6 5 20 451
41 1 6 1 15 451
41 2 6 2 25 451
41 3 6 6 21 451
41 4 6 1 17 451
41 5 6 3 25 451
41 6 6 5 23 451
41 7 6 5 10 451
41 8 6 3 23 451
41 9 6 1 9 451
41 10 6 5 19 451
41 11 6 6 19 451
41 12 6 4 12 451
41 14 6 4 15 451
41 15 6 2 19 451
41 16 6 5 17 451
41 17 6 5 8 451
41 18 6 4 13 451
41 19 6 1 20 451
41 20 6 6 22 451
41 21 6 6 21 451
41 22 6 2 13 451
41 23 6 4 25 451
41 24 6 5 21 451
41 25 6 2 3 451
41 26 6 5 25 451
41 27 6 5 1 451
41 28 6 5 17 451
41 29 6 2 23 451
41 30 6 3 13 451
41 33 6 2 14 451
41 34 6 4 24 451
41 35 6 3 21 451
41 36 6 6 19 451
41 37 6 6 16 451
41 38 6 6 3 451
41 39 6 4 22 451
41 40 6 2 18 451
41 42 6 6 21 451
41 43 6 2 10 451
41 44 6 4 24 451
41 45 6 4 18 451
41 46 6 6 17 451
41 48 6 6 25 451
41 49 6 5 7 451
42 0 6 5 18 519
42 1 6 1 23 519
42 2 6 2 14 519
42 4 6 1 24 519
42 5 6 3 24 519
42 6 6 5 22 519
42 7 6 5 24 519
42 8 6 3 11 519
42 9 6 1 18 519
42 10 6 5 23 519
42 12 6 4 17 519
42 13 6 5 23 519
42 14 6 4 4 519
42 17 6 5 18 519
42 18 6 4 3 519
42 19 6 1 4 519
42 21 6 6 1 519
42 22 6 2 1 519
42 23 6 4 12 519
42 25 6 2 11 519
42 26 6 5 15 519
42 27 6 5 9 519
42 28 6 5 25 519
42 29 6 2 17 519
42 30 6 3 21 519
42 31 6 3 5 519
42 32 6 2 4 519
42 33 6 2 13 519
42 34 6 4 19 519
42 36 6 6 13 519
42 37 6 6 19 519
42 38 6 6 21 519
42 40 6 2 8 519
42 41 6 6 21 519
42 43 6 2 22 519
42 44 6 4 18 519
42 45 6 4 25 519
42 46 6 6 9 519
42 47 6 5 1 519
42 48 6 6 15 519
43 0 2 5 3 779
43 1 2 1 23 779
43 2 2 2 10 779
43 3 2 6 16 779
43 4 2 1 15 779
43 5 2 3 22 779
43 6 2 5 4 779
43 7 2 5 10 779
43 8 2 3 1 779
43 10 2 5 5 779
43 11 2 6 4 779
43 12 2 4 18 779
43 13 2 5 5 779
43 14 2 4 8 779
43 15 2 2 21 779
43 16 2 5 10 779
43 17 2 5 9 779
43 18 2 4 25 779
43 19 2 1 13 779
43 20 2 6 4 779
43 21 2 6 20 779
43 22 2 2 18 779
43 24 2 5 19 779
43 25 2 2 1 779
43 26 2 5 6 779
43 27 2 5 20 779
43 28 2 5 4 779
43 29 2 2 8 779
43 30 2 3 8 779
43 31 2 3 19 779
43 32 2 2 4 779
43 33 2 2 19 779
43 34 2 4 1 779
43 35 2 3 20 779
43 36 2 6 5 779
43 37 2 6 24 779
43 38 2 6 13 779
43 39 2 4 19 779
43 40 2 2 19 779
43 41 2 6 10 779
43 42 2 6 22 779
43 44 2 4 1 779
43 45 2 4 2 779
43 46 2 6 4 779
43 47 2 5 18 779
43 48 2 6 5 779
43 49 2 5 1 779
44 0 4 5 17 757
44 1 4 1 8 757
44 2 4 2 23 757
44 3 4 6 14 757
44 4 4 1 22 757
44 5 4 3 3 757
44 6 4 5 10 757
44 7 4 5 21 757
44 9 4 1 23 757
44 10 4 5 19 757
44 11 4 6 8 757
44 12 4 4 8 757
44 13 4 5 8 757
44 15 4 2 8 757
44 16 4 5 23 757
44 17 4 5 2 757
44 19 4 1 7 757
44 20 4 6 4 757
44 21 4 6 24 757
44 22 4 2 4 757
44 23 4 4 9 757
44 24 4 5 1 757
44 25 4 2 8 757
44 26 4 5 2 757
44 28 4 5 9 757
44 29 4 2 20 757
44 30 4 3 21 757
44 31 4 3 18 757
44 32 4 2 6 757
44 33 4 2 19 757
44 34 4 4 15 757
44 35 4 3 13 757
44 36 4 6 18 757
44 37 4 6 19 757
44 38 4 6 5 757
44 39 4 4 22 757
44 41 4 6 24 757
44 42 4 6 18 757
44 43 4 2 1 757
44 45 4 4 19 757
44 46 4 6 23 757
44 47 4 5 11 757
44 48 4 6 7 757
44 49 4 5 7 757
45 0 4 5 4 429
45 2 4 2 10 429
45 3 4 6 11 429
45 4 4 1 14 429
45 5 4 3 1 429
45 6 4 5 4 429
45 7 4 5 23 429
45 8 4 3 15 429
45 9 4 1 9 429
45 10 4 5 8 429
45 11 4 6 8 429
45 12 4 4 9 429
45 13 4 5 22 429
45 14 4 4 13 429
45 15 4 2 15 429
45 16 4 5 7 429
45 17 4 5 23 429
45 18 4 4 17 429
45 19 4 1 13 429
45 20 4 6 16 429
45 22 4 2 8 429
45 23 4 4 3 429
45 24 4 5 7 429
45 25 4 2 9 429
45 26 4 5 19 429
45 28 4 5 18 429
45 29 4 2 24 429
45 30 4 3 25 429
45 31 4 3 9 429
45 32 4 2 4 429
45 33 4 2 1 429
45 34 4 4 12 429
45 35 4 3 3 429
45 36 4 6 3 429
45 37 4 6 7 429
45 39 4 4 25 429
45 40 4 2 24 429
45 41 4 6 18 429
45 42 4 6 25 429
45 43 4 2 2 429
45 44 4 4 19 429
45 46 4 6 12 429
45 47 4 5 3 429
46 4 6 1 12 172
46 6 6 5 17 172
46 7 6 5 9 172
46 8 6 3 24 172
46 9 6 1 6 172
46 10 6 5 12 172
46 11 6 6 4 172
46 12 6 4 25 172
46 13 6 5 7 172
46 14 6 4 9 172
46 15 6 2 5 172
46 16 6 5 20 172
46 17 6 5 24 172
46 18 6 4 4 172
46 19 6 1 11 172
46 20 6 6 16 172
46 21 6 6 9 172
46 22 6 2 16 172
46 23 6 4 17 172
46 24 6 5 4 172
46 25 6 2 25 172
46 26 6 5 8 172
46 27 6 5 22 172
46 28 6 5 25 172
46 29 6 2 18 172
46 30 6 3 9 172
46 31 6 3 4 172
46 32 6 2 19 172
46 33 6 2 6 172
46 34 6 4 13 172
46 35 6 3 3 172
46 36 6 6 21 172
46 38 6 6 25 172
46 39 6 4 17 172
46 40 6 2 16 172
46 41 6 6 17 172
46 42 6 6 9 172
46 43 6 2 4 172
46 44 6 4 23 172
46 45 6 4 12 172
46 47 6 5 18 172
46 48 6 6 8 172
46 49 6 5 25 172
47 0 5 5 15 204
47 2 5 2 1 204
47 3 5 6 8 204
47 4 5 1 9 204
47 6 5 5 2 204
47 7 5 5 6 204
47 8 5 3 23 204
47 9 5 1 2 204
47 10 5 5 23 204
47 11 5 6 2 204
47 13 5 5 4 204
47 14 5 4 3 204
47 15 5 2 22 204
47 16 5 5 13 204
47 17 5 5 16 204
47 18 5 4 19 204
47 19 5 1 21 204
47 20 5 6 11 204
47 22 5 2 13 204
47 23 5 4 21 204
47 24 5 5 25 204
47 25 5 2 21 204
47 26 5 5 1 204
47 27 5 5 1 204
47 28 5 5 20 204
47 29 5 2 25 204
47 30 5 3 10 204
47 31 5 3 1 204
47 34 5 4 5 204
47 35 5 3 22 204
47 36 5 6 9 204
47 37 5 6 4 204
47 38 5 6 22 204
47 39 5 4 24 204
47 40 5 2 1 204
47 42 5 6 1 204
47 43 5 2 18 204
47 44 5 4 11 204
47 45 5 4 3 204
47 46 5 6 18 204
47 48 5 6 3 204
47 49 5 5 17 204
48 1 6 1 17 333
48 2 6 2 20 333
48 3 6 6 5 333
48 5 6 3 19 333
48 6 6 5 14 333
48 7 6 5 1 333
48 8 6 3 20 333
48 9 6 1 22 333
48 10 6 5 19 333
48 11 6 6 23 333
48 12 6 4 12 333
48 13 6 5 21 333
48 14 6 4 17 333
48 15 6 2 15 333
48 16 6 5 16 333
48 17 6 5 8 333
48 18 6 4 10 333
48 19 6 1 2 333
48 20 6 6 16 333
48 21 6 6 18 333
48 22 6 2 5 333
48 23 6 4 17 333
48 24 6 5 24 333
48 25 6 2 9 333
48 26 6 5 19 333
48 27 6 5 22 333
48 28 6 5 23 333
48 29 6 2 6 333
48 30 6 3 12 333
48 31 6 3 19 333
48 32 6 2 14 333
48 33 6 2 25 333
48 34 6 4 21 333
48 35 6 3 5 333
48 39 6 4 9 333
48 40 6 2 23 333
48 41 6 6 25 333
48 42 6 6 15 333
48 43 6 2 5 333
48 44 6 4 7 333
48 46 6 6 8 333
48 47 6 5 3 333
48 49 6 5 12 333
49 0 5 5 1 157
49 1 5 1 10 157
49 2 5 2 17 157
49 3 5 6 9 157
49 4 5 1 18 157
49 5 5 3 8 157
49 6 5 5 11 157
49 10 5 5 10 157
49 11 5 6 21 157
49 12 5 4 21 157
49 13 5 5 8 157
49 14 5 4 12 157
49 16 5 5 7 157
49 17 5 5 22 157
49 18 5 4 9 157
49 19 5 1 21 157
49 20 5 6 11 157
49 21 5 6 6 157
49 22 5 2 21 157
49 23 5 4 11 157
49 24 5 5 23 157
49 25 5 2 21 157
49 26 5 5 25 157
49 27 5 5 18 157
49 28 5 5 21 157
49 29 5 2 17 157
49 32 5 2 6 157
49 33 5 2 11 157
49 34 5 4 24 157
49 35 5 3 21 157
49 36 5 6 15 157
49 37 5 6 21 157
49 38 5 6 6 157
49 39 5 4 13 157
49 40 5 2 12 157
49 41 5 6 7 157
49 43 5 2 1 157
49 44 5 4 7 157
49 46 5 6 25 157
49 47 5 5 17 157
49 48 5 6 12 157
