capacity  cost_by_node
nb_functions 8
18 99 94 75 77 28 59 34 27 78 79 87 51 93 91 19 57 61 51 88 42 22 68 47 97 45 38 70 48 21 81 35 51 83 55 89 63 62 91 44 65 12 30 17 48 90 29 51 58 87 89 
20 58 14 62 41 24 80 82 59 92 85 57 56 71 19 14 83 61 71 25 92 61 68 94 37 92 49 27 54 57 12 65 15 37 78 17 67 45 95 34 75 80 27 20 80 30 18 20 70 24 46 
23 64 49 90 66 24 52 64 68 98 78 22 13 38 52 15 99 49 46 91 95 70 88 50 15 33 17 32 85 55 63 68 43 36 70 60 36 14 52 49 40 30 98 98 31 25 53 28 51 99 53 
16 49 92 34 20 81 91 93 96 10 28 33 43 64 23 10 57 62 48 33 94 53 39 90 86 67 66 53 33 70 52 49 93 32 42 85 44 85 60 12 47 87 79 81 25 96 98 43 35 53 48 
14 25 10 31 93 28 57 94 74 91 63 28 26 38 13 67 36 78 68 23 55 47 95 18 10 13 37 71 97 45 61 89 94 87 70 86 25 21 91 39 75 44 13 24 40 61 65 73 22 97 33 
17 65 49 34 30 35 69 30 23 93 48 12 19 46 97 24 56 42 60 74 93 64 63 48 52 65 83 31 62 34 26 21 24 17 36 15 11 95 15 12 62 10 23 25 54 92 85 65 100 10 20 
14 85 93 61 72 91 95 97 59 21 33 73 39 94 67 47 82 60 29 90 51 65 84 100 62 56 77 30 59 22 64 40 15 92 99 23 87 63 67 26 35 92 41 43 45 37 31 10 56 65 84 
13 66 69 100 32 62 25 76 98 10 83 63 85 28 51 95 85 100 60 61 58 17 54 25 26 88 81 20 25 79 19 94 39 13 70 63 37 20 92 36 39 92 90 60 77 34 74 25 30 78 92 
