capacity  cost_by_node
nb_functions 8
6 86 37 24 62 71 50 10 10 46 65 22 60 28 30 15 55 55 72 80 94 33 84 38 19 20 18 74 20 72 85 67 62 20 95 75 53 88 13 71 55 20 45 37 27 59 96 29 93 17 21 
11 11 63 22 31 24 11 98 49 42 70 58 13 27 37 47 74 85 11 71 92 59 50 13 21 59 12 35 23 72 65 44 79 83 25 25 25 80 40 40 88 20 87 16 85 35 26 27 29 23 47 
5 58 48 24 21 97 81 46 59 39 34 30 24 22 84 81 16 91 93 35 11 39 44 57 96 57 80 50 84 91 17 65 16 92 77 83 55 75 74 23 97 42 68 23 57 86 88 10 68 42 49 
6 60 75 71 25 72 21 26 83 79 68 36 43 100 14 47 11 55 55 74 41 32 74 73 51 62 57 28 54 65 67 73 35 73 26 24 68 46 59 54 48 60 28 83 12 56 25 72 42 14 46 
6 92 46 44 59 47 92 69 90 54 74 97 71 61 45 27 39 80 20 80 37 98 34 82 47 26 81 98 42 58 18 91 72 84 55 66 20 59 68 74 14 99 86 21 80 89 62 27 33 74 75 
8 19 98 11 71 20 81 25 33 72 21 40 91 13 13 67 68 91 51 57 61 56 72 41 67 64 39 81 16 27 34 37 39 77 65 81 81 82 67 85 49 78 45 73 81 94 31 59 17 22 87 
6 82 98 59 56 90 91 11 60 28 99 26 36 35 18 37 98 46 97 58 23 11 85 19 40 52 48 37 10 34 42 95 28 49 95 50 16 66 99 81 97 70 96 42 75 32 73 36 31 95 16 
9 13 65 25 50 14 44 41 32 15 82 85 11 90 80 93 43 55 78 39 82 71 93 84 42 13 73 90 90 29 41 21 100 53 95 27 82 24 71 82 16 16 86 89 70 13 77 87 53 31 15 
