Node_1 Node_2 Capacity_node1 Capacity_node2 Latency_arc node_cost
nb_nodes 50
nb_arcs 2190
0 2 1 3 24 295
0 3 1 4 20 295
0 4 1 1 4 295
0 5 1 4 24 295
0 6 1 1 7 295
0 7 1 2 2 295
0 8 1 4 5 295
0 9 1 4 19 295
0 10 1 3 17 295
0 11 1 1 24 295
0 12 1 3 16 295
0 14 1 4 24 295
0 15 1 1 16 295
0 16 1 2 20 295
0 17 1 2 13 295
0 18 1 4 25 295
0 20 1 2 18 295
0 21 1 4 1 295
0 22 1 4 15 295
0 23 1 4 12 295
0 24 1 4 1 295
0 25 1 4 16 295
0 26 1 1 24 295
0 27 1 4 9 295
0 28 1 3 16 295
0 29 1 3 21 295
0 30 1 1 3 295
0 31 1 1 21 295
0 32 1 4 24 295
0 34 1 1 13 295
0 35 1 4 1 295
0 36 1 3 6 295
0 37 1 1 23 295
0 38 1 3 25 295
0 39 1 2 20 295
0 40 1 4 25 295
0 41 1 2 7 295
0 42 1 2 8 295
0 43 1 3 10 295
0 44 1 2 22 295
0 45 1 1 2 295
0 47 1 1 16 295
0 48 1 1 6 295
0 49 1 3 21 295
1 2 4 3 22 507
1 4 4 1 14 507
1 5 4 4 7 507
1 6 4 1 3 507
1 7 4 2 12 507
1 8 4 4 11 507
1 9 4 4 14 507
1 10 4 3 18 507
1 13 4 3 12 507
1 16 4 2 3 507
1 17 4 2 18 507
1 18 4 4 1 507
1 19 4 3 25 507
1 20 4 2 8 507
1 21 4 4 25 507
1 22 4 4 2 507
1 24 4 4 18 507
1 25 4 4 19 507
1 26 4 1 14 507
1 27 4 4 4 507
1 28 4 3 11 507
1 29 4 3 12 507
1 30 4 1 22 507
1 31 4 1 21 507
1 33 4 3 13 507
1 34 4 1 13 507
1 36 4 3 10 507
1 37 4 1 20 507
1 38 4 3 4 507
1 39 4 2 1 507
1 40 4 4 7 507
1 41 4 2 8 507
1 42 4 2 4 507
1 43 4 3 17 507
1 44 4 2 14 507
1 45 4 1 3 507
1 46 4 2 2 507
1 47 4 1 1 507
1 48 4 1 19 507
1 49 4 3 15 507
2 0 3 1 24 869
2 1 3 4 22 869
2 3 3 4 18 869
2 4 3 1 25 869
2 5 3 4 5 869
2 6 3 1 24 869
2 8 3 4 23 869
2 9 3 4 20 869
2 10 3 3 2 869
2 11 3 1 20 869
2 13 3 3 23 869
2 14 3 4 14 869
2 15 3 1 6 869
2 17 3 2 23 869
2 18 3 4 19 869
2 19 3 3 12 869
2 20 3 2 7 869
2 22 3 4 23 869
2 23 3 4 23 869
2 24 3 4 12 869
2 25 3 4 8 869
2 26 3 1 8 869
2 27 3 4 25 869
2 28 3 3 22 869
2 29 3 3 21 869
2 30 3 1 1 869
2 31 3 1 2 869
2 32 3 4 4 869
2 33 3 3 16 869
2 35 3 4 9 869
2 36 3 3 17 869
2 38 3 3 22 869
2 39 3 2 4 869
2 40 3 4 21 869
2 41 3 2 3 869
2 42 3 2 5 869
2 43 3 3 16 869
2 44 3 2 17 869
2 45 3 1 13 869
2 46 3 2 25 869
2 47 3 1 13 869
2 48 3 1 17 869
2 49 3 3 16 869
3 0 4 1 20 197
3 2 4 3 18 197
3 4 4 1 25 197
3 5 4 4 15 197
3 6 4 1 1 197
3 7 4 2 25 197
3 8 4 4 15 197
3 9 4 4 17 197
3 11 4 1 12 197
3 12 4 3 18 197
3 13 4 3 5 197
3 14 4 4 21 197
3 15 4 1 8 197
3 16 4 2 12 197
3 17 4 2 7 197
3 18 4 4 1 197
3 19 4 3 7 197
3 20 4 2 9 197
3 21 4 4 6 197
3 22 4 4 10 197
3 23 4 4 8 197
3 24 4 4 1 197
3 25 4 4 14 197
3 26 4 1 23 197
3 27 4 4 20 197
3 28 4 3 15 197
3 29 4 3 15 197
3 30 4 1 2 197
3 31 4 1 4 197
3 32 4 4 18 197
3 33 4 3 3 197
3 34 4 1 11 197
3 35 4 4 12 197
3 36 4 3 16 197
3 37 4 1 5 197
3 38 4 3 25 197
3 39 4 2 18 197
3 40 4 4 15 197
3 41 4 2 7 197
3 42 4 2 20 197
3 43 4 3 2 197
3 44 4 2 3 197
3 45 4 1 16 197
3 46 4 2 21 197
3 47 4 1 17 197
3 49 4 3 8 197
4 0 1 1 4 625
4 1 1 4 14 625
4 2 1 3 25 625
4 3 1 4 25 625
4 5 1 4 5 625
4 6 1 1 17 625
4 7 1 2 22 625
4 8 1 4 4 625
4 9 1 4 1 625
4 11 1 1 19 625
4 13 1 3 13 625
4 14 1 4 15 625
4 15 1 1 19 625
4 16 1 2 9 625
4 17 1 2 5 625
4 18 1 4 2 625
4 19 1 3 12 625
4 20 1 2 4 625
4 21 1 4 24 625
4 22 1 4 18 625
4 23 1 4 11 625
4 24 1 4 21 625
4 25 1 4 25 625
4 27 1 4 11 625
4 29 1 3 15 625
4 30 1 1 7 625
4 31 1 1 19 625
4 32 1 4 13 625
4 33 1 3 23 625
4 34 1 1 18 625
4 35 1 4 17 625
4 36 1 3 24 625
4 37 1 1 13 625
4 38 1 3 15 625
4 40 1 4 18 625
4 41 1 2 6 625
4 42 1 2 14 625
4 43 1 3 7 625
4 44 1 2 4 625
4 45 1 1 5 625
4 47 1 1 16 625
4 48 1 1 9 625
4 49 1 3 14 625
5 0 4 1 24 617
5 1 4 4 7 617
5 2 4 3 5 617
5 3 4 4 15 617
5 4 4 1 5 617
5 6 4 1 9 617
5 7 4 2 21 617
5 8 4 4 9 617
5 9 4 4 16 617
5 10 4 3 15 617
5 11 4 1 11 617
5 12 4 3 19 617
5 13 4 3 16 617
5 14 4 4 10 617
5 15 4 1 24 617
5 16 4 2 7 617
5 17 4 2 18 617
5 18 4 4 11 617
5 19 4 3 13 617
5 20 4 2 22 617
5 21 4 4 4 617
5 22 4 4 25 617
5 23 4 4 20 617
5 24 4 4 8 617
5 25 4 4 5 617
5 26 4 1 1 617
5 27 4 4 3 617
5 28 4 3 13 617
5 29 4 3 18 617
5 30 4 1 7 617
5 31 4 1 3 617
5 32 4 4 17 617
5 33 4 3 2 617
5 34 4 1 18 617
5 35 4 4 13 617
5 36 4 3 2 617
5 37 4 1 11 617
5 38 4 3 1 617
5 39 4 2 5 617
5 40 4 4 3 617
5 42 4 2 5 617
5 43 4 3 18 617
5 44 4 2 24 617
5 45 4 1 24 617
5 46 4 2 22 617
5 47 4 1 19 617
5 48 4 1 20 617
5 49 4 3 22 617
6 0 1 1 7 682
6 1 1 4 3 682
6 2 1 3 24 682
6 3 1 4 1 682
6 4 1 1 17 682
6 5 1 4 9 682
6 7 1 2 7 682
6 9 1 4 5 682
6 11 1 1 18 682
6 12 1 3 9 682
6 13 1 3 1 682
6 15 1 1 1 682
6 17 1 2 4 682
6 18 1 4 6 682
6 20 1 2 14 682
6 21 1 4 14 682
6 22 1 4 25 682
6 23 1 4 9 682
6 24 1 4 24 682
6 25 1 4 6 682
6 26 1 1 18 682
6 27 1 4 5 682
6 28 1 3 8 682
6 29 1 3 18 682
6 30 1 1 8 682
6 32 1 4 8 682
6 33 1 3 20 682
6 34 1 1 18 682
6 35 1 4 15 682
6 36 1 3 25 682
6 37 1 1 21 682
6 38 1 3 10 682
6 39 1 2 6 682
6 40 1 4 6 682
6 41 1 2 11 682
6 42 1 2 21 682
6 43 1 3 10 682
6 44 1 2 20 682
6 45 1 1 24 682
6 46 1 2 22 682
6 47 1 1 7 682
6 48 1 1 10 682
6 49 1 3 7 682
7 0 2 1 2 295
7 1 2 4 12 295
7 3 2 4 25 295
7 4 2 1 22 295
7 5 2 4 21 295
7 6 2 1 7 295
7 8 2 4 18 295
7 9 2 4 13 295
7 10 2 3 21 295
7 11 2 1 23 295
7 12 2 3 22 295
7 13 2 3 8 295
7 14 2 4 23 295
7 15 2 1 4 295
7 16 2 2 4 295
7 17 2 2 12 295
7 18 2 4 7 295
7 19 2 3 20 295
7 20 2 2 4 295
7 21 2 4 8 295
7 22 2 4 14 295
7 23 2 4 25 295
7 24 2 4 7 295
7 25 2 4 14 295
7 26 2 1 8 295
7 27 2 4 2 295
7 29 2 3 21 295
7 30 2 1 5 295
7 31 2 1 17 295
7 32 2 4 20 295
7 33 2 3 22 295
7 34 2 1 22 295
7 35 2 4 22 295
7 36 2 3 20 295
7 37 2 1 7 295
7 38 2 3 14 295
7 39 2 2 24 295
7 41 2 2 24 295
7 42 2 2 11 295
7 43 2 3 16 295
7 44 2 2 16 295
7 45 2 1 1 295
7 46 2 2 16 295
7 47 2 1 21 295
7 48 2 1 6 295
7 49 2 3 5 295
8 0 4 1 5 255
8 1 4 4 11 255
8 2 4 3 23 255
8 3 4 4 15 255
8 4 4 1 4 255
8 5 4 4 9 255
8 7 4 2 18 255
8 9 4 4 25 255
8 11 4 1 4 255
8 12 4 3 15 255
8 13 4 3 11 255
8 14 4 4 10 255
8 15 4 1 25 255
8 16 4 2 1 255
8 17 4 2 23 255
8 18 4 4 19 255
8 19 4 3 19 255
8 20 4 2 20 255
8 21 4 4 8 255
8 22 4 4 17 255
8 23 4 4 5 255
8 24 4 4 25 255
8 25 4 4 2 255
8 26 4 1 12 255
8 27 4 4 12 255
8 29 4 3 16 255
8 30 4 1 4 255
8 31 4 1 19 255
8 32 4 4 1 255
8 33 4 3 9 255
8 34 4 1 14 255
8 35 4 4 2 255
8 36 4 3 10 255
8 37 4 1 6 255
8 38 4 3 15 255
8 39 4 2 15 255
8 41 4 2 2 255
8 42 4 2 8 255
8 43 4 3 14 255
8 44 4 2 23 255
8 45 4 1 24 255
8 46 4 2 11 255
8 47 4 1 20 255
8 48 4 1 18 255
8 49 4 3 16 255
9 0 4 1 19 364
9 1 4 4 14 364
9 2 4 3 20 364
9 3 4 4 17 364
9 4 4 1 1 364
9 5 4 4 16 364
9 6 4 1 5 364
9 7 4 2 13 364
9 8 4 4 25 364
9 10 4 3 23 364
9 11 4 1 3 364
9 12 4 3 14 364
9 13 4 3 10 364
9 14 4 4 20 364
9 15 4 1 8 364
9 16 4 2 23 364
9 17 4 2 24 364
9 18 4 4 24 364
9 19 4 3 24 364
9 20 4 2 3 364
9 21 4 4 5 364
9 22 4 4 13 364
9 23 4 4 12 364
9 24 4 4 1 364
9 26 4 1 2 364
9 27 4 4 12 364
9 28 4 3 6 364
9 29 4 3 21 364
9 30 4 1 6 364
9 31 4 1 14 364
9 33 4 3 1 364
9 34 4 1 18 364
9 35 4 4 9 364
9 36 4 3 25 364
9 37 4 1 1 364
9 38 4 3 16 364
9 39 4 2 4 364
9 40 4 4 24 364
9 41 4 2 19 364
9 42 4 2 15 364
9 43 4 3 22 364
9 44 4 2 24 364
9 45 4 1 2 364
9 46 4 2 22 364
9 49 4 3 7 364
10 0 3 1 17 124
10 1 3 4 18 124
10 2 3 3 2 124
10 5 3 4 15 124
10 7 3 2 21 124
10 9 3 4 23 124
10 11 3 1 22 124
10 12 3 3 9 124
10 13 3 3 9 124
10 15 3 1 11 124
10 17 3 2 11 124
10 19 3 3 9 124
10 20 3 2 24 124
10 21 3 4 19 124
10 22 3 4 5 124
10 24 3 4 23 124
10 25 3 4 4 124
10 27 3 4 8 124
10 28 3 3 12 124
10 29 3 3 20 124
10 30 3 1 10 124
10 31 3 1 22 124
10 32 3 4 15 124
10 33 3 3 2 124
10 34 3 1 22 124
10 35 3 4 17 124
10 36 3 3 17 124
10 37 3 1 1 124
10 38 3 3 23 124
10 39 3 2 2 124
10 40 3 4 11 124
10 41 3 2 16 124
10 43 3 3 20 124
10 44 3 2 1 124
10 45 3 1 3 124
10 46 3 2 13 124
10 47 3 1 13 124
10 48 3 1 20 124
10 49 3 3 13 124
11 0 1 1 24 553
11 2 1 3 20 553
11 3 1 4 12 553
11 4 1 1 19 553
11 5 1 4 11 553
11 6 1 1 18 553
11 7 1 2 23 553
11 8 1 4 4 553
11 9 1 4 3 553
11 10 1 3 22 553
11 12 1 3 9 553
11 13 1 3 4 553
11 14 1 4 24 553
11 15 1 1 20 553
11 16 1 2 25 553
11 17 1 2 24 553
11 18 1 4 20 553
11 19 1 3 25 553
11 20 1 2 3 553
11 21 1 4 14 553
11 22 1 4 8 553
11 23 1 4 6 553
11 25 1 4 23 553
11 26 1 1 20 553
11 29 1 3 8 553
11 30 1 1 17 553
11 31 1 1 23 553
11 32 1 4 6 553
11 33 1 3 14 553
11 34 1 1 11 553
11 35 1 4 15 553
11 36 1 3 7 553
11 37 1 1 2 553
11 38 1 3 6 553
11 39 1 2 16 553
11 40 1 4 7 553
11 41 1 2 9 553
11 42 1 2 21 553
11 43 1 3 17 553
11 44 1 2 10 553
11 45 1 1 3 553
11 46 1 2 24 553
11 47 1 1 12 553
11 48 1 1 18 553
11 49 1 3 8 553
12 0 3 1 16 434
12 3 3 4 18 434
12 5 3 4 19 434
12 6 3 1 9 434
12 7 3 2 22 434
12 8 3 4 15 434
12 9 3 4 14 434
12 10 3 3 9 434
12 11 3 1 9 434
12 13 3 3 14 434
12 14 3 4 17 434
12 15 3 1 20 434
12 16 3 2 15 434
12 17 3 2 13 434
12 19 3 3 5 434
12 20 3 2 21 434
12 21 3 4 2 434
12 22 3 4 12 434
12 23 3 4 22 434
12 24 3 4 16 434
12 26 3 1 15 434
12 27 3 4 12 434
12 28 3 3 8 434
12 29 3 3 13 434
12 30 3 1 5 434
12 31 3 1 6 434
12 32 3 4 14 434
12 33 3 3 14 434
12 34 3 1 1 434
12 35 3 4 25 434
12 36 3 3 4 434
12 37 3 1 13 434
12 38 3 3 24 434
12 39 3 2 6 434
12 40 3 4 18 434
12 41 3 2 16 434
12 42 3 2 20 434
12 43 3 3 23 434
12 44 3 2 4 434
12 46 3 2 3 434
12 47 3 1 25 434
12 48 3 1 24 434
12 49 3 3 20 434
13 1 3 4 12 786
13 2 3 3 23 786
13 3 3 4 5 786
13 4 3 1 13 786
13 5 3 4 16 786
13 6 3 1 1 786
13 7 3 2 8 786
13 8 3 4 11 786
13 9 3 4 10 786
13 10 3 3 9 786
13 11 3 1 4 786
13 12 3 3 14 786
13 14 3 4 1 786
13 15 3 1 5 786
13 16 3 2 17 786
13 17 3 2 17 786
13 18 3 4 18 786
13 19 3 3 12 786
13 20 3 2 11 786
13 21 3 4 6 786
13 24 3 4 4 786
13 25 3 4 3 786
13 26 3 1 22 786
13 27 3 4 24 786
13 28 3 3 5 786
13 30 3 1 22 786
13 32 3 4 1 786
13 33 3 3 21 786
13 35 3 4 17 786
13 36 3 3 2 786
13 38 3 3 25 786
13 39 3 2 12 786
13 40 3 4 15 786
13 41 3 2 23 786
13 42 3 2 16 786
13 43 3 3 24 786
13 44 3 2 1 786
13 45 3 1 5 786
13 46 3 2 12 786
13 47 3 1 22 786
13 48 3 1 23 786
14 0 4 1 24 117
14 2 4 3 14 117
14 3 4 4 21 117
14 4 4 1 15 117
14 5 4 4 10 117
14 7 4 2 23 117
14 8 4 4 10 117
14 9 4 4 20 117
14 11 4 1 24 117
14 12 4 3 17 117
14 13 4 3 1 117
14 15 4 1 20 117
14 16 4 2 25 117
14 17 4 2 1 117
14 18 4 4 19 117
14 20 4 2 13 117
14 21 4 4 2 117
14 23 4 4 21 117
14 24 4 4 17 117
14 25 4 4 8 117
14 26 4 1 4 117
14 27 4 4 25 117
14 28 4 3 11 117
14 29 4 3 22 117
14 30 4 1 19 117
14 31 4 1 24 117
14 33 4 3 21 117
14 34 4 1 12 117
14 35 4 4 10 117
14 36 4 3 2 117
14 37 4 1 9 117
14 38 4 3 8 117
14 39 4 2 24 117
14 40 4 4 9 117
14 41 4 2 15 117
14 42 4 2 24 117
14 43 4 3 22 117
14 44 4 2 9 117
14 45 4 1 8 117
14 47 4 1 2 117
14 48 4 1 3 117
14 49 4 3 25 117
15 0 1 1 16 961
15 2 1 3 6 961
15 3 1 4 8 961
15 4 1 1 19 961
15 5 1 4 24 961
15 6 1 1 1 961
15 7 1 2 4 961
15 8 1 4 25 961
15 9 1 4 8 961
15 10 1 3 11 961
15 11 1 1 20 961
15 12 1 3 20 961
15 13 1 3 5 961
15 14 1 4 20 961
15 16 1 2 16 961
15 18 1 4 10 961
15 19 1 3 5 961
15 20 1 2 23 961
15 21 1 4 8 961
15 22 1 4 21 961
15 23 1 4 16 961
15 24 1 4 17 961
15 25 1 4 7 961
15 26 1 1 4 961
15 28 1 3 9 961
15 29 1 3 10 961
15 30 1 1 14 961
15 31 1 1 12 961
15 32 1 4 19 961
15 33 1 3 24 961
15 34 1 1 15 961
15 35 1 4 25 961
15 36 1 3 23 961
15 37 1 1 25 961
15 38 1 3 15 961
15 39 1 2 19 961
15 40 1 4 21 961
15 41 1 2 7 961
15 44 1 2 21 961
15 46 1 2 22 961
15 47 1 1 10 961
15 48 1 1 2 961
15 49 1 3 5 961
16 0 2 1 20 707
16 1 2 4 3 707
16 3 2 4 12 707
16 4 2 1 9 707
16 5 2 4 7 707
16 7 2 2 4 707
16 8 2 4 1 707
16 9 2 4 23 707
16 11 2 1 25 707
16 12 2 3 15 707
16 13 2 3 17 707
16 14 2 4 25 707
16 15 2 1 16 707
16 17 2 2 10 707
16 19 2 3 8 707
16 20 2 2 24 707
16 21 2 4 8 707
16 22 2 4 10 707
16 23 2 4 9 707
16 24 2 4 20 707
16 25 2 4 11 707
16 26 2 1 16 707
16 27 2 4 5 707
16 28 2 3 24 707
16 29 2 3 24 707
16 30 2 1 23 707
16 31 2 1 12 707
16 32 2 4 20 707
16 33 2 3 7 707
16 34 2 1 25 707
16 35 2 4 12 707
16 36 2 3 8 707
16 39 2 2 22 707
16 40 2 4 15 707
16 41 2 2 15 707
16 42 2 2 15 707
16 43 2 3 12 707
16 44 2 2 15 707
16 45 2 1 9 707
16 46 2 2 5 707
16 47 2 1 16 707
16 48 2 1 4 707
16 49 2 3 4 707
17 0 2 1 13 505
17 1 2 4 18 505
17 2 2 3 23 505
17 3 2 4 7 505
17 4 2 1 5 505
17 5 2 4 18 505
17 6 2 1 4 505
17 7 2 2 12 505
17 8 2 4 23 505
17 9 2 4 24 505
17 10 2 3 11 505
17 11 2 1 24 505
17 12 2 3 13 505
17 13 2 3 17 505
17 14 2 4 1 505
17 16 2 2 10 505
17 18 2 4 18 505
17 19 2 3 5 505
17 21 2 4 2 505
17 23 2 4 15 505
17 24 2 4 15 505
17 25 2 4 5 505
17 26 2 1 5 505
17 27 2 4 20 505
17 28 2 3 11 505
17 29 2 3 5 505
17 30 2 1 21 505
17 31 2 1 21 505
17 32 2 4 11 505
17 33 2 3 18 505
17 34 2 1 7 505
17 35 2 4 15 505
17 36 2 3 22 505
17 38 2 3 13 505
17 39 2 2 11 505
17 40 2 4 19 505
17 41 2 2 4 505
17 42 2 2 19 505
17 43 2 3 6 505
17 44 2 2 7 505
17 45 2 1 2 505
17 46 2 2 9 505
17 47 2 1 11 505
17 48 2 1 16 505
17 49 2 3 12 505
18 0 4 1 25 757
18 1 4 4 1 757
18 2 4 3 19 757
18 3 4 4 1 757
18 4 4 1 2 757
18 5 4 4 11 757
18 6 4 1 6 757
18 7 4 2 7 757
18 8 4 4 19 757
18 9 4 4 24 757
18 11 4 1 20 757
18 13 4 3 18 757
18 14 4 4 19 757
18 15 4 1 10 757
18 17 4 2 18 757
18 19 4 3 18 757
18 20 4 2 14 757
18 21 4 4 19 757
18 24 4 4 21 757
18 25 4 4 13 757
18 26 4 1 14 757
18 29 4 3 13 757
18 30 4 1 3 757
18 31 4 1 20 757
18 32 4 4 3 757
18 33 4 3 16 757
18 34 4 1 10 757
18 35 4 4 17 757
18 36 4 3 14 757
18 37 4 1 7 757
18 38 4 3 19 757
18 40 4 4 4 757
18 41 4 2 13 757
18 42 4 2 23 757
18 43 4 3 17 757
18 44 4 2 4 757
18 45 4 1 20 757
18 46 4 2 24 757
18 47 4 1 22 757
18 48 4 1 13 757
18 49 4 3 24 757
19 1 3 4 25 609
19 2 3 3 12 609
19 3 3 4 7 609
19 4 3 1 12 609
19 5 3 4 13 609
19 7 3 2 20 609
19 8 3 4 19 609
19 9 3 4 24 609
19 10 3 3 9 609
19 11 3 1 25 609
19 12 3 3 5 609
19 13 3 3 12 609
19 15 3 1 5 609
19 16 3 2 8 609
19 17 3 2 5 609
19 18 3 4 18 609
19 20 3 2 22 609
19 21 3 4 10 609
19 23 3 4 21 609
19 24 3 4 18 609
19 25 3 4 18 609
19 26 3 1 5 609
19 27 3 4 3 609
19 28 3 3 16 609
19 29 3 3 2 609
19 30 3 1 7 609
19 31 3 1 25 609
19 32 3 4 12 609
19 33 3 3 16 609
19 34 3 1 8 609
19 35 3 4 5 609
19 36 3 3 7 609
19 37 3 1 21 609
19 38 3 3 7 609
19 39 3 2 14 609
19 40 3 4 19 609
19 41 3 2 11 609
19 42 3 2 15 609
19 43 3 3 25 609
19 44 3 2 7 609
19 45 3 1 10 609
19 46 3 2 16 609
19 47 3 1 4 609
19 48 3 1 5 609
19 49 3 3 23 609
20 0 2 1 18 750
20 1 2 4 8 750
20 2 2 3 7 750
20 3 2 4 9 750
20 4 2 1 4 750
20 5 2 4 22 750
20 6 2 1 14 750
20 7 2 2 4 750
20 8 2 4 20 750
20 9 2 4 3 750
20 10 2 3 24 750
20 11 2 1 3 750
20 12 2 3 21 750
20 13 2 3 11 750
20 14 2 4 13 750
20 15 2 1 23 750
20 16 2 2 24 750
20 18 2 4 14 750
20 19 2 3 22 750
20 21 2 4 11 750
20 23 2 4 21 750
20 24 2 4 4 750
20 26 2 1 4 750
20 27 2 4 16 750
20 28 2 3 14 750
20 29 2 3 22 750
20 30 2 1 16 750
20 31 2 1 3 750
20 32 2 4 15 750
20 33 2 3 7 750
20 34 2 1 17 750
20 35 2 4 17 750
20 36 2 3 4 750
20 37 2 1 6 750
20 38 2 3 17 750
20 39 2 2 23 750
20 40 2 4 15 750
20 41 2 2 18 750
20 42 2 2 17 750
20 43 2 3 22 750
20 44 2 2 13 750
20 45 2 1 13 750
20 46 2 2 7 750
20 47 2 1 9 750
20 48 2 1 12 750
20 49 2 3 4 750
21 0 4 1 1 547
21 1 4 4 25 547
21 3 4 4 6 547
21 4 4 1 24 547
21 5 4 4 4 547
21 6 4 1 14 547
21 7 4 2 8 547
21 8 4 4 8 547
21 9 4 4 5 547
21 10 4 3 19 547
21 11 4 1 14 547
21 12 4 3 2 547
21 13 4 3 6 547
21 14 4 4 2 547
21 15 4 1 8 547
21 16 4 2 8 547
21 17 4 2 2 547
21 18 4 4 19 547
21 19 4 3 10 547
21 20 4 2 11 547
21 22 4 4 16 547
21 24 4 4 9 547
21 27 4 4 11 547
21 30 4 1 12 547
21 31 4 1 7 547
21 32 4 4 18 547
21 33 4 3 3 547
21 34 4 1 18 547
21 35 4 4 9 547
21 36 4 3 5 547
21 37 4 1 13 547
21 39 4 2 17 547
21 40 4 4 7 547
21 41 4 2 5 547
21 42 4 2 11 547
21 43 4 3 25 547
21 44 4 2 22 547
21 46 4 2 24 547
21 47 4 1 6 547
21 48 4 1 7 547
21 49 4 3 15 547
22 0 4 1 15 227
22 1 4 4 2 227
22 2 4 3 23 227
22 3 4 4 10 227
22 4 4 1 18 227
22 5 4 4 25 227
22 6 4 1 25 227
22 7 4 2 14 227
22 8 4 4 17 227
22 9 4 4 13 227
22 10 4 3 5 227
22 11 4 1 8 227
22 12 4 3 12 227
22 15 4 1 21 227
22 16 4 2 10 227
22 21 4 4 16 227
22 23 4 4 8 227
22 24 4 4 16 227
22 25 4 4 4 227
22 27 4 4 13 227
22 28 4 3 1 227
22 29 4 3 18 227
22 30 4 1 25 227
22 31 4 1 6 227
22 32 4 4 12 227
22 34 4 1 17 227
22 35 4 4 23 227
22 36 4 3 14 227
22 37 4 1 18 227
22 38 4 3 23 227
22 39 4 2 19 227
22 40 4 4 6 227
22 41 4 2 11 227
22 42 4 2 8 227
22 43 4 3 12 227
22 44 4 2 23 227
22 45 4 1 12 227
22 46 4 2 7 227
22 47 4 1 5 227
22 48 4 1 15 227
22 49 4 3 16 227
23 0 4 1 12 722
23 2 4 3 23 722
23 3 4 4 8 722
23 4 4 1 11 722
23 5 4 4 20 722
23 6 4 1 9 722
23 7 4 2 25 722
23 8 4 4 5 722
23 9 4 4 12 722
23 11 4 1 6 722
23 12 4 3 22 722
23 14 4 4 21 722
23 15 4 1 16 722
23 16 4 2 9 722
23 17 4 2 15 722
23 19 4 3 21 722
23 20 4 2 21 722
23 22 4 4 8 722
23 24 4 4 16 722
23 25 4 4 25 722
23 27 4 4 17 722
23 28 4 3 1 722
23 29 4 3 1 722
23 30 4 1 18 722
23 31 4 1 15 722
23 32 4 4 16 722
23 33 4 3 12 722
23 35 4 4 21 722
23 37 4 1 2 722
23 38 4 3 1 722
23 39 4 2 13 722
23 40 4 4 17 722
23 42 4 2 15 722
23 43 4 3 12 722
23 44 4 2 16 722
23 45 4 1 15 722
23 46 4 2 10 722
23 47 4 1 16 722
23 48 4 1 10 722
23 49 4 3 1 722
24 0 4 1 1 223
24 1 4 4 18 223
24 2 4 3 12 223
24 3 4 4 1 223
24 4 4 1 21 223
24 5 4 4 8 223
24 6 4 1 24 223
24 7 4 2 7 223
24 8 4 4 25 223
24 9 4 4 1 223
24 10 4 3 23 223
24 12 4 3 16 223
24 13 4 3 4 223
24 14 4 4 17 223
24 15 4 1 17 223
24 16 4 2 20 223
24 17 4 2 15 223
24 18 4 4 21 223
24 19 4 3 18 223
24 20 4 2 4 223
24 21 4 4 9 223
24 22 4 4 16 223
24 23 4 4 16 223
24 25 4 4 13 223
24 26 4 1 2 223
24 27 4 4 3 223
24 28 4 3 11 223
24 29 4 3 15 223
24 30 4 1 17 223
24 31 4 1 24 223
24 32 4 4 15 223
24 33 4 3 22 223
24 34 4 1 18 223
24 35 4 4 18 223
24 36 4 3 19 223
24 38 4 3 1 223
24 39 4 2 1 223
24 40 4 4 6 223
24 41 4 2 25 223
24 42 4 2 5 223
24 43 4 3 8 223
24 44 4 2 13 223
24 45 4 1 18 223
24 46 4 2 11 223
24 47 4 1 3 223
24 48 4 1 12 223
24 49 4 3 4 223
25 0 4 1 16 514
25 1 4 4 19 514
25 2 4 3 8 514
25 3 4 4 14 514
25 4 4 1 25 514
25 5 4 4 5 514
25 6 4 1 6 514
25 7 4 2 14 514
25 8 4 4 2 514
25 10 4 3 4 514
25 11 4 1 23 514
25 13 4 3 3 514
25 14 4 4 8 514
25 15 4 1 7 514
25 16 4 2 11 514
25 17 4 2 5 514
25 18 4 4 13 514
25 19 4 3 18 514
25 22 4 4 4 514
25 23 4 4 25 514
25 24 4 4 13 514
25 26 4 1 24 514
25 27 4 4 25 514
25 28 4 3 13 514
25 29 4 3 11 514
25 30 4 1 7 514
25 31 4 1 7 514
25 32 4 4 18 514
25 34 4 1 16 514
25 35 4 4 16 514
25 36 4 3 6 514
25 37 4 1 16 514
25 39 4 2 14 514
25 40 4 4 12 514
25 41 4 2 25 514
25 42 4 2 21 514
25 44 4 2 24 514
25 45 4 1 6 514
25 47 4 1 19 514
25 48 4 1 5 514
26 0 1 1 24 422
26 1 1 4 14 422
26 2 1 3 8 422
26 3 1 4 23 422
26 5 1 4 1 422
26 6 1 1 18 422
26 7 1 2 8 422
26 8 1 4 12 422
26 9 1 4 2 422
26 11 1 1 20 422
26 12 1 3 15 422
26 13 1 3 22 422
26 14 1 4 4 422
26 15 1 1 4 422
26 16 1 2 16 422
26 17 1 2 5 422
26 18 1 4 14 422
26 19 1 3 5 422
26 20 1 2 4 422
26 24 1 4 2 422
26 25 1 4 24 422
26 27 1 4 16 422
26 28 1 3 15 422
26 29 1 3 8 422
26 30 1 1 20 422
26 31 1 1 22 422
26 32 1 4 7 422
26 33 1 3 13 422
26 34 1 1 18 422
26 35 1 4 13 422
26 37 1 1 17 422
26 38 1 3 4 422
26 39 1 2 11 422
26 40 1 4 13 422
26 41 1 2 3 422
26 42 1 2 7 422
26 43 1 3 3 422
26 44 1 2 5 422
26 45 1 1 20 422
26 46 1 2 4 422
26 47 1 1 3 422
26 49 1 3 16 422
27 0 4 1 9 254
27 1 4 4 4 254
27 2 4 3 25 254
27 3 4 4 20 254
27 4 4 1 11 254
27 5 4 4 3 254
27 6 4 1 5 254
27 7 4 2 2 254
27 8 4 4 12 254
27 9 4 4 12 254
27 10 4 3 8 254
27 12 4 3 12 254
27 13 4 3 24 254
27 14 4 4 25 254
27 16 4 2 5 254
27 17 4 2 20 254
27 19 4 3 3 254
27 20 4 2 16 254
27 21 4 4 11 254
27 22 4 4 13 254
27 23 4 4 17 254
27 24 4 4 3 254
27 25 4 4 25 254
27 26 4 1 16 254
27 28 4 3 11 254
27 29 4 3 24 254
27 32 4 4 18 254
27 33 4 3 18 254
27 34 4 1 12 254
27 35 4 4 1 254
27 36 4 3 20 254
27 37 4 1 16 254
27 38 4 3 4 254
27 39 4 2 8 254
27 40 4 4 20 254
27 41 4 2 1 254
27 42 4 2 15 254
27 44 4 2 20 254
27 46 4 2 1 254
27 47 4 1 3 254
27 48 4 1 7 254
27 49 4 3 16 254
28 0 3 1 16 809
28 1 3 4 11 809
28 2 3 3 22 809
28 3 3 4 15 809
28 5 3 4 13 809
28 6 3 1 8 809
28 9 3 4 6 809
28 10 3 3 12 809
28 12 3 3 8 809
28 13 3 3 5 809
28 14 3 4 11 809
28 15 3 1 9 809
28 16 3 2 24 809
28 17 3 2 11 809
28 19 3 3 16 809
28 20 3 2 14 809
28 22 3 4 1 809
28 23 3 4 1 809
28 24 3 4 11 809
28 25 3 4 13 809
28 26 3 1 15 809
28 27 3 4 11 809
28 29 3 3 23 809
28 30 3 1 24 809
28 31 3 1 8 809
28 32 3 4 4 809
28 33 3 3 2 809
28 34 3 1 1 809
28 35 3 4 2 809
28 36 3 3 14 809
28 37 3 1 5 809
28 38 3 3 17 809
28 39 3 2 14 809
28 40 3 4 3 809
28 41 3 2 25 809
28 42 3 2 13 809
28 43 3 3 14 809
28 44 3 2 5 809
28 45 3 1 17 809
28 46 3 2 7 809
28 47 3 1 16 809
28 48 3 1 1 809
29 0 3 1 21 397
29 1 3 4 12 397
29 2 3 3 21 397
29 3 3 4 15 397
29 4 3 1 15 397
29 5 3 4 18 397
29 6 3 1 18 397
29 7 3 2 21 397
29 8 3 4 16 397
29 9 3 4 21 397
29 10 3 3 20 397
29 11 3 1 8 397
29 12 3 3 13 397
29 14 3 4 22 397
29 15 3 1 10 397
29 16 3 2 24 397
29 17 3 2 5 397
29 18 3 4 13 397
29 19 3 3 2 397
29 20 3 2 22 397
29 22 3 4 18 397
29 23 3 4 1 397
29 24 3 4 15 397
29 25 3 4 11 397
29 26 3 1 8 397
29 27 3 4 24 397
29 28 3 3 23 397
29 30 3 1 16 397
29 31 3 1 23 397
29 33 3 3 7 397
29 34 3 1 8 397
29 35 3 4 23 397
29 36 3 3 5 397
29 37 3 1 23 397
29 38 3 3 19 397
29 39 3 2 5 397
29 40 3 4 7 397
29 41 3 2 15 397
29 42 3 2 7 397
29 43 3 3 20 397
29 45 3 1 18 397
29 46 3 2 15 397
29 47 3 1 25 397
29 48 3 1 4 397
29 49 3 3 14 397
30 0 1 1 3 205
30 1 1 4 22 205
30 2 1 3 1 205
30 3 1 4 2 205
30 4 1 1 7 205
30 5 1 4 7 205
30 6 1 1 8 205
30 7 1 2 5 205
30 8 1 4 4 205
30 9 1 4 6 205
30 10 1 3 10 205
30 11 1 1 17 205
30 12 1 3 5 205
30 13 1 3 22 205
30 14 1 4 19 205
30 15 1 1 14 205
30 16 1 2 23 205
30 17 1 2 21 205
30 18 1 4 3 205
30 19 1 3 7 205
30 20 1 2 16 205
30 21 1 4 12 205
30 22 1 4 25 205
30 23 1 4 18 205
30 24 1 4 17 205
30 25 1 4 7 205
30 26 1 1 20 205
30 28 1 3 24 205
30 29 1 3 16 205
30 31 1 1 22 205
30 32 1 4 16 205
30 33 1 3 8 205
30 34 1 1 6 205
30 36 1 3 5 205
30 37 1 1 18 205
30 38 1 3 6 205
30 39 1 2 12 205
30 40 1 4 17 205
30 41 1 2 24 205
30 42 1 2 12 205
30 43 1 3 19 205
30 45 1 1 18 205
30 46 1 2 13 205
30 47 1 1 14 205
30 48 1 1 21 205
30 49 1 3 3 205
31 0 1 1 21 526
31 1 1 4 21 526
31 2 1 3 2 526
31 3 1 4 4 526
31 4 1 1 19 526
31 5 1 4 3 526
31 7 1 2 17 526
31 8 1 4 19 526
31 9 1 4 14 526
31 10 1 3 22 526
31 11 1 1 23 526
31 12 1 3 6 526
31 14 1 4 24 526
31 15 1 1 12 526
31 16 1 2 12 526
31 17 1 2 21 526
31 18 1 4 20 526
31 19 1 3 25 526
31 20 1 2 3 526
31 21 1 4 7 526
31 22 1 4 6 526
31 23 1 4 15 526
31 24 1 4 24 526
31 25 1 4 7 526
31 26 1 1 22 526
31 28 1 3 8 526
31 29 1 3 23 526
31 30 1 1 22 526
31 32 1 4 21 526
31 33 1 3 20 526
31 34 1 1 17 526
31 35 1 4 14 526
31 36 1 3 11 526
31 37 1 1 14 526
31 38 1 3 8 526
31 39 1 2 6 526
31 40 1 4 15 526
31 41 1 2 10 526
31 43 1 3 8 526
31 44 1 2 21 526
31 45 1 1 6 526
31 46 1 2 17 526
31 47 1 1 21 526
31 48 1 1 11 526
31 49 1 3 2 526
32 0 4 1 24 270
32 2 4 3 4 270
32 3 4 4 18 270
32 4 4 1 13 270
32 5 4 4 17 270
32 6 4 1 8 270
32 7 4 2 20 270
32 8 4 4 1 270
32 10 4 3 15 270
32 11 4 1 6 270
32 12 4 3 14 270
32 13 4 3 1 270
32 15 4 1 19 270
32 16 4 2 20 270
32 17 4 2 11 270
32 18 4 4 3 270
32 19 4 3 12 270
32 20 4 2 15 270
32 21 4 4 18 270
32 22 4 4 12 270
32 23 4 4 16 270
32 24 4 4 15 270
32 25 4 4 18 270
32 26 4 1 7 270
32 27 4 4 18 270
32 28 4 3 4 270
32 30 4 1 16 270
32 31 4 1 21 270
32 33 4 3 23 270
32 34 4 1 18 270
32 35 4 4 5 270
32 36 4 3 4 270
32 38 4 3 16 270
32 39 4 2 15 270
32 40 4 4 17 270
32 41 4 2 9 270
32 42 4 2 7 270
32 43 4 3 17 270
32 44 4 2 19 270
32 45 4 1 15 270
32 46 4 2 16 270
32 47 4 1 5 270
32 48 4 1 9 270
32 49 4 3 9 270
33 1 3 4 13 502
33 2 3 3 16 502
33 3 3 4 3 502
33 4 3 1 23 502
33 5 3 4 2 502
33 6 3 1 20 502
33 7 3 2 22 502
33 8 3 4 9 502
33 9 3 4 1 502
33 10 3 3 2 502
33 11 3 1 14 502
33 12 3 3 14 502
33 13 3 3 21 502
33 14 3 4 21 502
33 15 3 1 24 502
33 16 3 2 7 502
33 17 3 2 18 502
33 18 3 4 16 502
33 19 3 3 16 502
33 20 3 2 7 502
33 21 3 4 3 502
33 23 3 4 12 502
33 24 3 4 22 502
33 26 3 1 13 502
33 27 3 4 18 502
33 28 3 3 2 502
33 29 3 3 7 502
33 30 3 1 8 502
33 31 3 1 20 502
33 32 3 4 23 502
33 34 3 1 16 502
33 35 3 4 16 502
33 36 3 3 5 502
33 37 3 1 2 502
33 38 3 3 21 502
33 39 3 2 8 502
33 40 3 4 16 502
33 41 3 2 24 502
33 42 3 2 7 502
33 43 3 3 21 502
33 44 3 2 25 502
33 45 3 1 13 502
33 47 3 1 19 502
33 48 3 1 22 502
33 49 3 3 4 502
34 0 1 1 13 420
34 1 1 4 13 420
34 3 1 4 11 420
34 4 1 1 18 420
34 5 1 4 18 420
34 6 1 1 18 420
34 7 1 2 22 420
34 8 1 4 14 420
34 9 1 4 18 420
34 10 1 3 22 420
34 11 1 1 11 420
34 12 1 3 1 420
34 14 1 4 12 420
34 15 1 1 15 420
34 16 1 2 25 420
34 17 1 2 7 420
34 18 1 4 10 420
34 19 1 3 8 420
34 20 1 2 17 420
34 21 1 4 18 420
34 22 1 4 17 420
34 24 1 4 18 420
34 25 1 4 16 420
34 26 1 1 18 420
34 27 1 4 12 420
34 28 1 3 1 420
34 29 1 3 8 420
34 30 1 1 6 420
34 31 1 1 17 420
34 32 1 4 18 420
34 33 1 3 16 420
34 35 1 4 2 420
34 36 1 3 10 420
34 38 1 3 23 420
34 39 1 2 2 420
34 40 1 4 25 420
34 41 1 2 2 420
34 42 1 2 25 420
34 43 1 3 24 420
34 44 1 2 7 420
34 45 1 1 10 420
34 46 1 2 10 420
34 47 1 1 5 420
34 48 1 1 5 420
34 49 1 3 10 420
35 0 4 1 1 62
35 2 4 3 9 62
35 3 4 4 12 62
35 4 4 1 17 62
35 5 4 4 13 62
35 6 4 1 15 62
35 7 4 2 22 62
35 8 4 4 2 62
35 9 4 4 9 62
35 10 4 3 17 62
35 11 4 1 15 62
35 12 4 3 25 62
35 13 4 3 17 62
35 14 4 4 10 62
35 15 4 1 25 62
35 16 4 2 12 62
35 17 4 2 15 62
35 18 4 4 17 62
35 19 4 3 5 62
35 20 4 2 17 62
35 21 4 4 9 62
35 22 4 4 23 62
35 23 4 4 21 62
35 24 4 4 18 62
35 25 4 4 16 62
35 26 4 1 13 62
35 27 4 4 1 62
35 28 4 3 2 62
35 29 4 3 23 62
35 31 4 1 14 62
35 32 4 4 5 62
35 33 4 3 16 62
35 34 4 1 2 62
35 36 4 3 8 62
35 39 4 2 14 62
35 40 4 4 25 62
35 41 4 2 11 62
35 42 4 2 2 62
35 43 4 3 7 62
35 44 4 2 22 62
35 46 4 2 21 62
35 47 4 1 25 62
35 48 4 1 23 62
35 49 4 3 4 62
36 0 3 1 6 939
36 1 3 4 10 939
36 2 3 3 17 939
36 3 3 4 16 939
36 4 3 1 24 939
36 5 3 4 2 939
36 6 3 1 25 939
36 7 3 2 20 939
36 8 3 4 10 939
36 9 3 4 25 939
36 10 3 3 17 939
36 11 3 1 7 939
36 12 3 3 4 939
36 13 3 3 2 939
36 14 3 4 2 939
36 15 3 1 23 939
36 16 3 2 8 939
36 17 3 2 22 939
36 18 3 4 14 939
36 19 3 3 7 939
36 20 3 2 4 939
36 21 3 4 5 939
36 22 3 4 14 939
36 24 3 4 19 939
36 25 3 4 6 939
36 27 3 4 20 939
36 28 3 3 14 939
36 29 3 3 5 939
36 30 3 1 5 939
36 31 3 1 11 939
36 32 3 4 4 939
36 33 3 3 5 939
36 34 3 1 10 939
36 35 3 4 8 939
36 37 3 1 13 939
36 38 3 3 3 939
36 39 3 2 16 939
36 40 3 4 20 939
36 41 3 2 21 939
36 42 3 2 19 939
36 43 3 3 25 939
36 44 3 2 5 939
36 45 3 1 12 939
36 47 3 1 25 939
36 48 3 1 24 939
36 49 3 3 6 939
37 0 1 1 23 56
37 1 1 4 20 56
37 3 1 4 5 56
37 4 1 1 13 56
37 5 1 4 11 56
37 6 1 1 21 56
37 7 1 2 7 56
37 8 1 4 6 56
37 9 1 4 1 56
37 10 1 3 1 56
37 11 1 1 2 56
37 12 1 3 13 56
37 14 1 4 9 56
37 15 1 1 25 56
37 18 1 4 7 56
37 19 1 3 21 56
37 20 1 2 6 56
37 21 1 4 13 56
37 22 1 4 18 56
37 23 1 4 2 56
37 25 1 4 16 56
37 26 1 1 17 56
37 27 1 4 16 56
37 28 1 3 5 56
37 29 1 3 23 56
37 30 1 1 18 56
37 31 1 1 14 56
37 33 1 3 2 56
37 36 1 3 13 56
37 38 1 3 8 56
37 39 1 2 23 56
37 40 1 4 17 56
37 42 1 2 7 56
37 43 1 3 15 56
37 44 1 2 16 56
37 45 1 1 5 56
37 46 1 2 8 56
37 47 1 1 3 56
37 48 1 1 13 56
37 49 1 3 12 56
38 0 3 1 25 470
38 1 3 4 4 470
38 2 3 3 22 470
38 3 3 4 25 470
38 4 3 1 15 470
38 5 3 4 1 470
38 6 3 1 10 470
38 7 3 2 14 470
38 8 3 4 15 470
38 9 3 4 16 470
38 10 3 3 23 470
38 11 3 1 6 470
38 12 3 3 24 470
38 13 3 3 25 470
38 14 3 4 8 470
38 15 3 1 15 470
38 17 3 2 13 470
38 18 3 4 19 470
38 19 3 3 7 470
38 20 3 2 17 470
38 22 3 4 23 470
38 23 3 4 1 470
38 24 3 4 1 470
38 26 3 1 4 470
38 27 3 4 4 470
38 28 3 3 17 470
38 29 3 3 19 470
38 30 3 1 6 470
38 31 3 1 8 470
38 32 3 4 16 470
38 33 3 3 21 470
38 34 3 1 23 470
38 36 3 3 3 470
38 37 3 1 8 470
38 39 3 2 9 470
38 40 3 4 15 470
38 41 3 2 2 470
38 43 3 3 8 470
38 45 3 1 8 470
38 46 3 2 4 470
38 48 3 1 15 470
38 49 3 3 24 470
39 0 2 1 20 736
39 1 2 4 1 736
39 2 2 3 4 736
39 3 2 4 18 736
39 5 2 4 5 736
39 6 2 1 6 736
39 7 2 2 24 736
39 8 2 4 15 736
39 9 2 4 4 736
39 10 2 3 2 736
39 11 2 1 16 736
39 12 2 3 6 736
39 13 2 3 12 736
39 14 2 4 24 736
39 15 2 1 19 736
39 16 2 2 22 736
39 17 2 2 11 736
39 19 2 3 14 736
39 20 2 2 23 736
39 21 2 4 17 736
39 22 2 4 19 736
39 23 2 4 13 736
39 24 2 4 1 736
39 25 2 4 14 736
39 26 2 1 11 736
39 27 2 4 8 736
39 28 2 3 14 736
39 29 2 3 5 736
39 30 2 1 12 736
39 31 2 1 6 736
39 32 2 4 15 736
39 33 2 3 8 736
39 34 2 1 2 736
39 35 2 4 14 736
39 36 2 3 16 736
39 37 2 1 23 736
39 38 2 3 9 736
39 40 2 4 8 736
39 41 2 2 3 736
39 42 2 2 5 736
39 43 2 3 12 736
39 44 2 2 10 736
39 45 2 1 5 736
39 46 2 2 9 736
39 47 2 1 19 736
39 48 2 1 12 736
39 49 2 3 10 736
40 0 4 1 25 606
40 1 4 4 7 606
40 2 4 3 21 606
40 3 4 4 15 606
40 4 4 1 18 606
40 5 4 4 3 606
40 6 4 1 6 606
40 9 4 4 24 606
40 10 4 3 11 606
40 11 4 1 7 606
40 12 4 3 18 606
40 13 4 3 15 606
40 14 4 4 9 606
40 15 4 1 21 606
40 16 4 2 15 606
40 17 4 2 19 606
40 18 4 4 4 606
40 19 4 3 19 606
40 20 4 2 15 606
40 21 4 4 7 606
40 22 4 4 6 606
40 23 4 4 17 606
40 24 4 4 6 606
40 25 4 4 12 606
40 26 4 1 13 606
40 27 4 4 20 606
40 28 4 3 3 606
40 29 4 3 7 606
40 30 4 1 17 606
40 31 4 1 15 606
40 32 4 4 17 606
40 33 4 3 16 606
40 34 4 1 25 606
40 35 4 4 25 606
40 36 4 3 20 606
40 37 4 1 17 606
40 38 4 3 15 606
40 39 4 2 8 606
40 41 4 2 18 606
40 42 4 2 18 606
40 43 4 3 3 606
40 44 4 2 18 606
40 45 4 1 25 606
40 46 4 2 25 606
40 47 4 1 4 606
40 48 4 1 8 606
40 49 4 3 18 606
41 0 2 1 7 634
41 1 2 4 8 634
41 2 2 3 3 634
41 3 2 4 7 634
41 4 2 1 6 634
41 6 2 1 11 634
41 7 2 2 24 634
41 8 2 4 2 634
41 9 2 4 19 634
41 10 2 3 16 634
41 11 2 1 9 634
41 12 2 3 16 634
41 13 2 3 23 634
41 14 2 4 15 634
41 15 2 1 7 634
41 16 2 2 15 634
41 17 2 2 4 634
41 18 2 4 13 634
41 19 2 3 11 634
41 20 2 2 18 634
41 21 2 4 5 634
41 22 2 4 11 634
41 24 2 4 25 634
41 25 2 4 25 634
41 26 2 1 3 634
41 27 2 4 1 634
41 28 2 3 25 634
41 29 2 3 15 634
41 30 2 1 24 634
41 31 2 1 10 634
41 32 2 4 9 634
41 33 2 3 24 634
41 34 2 1 2 634
41 35 2 4 11 634
41 36 2 3 21 634
41 38 2 3 2 634
41 39 2 2 3 634
41 40 2 4 18 634
41 42 2 2 11 634
41 44 2 2 22 634
41 45 2 1 24 634
41 46 2 2 3 634
41 47 2 1 17 634
41 48 2 1 8 634
41 49 2 3 8 634
42 0 2 1 8 854
42 1 2 4 4 854
42 2 2 3 5 854
42 3 2 4 20 854
42 4 2 1 14 854
42 5 2 4 5 854
42 6 2 1 21 854
42 7 2 2 11 854
42 8 2 4 8 854
42 9 2 4 15 854
42 11 2 1 21 854
42 12 2 3 20 854
42 13 2 3 16 854
42 14 2 4 24 854
42 16 2 2 15 854
42 17 2 2 19 854
42 18 2 4 23 854
42 19 2 3 15 854
42 20 2 2 17 854
42 21 2 4 11 854
42 22 2 4 8 854
42 23 2 4 15 854
42 24 2 4 5 854
42 25 2 4 21 854
42 26 2 1 7 854
42 27 2 4 15 854
42 28 2 3 13 854
42 29 2 3 7 854
42 30 2 1 12 854
42 32 2 4 7 854
42 33 2 3 7 854
42 34 2 1 25 854
42 35 2 4 2 854
42 36 2 3 19 854
42 37 2 1 7 854
42 39 2 2 5 854
42 40 2 4 18 854
42 41 2 2 11 854
42 43 2 3 1 854
42 44 2 2 1 854
42 45 2 1 13 854
42 46 2 2 18 854
42 47 2 1 4 854
42 49 2 3 12 854
43 0 3 1 10 963
43 1 3 4 17 963
43 2 3 3 16 963
43 3 3 4 2 963
43 4 3 1 7 963
43 5 3 4 18 963
43 6 3 1 10 963
43 7 3 2 16 963
43 8 3 4 14 963
43 9 3 4 22 963
43 10 3 3 20 963
43 11 3 1 17 963
43 12 3 3 23 963
43 13 3 3 24 963
43 14 3 4 22 963
43 16 3 2 12 963
43 17 3 2 6 963
43 18 3 4 17 963
43 19 3 3 25 963
43 20 3 2 22 963
43 21 3 4 25 963
43 22 3 4 12 963
43 23 3 4 12 963
43 24 3 4 8 963
43 26 3 1 3 963
43 28 3 3 14 963
43 29 3 3 20 963
43 30 3 1 19 963
43 31 3 1 8 963
43 32 3 4 17 963
43 33 3 3 21 963
43 34 3 1 24 963
43 35 3 4 7 963
43 36 3 3 25 963
43 37 3 1 15 963
43 38 3 3 8 963
43 39 3 2 12 963
43 40 3 4 3 963
43 42 3 2 1 963
43 44 3 2 2 963
43 45 3 1 20 963
43 46 3 2 12 963
43 47 3 1 7 963
43 48 3 1 2 963
43 49 3 3 23 963
44 0 2 1 22 505
44 1 2 4 14 505
44 2 2 3 17 505
44 3 2 4 3 505
44 4 2 1 4 505
44 5 2 4 24 505
44 6 2 1 20 505
44 7 2 2 16 505
44 8 2 4 23 505
44 9 2 4 24 505
44 10 2 3 1 505
44 11 2 1 10 505
44 12 2 3 4 505
44 13 2 3 1 505
44 14 2 4 9 505
44 15 2 1 21 505
44 16 2 2 15 505
44 17 2 2 7 505
44 18 2 4 4 505
44 19 2 3 7 505
44 20 2 2 13 505
44 21 2 4 22 505
44 22 2 4 23 505
44 23 2 4 16 505
44 24 2 4 13 505
44 25 2 4 24 505
44 26 2 1 5 505
44 27 2 4 20 505
44 28 2 3 5 505
44 31 2 1 21 505
44 32 2 4 19 505
44 33 2 3 25 505
44 34 2 1 7 505
44 35 2 4 22 505
44 36 2 3 5 505
44 37 2 1 16 505
44 39 2 2 10 505
44 40 2 4 18 505
44 41 2 2 22 505
44 42 2 2 1 505
44 43 2 3 2 505
44 45 2 1 8 505
44 46 2 2 19 505
44 47 2 1 7 505
44 48 2 1 11 505
44 49 2 3 1 505
45 0 1 1 2 881
45 1 1 4 3 881
45 2 1 3 13 881
45 3 1 4 16 881
45 4 1 1 5 881
45 5 1 4 24 881
45 6 1 1 24 881
45 7 1 2 1 881
45 8 1 4 24 881
45 9 1 4 2 881
45 10 1 3 3 881
45 11 1 1 3 881
45 13 1 3 5 881
45 14 1 4 8 881
45 16 1 2 9 881
45 17 1 2 2 881
45 18 1 4 20 881
45 19 1 3 10 881
45 20 1 2 13 881
45 22 1 4 12 881
45 23 1 4 15 881
45 24 1 4 18 881
45 25 1 4 6 881
45 26 1 1 20 881
45 28 1 3 17 881
45 29 1 3 18 881
45 30 1 1 18 881
45 31 1 1 6 881
45 32 1 4 15 881
45 33 1 3 13 881
45 34 1 1 10 881
45 36 1 3 12 881
45 37 1 1 5 881
45 38 1 3 8 881
45 39 1 2 5 881
45 40 1 4 25 881
45 41 1 2 24 881
45 42 1 2 13 881
45 43 1 3 20 881
45 44 1 2 8 881
45 46 1 2 9 881
45 47 1 1 11 881
45 48 1 1 13 881
45 49 1 3 8 881
46 1 2 4 2 871
46 2 2 3 25 871
46 3 2 4 21 871
46 5 2 4 22 871
46 6 2 1 22 871
46 7 2 2 16 871
46 8 2 4 11 871
46 9 2 4 22 871
46 10 2 3 13 871
46 11 2 1 24 871
46 12 2 3 3 871
46 13 2 3 12 871
46 15 2 1 22 871
46 16 2 2 5 871
46 17 2 2 9 871
46 18 2 4 24 871
46 19 2 3 16 871
46 20 2 2 7 871
46 21 2 4 24 871
46 22 2 4 7 871
46 23 2 4 10 871
46 24 2 4 11 871
46 26 2 1 4 871
46 27 2 4 1 871
46 28 2 3 7 871
46 29 2 3 15 871
46 30 2 1 13 871
46 31 2 1 17 871
46 32 2 4 16 871
46 34 2 1 10 871
46 35 2 4 21 871
46 37 2 1 8 871
46 38 2 3 4 871
46 39 2 2 9 871
46 40 2 4 25 871
46 41 2 2 3 871
46 42 2 2 18 871
46 43 2 3 12 871
46 44 2 2 19 871
46 45 2 1 9 871
46 47 2 1 10 871
46 48 2 1 4 871
46 49 2 3 7 871
47 0 1 1 16 447
47 1 1 4 1 447
47 2 1 3 13 447
47 3 1 4 17 447
47 4 1 1 16 447
47 5 1 4 19 447
47 6 1 1 7 447
47 7 1 2 21 447
47 8 1 4 20 447
47 10 1 3 13 447
47 11 1 1 12 447
47 12 1 3 25 447
47 13 1 3 22 447
47 14 1 4 2 447
47 15 1 1 10 447
47 16 1 2 16 447
47 17 1 2 11 447
47 18 1 4 22 447
47 19 1 3 4 447
47 20 1 2 9 447
47 21 1 4 6 447
47 22 1 4 5 447
47 23 1 4 16 447
47 24 1 4 3 447
47 25 1 4 19 447
47 26 1 1 3 447
47 27 1 4 3 447
47 28 1 3 16 447
47 29 1 3 25 447
47 30 1 1 14 447
47 31 1 1 21 447
47 32 1 4 5 447
47 33 1 3 19 447
47 34 1 1 5 447
47 35 1 4 25 447
47 36 1 3 25 447
47 37 1 1 3 447
47 39 1 2 19 447
47 40 1 4 4 447
47 41 1 2 17 447
47 42 1 2 4 447
47 43 1 3 7 447
47 44 1 2 7 447
47 45 1 1 11 447
47 46 1 2 10 447
47 49 1 3 25 447
48 0 1 1 6 492
48 1 1 4 19 492
48 2 1 3 17 492
48 4 1 1 9 492
48 5 1 4 20 492
48 6 1 1 10 492
48 7 1 2 6 492
48 8 1 4 18 492
48 10 1 3 20 492
48 11 1 1 18 492
48 12 1 3 24 492
48 13 1 3 23 492
48 14 1 4 3 492
48 15 1 1 2 492
48 16 1 2 4 492
48 17 1 2 16 492
48 18 1 4 13 492
48 19 1 3 5 492
48 20 1 2 12 492
48 21 1 4 7 492
48 22 1 4 15 492
48 23 1 4 10 492
48 24 1 4 12 492
48 25 1 4 5 492
48 27 1 4 7 492
48 28 1 3 1 492
48 29 1 3 4 492
48 30 1 1 21 492
48 31 1 1 11 492
48 32 1 4 9 492
48 33 1 3 22 492
48 34 1 1 5 492
48 35 1 4 23 492
48 36 1 3 24 492
48 37 1 1 13 492
48 38 1 3 15 492
48 39 1 2 12 492
48 40 1 4 8 492
48 41 1 2 8 492
48 43 1 3 2 492
48 44 1 2 11 492
48 45 1 1 13 492
48 46 1 2 4 492
48 49 1 3 21 492
49 0 3 1 21 621
49 1 3 4 15 621
49 2 3 3 16 621
49 3 3 4 8 621
49 4 3 1 14 621
49 5 3 4 22 621
49 6 3 1 7 621
49 7 3 2 5 621
49 8 3 4 16 621
49 9 3 4 7 621
49 10 3 3 13 621
49 11 3 1 8 621
49 12 3 3 20 621
49 14 3 4 25 621
49 15 3 1 5 621
49 16 3 2 4 621
49 17 3 2 12 621
49 18 3 4 24 621
49 19 3 3 23 621
49 20 3 2 4 621
49 21 3 4 15 621
49 22 3 4 16 621
49 23 3 4 1 621
49 24 3 4 4 621
49 26 3 1 16 621
49 27 3 4 16 621
49 29 3 3 14 621
49 30 3 1 3 621
49 31 3 1 2 621
49 32 3 4 9 621
49 33 3 3 4 621
49 34 3 1 10 621
49 35 3 4 4 621
49 36 3 3 6 621
49 37 3 1 12 621
49 38 3 3 24 621
49 39 3 2 10 621
49 40 3 4 18 621
49 41 3 2 8 621
49 42 3 2 12 621
49 43 3 3 23 621
49 44 3 2 1 621
49 45 3 1 8 621
49 46 3 2 7 621
49 47 3 1 25 621
49 48 3 1 21 621
