capacity  cost_by_node
nb_functions 8
12 22 73 97 11 58 38 71 99 45 32 34 62 77 64 31 67 91 45 76 65 87 18 46 81 36 
18 58 27 92 38 23 58 95 70 72 91 89 23 78 17 80 67 87 74 59 51 29 69 99 26 83 
13 25 53 33 72 75 48 22 84 45 59 48 94 42 68 16 73 61 50 76 97 98 95 79 74 46 
16 10 36 15 61 83 17 77 76 52 35 28 63 53 84 97 62 24 93 41 12 82 32 94 94 70 
18 65 94 79 82 91 78 79 87 45 83 12 80 81 25 22 48 16 58 54 17 18 70 92 74 72 
11 17 17 26 64 75 17 37 94 77 11 16 64 96 54 14 25 96 82 29 39 39 25 15 94 68 
9 93 95 49 53 22 79 100 30 38 39 50 64 74 63 94 89 87 81 50 91 67 42 14 47 16 
12 71 27 44 10 86 83 77 24 49 67 30 26 85 21 33 93 50 99 69 67 41 10 72 65 25 
