capacity  cost_by_node
nb_functions 8
13 84 42 24 71 25 60 85 59 77 86 19 84 28 88 36 48 25 30 48 84 11 42 94 77 85 
20 71 71 50 70 31 91 28 41 32 23 97 40 73 79 30 68 30 43 21 19 99 97 70 86 86 
18 100 16 68 63 72 71 37 86 94 56 86 48 12 42 28 92 33 54 35 16 60 23 18 45 62 
22 61 30 93 97 55 14 21 75 58 100 56 89 46 62 45 12 50 59 76 33 25 90 69 41 84 
13 16 11 14 81 91 10 44 57 91 82 12 68 34 99 26 45 11 60 55 12 94 53 82 97 68 
25 88 81 91 95 96 50 43 29 16 12 79 60 78 86 73 59 91 99 27 11 73 33 12 80 53 
24 55 74 65 55 28 16 84 39 16 79 32 85 60 20 79 59 67 47 25 17 24 64 62 30 18 
23 10 33 13 83 33 90 86 84 50 60 69 15 81 15 28 39 92 55 57 13 21 64 38 11 65 
