capacity  cost_by_node
nb_functions 10
27 58 27 67 93 11 36 51 33 34 27 38 48 70 82 79 75 60 87 11 60 25 24 90 93 29 28 96 26 53 89 14 86 21 94 22 85 10 44 93 46 43 68 47 84 41 18 80 29 88 31 57 70 72 90 64 81 71 67 74 59 34 56 73 91 28 19 24 22 52 44 67 29 94 32 87 73 47 93 59 17 72 34 39 100 48 14 57 46 52 40 37 97 15 96 82 45 49 41 62 22 
13 81 60 53 55 81 92 81 38 67 91 46 66 95 88 43 63 30 86 31 23 29 39 36 50 26 75 37 10 63 75 88 39 30 97 84 22 63 44 64 11 25 46 100 17 47 49 44 52 43 50 19 84 75 22 64 77 32 99 64 22 48 88 74 38 90 87 73 58 32 64 46 66 28 36 39 42 76 70 72 14 93 96 77 56 55 24 24 100 20 92 43 30 25 87 32 39 50 45 62 27 
14 13 85 59 79 98 91 88 63 53 10 22 81 69 20 16 89 19 19 71 45 75 87 52 28 87 80 59 32 40 39 16 67 81 33 80 57 74 100 40 37 23 54 27 50 96 96 60 89 48 83 78 55 15 47 19 65 77 60 52 83 84 15 97 91 73 19 12 38 100 46 40 11 97 38 46 19 33 63 52 92 34 96 35 67 38 49 81 81 96 85 99 53 18 13 48 87 63 70 95 98 
21 18 17 100 38 65 14 85 86 31 66 81 17 61 25 73 23 77 58 48 15 88 87 51 87 84 32 79 45 35 68 10 89 41 82 85 45 40 88 89 96 10 80 51 49 24 78 93 82 49 69 43 16 84 39 67 33 93 100 36 100 32 29 29 10 17 37 32 67 95 78 75 45 81 68 53 70 69 37 87 83 32 71 72 22 79 24 69 38 80 31 91 54 69 35 86 84 31 64 44 97 
22 30 69 94 90 63 58 31 75 33 92 73 38 10 50 60 44 37 55 97 66 66 24 37 70 40 41 21 31 20 10 51 94 36 35 97 30 58 56 27 84 89 62 39 98 84 36 12 43 49 14 65 87 88 20 87 89 70 96 29 18 60 10 67 16 23 22 68 32 82 35 76 33 76 24 39 24 86 99 37 91 92 20 83 25 31 27 40 27 93 25 73 46 31 73 30 36 25 19 83 21 
25 33 73 38 89 72 90 11 28 73 29 84 61 13 37 25 86 94 95 60 85 78 62 51 63 35 68 84 35 94 93 85 43 63 20 16 71 90 36 61 91 96 20 44 65 48 50 17 27 18 63 46 46 24 35 91 37 80 16 100 45 32 93 88 100 77 50 23 93 74 96 16 30 90 77 100 79 61 51 34 59 38 40 53 24 11 27 29 95 44 60 34 51 39 31 10 100 99 95 34 61 
17 23 47 55 69 61 69 10 20 27 23 60 38 21 10 86 58 59 50 33 17 74 83 48 71 94 36 56 100 80 64 88 55 70 21 85 46 12 75 88 68 76 93 27 60 61 81 91 27 10 43 17 87 81 61 55 27 32 86 27 41 40 31 65 52 24 88 62 56 64 97 90 68 13 63 91 34 70 64 78 90 87 62 83 60 54 48 35 33 61 78 57 56 72 65 63 30 66 45 96 31 
26 54 45 47 19 20 57 94 39 28 94 42 54 85 55 98 56 45 92 11 42 77 46 27 11 83 52 57 37 15 24 76 20 51 89 87 78 63 44 14 39 20 40 21 62 36 98 82 10 21 12 47 43 67 15 17 35 20 64 37 22 73 72 75 11 26 62 79 78 58 28 23 83 83 23 87 75 59 89 88 45 46 92 88 97 73 21 39 30 32 64 55 76 49 32 65 91 15 87 91 58 
25 55 23 48 67 39 13 79 22 80 32 25 27 34 81 57 38 15 89 24 20 94 88 96 76 51 81 30 59 98 65 48 12 99 76 72 36 92 82 75 84 78 19 67 91 14 58 25 33 56 14 85 56 65 88 89 29 46 44 32 82 16 80 23 27 38 38 29 45 31 32 17 26 66 19 70 92 17 23 98 75 94 86 35 62 24 72 96 49 63 20 75 84 33 50 93 53 49 95 16 28 
16 10 81 48 58 55 17 67 74 56 64 72 62 82 81 54 99 41 11 52 43 54 90 39 36 34 26 70 22 70 12 69 10 95 34 41 26 82 84 79 43 68 10 31 31 58 66 77 98 83 35 81 74 80 13 42 53 29 30 52 49 34 57 47 72 27 61 73 34 54 99 17 64 10 39 49 73 39 99 58 14 70 82 25 26 25 83 91 39 19 51 16 80 22 15 91 50 66 87 92 80 
