Node_1 Node_2 Capacity_node1 Capacity_node2 Latency_arc node_cost
nb_nodes 100
nb_arcs 4820
0 1 4 2 19 928
0 2 4 3 5 928
0 7 4 1 4 928
0 8 4 1 17 928
0 10 4 5 23 928
0 14 4 3 22 928
0 16 4 1 4 928
0 17 4 2 11 928
0 18 4 3 12 928
0 21 4 1 19 928
0 22 4 1 2 928
0 23 4 3 11 928
0 24 4 1 22 928
0 27 4 1 23 928
0 28 4 4 9 928
0 30 4 4 17 928
0 34 4 1 5 928
0 37 4 4 6 928
0 39 4 4 10 928
0 40 4 5 21 928
0 41 4 4 23 928
0 43 4 2 6 928
0 45 4 4 23 928
0 46 4 4 24 928
0 49 4 1 6 928
0 50 4 4 8 928
0 51 4 4 9 928
0 57 4 1 4 928
0 59 4 4 7 928
0 61 4 2 11 928
0 64 4 1 6 928
0 66 4 3 5 928
0 69 4 2 5 928
0 71 4 5 6 928
0 75 4 4 18 928
0 76 4 2 6 928
0 77 4 4 17 928
0 80 4 4 15 928
0 81 4 4 4 928
0 84 4 3 17 928
0 85 4 3 1 928
0 87 4 2 23 928
0 89 4 1 5 928
0 93 4 2 12 928
0 94 4 5 4 928
0 97 4 3 2 928
1 0 2 4 19 962
1 2 2 3 4 962
1 3 2 1 24 962
1 5 2 2 15 962
1 7 2 1 23 962
1 8 2 1 20 962
1 9 2 1 16 962
1 10 2 5 5 962
1 11 2 1 23 962
1 12 2 3 21 962
1 16 2 1 7 962
1 17 2 2 23 962
1 23 2 3 24 962
1 24 2 1 21 962
1 27 2 1 5 962
1 30 2 4 20 962
1 31 2 5 19 962
1 32 2 4 19 962
1 34 2 1 11 962
1 36 2 4 22 962
1 37 2 4 25 962
1 38 2 3 15 962
1 39 2 4 12 962
1 40 2 5 20 962
1 44 2 1 12 962
1 45 2 4 8 962
1 46 2 4 9 962
1 47 2 5 3 962
1 49 2 1 5 962
1 52 2 3 16 962
1 57 2 1 22 962
1 58 2 4 6 962
1 61 2 2 11 962
1 62 2 1 9 962
1 64 2 1 11 962
1 65 2 5 1 962
1 68 2 3 3 962
1 71 2 5 17 962
1 77 2 4 3 962
1 79 2 2 15 962
1 81 2 4 24 962
1 82 2 5 11 962
1 83 2 1 24 962
1 84 2 3 10 962
1 85 2 3 16 962
1 86 2 2 24 962
1 87 2 2 14 962
1 88 2 3 6 962
1 89 2 1 10 962
1 90 2 4 3 962
1 92 2 5 2 962
1 93 2 2 1 962
1 96 2 2 22 962
1 97 2 3 16 962
1 98 2 5 7 962
1 99 2 4 5 962
2 0 3 4 5 410
2 1 3 2 4 410
2 3 3 1 24 410
2 4 3 4 10 410
2 7 3 1 1 410
2 8 3 1 5 410
2 10 3 5 22 410
2 11 3 1 4 410
2 14 3 3 24 410
2 16 3 1 9 410
2 21 3 1 8 410
2 23 3 3 6 410
2 26 3 3 8 410
2 27 3 1 15 410
2 29 3 3 6 410
2 30 3 4 19 410
2 35 3 4 1 410
2 36 3 4 19 410
2 38 3 3 1 410
2 39 3 4 7 410
2 42 3 2 20 410
2 43 3 2 9 410
2 46 3 4 19 410
2 48 3 5 25 410
2 50 3 4 4 410
2 51 3 4 21 410
2 52 3 3 7 410
2 53 3 3 24 410
2 60 3 5 11 410
2 62 3 1 2 410
2 63 3 5 10 410
2 64 3 1 2 410
2 66 3 3 7 410
2 69 3 2 14 410
2 74 3 4 23 410
2 75 3 4 15 410
2 76 3 2 21 410
2 78 3 4 20 410
2 81 3 4 2 410
2 82 3 5 11 410
2 83 3 1 3 410
2 85 3 3 22 410
2 86 3 2 15 410
2 88 3 3 2 410
2 91 3 5 25 410
2 92 3 5 10 410
2 93 3 2 25 410
2 94 3 5 25 410
2 98 3 5 14 410
3 1 1 2 24 854
3 2 1 3 24 854
3 4 1 4 21 854
3 5 1 2 18 854
3 6 1 4 6 854
3 7 1 1 9 854
3 8 1 1 3 854
3 9 1 1 14 854
3 13 1 4 10 854
3 15 1 3 10 854
3 16 1 1 18 854
3 21 1 1 1 854
3 22 1 1 2 854
3 25 1 3 20 854
3 27 1 1 16 854
3 28 1 4 10 854
3 29 1 3 18 854
3 32 1 4 4 854
3 34 1 1 25 854
3 36 1 4 3 854
3 38 1 3 14 854
3 40 1 5 17 854
3 43 1 2 16 854
3 44 1 1 3 854
3 45 1 4 6 854
3 47 1 5 7 854
3 49 1 1 4 854
3 50 1 4 25 854
3 53 1 3 2 854
3 62 1 1 12 854
3 63 1 5 11 854
3 65 1 5 15 854
3 66 1 3 20 854
3 68 1 3 14 854
3 69 1 2 20 854
3 73 1 4 1 854
3 74 1 4 2 854
3 80 1 4 19 854
3 83 1 1 15 854
3 85 1 3 2 854
3 87 1 2 21 854
3 89 1 1 14 854
3 91 1 5 15 854
3 93 1 2 10 854
3 95 1 2 8 854
3 98 1 5 6 854
3 99 1 4 5 854
4 2 4 3 10 695
4 3 4 1 21 695
4 10 4 5 11 695
4 11 4 1 8 695
4 12 4 3 20 695
4 13 4 4 18 695
4 15 4 3 1 695
4 16 4 1 2 695
4 17 4 2 5 695
4 20 4 1 5 695
4 21 4 1 13 695
4 26 4 3 20 695
4 27 4 1 8 695
4 28 4 4 10 695
4 29 4 3 15 695
4 30 4 4 14 695
4 33 4 2 25 695
4 35 4 4 20 695
4 36 4 4 20 695
4 38 4 3 13 695
4 39 4 4 12 695
4 40 4 5 11 695
4 44 4 1 2 695
4 45 4 4 1 695
4 47 4 5 6 695
4 50 4 4 3 695
4 51 4 4 9 695
4 52 4 3 18 695
4 53 4 3 14 695
4 55 4 2 4 695
4 56 4 2 4 695
4 59 4 4 6 695
4 61 4 2 19 695
4 63 4 5 2 695
4 64 4 1 20 695
4 65 4 5 25 695
4 67 4 5 14 695
4 68 4 3 5 695
4 69 4 2 4 695
4 71 4 5 1 695
4 73 4 4 3 695
4 74 4 4 18 695
4 76 4 2 18 695
4 80 4 4 24 695
4 81 4 4 4 695
4 82 4 5 11 695
4 83 4 1 11 695
4 84 4 3 25 695
4 87 4 2 4 695
4 88 4 3 17 695
4 89 4 1 25 695
4 92 4 5 20 695
4 94 4 5 25 695
4 97 4 3 16 695
4 98 4 5 20 695
4 99 4 4 22 695
5 1 2 2 15 128
5 3 2 1 18 128
5 6 2 4 1 128
5 7 2 1 2 128
5 10 2 5 19 128
5 11 2 1 23 128
5 12 2 3 2 128
5 13 2 4 11 128
5 14 2 3 21 128
5 15 2 3 21 128
5 17 2 2 15 128
5 18 2 3 12 128
5 21 2 1 24 128
5 23 2 3 25 128
5 24 2 1 10 128
5 27 2 1 22 128
5 28 2 4 19 128
5 33 2 2 23 128
5 37 2 4 4 128
5 40 2 5 19 128
5 41 2 4 10 128
5 42 2 2 13 128
5 43 2 2 19 128
5 47 2 5 12 128
5 49 2 1 5 128
5 50 2 4 12 128
5 51 2 4 22 128
5 53 2 3 8 128
5 54 2 2 16 128
5 55 2 2 15 128
5 59 2 4 18 128
5 60 2 5 2 128
5 63 2 5 21 128
5 64 2 1 2 128
5 66 2 3 1 128
5 69 2 2 15 128
5 70 2 4 6 128
5 71 2 5 23 128
5 73 2 4 5 128
5 77 2 4 8 128
5 78 2 4 20 128
5 79 2 2 12 128
5 85 2 3 4 128
5 87 2 2 14 128
5 91 2 5 9 128
5 93 2 2 23 128
5 94 2 5 6 128
5 97 2 3 1 128
6 3 4 1 6 863
6 5 4 2 1 863
6 7 4 1 7 863
6 12 4 3 10 863
6 16 4 1 1 863
6 17 4 2 7 863
6 20 4 1 19 863
6 25 4 3 22 863
6 26 4 3 21 863
6 27 4 1 25 863
6 28 4 4 17 863
6 29 4 3 15 863
6 33 4 2 6 863
6 37 4 4 8 863
6 39 4 4 14 863
6 42 4 2 13 863
6 43 4 2 7 863
6 48 4 5 23 863
6 49 4 1 19 863
6 53 4 3 9 863
6 54 4 2 21 863
6 55 4 2 24 863
6 56 4 2 10 863
6 60 4 5 1 863
6 64 4 1 15 863
6 66 4 3 4 863
6 69 4 2 11 863
6 73 4 4 16 863
6 74 4 4 18 863
6 75 4 4 23 863
6 76 4 2 19 863
6 79 4 2 7 863
6 80 4 4 11 863
6 82 4 5 6 863
6 83 4 1 9 863
6 84 4 3 13 863
6 85 4 3 25 863
6 87 4 2 14 863
6 89 4 1 5 863
6 90 4 4 11 863
6 91 4 5 5 863
6 92 4 5 14 863
6 93 4 2 20 863
6 94 4 5 19 863
6 95 4 2 10 863
6 96 4 2 15 863
6 98 4 5 6 863
6 99 4 4 12 863
7 0 1 4 4 696
7 1 1 2 23 696
7 2 1 3 1 696
7 3 1 1 9 696
7 5 1 2 2 696
7 6 1 4 7 696
7 8 1 1 13 696
7 9 1 1 11 696
7 10 1 5 13 696
7 12 1 3 19 696
7 13 1 4 4 696
7 15 1 3 4 696
7 16 1 1 12 696
7 19 1 1 15 696
7 20 1 1 11 696
7 21 1 1 2 696
7 22 1 1 20 696
7 25 1 3 1 696
7 27 1 1 20 696
7 31 1 5 21 696
7 33 1 2 4 696
7 34 1 1 14 696
7 36 1 4 25 696
7 37 1 4 21 696
7 38 1 3 12 696
7 39 1 4 2 696
7 40 1 5 15 696
7 45 1 4 18 696
7 46 1 4 24 696
7 48 1 5 14 696
7 49 1 1 6 696
7 50 1 4 1 696
7 51 1 4 8 696
7 52 1 3 17 696
7 53 1 3 20 696
7 54 1 2 10 696
7 55 1 2 3 696
7 56 1 2 19 696
7 57 1 1 4 696
7 58 1 4 18 696
7 59 1 4 23 696
7 60 1 5 9 696
7 62 1 1 9 696
7 66 1 3 3 696
7 67 1 5 22 696
7 69 1 2 2 696
7 70 1 4 17 696
7 73 1 4 17 696
7 74 1 4 25 696
7 76 1 2 2 696
7 79 1 2 11 696
7 80 1 4 24 696
7 83 1 1 2 696
7 84 1 3 22 696
7 86 1 2 14 696
7 90 1 4 18 696
7 92 1 5 10 696
7 93 1 2 22 696
7 95 1 2 14 696
7 97 1 3 13 696
7 98 1 5 1 696
7 99 1 4 12 696
8 0 1 4 17 124
8 1 1 2 20 124
8 2 1 3 5 124
8 3 1 1 3 124
8 7 1 1 13 124
8 10 1 5 4 124
8 11 1 1 12 124
8 12 1 3 10 124
8 14 1 3 2 124
8 16 1 1 11 124
8 19 1 1 25 124
8 20 1 1 3 124
8 21 1 1 22 124
8 24 1 1 22 124
8 26 1 3 19 124
8 27 1 1 6 124
8 29 1 3 24 124
8 30 1 4 17 124
8 33 1 2 9 124
8 34 1 1 14 124
8 37 1 4 13 124
8 39 1 4 5 124
8 42 1 2 14 124
8 44 1 1 10 124
8 46 1 4 7 124
8 49 1 1 18 124
8 50 1 4 12 124
8 57 1 1 7 124
8 58 1 4 8 124
8 61 1 2 12 124
8 62 1 1 18 124
8 65 1 5 23 124
8 68 1 3 15 124
8 70 1 4 4 124
8 71 1 5 19 124
8 72 1 1 9 124
8 74 1 4 11 124
8 77 1 4 20 124
8 78 1 4 21 124
8 79 1 2 11 124
8 80 1 4 23 124
8 81 1 4 18 124
8 85 1 3 2 124
8 89 1 1 22 124
8 93 1 2 5 124
8 94 1 5 16 124
8 95 1 2 17 124
8 96 1 2 23 124
8 99 1 4 19 124
9 1 1 2 16 429
9 3 1 1 14 429
9 7 1 1 11 429
9 15 1 3 12 429
9 16 1 1 23 429
9 18 1 3 11 429
9 19 1 1 22 429
9 21 1 1 5 429
9 23 1 3 14 429
9 24 1 1 16 429
9 25 1 3 5 429
9 26 1 3 7 429
9 27 1 1 16 429
9 28 1 4 9 429
9 33 1 2 14 429
9 34 1 1 22 429
9 35 1 4 14 429
9 37 1 4 5 429
9 38 1 3 22 429
9 41 1 4 12 429
9 43 1 2 19 429
9 45 1 4 16 429
9 46 1 4 19 429
9 51 1 4 18 429
9 53 1 3 20 429
9 56 1 2 22 429
9 57 1 1 11 429
9 59 1 4 23 429
9 62 1 1 9 429
9 64 1 1 6 429
9 66 1 3 7 429
9 68 1 3 21 429
9 72 1 1 7 429
9 75 1 4 18 429
9 78 1 4 25 429
9 81 1 4 9 429
9 82 1 5 19 429
9 83 1 1 5 429
9 84 1 3 1 429
9 85 1 3 1 429
9 86 1 2 19 429
9 90 1 4 25 429
9 92 1 5 1 429
9 95 1 2 2 429
9 96 1 2 9 429
9 98 1 5 25 429
9 99 1 4 9 429
10 0 5 4 23 625
10 1 5 2 5 625
10 2 5 3 22 625
10 4 5 4 11 625
10 5 5 2 19 625
10 7 5 1 13 625
10 8 5 1 4 625
10 11 5 1 21 625
10 13 5 4 10 625
10 14 5 3 1 625
10 15 5 3 8 625
10 16 5 1 2 625
10 17 5 2 2 625
10 20 5 1 1 625
10 23 5 3 15 625
10 25 5 3 15 625
10 27 5 1 3 625
10 28 5 4 14 625
10 29 5 3 5 625
10 30 5 4 3 625
10 33 5 2 6 625
10 36 5 4 18 625
10 37 5 4 17 625
10 38 5 3 17 625
10 40 5 5 23 625
10 41 5 4 12 625
10 42 5 2 3 625
10 45 5 4 22 625
10 47 5 5 16 625
10 48 5 5 11 625
10 52 5 3 10 625
10 54 5 2 14 625
10 55 5 2 2 625
10 56 5 2 19 625
10 58 5 4 20 625
10 59 5 4 7 625
10 61 5 2 22 625
10 63 5 5 16 625
10 65 5 5 17 625
10 70 5 4 17 625
10 72 5 1 22 625
10 75 5 4 6 625
10 76 5 2 14 625
10 77 5 4 22 625
10 82 5 5 3 625
10 83 5 1 19 625
10 85 5 3 8 625
10 86 5 2 19 625
10 89 5 1 18 625
10 91 5 5 21 625
10 92 5 5 8 625
10 96 5 2 7 625
10 97 5 3 5 625
10 98 5 5 16 625
11 1 1 2 23 138
11 2 1 3 4 138
11 4 1 4 8 138
11 5 1 2 23 138
11 8 1 1 12 138
11 10 1 5 21 138
11 12 1 3 5 138
11 13 1 4 1 138
11 18 1 3 12 138
11 20 1 1 17 138
11 22 1 1 7 138
11 23 1 3 10 138
11 24 1 1 20 138
11 26 1 3 3 138
11 28 1 4 21 138
11 29 1 3 4 138
11 31 1 5 15 138
11 32 1 4 14 138
11 33 1 2 17 138
11 34 1 1 6 138
11 36 1 4 5 138
11 37 1 4 11 138
11 44 1 1 21 138
11 45 1 4 20 138
11 49 1 1 7 138
11 50 1 4 19 138
11 54 1 2 22 138
11 59 1 4 16 138
11 61 1 2 19 138
11 63 1 5 17 138
11 66 1 3 1 138
11 67 1 5 20 138
11 68 1 3 12 138
11 69 1 2 14 138
11 70 1 4 20 138
11 72 1 1 11 138
11 73 1 4 20 138
11 74 1 4 17 138
11 75 1 4 23 138
11 76 1 2 20 138
11 77 1 4 21 138
11 79 1 2 18 138
11 80 1 4 17 138
11 82 1 5 7 138
11 88 1 3 9 138
11 90 1 4 20 138
11 92 1 5 1 138
11 93 1 2 24 138
11 94 1 5 14 138
11 99 1 4 23 138
12 1 3 2 21 945
12 4 3 4 20 945
12 5 3 2 2 945
12 6 3 4 10 945
12 7 3 1 19 945
12 8 3 1 10 945
12 11 3 1 5 945
12 13 3 4 21 945
12 14 3 3 19 945
12 16 3 1 8 945
12 19 3 1 13 945
12 24 3 1 6 945
12 27 3 1 2 945
12 28 3 4 8 945
12 29 3 3 10 945
12 32 3 4 2 945
12 38 3 3 24 945
12 39 3 4 19 945
12 41 3 4 24 945
12 42 3 2 5 945
12 48 3 5 11 945
12 51 3 4 10 945
12 52 3 3 11 945
12 53 3 3 2 945
12 55 3 2 16 945
12 56 3 2 19 945
12 57 3 1 1 945
12 58 3 4 14 945
12 59 3 4 25 945
12 61 3 2 15 945
12 62 3 1 3 945
12 70 3 4 5 945
12 73 3 4 5 945
12 75 3 4 11 945
12 76 3 2 16 945
12 77 3 4 3 945
12 79 3 2 16 945
12 83 3 1 24 945
12 85 3 3 10 945
12 87 3 2 16 945
12 90 3 4 4 945
12 91 3 5 24 945
12 92 3 5 23 945
13 3 4 1 10 870
13 4 4 4 18 870
13 5 4 2 11 870
13 7 4 1 4 870
13 10 4 5 10 870
13 11 4 1 1 870
13 12 4 3 21 870
13 16 4 1 7 870
13 19 4 1 8 870
13 22 4 1 1 870
13 23 4 3 12 870
13 24 4 1 17 870
13 25 4 3 20 870
13 26 4 3 13 870
13 27 4 1 4 870
13 28 4 4 1 870
13 29 4 3 22 870
13 30 4 4 17 870
13 33 4 2 2 870
13 35 4 4 14 870
13 36 4 4 21 870
13 37 4 4 15 870
13 39 4 4 22 870
13 40 4 5 13 870
13 41 4 4 24 870
13 42 4 2 2 870
13 45 4 4 5 870
13 46 4 4 7 870
13 48 4 5 19 870
13 49 4 1 4 870
13 51 4 4 4 870
13 55 4 2 7 870
13 56 4 2 5 870
13 57 4 1 10 870
13 58 4 4 20 870
13 59 4 4 8 870
13 60 4 5 6 870
13 63 4 5 4 870
13 64 4 1 22 870
13 65 4 5 19 870
13 67 4 5 22 870
13 72 4 1 8 870
13 75 4 4 2 870
13 78 4 4 14 870
13 82 4 5 4 870
13 84 4 3 13 870
13 86 4 2 20 870
13 88 4 3 10 870
13 89 4 1 17 870
13 91 4 5 24 870
13 92 4 5 16 870
13 95 4 2 24 870
13 96 4 2 9 870
13 97 4 3 25 870
13 99 4 4 8 870
14 0 3 4 22 767
14 2 3 3 24 767
14 5 3 2 21 767
14 8 3 1 2 767
14 10 3 5 1 767
14 12 3 3 19 767
14 17 3 2 21 767
14 19 3 1 13 767
14 20 3 1 10 767
14 24 3 1 9 767
14 27 3 1 25 767
14 29 3 3 21 767
14 32 3 4 21 767
14 35 3 4 16 767
14 36 3 4 9 767
14 37 3 4 7 767
14 40 3 5 9 767
14 43 3 2 21 767
14 45 3 4 8 767
14 51 3 4 24 767
14 53 3 3 21 767
14 58 3 4 22 767
14 59 3 4 9 767
14 62 3 1 24 767
14 63 3 5 21 767
14 64 3 1 1 767
14 65 3 5 20 767
14 66 3 3 23 767
14 67 3 5 21 767
14 68 3 3 11 767
14 69 3 2 1 767
14 70 3 4 7 767
14 75 3 4 3 767
14 78 3 4 25 767
14 79 3 2 4 767
14 81 3 4 24 767
14 83 3 1 11 767
14 84 3 3 8 767
14 86 3 2 25 767
14 89 3 1 10 767
14 90 3 4 21 767
14 91 3 5 12 767
14 92 3 5 19 767
14 97 3 3 23 767
15 3 3 1 10 823
15 4 3 4 1 823
15 5 3 2 21 823
15 7 3 1 4 823
15 9 3 1 12 823
15 10 3 5 8 823
15 16 3 1 5 823
15 17 3 2 8 823
15 21 3 1 22 823
15 22 3 1 24 823
15 23 3 3 23 823
15 24 3 1 16 823
15 25 3 3 1 823
15 27 3 1 3 823
15 29 3 3 2 823
15 30 3 4 13 823
15 32 3 4 11 823
15 35 3 4 20 823
15 36 3 4 22 823
15 38 3 3 6 823
15 39 3 4 11 823
15 42 3 2 5 823
15 43 3 2 11 823
15 44 3 1 11 823
15 48 3 5 8 823
15 49 3 1 6 823
15 50 3 4 14 823
15 54 3 2 15 823
15 55 3 2 9 823
15 57 3 1 22 823
15 58 3 4 9 823
15 59 3 4 15 823
15 62 3 1 2 823
15 63 3 5 18 823
15 66 3 3 1 823
15 67 3 5 25 823
15 68 3 3 4 823
15 69 3 2 7 823
15 78 3 4 15 823
15 81 3 4 8 823
15 85 3 3 21 823
15 89 3 1 9 823
15 93 3 2 24 823
15 95 3 2 13 823
15 99 3 4 25 823
16 0 1 4 4 859
16 1 1 2 7 859
16 2 1 3 9 859
16 3 1 1 18 859
16 4 1 4 2 859
16 6 1 4 1 859
16 7 1 1 12 859
16 8 1 1 11 859
16 9 1 1 23 859
16 10 1 5 2 859
16 12 1 3 8 859
16 13 1 4 7 859
16 15 1 3 5 859
16 17 1 2 7 859
16 18 1 3 19 859
16 25 1 3 9 859
16 27 1 1 8 859
16 28 1 4 16 859
16 30 1 4 12 859
16 31 1 5 18 859
16 32 1 4 4 859
16 33 1 2 19 859
16 34 1 1 7 859
16 35 1 4 1 859
16 36 1 4 8 859
16 37 1 4 25 859
16 38 1 3 22 859
16 39 1 4 22 859
16 40 1 5 24 859
16 42 1 2 21 859
16 43 1 2 20 859
16 46 1 4 4 859
16 47 1 5 4 859
16 48 1 5 9 859
16 49 1 1 25 859
16 54 1 2 10 859
16 57 1 1 8 859
16 58 1 4 18 859
16 59 1 4 4 859
16 67 1 5 10 859
16 69 1 2 15 859
16 71 1 5 1 859
16 77 1 4 3 859
16 78 1 4 19 859
16 80 1 4 5 859
16 88 1 3 4 859
16 92 1 5 11 859
16 93 1 2 9 859
16 95 1 2 12 859
17 0 2 4 11 843
17 1 2 2 23 843
17 4 2 4 5 843
17 5 2 2 15 843
17 6 2 4 7 843
17 10 2 5 2 843
17 14 2 3 21 843
17 15 2 3 8 843
17 16 2 1 7 843
17 19 2 1 23 843
17 21 2 1 25 843
17 24 2 1 18 843
17 26 2 3 19 843
17 31 2 5 14 843
17 35 2 4 12 843
17 42 2 2 10 843
17 46 2 4 13 843
17 50 2 4 2 843
17 51 2 4 23 843
17 56 2 2 5 843
17 59 2 4 10 843
17 65 2 5 13 843
17 70 2 4 4 843
17 71 2 5 2 843
17 72 2 1 3 843
17 73 2 4 13 843
17 74 2 4 15 843
17 75 2 4 14 843
17 80 2 4 15 843
17 82 2 5 3 843
17 85 2 3 20 843
17 86 2 2 12 843
17 87 2 2 18 843
17 88 2 3 9 843
17 90 2 4 16 843
17 91 2 5 16 843
17 94 2 5 14 843
17 95 2 2 8 843
17 96 2 2 17 843
17 98 2 5 8 843
17 99 2 4 5 843
18 0 3 4 12 545
18 5 3 2 12 545
18 9 3 1 11 545
18 11 3 1 12 545
18 16 3 1 19 545
18 19 3 1 11 545
18 20 3 1 18 545
18 23 3 3 13 545
18 25 3 3 18 545
18 29 3 3 23 545
18 34 3 1 18 545
18 35 3 4 21 545
18 36 3 4 20 545
18 41 3 4 19 545
18 43 3 2 22 545
18 44 3 1 10 545
18 46 3 4 2 545
18 47 3 5 6 545
18 48 3 5 20 545
18 49 3 1 20 545
18 50 3 4 4 545
18 51 3 4 6 545
18 52 3 3 6 545
18 55 3 2 11 545
18 56 3 2 22 545
18 57 3 1 14 545
18 58 3 4 22 545
18 59 3 4 10 545
18 60 3 5 2 545
18 62 3 1 9 545
18 64 3 1 6 545
18 65 3 5 7 545
18 67 3 5 18 545
18 69 3 2 4 545
18 74 3 4 7 545
18 75 3 4 25 545
18 76 3 2 24 545
18 77 3 4 16 545
18 80 3 4 5 545
18 81 3 4 11 545
18 82 3 5 21 545
18 83 3 1 18 545
18 85 3 3 11 545
18 87 3 2 7 545
18 90 3 4 11 545
18 92 3 5 6 545
18 95 3 2 22 545
18 96 3 2 8 545
18 97 3 3 11 545
18 98 3 5 15 545
19 7 1 1 15 500
19 8 1 1 25 500
19 9 1 1 22 500
19 12 1 3 13 500
19 13 1 4 8 500
19 14 1 3 13 500
19 17 1 2 23 500
19 18 1 3 11 500
19 20 1 1 3 500
19 21 1 1 17 500
19 24 1 1 10 500
19 25 1 3 10 500
19 27 1 1 24 500
19 28 1 4 20 500
19 29 1 3 23 500
19 31 1 5 4 500
19 34 1 1 1 500
19 36 1 4 13 500
19 44 1 1 15 500
19 46 1 4 24 500
19 53 1 3 15 500
19 54 1 2 2 500
19 55 1 2 24 500
19 57 1 1 5 500
19 62 1 1 19 500
19 63 1 5 25 500
19 64 1 1 10 500
19 65 1 5 8 500
19 66 1 3 20 500
19 71 1 5 4 500
19 73 1 4 22 500
19 74 1 4 1 500
19 77 1 4 16 500
19 80 1 4 9 500
19 86 1 2 11 500
19 87 1 2 7 500
19 88 1 3 12 500
19 90 1 4 11 500
19 91 1 5 21 500
19 93 1 2 12 500
19 94 1 5 4 500
19 95 1 2 24 500
19 96 1 2 19 500
19 98 1 5 23 500
20 4 1 4 5 615
20 6 1 4 19 615
20 7 1 1 11 615
20 8 1 1 3 615
20 10 1 5 1 615
20 11 1 1 17 615
20 14 1 3 10 615
20 18 1 3 18 615
20 19 1 1 3 615
20 21 1 1 2 615
20 23 1 3 17 615
20 24 1 1 3 615
20 30 1 4 16 615
20 34 1 1 9 615
20 35 1 4 17 615
20 36 1 4 23 615
20 39 1 4 13 615
20 41 1 4 19 615
20 43 1 2 2 615
20 44 1 1 20 615
20 47 1 5 14 615
20 54 1 2 3 615
20 58 1 4 12 615
20 59 1 4 17 615
20 60 1 5 24 615
20 61 1 2 8 615
20 62 1 1 8 615
20 66 1 3 10 615
20 69 1 2 7 615
20 70 1 4 16 615
20 73 1 4 17 615
20 77 1 4 7 615
20 79 1 2 9 615
20 82 1 5 2 615
20 83 1 1 1 615
20 86 1 2 12 615
20 88 1 3 19 615
20 93 1 2 23 615
20 95 1 2 16 615
20 96 1 2 24 615
20 98 1 5 1 615
21 0 1 4 19 191
21 2 1 3 8 191
21 3 1 1 1 191
21 4 1 4 13 191
21 5 1 2 24 191
21 7 1 1 2 191
21 8 1 1 22 191
21 9 1 1 5 191
21 15 1 3 22 191
21 17 1 2 25 191
21 19 1 1 17 191
21 20 1 1 2 191
21 22 1 1 25 191
21 25 1 3 13 191
21 27 1 1 5 191
21 29 1 3 9 191
21 30 1 4 16 191
21 32 1 4 17 191
21 33 1 2 17 191
21 34 1 1 22 191
21 37 1 4 12 191
21 38 1 3 22 191
21 42 1 2 12 191
21 44 1 1 2 191
21 45 1 4 7 191
21 47 1 5 4 191
21 48 1 5 4 191
21 49 1 1 16 191
21 50 1 4 10 191
21 51 1 4 16 191
21 52 1 3 16 191
21 53 1 3 24 191
21 56 1 2 7 191
21 58 1 4 25 191
21 59 1 4 16 191
21 60 1 5 25 191
21 65 1 5 13 191
21 66 1 3 10 191
21 68 1 3 2 191
21 71 1 5 8 191
21 72 1 1 12 191
21 73 1 4 23 191
21 75 1 4 11 191
21 76 1 2 15 191
21 79 1 2 2 191
21 80 1 4 15 191
21 81 1 4 13 191
21 82 1 5 3 191
21 85 1 3 16 191
21 87 1 2 21 191
21 89 1 1 6 191
21 90 1 4 15 191
21 92 1 5 12 191
21 93 1 2 6 191
21 94 1 5 14 191
21 96 1 2 19 191
21 98 1 5 19 191
21 99 1 4 17 191
22 0 1 4 2 85
22 3 1 1 2 85
22 7 1 1 20 85
22 11 1 1 7 85
22 13 1 4 1 85
22 15 1 3 24 85
22 21 1 1 25 85
22 27 1 1 13 85
22 30 1 4 22 85
22 31 1 5 11 85
22 34 1 1 1 85
22 35 1 4 14 85
22 38 1 3 8 85
22 39 1 4 2 85
22 44 1 1 10 85
22 45 1 4 15 85
22 46 1 4 7 85
22 47 1 5 13 85
22 49 1 1 11 85
22 52 1 3 20 85
22 54 1 2 13 85
22 55 1 2 11 85
22 56 1 2 10 85
22 57 1 1 4 85
22 59 1 4 2 85
22 61 1 2 8 85
22 66 1 3 15 85
22 69 1 2 7 85
22 71 1 5 25 85
22 73 1 4 3 85
22 74 1 4 8 85
22 76 1 2 23 85
22 79 1 2 13 85
22 80 1 4 15 85
22 83 1 1 8 85
22 84 1 3 15 85
22 86 1 2 25 85
22 91 1 5 16 85
22 92 1 5 22 85
22 93 1 2 10 85
22 95 1 2 15 85
22 96 1 2 19 85
22 98 1 5 21 85
23 0 3 4 11 724
23 1 3 2 24 724
23 2 3 3 6 724
23 5 3 2 25 724
23 9 3 1 14 724
23 10 3 5 15 724
23 11 3 1 10 724
23 13 3 4 12 724
23 15 3 3 23 724
23 18 3 3 13 724
23 20 3 1 17 724
23 24 3 1 20 724
23 26 3 3 8 724
23 27 3 1 25 724
23 28 3 4 12 724
23 32 3 4 22 724
23 35 3 4 3 724
23 38 3 3 9 724
23 40 3 5 16 724
23 41 3 4 23 724
23 42 3 2 6 724
23 43 3 2 4 724
23 44 3 1 14 724
23 49 3 1 13 724
23 50 3 4 11 724
23 51 3 4 6 724
23 52 3 3 23 724
23 55 3 2 12 724
23 57 3 1 11 724
23 59 3 4 18 724
23 60 3 5 24 724
23 63 3 5 9 724
23 64 3 1 8 724
23 65 3 5 13 724
23 66 3 3 15 724
23 67 3 5 6 724
23 69 3 2 19 724
23 73 3 4 10 724
23 79 3 2 11 724
23 81 3 4 15 724
23 82 3 5 11 724
23 83 3 1 25 724
23 90 3 4 7 724
23 92 3 5 24 724
23 93 3 2 21 724
23 94 3 5 11 724
23 98 3 5 10 724
24 0 1 4 22 77
24 1 1 2 21 77
24 5 1 2 10 77
24 8 1 1 22 77
24 9 1 1 16 77
24 11 1 1 20 77
24 12 1 3 6 77
24 13 1 4 17 77
24 14 1 3 9 77
24 15 1 3 16 77
24 17 1 2 18 77
24 19 1 1 10 77
24 20 1 1 3 77
24 23 1 3 20 77
24 27 1 1 8 77
24 29 1 3 24 77
24 32 1 4 5 77
24 33 1 2 13 77
24 34 1 1 25 77
24 38 1 3 23 77
24 39 1 4 25 77
24 43 1 2 8 77
24 44 1 1 2 77
24 46 1 4 5 77
24 47 1 5 1 77
24 50 1 4 7 77
24 52 1 3 12 77
24 53 1 3 19 77
24 54 1 2 3 77
24 59 1 4 22 77
24 61 1 2 9 77
24 63 1 5 21 77
24 64 1 1 4 77
24 66 1 3 23 77
24 72 1 1 13 77
24 75 1 4 2 77
24 80 1 4 23 77
24 83 1 1 3 77
24 85 1 3 4 77
24 88 1 3 20 77
24 89 1 1 11 77
24 90 1 4 11 77
24 91 1 5 14 77
24 93 1 2 6 77
24 94 1 5 7 77
24 95 1 2 9 77
24 98 1 5 19 77
25 3 3 1 20 91
25 6 3 4 22 91
25 7 3 1 1 91
25 9 3 1 5 91
25 10 3 5 15 91
25 13 3 4 20 91
25 15 3 3 1 91
25 16 3 1 9 91
25 18 3 3 18 91
25 19 3 1 10 91
25 21 3 1 13 91
25 26 3 3 12 91
25 29 3 3 9 91
25 30 3 4 2 91
25 32 3 4 2 91
25 33 3 2 15 91
25 34 3 1 4 91
25 35 3 4 25 91
25 38 3 3 14 91
25 42 3 2 6 91
25 44 3 1 5 91
25 47 3 5 11 91
25 51 3 4 3 91
25 52 3 3 8 91
25 53 3 3 9 91
25 55 3 2 11 91
25 57 3 1 9 91
25 63 3 5 3 91
25 66 3 3 1 91
25 68 3 3 6 91
25 69 3 2 13 91
25 70 3 4 7 91
25 71 3 5 2 91
25 72 3 1 5 91
25 77 3 4 17 91
25 80 3 4 12 91
25 81 3 4 13 91
25 82 3 5 4 91
25 84 3 3 17 91
25 87 3 2 25 91
25 88 3 3 13 91
25 89 3 1 9 91
25 94 3 5 6 91
25 97 3 3 10 91
25 99 3 4 12 91
26 2 3 3 8 689
26 4 3 4 20 689
26 6 3 4 21 689
26 8 3 1 19 689
26 9 3 1 7 689
26 11 3 1 3 689
26 13 3 4 13 689
26 17 3 2 19 689
26 23 3 3 8 689
26 25 3 3 12 689
26 27 3 1 17 689
26 28 3 4 7 689
26 33 3 2 17 689
26 34 3 1 9 689
26 35 3 4 7 689
26 37 3 4 8 689
26 41 3 4 6 689
26 42 3 2 11 689
26 44 3 1 15 689
26 46 3 4 4 689
26 49 3 1 14 689
26 50 3 4 17 689
26 51 3 4 6 689
26 54 3 2 18 689
26 56 3 2 18 689
26 59 3 4 15 689
26 62 3 1 11 689
26 65 3 5 5 689
26 68 3 3 5 689
26 70 3 4 16 689
26 73 3 4 16 689
26 78 3 4 4 689
26 81 3 4 20 689
26 82 3 5 20 689
26 83 3 1 5 689
26 84 3 3 16 689
26 85 3 3 23 689
26 86 3 2 4 689
26 88 3 3 6 689
26 90 3 4 5 689
26 91 3 5 19 689
26 95 3 2 6 689
26 96 3 2 6 689
27 0 1 4 23 992
27 1 1 2 5 992
27 2 1 3 15 992
27 3 1 1 16 992
27 4 1 4 8 992
27 5 1 2 22 992
27 6 1 4 25 992
27 7 1 1 20 992
27 8 1 1 6 992
27 9 1 1 16 992
27 10 1 5 3 992
27 12 1 3 2 992
27 13 1 4 4 992
27 14 1 3 25 992
27 15 1 3 3 992
27 16 1 1 8 992
27 19 1 1 24 992
27 21 1 1 5 992
27 22 1 1 13 992
27 23 1 3 25 992
27 24 1 1 8 992
27 26 1 3 17 992
27 29 1 3 3 992
27 30 1 4 8 992
27 31 1 5 22 992
27 33 1 2 3 992
27 34 1 1 8 992
27 35 1 4 4 992
27 37 1 4 22 992
27 40 1 5 20 992
27 42 1 2 3 992
27 43 1 2 13 992
27 47 1 5 13 992
27 51 1 4 14 992
27 52 1 3 22 992
27 53 1 3 20 992
27 59 1 4 23 992
27 60 1 5 24 992
27 61 1 2 21 992
27 62 1 1 6 992
27 63 1 5 2 992
27 64 1 1 20 992
27 67 1 5 8 992
27 70 1 4 2 992
27 71 1 5 7 992
27 72 1 1 24 992
27 73 1 4 15 992
27 79 1 2 7 992
27 80 1 4 21 992
27 82 1 5 2 992
27 83 1 1 13 992
27 84 1 3 23 992
27 85 1 3 1 992
27 86 1 2 20 992
27 88 1 3 13 992
27 91 1 5 10 992
27 95 1 2 1 992
27 97 1 3 4 992
28 0 4 4 9 570
28 3 4 1 10 570
28 4 4 4 10 570
28 5 4 2 19 570
28 6 4 4 17 570
28 9 4 1 9 570
28 10 4 5 14 570
28 11 4 1 21 570
28 12 4 3 8 570
28 13 4 4 1 570
28 16 4 1 16 570
28 19 4 1 20 570
28 23 4 3 12 570
28 26 4 3 7 570
28 31 4 5 10 570
28 32 4 4 23 570
28 34 4 1 22 570
28 37 4 4 6 570
28 40 4 5 19 570
28 41 4 4 24 570
28 42 4 2 25 570
28 43 4 2 4 570
28 46 4 4 8 570
28 50 4 4 15 570
28 53 4 3 25 570
28 54 4 2 17 570
28 56 4 2 21 570
28 57 4 1 7 570
28 58 4 4 17 570
28 59 4 4 9 570
28 62 4 1 7 570
28 64 4 1 15 570
28 66 4 3 7 570
28 73 4 4 23 570
28 74 4 4 9 570
28 77 4 4 5 570
28 79 4 2 6 570
28 80 4 4 12 570
28 84 4 3 20 570
28 88 4 3 17 570
28 89 4 1 2 570
28 91 4 5 2 570
28 95 4 2 18 570
28 98 4 5 9 570
29 2 3 3 6 199
29 3 3 1 18 199
29 4 3 4 15 199
29 6 3 4 15 199
29 8 3 1 24 199
29 10 3 5 5 199
29 11 3 1 4 199
29 12 3 3 10 199
29 13 3 4 22 199
29 14 3 3 21 199
29 15 3 3 2 199
29 18 3 3 23 199
29 19 3 1 23 199
29 21 3 1 9 199
29 24 3 1 24 199
29 25 3 3 9 199
29 27 3 1 3 199
29 32 3 4 9 199
29 33 3 2 19 199
29 36 3 4 8 199
29 38 3 3 11 199
29 39 3 4 21 199
29 42 3 2 22 199
29 44 3 1 25 199
29 47 3 5 14 199
29 48 3 5 22 199
29 50 3 4 1 199
29 51 3 4 19 199
29 52 3 3 4 199
29 58 3 4 7 199
29 61 3 2 9 199
29 62 3 1 16 199
29 63 3 5 6 199
29 64 3 1 4 199
29 65 3 5 15 199
29 72 3 1 4 199
29 74 3 4 18 199
29 75 3 4 14 199
29 76 3 2 3 199
29 78 3 4 5 199
29 80 3 4 21 199
29 84 3 3 19 199
29 85 3 3 1 199
29 90 3 4 6 199
29 93 3 2 17 199
29 94 3 5 1 199
30 0 4 4 17 140
30 1 4 2 20 140
30 2 4 3 19 140
30 4 4 4 14 140
30 8 4 1 17 140
30 10 4 5 3 140
30 13 4 4 17 140
30 15 4 3 13 140
30 16 4 1 12 140
30 20 4 1 16 140
30 21 4 1 16 140
30 22 4 1 22 140
30 25 4 3 2 140
30 27 4 1 8 140
30 31 4 5 9 140
30 33 4 2 8 140
30 34 4 1 6 140
30 37 4 4 7 140
30 38 4 3 8 140
30 40 4 5 16 140
30 41 4 4 7 140
30 43 4 2 15 140
30 45 4 4 5 140
30 48 4 5 17 140
30 51 4 4 17 140
30 52 4 3 16 140
30 55 4 2 17 140
30 57 4 1 12 140
30 60 4 5 9 140
30 61 4 2 17 140
30 65 4 5 10 140
30 66 4 3 19 140
30 67 4 5 5 140
30 68 4 3 6 140
30 70 4 4 16 140
30 76 4 2 21 140
30 78 4 4 24 140
30 79 4 2 17 140
30 80 4 4 6 140
30 81 4 4 24 140
30 83 4 1 10 140
30 84 4 3 12 140
30 86 4 2 1 140
30 87 4 2 1 140
30 88 4 3 8 140
30 89 4 1 15 140
30 90 4 4 2 140
30 92 4 5 14 140
30 93 4 2 15 140
30 95 4 2 6 140
30 96 4 2 9 140
30 97 4 3 11 140
30 98 4 5 7 140
31 1 5 2 19 808
31 7 5 1 21 808
31 11 5 1 15 808
31 16 5 1 18 808
31 17 5 2 14 808
31 19 5 1 4 808
31 22 5 1 11 808
31 27 5 1 22 808
31 28 5 4 10 808
31 30 5 4 9 808
31 32 5 4 3 808
31 33 5 2 20 808
31 37 5 4 2 808
31 38 5 3 5 808
31 39 5 4 24 808
31 45 5 4 10 808
31 48 5 5 2 808
31 50 5 4 14 808
31 52 5 3 9 808
31 55 5 2 11 808
31 57 5 1 10 808
31 58 5 4 11 808
31 59 5 4 17 808
31 60 5 5 2 808
31 61 5 2 18 808
31 64 5 1 2 808
31 66 5 3 20 808
31 68 5 3 24 808
31 72 5 1 18 808
31 74 5 4 9 808
31 75 5 4 17 808
31 77 5 4 2 808
31 78 5 4 14 808
31 80 5 4 16 808
31 82 5 5 25 808
31 84 5 3 19 808
31 85 5 3 5 808
31 90 5 4 19 808
31 94 5 5 8 808
31 96 5 2 11 808
32 1 4 2 19 105
32 3 4 1 4 105
32 11 4 1 14 105
32 12 4 3 2 105
32 14 4 3 21 105
32 15 4 3 11 105
32 16 4 1 4 105
32 21 4 1 17 105
32 23 4 3 22 105
32 24 4 1 5 105
32 25 4 3 2 105
32 28 4 4 23 105
32 29 4 3 9 105
32 31 4 5 3 105
32 33 4 2 6 105
32 34 4 1 20 105
32 35 4 4 22 105
32 36 4 4 18 105
32 42 4 2 4 105
32 44 4 1 24 105
32 45 4 4 12 105
32 48 4 5 22 105
32 50 4 4 3 105
32 51 4 4 11 105
32 54 4 2 14 105
32 55 4 2 20 105
32 59 4 4 19 105
32 62 4 1 3 105
32 64 4 1 14 105
32 67 4 5 1 105
32 68 4 3 3 105
32 69 4 2 11 105
32 70 4 4 21 105
32 71 4 5 15 105
32 72 4 1 8 105
32 76 4 2 25 105
32 80 4 4 13 105
32 81 4 4 5 105
32 83 4 1 13 105
32 84 4 3 6 105
32 89 4 1 20 105
32 92 4 5 20 105
32 93 4 2 17 105
32 94 4 5 7 105
32 95 4 2 12 105
32 97 4 3 5 105
32 98 4 5 3 105
32 99 4 4 21 105
33 4 2 4 25 991
33 5 2 2 23 991
33 6 2 4 6 991
33 7 2 1 4 991
33 8 2 1 9 991
33 9 2 1 14 991
33 10 2 5 6 991
33 11 2 1 17 991
33 13 2 4 2 991
33 16 2 1 19 991
33 21 2 1 17 991
33 24 2 1 13 991
33 25 2 3 15 991
33 26 2 3 17 991
33 27 2 1 3 991
33 29 2 3 19 991
33 30 2 4 8 991
33 31 2 5 20 991
33 32 2 4 6 991
33 34 2 1 4 991
33 35 2 4 4 991
33 37 2 4 6 991
33 39 2 4 13 991
33 40 2 5 8 991
33 41 2 4 13 991
33 42 2 2 21 991
33 43 2 2 18 991
33 44 2 1 9 991
33 46 2 4 3 991
33 50 2 4 5 991
33 52 2 3 24 991
33 54 2 2 15 991
33 57 2 1 6 991
33 60 2 5 1 991
33 61 2 2 7 991
33 62 2 1 9 991
33 65 2 5 1 991
33 66 2 3 21 991
33 68 2 3 10 991
33 70 2 4 25 991
33 73 2 4 21 991
33 77 2 4 12 991
33 79 2 2 7 991
33 81 2 4 11 991
33 83 2 1 12 991
33 86 2 2 1 991
33 87 2 2 17 991
33 90 2 4 18 991
33 91 2 5 23 991
33 94 2 5 21 991
33 96 2 2 17 991
33 97 2 3 17 991
33 98 2 5 16 991
34 0 1 4 5 687
34 1 1 2 11 687
34 3 1 1 25 687
34 7 1 1 14 687
34 8 1 1 14 687
34 9 1 1 22 687
34 11 1 1 6 687
34 16 1 1 7 687
34 18 1 3 18 687
34 19 1 1 1 687
34 20 1 1 9 687
34 21 1 1 22 687
34 22 1 1 1 687
34 24 1 1 25 687
34 25 1 3 4 687
34 26 1 3 9 687
34 27 1 1 8 687
34 28 1 4 22 687
34 30 1 4 6 687
34 32 1 4 20 687
34 33 1 2 4 687
34 37 1 4 19 687
34 38 1 3 2 687
34 40 1 5 5 687
34 44 1 1 22 687
34 46 1 4 22 687
34 48 1 5 11 687
34 49 1 1 22 687
34 52 1 3 12 687
34 53 1 3 24 687
34 54 1 2 16 687
34 58 1 4 21 687
34 59 1 4 25 687
34 60 1 5 25 687
34 62 1 1 20 687
34 64 1 1 5 687
34 66 1 3 16 687
34 68 1 3 5 687
34 69 1 2 2 687
34 73 1 4 10 687
34 74 1 4 23 687
34 75 1 4 17 687
34 79 1 2 20 687
34 81 1 4 21 687
34 85 1 3 20 687
34 86 1 2 22 687
34 87 1 2 1 687
34 88 1 3 25 687
34 89 1 1 22 687
34 91 1 5 1 687
34 92 1 5 18 687
34 99 1 4 11 687
35 2 4 3 1 566
35 4 4 4 20 566
35 9 4 1 14 566
35 13 4 4 14 566
35 14 4 3 16 566
35 15 4 3 20 566
35 16 4 1 1 566
35 17 4 2 12 566
35 18 4 3 21 566
35 20 4 1 17 566
35 22 4 1 14 566
35 23 4 3 3 566
35 25 4 3 25 566
35 26 4 3 7 566
35 27 4 1 4 566
35 32 4 4 22 566
35 33 4 2 4 566
35 36 4 4 12 566
35 38 4 3 24 566
35 39 4 4 9 566
35 43 4 2 21 566
35 48 4 5 20 566
35 49 4 1 4 566
35 50 4 4 12 566
35 51 4 4 18 566
35 52 4 3 4 566
35 53 4 3 8 566
35 55 4 2 10 566
35 57 4 1 3 566
35 58 4 4 13 566
35 59 4 4 7 566
35 60 4 5 14 566
35 62 4 1 17 566
35 63 4 5 20 566
35 64 4 1 14 566
35 65 4 5 6 566
35 66 4 3 13 566
35 68 4 3 9 566
35 70 4 4 8 566
35 74 4 4 6 566
35 80 4 4 20 566
35 82 4 5 1 566
35 83 4 1 23 566
35 84 4 3 22 566
35 86 4 2 8 566
35 87 4 2 11 566
35 88 4 3 20 566
35 90 4 4 22 566
35 91 4 5 10 566
35 93 4 2 25 566
35 95 4 2 20 566
35 98 4 5 22 566
36 1 4 2 22 451
36 2 4 3 19 451
36 3 4 1 3 451
36 4 4 4 20 451
36 7 4 1 25 451
36 10 4 5 18 451
36 11 4 1 5 451
36 13 4 4 21 451
36 14 4 3 9 451
36 15 4 3 22 451
36 16 4 1 8 451
36 18 4 3 20 451
36 19 4 1 13 451
36 20 4 1 23 451
36 29 4 3 8 451
36 32 4 4 18 451
36 35 4 4 12 451
36 37 4 4 9 451
36 39 4 4 12 451
36 40 4 5 21 451
36 43 4 2 10 451
36 49 4 1 18 451
36 51 4 4 3 451
36 52 4 3 25 451
36 54 4 2 19 451
36 57 4 1 10 451
36 61 4 2 1 451
36 62 4 1 12 451
36 63 4 5 20 451
36 67 4 5 24 451
36 68 4 3 21 451
36 69 4 2 12 451
36 70 4 4 23 451
36 72 4 1 16 451
36 77 4 4 7 451
36 78 4 4 19 451
36 81 4 4 20 451
36 84 4 3 6 451
36 87 4 2 1 451
36 89 4 1 20 451
36 94 4 5 6 451
37 0 4 4 6 128
37 1 4 2 25 128
37 5 4 2 4 128
37 6 4 4 8 128
37 7 4 1 21 128
37 8 4 1 13 128
37 9 4 1 5 128
37 10 4 5 17 128
37 11 4 1 11 128
37 13 4 4 15 128
37 14 4 3 7 128
37 16 4 1 25 128
37 21 4 1 12 128
37 26 4 3 8 128
37 27 4 1 22 128
37 28 4 4 6 128
37 30 4 4 7 128
37 31 4 5 2 128
37 33 4 2 6 128
37 34 4 1 19 128
37 36 4 4 9 128
37 39 4 4 13 128
37 42 4 2 22 128
37 44 4 1 1 128
37 45 4 4 14 128
37 46 4 4 25 128
37 49 4 1 25 128
37 50 4 4 8 128
37 51 4 4 4 128
37 53 4 3 24 128
37 54 4 2 25 128
37 55 4 2 1 128
37 59 4 4 19 128
37 61 4 2 21 128
37 62 4 1 11 128
37 65 4 5 19 128
37 67 4 5 18 128
37 69 4 2 3 128
37 72 4 1 11 128
37 75 4 4 17 128
37 77 4 4 4 128
37 85 4 3 19 128
37 87 4 2 3 128
37 89 4 1 13 128
37 91 4 5 23 128
37 93 4 2 4 128
37 94 4 5 4 128
37 96 4 2 19 128
37 99 4 4 25 128
38 1 3 2 15 118
38 2 3 3 1 118
38 3 3 1 14 118
38 4 3 4 13 118
38 7 3 1 12 118
38 9 3 1 22 118
38 10 3 5 17 118
38 12 3 3 24 118
38 15 3 3 6 118
38 16 3 1 22 118
38 21 3 1 22 118
38 22 3 1 8 118
38 23 3 3 9 118
38 24 3 1 23 118
38 25 3 3 14 118
38 29 3 3 11 118
38 30 3 4 8 118
38 31 3 5 5 118
38 34 3 1 2 118
38 35 3 4 24 118
38 39 3 4 13 118
38 44 3 1 8 118
38 48 3 5 10 118
38 49 3 1 8 118
38 50 3 4 19 118
38 51 3 4 15 118
38 52 3 3 22 118
38 53 3 3 19 118
38 56 3 2 24 118
38 57 3 1 12 118
38 61 3 2 8 118
38 64 3 1 2 118
38 65 3 5 25 118
38 66 3 3 25 118
38 68 3 3 25 118
38 71 3 5 12 118
38 72 3 1 8 118
38 73 3 4 11 118
38 76 3 2 3 118
38 78 3 4 15 118
38 79 3 2 15 118
38 83 3 1 17 118
38 85 3 3 16 118
38 86 3 2 7 118
38 87 3 2 5 118
38 88 3 3 20 118
38 92 3 5 21 118
38 95 3 2 8 118
38 98 3 5 20 118
38 99 3 4 23 118
39 0 4 4 10 584
39 1 4 2 12 584
39 2 4 3 7 584
39 4 4 4 12 584
39 6 4 4 14 584
39 7 4 1 2 584
39 8 4 1 5 584
39 12 4 3 19 584
39 13 4 4 22 584
39 15 4 3 11 584
39 16 4 1 22 584
39 20 4 1 13 584
39 22 4 1 2 584
39 24 4 1 25 584
39 29 4 3 21 584
39 31 4 5 24 584
39 33 4 2 13 584
39 35 4 4 9 584
39 36 4 4 12 584
39 37 4 4 13 584
39 38 4 3 13 584
39 44 4 1 20 584
39 47 4 5 2 584
39 48 4 5 10 584
39 49 4 1 15 584
39 50 4 4 3 584
39 51 4 4 23 584
39 52 4 3 7 584
39 53 4 3 15 584
39 55 4 2 15 584
39 59 4 4 16 584
39 60 4 5 22 584
39 62 4 1 3 584
39 67 4 5 1 584
39 69 4 2 7 584
39 70 4 4 12 584
39 71 4 5 25 584
39 72 4 1 1 584
39 76 4 2 15 584
39 79 4 2 16 584
39 84 4 3 17 584
39 85 4 3 9 584
39 86 4 2 4 584
39 87 4 2 25 584
39 88 4 3 3 584
39 90 4 4 19 584
39 91 4 5 9 584
39 92 4 5 16 584
39 98 4 5 7 584
39 99 4 4 23 584
40 0 5 4 21 58
40 1 5 2 20 58
40 3 5 1 17 58
40 4 5 4 11 58
40 5 5 2 19 58
40 7 5 1 15 58
40 10 5 5 23 58
40 13 5 4 13 58
40 14 5 3 9 58
40 16 5 1 24 58
40 23 5 3 16 58
40 27 5 1 20 58
40 28 5 4 19 58
40 30 5 4 16 58
40 33 5 2 8 58
40 34 5 1 5 58
40 36 5 4 21 58
40 41 5 4 11 58
40 42 5 2 2 58
40 43 5 2 1 58
40 47 5 5 2 58
40 48 5 5 5 58
40 50 5 4 24 58
40 52 5 3 10 58
40 55 5 2 24 58
40 56 5 2 1 58
40 57 5 1 22 58
40 60 5 5 22 58
40 65 5 5 11 58
40 66 5 3 2 58
40 69 5 2 12 58
40 71 5 5 5 58
40 73 5 4 22 58
40 74 5 4 18 58
40 76 5 2 9 58
40 78 5 4 22 58
40 79 5 2 17 58
40 81 5 4 2 58
40 82 5 5 9 58
40 83 5 1 2 58
40 84 5 3 12 58
40 85 5 3 1 58
40 86 5 2 3 58
40 87 5 2 10 58
40 89 5 1 17 58
40 92 5 5 21 58
40 94 5 5 15 58
40 95 5 2 2 58
40 96 5 2 21 58
40 98 5 5 22 58
40 99 5 4 7 58
41 0 4 4 23 986
41 5 4 2 10 986
41 9 4 1 12 986
41 10 4 5 12 986
41 12 4 3 24 986
41 13 4 4 24 986
41 18 4 3 19 986
41 20 4 1 19 986
41 23 4 3 23 986
41 26 4 3 6 986
41 28 4 4 24 986
41 30 4 4 7 986
41 33 4 2 13 986
41 40 4 5 11 986
41 42 4 2 21 986
41 43 4 2 12 986
41 45 4 4 15 986
41 47 4 5 12 986
41 51 4 4 8 986
41 54 4 2 25 986
41 56 4 2 16 986
41 58 4 4 8 986
41 60 4 5 21 986
41 61 4 2 14 986
41 62 4 1 18 986
41 65 4 5 18 986
41 66 4 3 21 986
41 67 4 5 15 986
41 69 4 2 23 986
41 75 4 4 21 986
41 79 4 2 9 986
41 85 4 3 3 986
41 88 4 3 21 986
41 89 4 1 16 986
41 91 4 5 7 986
41 92 4 5 5 986
41 93 4 2 11 986
41 94 4 5 2 986
41 95 4 2 17 986
41 96 4 2 9 986
42 2 2 3 20 739
42 5 2 2 13 739
42 6 2 4 13 739
42 8 2 1 14 739
42 10 2 5 3 739
42 12 2 3 5 739
42 13 2 4 2 739
42 15 2 3 5 739
42 16 2 1 21 739
42 17 2 2 10 739
42 21 2 1 12 739
42 23 2 3 6 739
42 25 2 3 6 739
42 26 2 3 11 739
42 27 2 1 3 739
42 28 2 4 25 739
42 29 2 3 22 739
42 32 2 4 4 739
42 33 2 2 21 739
42 37 2 4 22 739
42 40 2 5 2 739
42 41 2 4 21 739
42 43 2 2 17 739
42 45 2 4 6 739
42 46 2 4 6 739
42 51 2 4 2 739
42 52 2 3 16 739
42 53 2 3 19 739
42 55 2 2 11 739
42 58 2 4 13 739
42 59 2 4 6 739
42 60 2 5 5 739
42 61 2 2 9 739
42 62 2 1 18 739
42 67 2 5 12 739
42 69 2 2 14 739
42 70 2 4 24 739
42 71 2 5 19 739
42 74 2 4 20 739
42 76 2 2 6 739
42 78 2 4 3 739
42 83 2 1 7 739
42 84 2 3 8 739
42 87 2 2 13 739
42 92 2 5 15 739
42 93 2 2 10 739
42 94 2 5 20 739
42 95 2 2 23 739
42 96 2 2 8 739
42 97 2 3 5 739
43 0 2 4 6 772
43 2 2 3 9 772
43 3 2 1 16 772
43 5 2 2 19 772
43 6 2 4 7 772
43 9 2 1 19 772
43 14 2 3 21 772
43 15 2 3 11 772
43 16 2 1 20 772
43 18 2 3 22 772
43 20 2 1 2 772
43 23 2 3 4 772
43 24 2 1 8 772
43 27 2 1 13 772
43 28 2 4 4 772
43 30 2 4 15 772
43 33 2 2 18 772
43 35 2 4 21 772
43 36 2 4 10 772
43 40 2 5 1 772
43 41 2 4 12 772
43 42 2 2 17 772
43 44 2 1 9 772
43 49 2 1 21 772
43 52 2 3 8 772
43 53 2 3 14 772
43 56 2 2 24 772
43 57 2 1 14 772
43 58 2 4 20 772
43 59 2 4 2 772
43 60 2 5 16 772
43 64 2 1 9 772
43 65 2 5 7 772
43 66 2 3 2 772
43 67 2 5 20 772
43 68 2 3 12 772
43 71 2 5 24 772
43 73 2 4 24 772
43 74 2 4 13 772
43 75 2 4 6 772
43 79 2 2 12 772
43 80 2 4 20 772
43 81 2 4 12 772
43 83 2 1 11 772
43 84 2 3 17 772
43 87 2 2 19 772
43 89 2 1 21 772
43 90 2 4 16 772
43 92 2 5 11 772
43 97 2 3 2 772
43 99 2 4 15 772
44 1 1 2 12 361
44 3 1 1 3 361
44 4 1 4 2 361
44 8 1 1 10 361
44 11 1 1 21 361
44 15 1 3 11 361
44 18 1 3 10 361
44 19 1 1 15 361
44 20 1 1 20 361
44 21 1 1 2 361
44 22 1 1 10 361
44 23 1 3 14 361
44 24 1 1 2 361
44 25 1 3 5 361
44 26 1 3 15 361
44 29 1 3 25 361
44 32 1 4 24 361
44 33 1 2 9 361
44 34 1 1 22 361
44 37 1 4 1 361
44 38 1 3 8 361
44 39 1 4 20 361
44 43 1 2 9 361
44 46 1 4 20 361
44 51 1 4 25 361
44 52 1 3 20 361
44 54 1 2 18 361
44 55 1 2 7 361
44 57 1 1 22 361
44 61 1 2 9 361
44 63 1 5 14 361
44 64 1 1 25 361
44 66 1 3 9 361
44 70 1 4 19 361
44 74 1 4 13 361
44 75 1 4 10 361
44 76 1 2 11 361
44 78 1 4 7 361
44 79 1 2 17 361
44 81 1 4 24 361
44 83 1 1 4 361
44 84 1 3 22 361
44 86 1 2 24 361
44 87 1 2 16 361
44 92 1 5 21 361
44 94 1 5 20 361
44 95 1 2 21 361
44 99 1 4 21 361
45 0 4 4 23 328
45 1 4 2 8 328
45 3 4 1 6 328
45 4 4 4 1 328
45 7 4 1 18 328
45 9 4 1 16 328
45 10 4 5 22 328
45 11 4 1 20 328
45 13 4 4 5 328
45 14 4 3 8 328
45 21 4 1 7 328
45 22 4 1 15 328
45 30 4 4 5 328
45 31 4 5 10 328
45 32 4 4 12 328
45 37 4 4 14 328
45 41 4 4 15 328
45 42 4 2 6 328
45 47 4 5 23 328
45 48 4 5 7 328
45 50 4 4 2 328
45 51 4 4 2 328
45 52 4 3 24 328
45 53 4 3 25 328
45 54 4 2 21 328
45 57 4 1 15 328
45 58 4 4 14 328
45 59 4 4 7 328
45 64 4 1 20 328
45 65 4 5 21 328
45 66 4 3 14 328
45 67 4 5 22 328
45 71 4 5 22 328
45 74 4 4 7 328
45 77 4 4 4 328
45 79 4 2 24 328
45 82 4 5 23 328
45 83 4 1 23 328
45 84 4 3 15 328
45 85 4 3 4 328
45 86 4 2 20 328
45 92 4 5 11 328
45 93 4 2 14 328
45 97 4 3 13 328
45 98 4 5 10 328
46 0 4 4 24 947
46 1 4 2 9 947
46 2 4 3 19 947
46 7 4 1 24 947
46 8 4 1 7 947
46 9 4 1 19 947
46 13 4 4 7 947
46 16 4 1 4 947
46 17 4 2 13 947
46 18 4 3 2 947
46 19 4 1 24 947
46 22 4 1 7 947
46 24 4 1 5 947
46 26 4 3 4 947
46 28 4 4 8 947
46 33 4 2 3 947
46 34 4 1 22 947
46 37 4 4 25 947
46 42 4 2 6 947
46 44 4 1 20 947
46 47 4 5 16 947
46 49 4 1 9 947
46 50 4 4 12 947
46 51 4 4 13 947
46 53 4 3 1 947
46 55 4 2 5 947
46 56 4 2 1 947
46 58 4 4 1 947
46 61 4 2 3 947
46 62 4 1 9 947
46 63 4 5 6 947
46 64 4 1 16 947
46 66 4 3 6 947
46 70 4 4 11 947
46 72 4 1 23 947
46 73 4 4 4 947
46 78 4 4 1 947
46 79 4 2 20 947
46 84 4 3 7 947
46 86 4 2 19 947
46 87 4 2 6 947
46 91 4 5 17 947
46 93 4 2 11 947
46 94 4 5 2 947
46 97 4 3 16 947
47 1 5 2 3 315
47 3 5 1 7 315
47 4 5 4 6 315
47 5 5 2 12 315
47 10 5 5 16 315
47 16 5 1 4 315
47 18 5 3 6 315
47 20 5 1 14 315
47 21 5 1 4 315
47 22 5 1 13 315
47 24 5 1 1 315
47 25 5 3 11 315
47 27 5 1 13 315
47 29 5 3 14 315
47 39 5 4 2 315
47 40 5 5 2 315
47 41 5 4 12 315
47 45 5 4 23 315
47 46 5 4 16 315
47 52 5 3 15 315
47 53 5 3 7 315
47 54 5 2 4 315
47 58 5 4 23 315
47 59 5 4 10 315
47 60 5 5 8 315
47 63 5 5 11 315
47 64 5 1 15 315
47 65 5 5 22 315
47 66 5 3 21 315
47 68 5 3 16 315
47 71 5 5 8 315
47 72 5 1 3 315
47 78 5 4 25 315
47 79 5 2 18 315
47 80 5 4 9 315
47 82 5 5 11 315
47 83 5 1 9 315
47 87 5 2 24 315
47 89 5 1 12 315
47 90 5 4 9 315
47 94 5 5 21 315
47 98 5 5 5 315
48 2 5 3 25 623
48 6 5 4 23 623
48 7 5 1 14 623
48 10 5 5 11 623
48 12 5 3 11 623
48 13 5 4 19 623
48 15 5 3 8 623
48 16 5 1 9 623
48 18 5 3 20 623
48 21 5 1 4 623
48 29 5 3 22 623
48 30 5 4 17 623
48 31 5 5 2 623
48 32 5 4 22 623
48 34 5 1 11 623
48 35 5 4 20 623
48 38 5 3 10 623
48 39 5 4 10 623
48 40 5 5 5 623
48 45 5 4 7 623
48 50 5 4 7 623
48 51 5 4 18 623
48 55 5 2 25 623
48 56 5 2 25 623
48 59 5 4 6 623
48 65 5 5 13 623
48 67 5 5 10 623
48 68 5 3 2 623
48 71 5 5 6 623
48 72 5 1 9 623
48 73 5 4 8 623
48 75 5 4 22 623
48 77 5 4 9 623
48 78 5 4 25 623
48 79 5 2 15 623
48 81 5 4 2 623
48 82 5 5 11 623
48 84 5 3 2 623
48 86 5 2 6 623
48 88 5 3 6 623
48 91 5 5 9 623
48 94 5 5 7 623
48 95 5 2 9 623
48 96 5 2 12 623
48 98 5 5 18 623
49 0 1 4 6 928
49 1 1 2 5 928
49 3 1 1 4 928
49 5 1 2 5 928
49 6 1 4 19 928
49 7 1 1 6 928
49 8 1 1 18 928
49 11 1 1 7 928
49 13 1 4 4 928
49 15 1 3 6 928
49 16 1 1 25 928
49 18 1 3 20 928
49 21 1 1 16 928
49 22 1 1 11 928
49 23 1 3 13 928
49 26 1 3 14 928
49 34 1 1 22 928
49 35 1 4 4 928
49 36 1 4 18 928
49 37 1 4 25 928
49 38 1 3 8 928
49 39 1 4 15 928
49 43 1 2 21 928
49 46 1 4 9 928
49 50 1 4 25 928
49 51 1 4 25 928
49 52 1 3 11 928
49 53 1 3 5 928
49 54 1 2 18 928
49 55 1 2 17 928
49 59 1 4 19 928
49 61 1 2 19 928
49 62 1 1 21 928
49 63 1 5 1 928
49 65 1 5 23 928
49 66 1 3 7 928
49 70 1 4 3 928
49 72 1 1 23 928
49 73 1 4 8 928
49 74 1 4 23 928
49 78 1 4 25 928
49 79 1 2 2 928
49 82 1 5 3 928
49 84 1 3 12 928
49 85 1 3 11 928
49 87 1 2 9 928
49 90 1 4 4 928
49 93 1 2 12 928
49 97 1 3 5 928
50 0 4 4 8 863
50 2 4 3 4 863
50 3 4 1 25 863
50 4 4 4 3 863
50 5 4 2 12 863
50 7 4 1 1 863
50 8 4 1 12 863
50 11 4 1 19 863
50 15 4 3 14 863
50 17 4 2 2 863
50 18 4 3 4 863
50 21 4 1 10 863
50 23 4 3 11 863
50 24 4 1 7 863
50 26 4 3 17 863
50 28 4 4 15 863
50 29 4 3 1 863
50 31 4 5 14 863
50 32 4 4 3 863
50 33 4 2 5 863
50 35 4 4 12 863
50 37 4 4 8 863
50 38 4 3 19 863
50 39 4 4 3 863
50 40 4 5 24 863
50 45 4 4 2 863
50 46 4 4 12 863
50 48 4 5 7 863
50 49 4 1 25 863
50 55 4 2 23 863
50 56 4 2 25 863
50 58 4 4 23 863
50 60 4 5 5 863
50 61 4 2 4 863
50 62 4 1 25 863
50 63 4 5 21 863
50 64 4 1 12 863
50 65 4 5 24 863
50 68 4 3 21 863
50 70 4 4 10 863
50 71 4 5 15 863
50 73 4 4 16 863
50 74 4 4 13 863
50 77 4 4 24 863
50 79 4 2 19 863
50 82 4 5 22 863
50 86 4 2 24 863
50 87 4 2 3 863
50 89 4 1 20 863
50 90 4 4 22 863
50 99 4 4 24 863
51 0 4 4 9 462
51 2 4 3 21 462
51 4 4 4 9 462
51 5 4 2 22 462
51 7 4 1 8 462
51 9 4 1 18 462
51 12 4 3 10 462
51 13 4 4 4 462
51 14 4 3 24 462
51 17 4 2 23 462
51 18 4 3 6 462
51 21 4 1 16 462
51 23 4 3 6 462
51 25 4 3 3 462
51 26 4 3 6 462
51 27 4 1 14 462
51 29 4 3 19 462
51 30 4 4 17 462
51 32 4 4 11 462
51 35 4 4 18 462
51 36 4 4 3 462
51 37 4 4 4 462
51 38 4 3 15 462
51 39 4 4 23 462
51 41 4 4 8 462
51 42 4 2 2 462
51 44 4 1 25 462
51 45 4 4 2 462
51 46 4 4 13 462
51 48 4 5 18 462
51 49 4 1 25 462
51 52 4 3 7 462
51 53 4 3 7 462
51 57 4 1 22 462
51 59 4 4 13 462
51 60 4 5 3 462
51 62 4 1 14 462
51 64 4 1 1 462
51 66 4 3 24 462
51 67 4 5 8 462
51 69 4 2 6 462
51 70 4 4 22 462
51 71 4 5 9 462
51 72 4 1 15 462
51 73 4 4 22 462
51 74 4 4 7 462
51 78 4 4 8 462
51 79 4 2 9 462
51 82 4 5 18 462
51 83 4 1 17 462
51 86 4 2 12 462
51 87 4 2 6 462
51 90 4 4 24 462
51 91 4 5 4 462
51 95 4 2 24 462
51 96 4 2 5 462
51 98 4 5 3 462
52 1 3 2 16 760
52 2 3 3 7 760
52 4 3 4 18 760
52 7 3 1 17 760
52 10 3 5 10 760
52 12 3 3 11 760
52 18 3 3 6 760
52 21 3 1 16 760
52 22 3 1 20 760
52 23 3 3 23 760
52 24 3 1 12 760
52 25 3 3 8 760
52 27 3 1 22 760
52 29 3 3 4 760
52 30 3 4 16 760
52 31 3 5 9 760
52 33 3 2 24 760
52 34 3 1 12 760
52 35 3 4 4 760
52 36 3 4 25 760
52 38 3 3 22 760
52 39 3 4 7 760
52 40 3 5 10 760
52 42 3 2 16 760
52 43 3 2 8 760
52 44 3 1 20 760
52 45 3 4 24 760
52 47 3 5 15 760
52 49 3 1 11 760
52 51 3 4 7 760
52 54 3 2 24 760
52 55 3 2 14 760
52 57 3 1 25 760
52 59 3 4 24 760
52 62 3 1 16 760
52 63 3 5 8 760
52 68 3 3 25 760
52 69 3 2 12 760
52 70 3 4 21 760
52 71 3 5 13 760
52 74 3 4 2 760
52 76 3 2 20 760
52 80 3 4 21 760
52 82 3 5 12 760
52 85 3 3 14 760
52 87 3 2 4 760
52 88 3 3 20 760
52 89 3 1 14 760
52 90 3 4 3 760
52 91 3 5 5 760
52 96 3 2 18 760
52 97 3 3 6 760
53 2 3 3 24 478
53 3 3 1 2 478
53 4 3 4 14 478
53 5 3 2 8 478
53 6 3 4 9 478
53 7 3 1 20 478
53 9 3 1 20 478
53 12 3 3 2 478
53 14 3 3 21 478
53 19 3 1 15 478
53 21 3 1 24 478
53 24 3 1 19 478
53 25 3 3 9 478
53 27 3 1 20 478
53 28 3 4 25 478
53 34 3 1 24 478
53 35 3 4 8 478
53 37 3 4 24 478
53 38 3 3 19 478
53 39 3 4 15 478
53 42 3 2 19 478
53 43 3 2 14 478
53 45 3 4 25 478
53 46 3 4 1 478
53 47 3 5 7 478
53 49 3 1 5 478
53 51 3 4 7 478
53 56 3 2 5 478
53 57 3 1 1 478
53 58 3 4 7 478
53 62 3 1 5 478
53 63 3 5 4 478
53 64 3 1 4 478
53 65 3 5 4 478
53 66 3 3 24 478
53 67 3 5 12 478
53 68 3 3 9 478
53 69 3 2 10 478
53 71 3 5 8 478
53 73 3 4 8 478
53 74 3 4 20 478
53 77 3 4 18 478
53 81 3 4 8 478
53 82 3 5 7 478
53 87 3 2 9 478
53 93 3 2 20 478
53 95 3 2 10 478
53 96 3 2 25 478
53 97 3 3 5 478
53 98 3 5 18 478
54 5 2 2 16 191
54 6 2 4 21 191
54 7 2 1 10 191
54 10 2 5 14 191
54 11 2 1 22 191
54 15 2 3 15 191
54 16 2 1 10 191
54 19 2 1 2 191
54 20 2 1 3 191
54 22 2 1 13 191
54 24 2 1 3 191
54 26 2 3 18 191
54 28 2 4 17 191
54 32 2 4 14 191
54 33 2 2 15 191
54 34 2 1 16 191
54 36 2 4 19 191
54 37 2 4 25 191
54 41 2 4 25 191
54 44 2 1 18 191
54 45 2 4 21 191
54 47 2 5 4 191
54 49 2 1 18 191
54 52 2 3 24 191
54 55 2 2 6 191
54 57 2 1 17 191
54 58 2 4 21 191
54 60 2 5 14 191
54 61 2 2 12 191
54 62 2 1 10 191
54 64 2 1 4 191
54 65 2 5 16 191
54 69 2 2 24 191
54 70 2 4 13 191
54 71 2 5 9 191
54 72 2 1 19 191
54 74 2 4 19 191
54 78 2 4 2 191
54 79 2 2 2 191
54 83 2 1 4 191
54 84 2 3 19 191
54 85 2 3 1 191
54 88 2 3 1 191
54 89 2 1 11 191
54 92 2 5 14 191
54 93 2 2 1 191
54 94 2 5 10 191
54 97 2 3 19 191
54 98 2 5 5 191
54 99 2 4 24 191
55 4 2 4 4 322
55 5 2 2 15 322
55 6 2 4 24 322
55 7 2 1 3 322
55 10 2 5 2 322
55 12 2 3 16 322
55 13 2 4 7 322
55 15 2 3 9 322
55 18 2 3 11 322
55 19 2 1 24 322
55 22 2 1 11 322
55 23 2 3 12 322
55 25 2 3 11 322
55 30 2 4 17 322
55 31 2 5 11 322
55 32 2 4 20 322
55 35 2 4 10 322
55 37 2 4 1 322
55 39 2 4 15 322
55 40 2 5 24 322
55 42 2 2 11 322
55 44 2 1 7 322
55 46 2 4 5 322
55 48 2 5 25 322
55 49 2 1 17 322
55 50 2 4 23 322
55 52 2 3 14 322
55 54 2 2 6 322
55 57 2 1 14 322
55 59 2 4 3 322
55 60 2 5 24 322
55 62 2 1 14 322
55 65 2 5 1 322
55 67 2 5 10 322
55 69 2 2 25 322
55 74 2 4 12 322
55 80 2 4 11 322
55 81 2 4 15 322
55 84 2 3 20 322
55 85 2 3 8 322
55 86 2 2 9 322
55 87 2 2 14 322
55 89 2 1 1 322
55 91 2 5 10 322
55 93 2 2 7 322
55 98 2 5 18 322
56 4 2 4 4 66
56 6 2 4 10 66
56 7 2 1 19 66
56 9 2 1 22 66
56 10 2 5 19 66
56 12 2 3 19 66
56 13 2 4 5 66
56 17 2 2 5 66
56 18 2 3 22 66
56 21 2 1 7 66
56 22 2 1 10 66
56 26 2 3 18 66
56 28 2 4 21 66
56 38 2 3 24 66
56 40 2 5 1 66
56 41 2 4 16 66
56 43 2 2 24 66
56 46 2 4 1 66
56 48 2 5 25 66
56 50 2 4 25 66
56 53 2 3 5 66
56 59 2 4 9 66
56 60 2 5 2 66
56 61 2 2 7 66
56 62 2 1 19 66
56 63 2 5 18 66
56 65 2 5 11 66
56 67 2 5 17 66
56 68 2 3 10 66
56 69 2 2 20 66
56 71 2 5 23 66
56 74 2 4 15 66
56 75 2 4 7 66
56 78 2 4 7 66
56 81 2 4 9 66
56 82 2 5 9 66
56 83 2 1 10 66
56 85 2 3 24 66
56 87 2 2 25 66
56 89 2 1 2 66
56 95 2 2 2 66
57 0 1 4 4 415
57 1 1 2 22 415
57 7 1 1 4 415
57 8 1 1 7 415
57 9 1 1 11 415
57 12 1 3 1 415
57 13 1 4 10 415
57 15 1 3 22 415
57 16 1 1 8 415
57 18 1 3 14 415
57 19 1 1 5 415
57 22 1 1 4 415
57 23 1 3 11 415
57 25 1 3 9 415
57 28 1 4 7 415
57 30 1 4 12 415
57 31 1 5 10 415
57 33 1 2 6 415
57 35 1 4 3 415
57 36 1 4 10 415
57 38 1 3 12 415
57 40 1 5 22 415
57 43 1 2 14 415
57 44 1 1 22 415
57 45 1 4 15 415
57 51 1 4 22 415
57 52 1 3 25 415
57 53 1 3 1 415
57 54 1 2 17 415
57 55 1 2 14 415
57 59 1 4 13 415
57 64 1 1 11 415
57 69 1 2 5 415
57 70 1 4 15 415
57 71 1 5 6 415
57 72 1 1 3 415
57 74 1 4 24 415
57 75 1 4 14 415
57 76 1 2 2 415
57 78 1 4 8 415
57 83 1 1 2 415
57 85 1 3 14 415
57 87 1 2 9 415
57 89 1 1 14 415
57 91 1 5 8 415
57 92 1 5 8 415
57 93 1 2 1 415
57 97 1 3 22 415
57 98 1 5 4 415
58 1 4 2 6 409
58 7 4 1 18 409
58 8 4 1 8 409
58 10 4 5 20 409
58 12 4 3 14 409
58 13 4 4 20 409
58 14 4 3 22 409
58 15 4 3 9 409
58 16 4 1 18 409
58 18 4 3 22 409
58 20 4 1 12 409
58 21 4 1 25 409
58 28 4 4 17 409
58 29 4 3 7 409
58 31 4 5 11 409
58 34 4 1 21 409
58 35 4 4 13 409
58 41 4 4 8 409
58 42 4 2 13 409
58 43 4 2 20 409
58 45 4 4 14 409
58 46 4 4 1 409
58 47 4 5 23 409
58 50 4 4 23 409
58 53 4 3 7 409
58 54 4 2 21 409
58 59 4 4 11 409
58 60 4 5 24 409
58 62 4 1 8 409
58 63 4 5 16 409
58 64 4 1 12 409
58 65 4 5 23 409
58 66 4 3 20 409
58 67 4 5 12 409
58 68 4 3 8 409
58 69 4 2 3 409
58 71 4 5 10 409
58 73 4 4 15 409
58 75 4 4 2 409
58 76 4 2 10 409
58 78 4 4 18 409
58 80 4 4 13 409
58 83 4 1 19 409
58 85 4 3 11 409
58 87 4 2 5 409
58 91 4 5 19 409
58 93 4 2 14 409
58 94 4 5 19 409
58 96 4 2 5 409
58 97 4 3 11 409
58 99 4 4 2 409
59 0 4 4 7 613
59 4 4 4 6 613
59 5 4 2 18 613
59 7 4 1 23 613
59 9 4 1 23 613
59 10 4 5 7 613
59 11 4 1 16 613
59 12 4 3 25 613
59 13 4 4 8 613
59 14 4 3 9 613
59 15 4 3 15 613
59 16 4 1 4 613
59 17 4 2 10 613
59 18 4 3 10 613
59 20 4 1 17 613
59 21 4 1 16 613
59 22 4 1 2 613
59 23 4 3 18 613
59 24 4 1 22 613
59 26 4 3 15 613
59 27 4 1 23 613
59 28 4 4 9 613
59 31 4 5 17 613
59 32 4 4 19 613
59 34 4 1 25 613
59 35 4 4 7 613
59 37 4 4 19 613
59 39 4 4 16 613
59 42 4 2 6 613
59 43 4 2 2 613
59 45 4 4 7 613
59 47 4 5 10 613
59 48 4 5 6 613
59 49 4 1 19 613
59 51 4 4 13 613
59 52 4 3 24 613
59 55 4 2 3 613
59 56 4 2 9 613
59 57 4 1 13 613
59 58 4 4 11 613
59 61 4 2 15 613
59 64 4 1 20 613
59 66 4 3 14 613
59 67 4 5 19 613
59 68 4 3 10 613
59 69 4 2 18 613
59 71 4 5 1 613
59 72 4 1 18 613
59 73 4 4 10 613
59 74 4 4 7 613
59 75 4 4 19 613
59 77 4 4 15 613
59 79 4 2 16 613
59 80 4 4 6 613
59 83 4 1 25 613
59 84 4 3 25 613
59 85 4 3 23 613
59 87 4 2 18 613
59 88 4 3 13 613
59 89 4 1 24 613
59 90 4 4 14 613
59 91 4 5 22 613
59 92 4 5 17 613
59 93 4 2 4 613
59 98 4 5 15 613
60 2 5 3 11 410
60 5 5 2 2 410
60 6 5 4 1 410
60 7 5 1 9 410
60 13 5 4 6 410
60 18 5 3 2 410
60 20 5 1 24 410
60 21 5 1 25 410
60 23 5 3 24 410
60 27 5 1 24 410
60 30 5 4 9 410
60 31 5 5 2 410
60 33 5 2 1 410
60 34 5 1 25 410
60 35 5 4 14 410
60 39 5 4 22 410
60 40 5 5 22 410
60 41 5 4 21 410
60 42 5 2 5 410
60 43 5 2 16 410
60 47 5 5 8 410
60 50 5 4 5 410
60 51 5 4 3 410
60 54 5 2 14 410
60 55 5 2 24 410
60 56 5 2 2 410
60 58 5 4 24 410
60 61 5 2 1 410
60 62 5 1 23 410
60 64 5 1 20 410
60 67 5 5 23 410
60 70 5 4 14 410
60 72 5 1 9 410
60 74 5 4 6 410
60 76 5 2 4 410
60 78 5 4 6 410
60 79 5 2 4 410
60 85 5 3 4 410
60 87 5 2 4 410
60 92 5 5 5 410
60 93 5 2 16 410
60 94 5 5 10 410
60 96 5 2 4 410
60 99 5 4 4 410
61 0 2 4 11 57
61 1 2 2 11 57
61 4 2 4 19 57
61 8 2 1 12 57
61 10 2 5 22 57
61 11 2 1 19 57
61 12 2 3 15 57
61 20 2 1 8 57
61 22 2 1 8 57
61 24 2 1 9 57
61 27 2 1 21 57
61 29 2 3 9 57
61 30 2 4 17 57
61 31 2 5 18 57
61 33 2 2 7 57
61 36 2 4 1 57
61 37 2 4 21 57
61 38 2 3 8 57
61 41 2 4 14 57
61 42 2 2 9 57
61 44 2 1 9 57
61 46 2 4 3 57
61 49 2 1 19 57
61 50 2 4 4 57
61 54 2 2 12 57
61 56 2 2 7 57
61 59 2 4 15 57
61 60 2 5 1 57
61 62 2 1 6 57
61 63 2 5 11 57
61 64 2 1 5 57
61 66 2 3 23 57
61 72 2 1 13 57
61 74 2 4 8 57
61 75 2 4 9 57
61 76 2 2 12 57
61 78 2 4 12 57
61 79 2 2 6 57
61 80 2 4 24 57
61 82 2 5 9 57
61 83 2 1 14 57
61 86 2 2 2 57
61 87 2 2 9 57
61 89 2 1 16 57
61 91 2 5 13 57
61 92 2 5 17 57
61 95 2 2 11 57
61 96 2 2 1 57
61 98 2 5 23 57
61 99 2 4 12 57
62 1 1 2 9 402
62 2 1 3 2 402
62 3 1 1 12 402
62 7 1 1 9 402
62 8 1 1 18 402
62 9 1 1 9 402
62 12 1 3 3 402
62 14 1 3 24 402
62 15 1 3 2 402
62 18 1 3 9 402
62 19 1 1 19 402
62 20 1 1 8 402
62 26 1 3 11 402
62 27 1 1 6 402
62 28 1 4 7 402
62 29 1 3 16 402
62 32 1 4 3 402
62 33 1 2 9 402
62 34 1 1 20 402
62 35 1 4 17 402
62 36 1 4 12 402
62 37 1 4 11 402
62 39 1 4 3 402
62 41 1 4 18 402
62 42 1 2 18 402
62 46 1 4 9 402
62 49 1 1 21 402
62 50 1 4 25 402
62 51 1 4 14 402
62 52 1 3 16 402
62 53 1 3 5 402
62 54 1 2 10 402
62 55 1 2 14 402
62 56 1 2 19 402
62 58 1 4 8 402
62 60 1 5 23 402
62 61 1 2 6 402
62 65 1 5 25 402
62 70 1 4 22 402
62 72 1 1 24 402
62 74 1 4 6 402
62 77 1 4 4 402
62 78 1 4 9 402
62 80 1 4 17 402
62 83 1 1 4 402
62 84 1 3 7 402
62 85 1 3 21 402
62 86 1 2 9 402
62 88 1 3 23 402
62 91 1 5 24 402
62 92 1 5 4 402
62 93 1 2 19 402
62 96 1 2 9 402
62 97 1 3 22 402
63 2 5 3 10 273
63 3 5 1 11 273
63 4 5 4 2 273
63 5 5 2 21 273
63 10 5 5 16 273
63 11 5 1 17 273
63 13 5 4 4 273
63 14 5 3 21 273
63 15 5 3 18 273
63 19 5 1 25 273
63 23 5 3 9 273
63 24 5 1 21 273
63 25 5 3 3 273
63 27 5 1 2 273
63 29 5 3 6 273
63 35 5 4 20 273
63 36 5 4 20 273
63 44 5 1 14 273
63 46 5 4 6 273
63 47 5 5 11 273
63 49 5 1 1 273
63 50 5 4 21 273
63 52 5 3 8 273
63 53 5 3 4 273
63 56 5 2 18 273
63 58 5 4 16 273
63 61 5 2 11 273
63 64 5 1 8 273
63 65 5 5 19 273
63 69 5 2 18 273
63 73 5 4 25 273
63 74 5 4 22 273
63 75 5 4 20 273
63 76 5 2 21 273
63 77 5 4 9 273
63 78 5 4 17 273
63 81 5 4 18 273
63 83 5 1 15 273
63 84 5 3 13 273
63 90 5 4 11 273
63 92 5 5 9 273
63 93 5 2 7 273
63 98 5 5 17 273
64 0 1 4 6 534
64 1 1 2 11 534
64 2 1 3 2 534
64 4 1 4 20 534
64 5 1 2 2 534
64 6 1 4 15 534
64 9 1 1 6 534
64 13 1 4 22 534
64 14 1 3 1 534
64 18 1 3 6 534
64 19 1 1 10 534
64 23 1 3 8 534
64 24 1 1 4 534
64 27 1 1 20 534
64 28 1 4 15 534
64 29 1 3 4 534
64 31 1 5 2 534
64 32 1 4 14 534
64 34 1 1 5 534
64 35 1 4 14 534
64 38 1 3 2 534
64 43 1 2 9 534
64 44 1 1 25 534
64 45 1 4 20 534
64 46 1 4 16 534
64 47 1 5 15 534
64 50 1 4 12 534
64 51 1 4 1 534
64 53 1 3 4 534
64 54 1 2 4 534
64 57 1 1 11 534
64 58 1 4 12 534
64 59 1 4 20 534
64 60 1 5 20 534
64 61 1 2 5 534
64 63 1 5 8 534
64 65 1 5 4 534
64 67 1 5 6 534
64 72 1 1 2 534
64 73 1 4 4 534
64 76 1 2 14 534
64 77 1 4 5 534
64 79 1 2 3 534
64 80 1 4 5 534
64 82 1 5 21 534
64 84 1 3 25 534
64 87 1 2 11 534
64 88 1 3 17 534
64 90 1 4 15 534
64 93 1 2 8 534
64 97 1 3 21 534
65 1 5 2 1 114
65 3 5 1 15 114
65 4 5 4 25 114
65 8 5 1 23 114
65 10 5 5 17 114
65 13 5 4 19 114
65 14 5 3 20 114
65 17 5 2 13 114
65 18 5 3 7 114
65 19 5 1 8 114
65 21 5 1 13 114
65 23 5 3 13 114
65 26 5 3 5 114
65 29 5 3 15 114
65 30 5 4 10 114
65 33 5 2 1 114
65 35 5 4 6 114
65 37 5 4 19 114
65 38 5 3 25 114
65 40 5 5 11 114
65 41 5 4 18 114
65 43 5 2 7 114
65 45 5 4 21 114
65 47 5 5 22 114
65 48 5 5 13 114
65 49 5 1 23 114
65 50 5 4 24 114
65 53 5 3 4 114
65 54 5 2 16 114
65 55 5 2 1 114
65 56 5 2 11 114
65 58 5 4 23 114
65 62 5 1 25 114
65 63 5 5 19 114
65 64 5 1 4 114
65 67 5 5 10 114
65 72 5 1 1 114
65 74 5 4 8 114
65 75 5 4 12 114
65 78 5 4 11 114
65 82 5 5 18 114
65 85 5 3 8 114
65 86 5 2 9 114
65 88 5 3 11 114
65 89 5 1 25 114
65 91 5 5 24 114
65 92 5 5 19 114
65 94 5 5 4 114
65 95 5 2 9 114
65 97 5 3 24 114
65 98 5 5 8 114
66 0 3 4 5 919
66 2 3 3 7 919
66 3 3 1 20 919
66 5 3 2 1 919
66 6 3 4 4 919
66 7 3 1 3 919
66 9 3 1 7 919
66 11 3 1 1 919
66 14 3 3 23 919
66 15 3 3 1 919
66 19 3 1 20 919
66 20 3 1 10 919
66 21 3 1 10 919
66 22 3 1 15 919
66 23 3 3 15 919
66 24 3 1 23 919
66 25 3 3 1 919
66 28 3 4 7 919
66 30 3 4 19 919
66 31 3 5 20 919
66 33 3 2 21 919
66 34 3 1 16 919
66 35 3 4 13 919
66 38 3 3 25 919
66 40 3 5 2 919
66 41 3 4 21 919
66 43 3 2 2 919
66 44 3 1 9 919
66 45 3 4 14 919
66 46 3 4 6 919
66 47 3 5 21 919
66 49 3 1 7 919
66 51 3 4 24 919
66 53 3 3 24 919
66 58 3 4 20 919
66 59 3 4 14 919
66 61 3 2 23 919
66 69 3 2 5 919
66 71 3 5 19 919
66 73 3 4 10 919
66 75 3 4 18 919
66 79 3 2 11 919
66 82 3 5 22 919
66 83 3 1 13 919
66 84 3 3 16 919
66 92 3 5 17 919
66 95 3 2 22 919
66 96 3 2 4 919
66 97 3 3 5 919
66 98 3 5 1 919
66 99 3 4 20 919
67 4 5 4 14 740
67 7 5 1 22 740
67 11 5 1 20 740
67 13 5 4 22 740
67 14 5 3 21 740
67 15 5 3 25 740
67 16 5 1 10 740
67 18 5 3 18 740
67 23 5 3 6 740
67 27 5 1 8 740
67 30 5 4 5 740
67 32 5 4 1 740
67 36 5 4 24 740
67 37 5 4 18 740
67 39 5 4 1 740
67 41 5 4 15 740
67 42 5 2 12 740
67 43 5 2 20 740
67 45 5 4 22 740
67 48 5 5 10 740
67 51 5 4 8 740
67 53 5 3 12 740
67 55 5 2 10 740
67 56 5 2 17 740
67 58 5 4 12 740
67 59 5 4 19 740
67 60 5 5 23 740
67 64 5 1 6 740
67 65 5 5 10 740
67 68 5 3 24 740
67 70 5 4 4 740
67 77 5 4 3 740
67 78 5 4 11 740
67 80 5 4 15 740
67 82 5 5 15 740
67 84 5 3 16 740
67 87 5 2 9 740
67 89 5 1 15 740
67 90 5 4 2 740
67 91 5 5 18 740
67 94 5 5 2 740
67 95 5 2 22 740
67 98 5 5 19 740
67 99 5 4 12 740
68 1 3 2 3 281
68 3 3 1 14 281
68 4 3 4 5 281
68 8 3 1 15 281
68 9 3 1 21 281
68 11 3 1 12 281
68 14 3 3 11 281
68 15 3 3 4 281
68 21 3 1 2 281
68 25 3 3 6 281
68 26 3 3 5 281
68 30 3 4 6 281
68 31 3 5 24 281
68 32 3 4 3 281
68 33 3 2 10 281
68 34 3 1 5 281
68 35 3 4 9 281
68 36 3 4 21 281
68 38 3 3 25 281
68 43 3 2 12 281
68 47 3 5 16 281
68 48 3 5 2 281
68 50 3 4 21 281
68 52 3 3 25 281
68 53 3 3 9 281
68 56 3 2 10 281
68 58 3 4 8 281
68 59 3 4 10 281
68 67 3 5 24 281
68 69 3 2 9 281
68 70 3 4 12 281
68 73 3 4 19 281
68 76 3 2 19 281
68 81 3 4 24 281
68 84 3 3 2 281
68 86 3 2 6 281
68 87 3 2 23 281
68 88 3 3 3 281
68 91 3 5 14 281
68 93 3 2 3 281
68 95 3 2 21 281
68 96 3 2 7 281
68 99 3 4 22 281
69 0 2 4 5 576
69 2 2 3 14 576
69 3 2 1 20 576
69 4 2 4 4 576
69 5 2 2 15 576
69 6 2 4 11 576
69 7 2 1 2 576
69 11 2 1 14 576
69 14 2 3 1 576
69 15 2 3 7 576
69 16 2 1 15 576
69 18 2 3 4 576
69 20 2 1 7 576
69 22 2 1 7 576
69 23 2 3 19 576
69 25 2 3 13 576
69 32 2 4 11 576
69 34 2 1 2 576
69 36 2 4 12 576
69 37 2 4 3 576
69 39 2 4 7 576
69 40 2 5 12 576
69 41 2 4 23 576
69 42 2 2 14 576
69 51 2 4 6 576
69 52 2 3 12 576
69 53 2 3 10 576
69 54 2 2 24 576
69 55 2 2 25 576
69 56 2 2 20 576
69 57 2 1 5 576
69 58 2 4 3 576
69 59 2 4 18 576
69 63 2 5 18 576
69 66 2 3 5 576
69 68 2 3 9 576
69 71 2 5 8 576
69 72 2 1 12 576
69 74 2 4 25 576
69 75 2 4 12 576
69 77 2 4 2 576
69 78 2 4 14 576
69 80 2 4 24 576
69 84 2 3 8 576
69 86 2 2 12 576
69 88 2 3 7 576
69 90 2 4 12 576
69 91 2 5 8 576
69 93 2 2 24 576
70 5 4 2 6 415
70 7 4 1 17 415
70 8 4 1 4 415
70 10 4 5 17 415
70 11 4 1 20 415
70 12 4 3 5 415
70 14 4 3 7 415
70 17 4 2 4 415
70 20 4 1 16 415
70 25 4 3 7 415
70 26 4 3 16 415
70 27 4 1 2 415
70 30 4 4 16 415
70 32 4 4 21 415
70 33 4 2 25 415
70 35 4 4 8 415
70 36 4 4 23 415
70 39 4 4 12 415
70 42 4 2 24 415
70 44 4 1 19 415
70 46 4 4 11 415
70 49 4 1 3 415
70 50 4 4 10 415
70 51 4 4 22 415
70 52 4 3 21 415
70 54 4 2 13 415
70 57 4 1 15 415
70 60 4 5 14 415
70 62 4 1 22 415
70 67 4 5 4 415
70 68 4 3 12 415
70 73 4 4 14 415
70 74 4 4 17 415
70 75 4 4 4 415
70 77 4 4 5 415
70 79 4 2 18 415
70 80 4 4 21 415
70 81 4 4 21 415
70 85 4 3 19 415
70 87 4 2 23 415
70 89 4 1 20 415
70 90 4 4 5 415
70 91 4 5 19 415
70 94 4 5 5 415
70 95 4 2 9 415
70 96 4 2 16 415
70 97 4 3 24 415
70 98 4 5 2 415
70 99 4 4 22 415
71 0 5 4 6 467
71 1 5 2 17 467
71 4 5 4 1 467
71 5 5 2 23 467
71 8 5 1 19 467
71 16 5 1 1 467
71 17 5 2 2 467
71 19 5 1 4 467
71 21 5 1 8 467
71 22 5 1 25 467
71 25 5 3 2 467
71 27 5 1 7 467
71 32 5 4 15 467
71 38 5 3 12 467
71 39 5 4 25 467
71 40 5 5 5 467
71 42 5 2 19 467
71 43 5 2 24 467
71 45 5 4 22 467
71 47 5 5 8 467
71 48 5 5 6 467
71 50 5 4 15 467
71 51 5 4 9 467
71 52 5 3 13 467
71 53 5 3 8 467
71 54 5 2 9 467
71 56 5 2 23 467
71 57 5 1 6 467
71 58 5 4 10 467
71 59 5 4 1 467
71 66 5 3 19 467
71 69 5 2 8 467
71 72 5 1 21 467
71 73 5 4 14 467
71 75 5 4 19 467
71 76 5 2 4 467
71 77 5 4 4 467
71 78 5 4 6 467
71 79 5 2 25 467
71 80 5 4 10 467
71 83 5 1 2 467
71 87 5 2 1 467
71 92 5 5 4 467
71 93 5 2 21 467
71 95 5 2 19 467
71 96 5 2 14 467
71 98 5 5 1 467
71 99 5 4 1 467
72 8 1 1 9 861
72 9 1 1 7 861
72 10 1 5 22 861
72 11 1 1 11 861
72 13 1 4 8 861
72 17 1 2 3 861
72 21 1 1 12 861
72 24 1 1 13 861
72 25 1 3 5 861
72 27 1 1 24 861
72 29 1 3 4 861
72 31 1 5 18 861
72 32 1 4 8 861
72 36 1 4 16 861
72 37 1 4 11 861
72 38 1 3 8 861
72 39 1 4 1 861
72 46 1 4 23 861
72 47 1 5 3 861
72 48 1 5 9 861
72 49 1 1 23 861
72 51 1 4 15 861
72 54 1 2 19 861
72 57 1 1 3 861
72 59 1 4 18 861
72 60 1 5 9 861
72 61 1 2 13 861
72 62 1 1 24 861
72 64 1 1 2 861
72 65 1 5 1 861
72 69 1 2 12 861
72 71 1 5 21 861
72 73 1 4 11 861
72 76 1 2 9 861
72 77 1 4 19 861
72 82 1 5 12 861
72 85 1 3 9 861
72 87 1 2 9 861
72 88 1 3 25 861
72 91 1 5 9 861
72 93 1 2 10 861
72 94 1 5 2 861
72 95 1 2 6 861
72 96 1 2 6 861
72 98 1 5 19 861
72 99 1 4 14 861
73 3 4 1 1 847
73 4 4 4 3 847
73 5 4 2 5 847
73 6 4 4 16 847
73 7 4 1 17 847
73 11 4 1 20 847
73 12 4 3 5 847
73 17 4 2 13 847
73 19 4 1 22 847
73 20 4 1 17 847
73 21 4 1 23 847
73 22 4 1 3 847
73 23 4 3 10 847
73 26 4 3 16 847
73 27 4 1 15 847
73 28 4 4 23 847
73 33 4 2 21 847
73 34 4 1 10 847
73 38 4 3 11 847
73 40 4 5 22 847
73 43 4 2 24 847
73 46 4 4 4 847
73 48 4 5 8 847
73 49 4 1 8 847
73 50 4 4 16 847
73 51 4 4 22 847
73 53 4 3 8 847
73 58 4 4 15 847
73 59 4 4 10 847
73 63 4 5 25 847
73 64 4 1 4 847
73 66 4 3 10 847
73 68 4 3 19 847
73 70 4 4 14 847
73 71 4 5 14 847
73 72 4 1 11 847
73 74 4 4 13 847
73 75 4 4 18 847
73 76 4 2 15 847
73 77 4 4 4 847
73 78 4 4 13 847
73 81 4 4 17 847
73 83 4 1 16 847
73 87 4 2 12 847
73 88 4 3 5 847
73 89 4 1 25 847
73 95 4 2 22 847
73 98 4 5 13 847
74 2 4 3 23 513
74 3 4 1 2 513
74 4 4 4 18 513
74 6 4 4 18 513
74 7 4 1 25 513
74 8 4 1 11 513
74 11 4 1 17 513
74 17 4 2 15 513
74 18 4 3 7 513
74 19 4 1 1 513
74 22 4 1 8 513
74 28 4 4 9 513
74 29 4 3 18 513
74 31 4 5 9 513
74 34 4 1 23 513
74 35 4 4 6 513
74 40 4 5 18 513
74 42 4 2 20 513
74 43 4 2 13 513
74 44 4 1 13 513
74 45 4 4 7 513
74 49 4 1 23 513
74 50 4 4 13 513
74 51 4 4 7 513
74 52 4 3 2 513
74 53 4 3 20 513
74 54 4 2 19 513
74 55 4 2 12 513
74 56 4 2 15 513
74 57 4 1 24 513
74 59 4 4 7 513
74 60 4 5 6 513
74 61 4 2 8 513
74 62 4 1 6 513
74 63 4 5 22 513
74 65 4 5 8 513
74 69 4 2 25 513
74 70 4 4 17 513
74 73 4 4 13 513
74 76 4 2 12 513
74 77 4 4 16 513
74 78 4 4 15 513
74 80 4 4 12 513
74 82 4 5 16 513
74 84 4 3 7 513
74 86 4 2 17 513
74 88 4 3 8 513
74 89 4 1 8 513
74 96 4 2 13 513
74 99 4 4 8 513
75 0 4 4 18 640
75 2 4 3 15 640
75 6 4 4 23 640
75 9 4 1 18 640
75 10 4 5 6 640
75 11 4 1 23 640
75 12 4 3 11 640
75 13 4 4 2 640
75 14 4 3 3 640
75 17 4 2 14 640
75 18 4 3 25 640
75 21 4 1 11 640
75 24 4 1 2 640
75 29 4 3 14 640
75 31 4 5 17 640
75 34 4 1 17 640
75 37 4 4 17 640
75 41 4 4 21 640
75 43 4 2 6 640
75 44 4 1 10 640
75 48 4 5 22 640
75 56 4 2 7 640
75 57 4 1 14 640
75 58 4 4 2 640
75 59 4 4 19 640
75 61 4 2 9 640
75 63 4 5 20 640
75 65 4 5 12 640
75 66 4 3 18 640
75 69 4 2 12 640
75 70 4 4 4 640
75 71 4 5 19 640
75 73 4 4 18 640
75 78 4 4 4 640
75 81 4 4 14 640
75 85 4 3 3 640
75 87 4 2 10 640
75 88 4 3 1 640
75 89 4 1 4 640
75 91 4 5 22 640
75 93 4 2 11 640
75 95 4 2 8 640
75 98 4 5 22 640
76 0 2 4 6 613
76 2 2 3 21 613
76 4 2 4 18 613
76 6 2 4 19 613
76 7 2 1 2 613
76 10 2 5 14 613
76 11 2 1 20 613
76 12 2 3 16 613
76 18 2 3 24 613
76 21 2 1 15 613
76 22 2 1 23 613
76 29 2 3 3 613
76 30 2 4 21 613
76 32 2 4 25 613
76 38 2 3 3 613
76 39 2 4 15 613
76 40 2 5 9 613
76 42 2 2 6 613
76 44 2 1 11 613
76 52 2 3 20 613
76 57 2 1 2 613
76 58 2 4 10 613
76 60 2 5 4 613
76 61 2 2 12 613
76 63 2 5 21 613
76 64 2 1 14 613
76 68 2 3 19 613
76 71 2 5 4 613
76 72 2 1 9 613
76 73 2 4 15 613
76 74 2 4 12 613
76 78 2 4 10 613
76 79 2 2 5 613
76 80 2 4 17 613
76 84 2 3 23 613
76 85 2 3 21 613
76 86 2 2 5 613
76 87 2 2 18 613
76 88 2 3 11 613
76 89 2 1 21 613
76 91 2 5 17 613
76 92 2 5 23 613
76 93 2 2 24 613
76 94 2 5 14 613
76 95 2 2 3 613
76 97 2 3 15 613
77 0 4 4 17 840
77 1 4 2 3 840
77 5 4 2 8 840
77 8 4 1 20 840
77 10 4 5 22 840
77 11 4 1 21 840
77 12 4 3 3 840
77 16 4 1 3 840
77 18 4 3 16 840
77 19 4 1 16 840
77 20 4 1 7 840
77 25 4 3 17 840
77 28 4 4 5 840
77 31 4 5 2 840
77 33 4 2 12 840
77 36 4 4 7 840
77 37 4 4 4 840
77 45 4 4 4 840
77 48 4 5 9 840
77 50 4 4 24 840
77 53 4 3 18 840
77 59 4 4 15 840
77 62 4 1 4 840
77 63 4 5 9 840
77 64 4 1 5 840
77 67 4 5 3 840
77 69 4 2 2 840
77 70 4 4 5 840
77 71 4 5 4 840
77 72 4 1 19 840
77 73 4 4 4 840
77 74 4 4 16 840
77 78 4 4 3 840
77 79 4 2 8 840
77 86 4 2 25 840
77 87 4 2 11 840
77 88 4 3 5 840
77 91 4 5 25 840
77 92 4 5 5 840
77 93 4 2 23 840
77 95 4 2 5 840
77 97 4 3 19 840
77 99 4 4 4 840
78 2 4 3 20 728
78 5 4 2 20 728
78 8 4 1 21 728
78 9 4 1 25 728
78 13 4 4 14 728
78 14 4 3 25 728
78 15 4 3 15 728
78 16 4 1 19 728
78 26 4 3 4 728
78 29 4 3 5 728
78 30 4 4 24 728
78 31 4 5 14 728
78 36 4 4 19 728
78 38 4 3 15 728
78 40 4 5 22 728
78 42 4 2 3 728
78 44 4 1 7 728
78 46 4 4 1 728
78 47 4 5 25 728
78 48 4 5 25 728
78 49 4 1 25 728
78 51 4 4 8 728
78 54 4 2 2 728
78 56 4 2 7 728
78 57 4 1 8 728
78 58 4 4 18 728
78 60 4 5 6 728
78 61 4 2 12 728
78 62 4 1 9 728
78 63 4 5 17 728
78 65 4 5 11 728
78 67 4 5 11 728
78 69 4 2 14 728
78 71 4 5 6 728
78 73 4 4 13 728
78 74 4 4 15 728
78 75 4 4 4 728
78 76 4 2 10 728
78 77 4 4 3 728
78 80 4 4 20 728
78 81 4 4 2 728
78 86 4 2 21 728
78 87 4 2 14 728
78 88 4 3 11 728
78 98 4 5 20 728
78 99 4 4 2 728
79 1 2 2 15 521
79 5 2 2 12 521
79 6 2 4 7 521
79 7 2 1 11 521
79 8 2 1 11 521
79 11 2 1 18 521
79 12 2 3 16 521
79 14 2 3 4 521
79 20 2 1 9 521
79 21 2 1 2 521
79 22 2 1 13 521
79 23 2 3 11 521
79 27 2 1 7 521
79 28 2 4 6 521
79 30 2 4 17 521
79 33 2 2 7 521
79 34 2 1 20 521
79 38 2 3 15 521
79 39 2 4 16 521
79 40 2 5 17 521
79 41 2 4 9 521
79 43 2 2 12 521
79 44 2 1 17 521
79 45 2 4 24 521
79 46 2 4 20 521
79 47 2 5 18 521
79 48 2 5 15 521
79 49 2 1 2 521
79 50 2 4 19 521
79 51 2 4 9 521
79 54 2 2 2 521
79 59 2 4 16 521
79 60 2 5 4 521
79 61 2 2 6 521
79 64 2 1 3 521
79 66 2 3 11 521
79 70 2 4 18 521
79 71 2 5 25 521
79 76 2 2 5 521
79 77 2 4 8 521
79 80 2 4 3 521
79 81 2 4 22 521
79 82 2 5 1 521
79 83 2 1 22 521
79 85 2 3 18 521
79 86 2 2 14 521
79 88 2 3 20 521
79 89 2 1 12 521
79 91 2 5 7 521
79 92 2 5 15 521
79 93 2 2 13 521
79 95 2 2 20 521
79 96 2 2 17 521
79 97 2 3 3 521
79 99 2 4 15 521
80 0 4 4 15 382
80 3 4 1 19 382
80 4 4 4 24 382
80 6 4 4 11 382
80 7 4 1 24 382
80 8 4 1 23 382
80 11 4 1 17 382
80 16 4 1 5 382
80 17 4 2 15 382
80 18 4 3 5 382
80 19 4 1 9 382
80 21 4 1 15 382
80 22 4 1 15 382
80 24 4 1 23 382
80 25 4 3 12 382
80 27 4 1 21 382
80 28 4 4 12 382
80 29 4 3 21 382
80 30 4 4 6 382
80 31 4 5 16 382
80 32 4 4 13 382
80 35 4 4 20 382
80 43 4 2 20 382
80 47 4 5 9 382
80 52 4 3 21 382
80 55 4 2 11 382
80 58 4 4 13 382
80 59 4 4 6 382
80 61 4 2 24 382
80 62 4 1 17 382
80 64 4 1 5 382
80 67 4 5 15 382
80 69 4 2 24 382
80 70 4 4 21 382
80 71 4 5 10 382
80 74 4 4 12 382
80 76 4 2 17 382
80 78 4 4 20 382
80 79 4 2 3 382
80 82 4 5 2 382
80 83 4 1 20 382
80 84 4 3 11 382
80 89 4 1 2 382
80 91 4 5 14 382
80 94 4 5 8 382
80 96 4 2 9 382
80 97 4 3 1 382
80 98 4 5 4 382
80 99 4 4 23 382
81 0 4 4 4 666
81 1 4 2 24 666
81 2 4 3 2 666
81 4 4 4 4 666
81 8 4 1 18 666
81 9 4 1 9 666
81 14 4 3 24 666
81 15 4 3 8 666
81 18 4 3 11 666
81 21 4 1 13 666
81 23 4 3 15 666
81 25 4 3 13 666
81 26 4 3 20 666
81 30 4 4 24 666
81 32 4 4 5 666
81 33 4 2 11 666
81 34 4 1 21 666
81 36 4 4 20 666
81 40 4 5 2 666
81 43 4 2 12 666
81 44 4 1 24 666
81 48 4 5 2 666
81 53 4 3 8 666
81 55 4 2 15 666
81 56 4 2 9 666
81 63 4 5 18 666
81 68 4 3 24 666
81 70 4 4 21 666
81 73 4 4 17 666
81 75 4 4 14 666
81 78 4 4 2 666
81 79 4 2 22 666
81 88 4 3 21 666
81 89 4 1 15 666
81 91 4 5 18 666
81 93 4 2 20 666
81 94 4 5 15 666
81 96 4 2 2 666
81 99 4 4 4 666
82 1 5 2 11 706
82 2 5 3 11 706
82 4 5 4 11 706
82 6 5 4 6 706
82 9 5 1 19 706
82 10 5 5 3 706
82 11 5 1 7 706
82 13 5 4 4 706
82 17 5 2 3 706
82 18 5 3 21 706
82 20 5 1 2 706
82 21 5 1 3 706
82 23 5 3 11 706
82 25 5 3 4 706
82 26 5 3 20 706
82 27 5 1 2 706
82 31 5 5 25 706
82 35 5 4 1 706
82 40 5 5 9 706
82 45 5 4 23 706
82 47 5 5 11 706
82 48 5 5 11 706
82 49 5 1 3 706
82 50 5 4 22 706
82 51 5 4 18 706
82 52 5 3 12 706
82 53 5 3 7 706
82 56 5 2 9 706
82 61 5 2 9 706
82 64 5 1 21 706
82 65 5 5 18 706
82 66 5 3 22 706
82 67 5 5 15 706
82 72 5 1 12 706
82 74 5 4 16 706
82 79 5 2 1 706
82 80 5 4 2 706
82 85 5 3 8 706
82 86 5 2 19 706
82 90 5 4 12 706
82 93 5 2 18 706
82 94 5 5 25 706
82 95 5 2 8 706
82 98 5 5 17 706
82 99 5 4 25 706
83 1 1 2 24 421
83 2 1 3 3 421
83 3 1 1 15 421
83 4 1 4 11 421
83 6 1 4 9 421
83 7 1 1 2 421
83 9 1 1 5 421
83 10 1 5 19 421
83 12 1 3 24 421
83 14 1 3 11 421
83 18 1 3 18 421
83 20 1 1 1 421
83 22 1 1 8 421
83 23 1 3 25 421
83 24 1 1 3 421
83 26 1 3 5 421
83 27 1 1 13 421
83 30 1 4 10 421
83 32 1 4 13 421
83 33 1 2 12 421
83 35 1 4 23 421
83 38 1 3 17 421
83 40 1 5 2 421
83 42 1 2 7 421
83 43 1 2 11 421
83 44 1 1 4 421
83 45 1 4 23 421
83 47 1 5 9 421
83 51 1 4 17 421
83 54 1 2 4 421
83 56 1 2 10 421
83 57 1 1 2 421
83 58 1 4 19 421
83 59 1 4 25 421
83 61 1 2 14 421
83 62 1 1 4 421
83 63 1 5 15 421
83 66 1 3 13 421
83 71 1 5 2 421
83 73 1 4 16 421
83 79 1 2 22 421
83 80 1 4 20 421
83 85 1 3 8 421
83 87 1 2 11 421
83 88 1 3 21 421
83 90 1 4 11 421
83 91 1 5 6 421
83 92 1 5 3 421
83 94 1 5 1 421
83 96 1 2 7 421
83 97 1 3 6 421
83 98 1 5 1 421
83 99 1 4 22 421
84 0 3 4 17 181
84 1 3 2 10 181
84 4 3 4 25 181
84 6 3 4 13 181
84 7 3 1 22 181
84 9 3 1 1 181
84 13 3 4 13 181
84 14 3 3 8 181
84 22 3 1 15 181
84 25 3 3 17 181
84 26 3 3 16 181
84 27 3 1 23 181
84 28 3 4 20 181
84 29 3 3 19 181
84 30 3 4 12 181
84 31 3 5 19 181
84 32 3 4 6 181
84 35 3 4 22 181
84 36 3 4 6 181
84 39 3 4 17 181
84 40 3 5 12 181
84 42 3 2 8 181
84 43 3 2 17 181
84 44 3 1 22 181
84 45 3 4 15 181
84 46 3 4 7 181
84 48 3 5 2 181
84 49 3 1 12 181
84 54 3 2 19 181
84 55 3 2 20 181
84 59 3 4 25 181
84 62 3 1 7 181
84 63 3 5 13 181
84 64 3 1 25 181
84 66 3 3 16 181
84 67 3 5 16 181
84 68 3 3 2 181
84 69 3 2 8 181
84 74 3 4 7 181
84 76 3 2 23 181
84 80 3 4 11 181
84 86 3 2 19 181
84 91 3 5 15 181
84 96 3 2 10 181
84 97 3 3 1 181
84 98 3 5 24 181
85 0 3 4 1 338
85 1 3 2 16 338
85 2 3 3 22 338
85 3 3 1 2 338
85 5 3 2 4 338
85 6 3 4 25 338
85 8 3 1 2 338
85 9 3 1 1 338
85 10 3 5 8 338
85 12 3 3 10 338
85 15 3 3 21 338
85 17 3 2 20 338
85 18 3 3 11 338
85 21 3 1 16 338
85 24 3 1 4 338
85 26 3 3 23 338
85 27 3 1 1 338
85 29 3 3 1 338
85 31 3 5 5 338
85 34 3 1 20 338
85 37 3 4 19 338
85 38 3 3 16 338
85 39 3 4 9 338
85 40 3 5 1 338
85 41 3 4 3 338
85 45 3 4 4 338
85 49 3 1 11 338
85 52 3 3 14 338
85 54 3 2 1 338
85 55 3 2 8 338
85 56 3 2 24 338
85 57 3 1 14 338
85 58 3 4 11 338
85 59 3 4 23 338
85 60 3 5 4 338
85 62 3 1 21 338
85 65 3 5 8 338
85 70 3 4 19 338
85 72 3 1 9 338
85 75 3 4 3 338
85 76 3 2 21 338
85 79 3 2 18 338
85 82 3 5 8 338
85 83 3 1 8 338
85 90 3 4 25 338
85 95 3 2 2 338
85 96 3 2 20 338
85 98 3 5 8 338
86 1 2 2 24 392
86 2 2 3 15 392
86 7 2 1 14 392
86 9 2 1 19 392
86 10 2 5 19 392
86 13 2 4 20 392
86 14 2 3 25 392
86 17 2 2 12 392
86 19 2 1 11 392
86 20 2 1 12 392
86 22 2 1 25 392
86 26 2 3 4 392
86 27 2 1 20 392
86 30 2 4 1 392
86 33 2 2 1 392
86 34 2 1 22 392
86 35 2 4 8 392
86 38 2 3 7 392
86 39 2 4 4 392
86 40 2 5 3 392
86 44 2 1 24 392
86 45 2 4 20 392
86 46 2 4 19 392
86 48 2 5 6 392
86 50 2 4 24 392
86 51 2 4 12 392
86 55 2 2 9 392
86 61 2 2 2 392
86 62 2 1 9 392
86 65 2 5 9 392
86 68 2 3 6 392
86 69 2 2 12 392
86 74 2 4 17 392
86 76 2 2 5 392
86 77 2 4 25 392
86 78 2 4 21 392
86 79 2 2 14 392
86 82 2 5 19 392
86 84 2 3 19 392
86 89 2 1 2 392
86 91 2 5 19 392
86 94 2 5 17 392
86 96 2 2 2 392
86 97 2 3 5 392
87 0 2 4 23 521
87 1 2 2 14 521
87 3 2 1 21 521
87 4 2 4 4 521
87 5 2 2 14 521
87 6 2 4 14 521
87 12 2 3 16 521
87 17 2 2 18 521
87 18 2 3 7 521
87 19 2 1 7 521
87 21 2 1 21 521
87 25 2 3 25 521
87 30 2 4 1 521
87 33 2 2 17 521
87 34 2 1 1 521
87 35 2 4 11 521
87 36 2 4 1 521
87 37 2 4 3 521
87 38 2 3 5 521
87 39 2 4 25 521
87 40 2 5 10 521
87 42 2 2 13 521
87 43 2 2 19 521
87 44 2 1 16 521
87 46 2 4 6 521
87 47 2 5 24 521
87 49 2 1 9 521
87 50 2 4 3 521
87 51 2 4 6 521
87 52 2 3 4 521
87 53 2 3 9 521
87 55 2 2 14 521
87 56 2 2 25 521
87 57 2 1 9 521
87 58 2 4 5 521
87 59 2 4 18 521
87 60 2 5 4 521
87 61 2 2 9 521
87 64 2 1 11 521
87 67 2 5 9 521
87 68 2 3 23 521
87 70 2 4 23 521
87 71 2 5 1 521
87 72 2 1 9 521
87 73 2 4 12 521
87 75 2 4 10 521
87 76 2 2 18 521
87 77 2 4 11 521
87 78 2 4 14 521
87 83 2 1 11 521
87 90 2 4 18 521
87 91 2 5 11 521
87 94 2 5 4 521
87 95 2 2 21 521
88 1 3 2 6 178
88 2 3 3 2 178
88 4 3 4 17 178
88 11 3 1 9 178
88 13 3 4 10 178
88 16 3 1 4 178
88 17 3 2 9 178
88 19 3 1 12 178
88 20 3 1 19 178
88 24 3 1 20 178
88 25 3 3 13 178
88 26 3 3 6 178
88 27 3 1 13 178
88 28 3 4 17 178
88 30 3 4 8 178
88 34 3 1 25 178
88 35 3 4 20 178
88 38 3 3 20 178
88 39 3 4 3 178
88 41 3 4 21 178
88 48 3 5 6 178
88 52 3 3 20 178
88 54 3 2 1 178
88 59 3 4 13 178
88 62 3 1 23 178
88 64 3 1 17 178
88 65 3 5 11 178
88 68 3 3 3 178
88 69 3 2 7 178
88 72 3 1 25 178
88 73 3 4 5 178
88 74 3 4 8 178
88 75 3 4 1 178
88 76 3 2 11 178
88 77 3 4 5 178
88 78 3 4 11 178
88 79 3 2 20 178
88 81 3 4 21 178
88 83 3 1 21 178
88 89 3 1 12 178
88 92 3 5 2 178
88 95 3 2 7 178
88 96 3 2 16 178
88 97 3 3 13 178
88 98 3 5 8 178
89 0 1 4 5 761
89 1 1 2 10 761
89 3 1 1 14 761
89 4 1 4 25 761
89 6 1 4 5 761
89 8 1 1 22 761
89 10 1 5 18 761
89 13 1 4 17 761
89 14 1 3 10 761
89 15 1 3 9 761
89 21 1 1 6 761
89 24 1 1 11 761
89 25 1 3 9 761
89 28 1 4 2 761
89 30 1 4 15 761
89 32 1 4 20 761
89 34 1 1 22 761
89 36 1 4 20 761
89 37 1 4 13 761
89 40 1 5 17 761
89 41 1 4 16 761
89 43 1 2 21 761
89 47 1 5 12 761
89 50 1 4 20 761
89 52 1 3 14 761
89 54 1 2 11 761
89 55 1 2 1 761
89 56 1 2 2 761
89 57 1 1 14 761
89 59 1 4 24 761
89 61 1 2 16 761
89 65 1 5 25 761
89 67 1 5 15 761
89 70 1 4 20 761
89 73 1 4 25 761
89 74 1 4 8 761
89 75 1 4 4 761
89 76 1 2 21 761
89 79 1 2 12 761
89 80 1 4 2 761
89 81 1 4 15 761
89 86 1 2 2 761
89 88 1 3 12 761
89 93 1 2 10 761
89 94 1 5 25 761
89 97 1 3 1 761
89 99 1 4 1 761
90 1 4 2 3 618
90 6 4 4 11 618
90 7 4 1 18 618
90 9 4 1 25 618
90 11 4 1 20 618
90 12 4 3 4 618
90 14 4 3 21 618
90 17 4 2 16 618
90 18 4 3 11 618
90 19 4 1 11 618
90 21 4 1 15 618
90 23 4 3 7 618
90 24 4 1 11 618
90 26 4 3 5 618
90 29 4 3 6 618
90 30 4 4 2 618
90 31 4 5 19 618
90 33 4 2 18 618
90 35 4 4 22 618
90 39 4 4 19 618
90 43 4 2 16 618
90 47 4 5 9 618
90 49 4 1 4 618
90 50 4 4 22 618
90 51 4 4 24 618
90 52 4 3 3 618
90 59 4 4 14 618
90 63 4 5 11 618
90 64 4 1 15 618
90 67 4 5 2 618
90 69 4 2 12 618
90 70 4 4 5 618
90 82 4 5 12 618
90 83 4 1 11 618
90 85 4 3 25 618
90 87 4 2 18 618
90 93 4 2 16 618
90 94 4 5 23 618
90 98 4 5 21 618
91 2 5 3 25 830
91 3 5 1 15 830
91 5 5 2 9 830
91 6 5 4 5 830
91 10 5 5 21 830
91 12 5 3 24 830
91 13 5 4 24 830
91 14 5 3 12 830
91 17 5 2 16 830
91 19 5 1 21 830
91 22 5 1 16 830
91 24 5 1 14 830
91 26 5 3 19 830
91 27 5 1 10 830
91 28 5 4 2 830
91 33 5 2 23 830
91 34 5 1 1 830
91 35 5 4 10 830
91 37 5 4 23 830
91 39 5 4 9 830
91 41 5 4 7 830
91 46 5 4 17 830
91 48 5 5 9 830
91 51 5 4 4 830
91 52 5 3 5 830
91 55 5 2 10 830
91 57 5 1 8 830
91 58 5 4 19 830
91 59 5 4 22 830
91 61 5 2 13 830
91 62 5 1 24 830
91 65 5 5 24 830
91 67 5 5 18 830
91 68 5 3 14 830
91 69 5 2 8 830
91 70 5 4 19 830
91 72 5 1 9 830
91 75 5 4 22 830
91 76 5 2 17 830
91 77 5 4 25 830
91 79 5 2 7 830
91 80 5 4 14 830
91 81 5 4 18 830
91 83 5 1 6 830
91 84 5 3 15 830
91 86 5 2 19 830
91 87 5 2 11 830
91 98 5 5 17 830
91 99 5 4 3 830
92 1 5 2 2 481
92 2 5 3 10 481
92 4 5 4 20 481
92 6 5 4 14 481
92 7 5 1 10 481
92 9 5 1 1 481
92 10 5 5 8 481
92 11 5 1 1 481
92 12 5 3 23 481
92 13 5 4 16 481
92 14 5 3 19 481
92 16 5 1 11 481
92 18 5 3 6 481
92 21 5 1 12 481
92 22 5 1 22 481
92 23 5 3 24 481
92 30 5 4 14 481
92 32 5 4 20 481
92 34 5 1 18 481
92 38 5 3 21 481
92 39 5 4 16 481
92 40 5 5 21 481
92 41 5 4 5 481
92 42 5 2 15 481
92 43 5 2 11 481
92 44 5 1 21 481
92 45 5 4 11 481
92 54 5 2 14 481
92 57 5 1 8 481
92 59 5 4 17 481
92 60 5 5 5 481
92 61 5 2 17 481
92 62 5 1 4 481
92 63 5 5 9 481
92 65 5 5 19 481
92 66 5 3 17 481
92 71 5 5 4 481
92 76 5 2 23 481
92 77 5 4 5 481
92 79 5 2 15 481
92 83 5 1 3 481
92 88 5 3 2 481
92 93 5 2 4 481
92 94 5 5 20 481
92 95 5 2 20 481
92 96 5 2 4 481
92 97 5 3 3 481
92 98 5 5 16 481
93 0 2 4 12 578
93 1 2 2 1 578
93 2 2 3 25 578
93 3 2 1 10 578
93 5 2 2 23 578
93 6 2 4 20 578
93 7 2 1 22 578
93 8 2 1 5 578
93 11 2 1 24 578
93 15 2 3 24 578
93 16 2 1 9 578
93 19 2 1 12 578
93 20 2 1 23 578
93 21 2 1 6 578
93 22 2 1 10 578
93 23 2 3 21 578
93 24 2 1 6 578
93 29 2 3 17 578
93 30 2 4 15 578
93 32 2 4 17 578
93 35 2 4 25 578
93 37 2 4 4 578
93 41 2 4 11 578
93 42 2 2 10 578
93 45 2 4 14 578
93 46 2 4 11 578
93 49 2 1 12 578
93 53 2 3 20 578
93 54 2 2 1 578
93 55 2 2 7 578
93 57 2 1 1 578
93 58 2 4 14 578
93 59 2 4 4 578
93 60 2 5 16 578
93 62 2 1 19 578
93 63 2 5 7 578
93 64 2 1 8 578
93 68 2 3 3 578
93 69 2 2 24 578
93 71 2 5 21 578
93 72 2 1 10 578
93 75 2 4 11 578
93 76 2 2 24 578
93 77 2 4 23 578
93 79 2 2 13 578
93 81 2 4 20 578
93 82 2 5 18 578
93 89 2 1 10 578
93 90 2 4 16 578
93 92 2 5 4 578
93 94 2 5 13 578
93 95 2 2 3 578
93 96 2 2 23 578
93 97 2 3 17 578
94 0 5 4 4 556
94 2 5 3 25 556
94 4 5 4 25 556
94 5 5 2 6 556
94 6 5 4 19 556
94 8 5 1 16 556
94 11 5 1 14 556
94 17 5 2 14 556
94 19 5 1 4 556
94 21 5 1 14 556
94 23 5 3 11 556
94 24 5 1 7 556
94 25 5 3 6 556
94 29 5 3 1 556
94 31 5 5 8 556
94 32 5 4 7 556
94 33 5 2 21 556
94 36 5 4 6 556
94 37 5 4 4 556
94 40 5 5 15 556
94 41 5 4 2 556
94 42 5 2 20 556
94 44 5 1 20 556
94 46 5 4 2 556
94 47 5 5 21 556
94 48 5 5 7 556
94 54 5 2 10 556
94 58 5 4 19 556
94 60 5 5 10 556
94 65 5 5 4 556
94 67 5 5 2 556
94 70 5 4 5 556
94 72 5 1 2 556
94 76 5 2 14 556
94 80 5 4 8 556
94 81 5 4 15 556
94 82 5 5 25 556
94 83 5 1 1 556
94 86 5 2 17 556
94 87 5 2 4 556
94 89 5 1 25 556
94 90 5 4 23 556
94 92 5 5 20 556
94 93 5 2 13 556
94 95 5 2 5 556
94 98 5 5 25 556
95 3 2 1 8 983
95 6 2 4 10 983
95 7 2 1 14 983
95 8 2 1 17 983
95 9 2 1 2 983
95 13 2 4 24 983
95 15 2 3 13 983
95 16 2 1 12 983
95 17 2 2 8 983
95 18 2 3 22 983
95 19 2 1 24 983
95 20 2 1 16 983
95 22 2 1 15 983
95 24 2 1 9 983
95 26 2 3 6 983
95 27 2 1 1 983
95 28 2 4 18 983
95 30 2 4 6 983
95 32 2 4 12 983
95 35 2 4 20 983
95 38 2 3 8 983
95 40 2 5 2 983
95 41 2 4 17 983
95 42 2 2 23 983
95 44 2 1 21 983
95 48 2 5 9 983
95 51 2 4 24 983
95 53 2 3 10 983
95 56 2 2 2 983
95 61 2 2 11 983
95 65 2 5 9 983
95 66 2 3 22 983
95 67 2 5 22 983
95 68 2 3 21 983
95 70 2 4 9 983
95 71 2 5 19 983
95 72 2 1 6 983
95 73 2 4 22 983
95 75 2 4 8 983
95 76 2 2 3 983
95 77 2 4 5 983
95 79 2 2 20 983
95 82 2 5 8 983
95 85 2 3 2 983
95 87 2 2 21 983
95 88 2 3 7 983
95 92 2 5 20 983
95 93 2 2 3 983
95 94 2 5 5 983
95 98 2 5 21 983
95 99 2 4 20 983
96 1 2 2 22 272
96 6 2 4 15 272
96 8 2 1 23 272
96 9 2 1 9 272
96 10 2 5 7 272
96 13 2 4 9 272
96 17 2 2 17 272
96 18 2 3 8 272
96 19 2 1 19 272
96 20 2 1 24 272
96 21 2 1 19 272
96 22 2 1 19 272
96 26 2 3 6 272
96 30 2 4 9 272
96 31 2 5 11 272
96 33 2 2 17 272
96 37 2 4 19 272
96 40 2 5 21 272
96 41 2 4 9 272
96 42 2 2 8 272
96 48 2 5 12 272
96 51 2 4 5 272
96 52 2 3 18 272
96 53 2 3 25 272
96 58 2 4 5 272
96 60 2 5 4 272
96 61 2 2 1 272
96 62 2 1 9 272
96 66 2 3 4 272
96 68 2 3 7 272
96 70 2 4 16 272
96 71 2 5 14 272
96 72 2 1 6 272
96 74 2 4 13 272
96 79 2 2 17 272
96 80 2 4 9 272
96 81 2 4 2 272
96 83 2 1 7 272
96 84 2 3 10 272
96 85 2 3 20 272
96 86 2 2 2 272
96 88 2 3 16 272
96 92 2 5 4 272
96 93 2 2 23 272
96 99 2 4 19 272
97 0 3 4 2 791
97 1 3 2 16 791
97 4 3 4 16 791
97 5 3 2 1 791
97 7 3 1 13 791
97 10 3 5 5 791
97 13 3 4 25 791
97 14 3 3 23 791
97 18 3 3 11 791
97 25 3 3 10 791
97 27 3 1 4 791
97 30 3 4 11 791
97 32 3 4 5 791
97 33 3 2 17 791
97 42 3 2 5 791
97 43 3 2 2 791
97 45 3 4 13 791
97 46 3 4 16 791
97 49 3 1 5 791
97 52 3 3 6 791
97 53 3 3 5 791
97 54 3 2 19 791
97 57 3 1 22 791
97 58 3 4 11 791
97 62 3 1 22 791
97 64 3 1 21 791
97 65 3 5 24 791
97 66 3 3 5 791
97 70 3 4 24 791
97 76 3 2 15 791
97 77 3 4 19 791
97 79 3 2 3 791
97 80 3 4 1 791
97 83 3 1 6 791
97 84 3 3 1 791
97 86 3 2 5 791
97 88 3 3 13 791
97 89 3 1 1 791
97 92 3 5 3 791
97 93 3 2 17 791
97 99 3 4 18 791
98 1 5 2 7 629
98 2 5 3 14 629
98 3 5 1 6 629
98 4 5 4 20 629
98 6 5 4 6 629
98 7 5 1 1 629
98 9 5 1 25 629
98 10 5 5 16 629
98 17 5 2 8 629
98 18 5 3 15 629
98 19 5 1 23 629
98 20 5 1 1 629
98 21 5 1 19 629
98 22 5 1 21 629
98 23 5 3 10 629
98 24 5 1 19 629
98 28 5 4 9 629
98 30 5 4 7 629
98 32 5 4 3 629
98 33 5 2 16 629
98 35 5 4 22 629
98 38 5 3 20 629
98 39 5 4 7 629
98 40 5 5 22 629
98 45 5 4 10 629
98 47 5 5 5 629
98 48 5 5 18 629
98 51 5 4 3 629
98 53 5 3 18 629
98 54 5 2 5 629
98 55 5 2 18 629
98 57 5 1 4 629
98 59 5 4 15 629
98 61 5 2 23 629
98 63 5 5 17 629
98 65 5 5 8 629
98 66 5 3 1 629
98 67 5 5 19 629
98 70 5 4 2 629
98 71 5 5 1 629
98 72 5 1 19 629
98 73 5 4 13 629
98 75 5 4 22 629
98 78 5 4 20 629
98 80 5 4 4 629
98 82 5 5 17 629
98 83 5 1 1 629
98 84 5 3 24 629
98 85 5 3 8 629
98 88 5 3 8 629
98 90 5 4 21 629
98 91 5 5 17 629
98 92 5 5 16 629
98 94 5 5 25 629
98 95 5 2 21 629
98 99 5 4 3 629
99 1 4 2 5 912
99 3 4 1 5 912
99 4 4 4 22 912
99 6 4 4 12 912
99 7 4 1 12 912
99 8 4 1 19 912
99 9 4 1 9 912
99 11 4 1 23 912
99 13 4 4 8 912
99 15 4 3 25 912
99 17 4 2 5 912
99 21 4 1 17 912
99 25 4 3 12 912
99 32 4 4 21 912
99 34 4 1 11 912
99 37 4 4 25 912
99 38 4 3 23 912
99 39 4 4 23 912
99 40 4 5 7 912
99 43 4 2 15 912
99 44 4 1 21 912
99 50 4 4 24 912
99 54 4 2 24 912
99 58 4 4 2 912
99 60 4 5 4 912
99 61 4 2 12 912
99 66 4 3 20 912
99 67 4 5 12 912
99 68 4 3 22 912
99 70 4 4 22 912
99 71 4 5 1 912
99 72 4 1 14 912
99 74 4 4 8 912
99 77 4 4 4 912
99 78 4 4 2 912
99 79 4 2 15 912
99 80 4 4 23 912
99 81 4 4 4 912
99 82 4 5 25 912
99 83 4 1 22 912
99 89 4 1 1 912
99 91 4 5 3 912
99 95 4 2 20 912
99 96 4 2 19 912
99 97 4 3 18 912
99 98 4 5 3 912
