capacity  cost_by_node
nb_functions 8
32 69 86 75 97 85 70 39 19 89 100 60 28 45 71 18 19 96 100 68 54 96 96 54 64 75 69 83 54 94 67 19 71 45 68 51 33 15 76 13 62 81 89 18 28 14 53 36 92 75 48 
26 55 78 60 51 63 29 43 47 89 64 20 93 46 97 32 98 42 89 44 12 10 45 43 45 17 13 58 70 29 36 24 71 84 22 52 14 76 40 68 53 61 52 61 86 88 30 25 53 16 49 
26 29 12 28 61 91 65 62 54 42 90 79 60 75 59 62 97 93 43 32 38 71 53 75 16 100 48 75 41 23 56 91 97 43 26 43 39 88 87 18 60 25 22 10 33 16 74 94 18 50 72 
21 19 95 48 75 30 73 80 52 41 13 98 34 52 24 55 64 67 37 69 74 33 87 44 60 68 52 23 26 75 77 50 47 14 70 44 48 31 29 21 88 57 28 60 51 93 31 12 87 75 85 
35 37 44 68 41 49 84 27 44 56 74 33 86 46 45 86 86 38 30 94 25 24 44 77 44 74 52 90 36 42 42 83 38 72 78 31 95 41 67 32 47 59 22 46 30 32 78 12 34 16 34 
35 10 11 29 53 96 44 19 49 74 33 79 92 28 94 98 35 24 25 43 18 88 91 48 66 94 79 64 67 39 52 99 94 39 77 44 92 43 45 97 49 23 80 30 67 49 61 89 44 71 45 
32 42 37 54 66 40 64 83 82 14 63 100 87 91 44 50 92 81 14 25 45 98 82 73 20 86 36 49 73 94 74 92 66 18 94 58 96 77 56 96 34 85 51 77 29 22 72 36 96 66 92 
34 12 79 58 98 55 36 59 42 77 24 65 77 92 36 10 90 53 58 48 66 100 46 77 71 42 87 27 34 14 28 14 80 58 61 18 55 66 82 66 95 71 11 38 29 64 82 38 74 29 82 
