capacity  cost_by_node
nb_functions 8
19 61 47 17 42 99 27 75 14 85 39 93 24 64 18 57 66 39 61 77 40 75 26 95 80 36 41 30 83 100 94 30 63 61 77 56 12 26 81 39 10 77 95 95 99 28 23 56 26 90 48 
23 45 86 95 80 17 98 69 89 71 21 50 55 45 69 21 40 74 79 84 72 98 26 58 23 16 14 32 17 96 32 30 93 10 78 66 55 73 11 66 97 71 51 95 35 25 41 74 50 22 10 
17 32 82 30 73 79 18 16 62 39 49 37 22 42 99 15 79 16 89 54 25 35 55 95 21 16 81 60 76 52 35 40 83 60 26 44 59 26 74 98 43 65 72 50 42 34 40 18 36 31 40 
23 53 43 86 31 82 17 72 15 18 92 32 44 26 76 81 91 100 17 95 25 88 74 92 46 30 87 40 100 98 49 33 19 40 11 25 41 77 30 52 41 47 95 68 86 99 18 54 94 46 30 
15 74 75 47 58 93 10 58 65 93 40 100 59 91 74 63 33 23 13 64 70 26 78 66 44 44 71 29 89 81 76 81 43 60 26 17 31 30 91 49 86 92 97 49 60 93 31 22 60 66 31 
15 66 64 40 74 20 50 36 56 98 81 18 91 34 79 40 49 82 28 95 31 36 23 52 98 64 52 24 63 16 100 81 75 37 32 23 89 72 56 30 81 29 35 29 31 85 50 95 46 55 81 
20 13 19 26 17 67 92 49 55 16 26 96 56 86 53 51 20 11 85 23 21 43 68 78 13 94 45 26 88 41 58 69 37 28 100 42 53 70 40 53 10 98 92 79 19 19 14 96 12 53 72 
15 44 58 23 95 49 10 30 48 71 80 10 46 29 94 82 55 39 19 33 76 54 40 75 78 67 91 31 46 73 22 84 20 90 18 55 31 57 81 41 88 82 83 70 30 100 72 75 27 27 84 
