Node_1 Node_2 Capacity_node1 Capacity_node2 Latency_arc node_cost
nb_nodes 50
nb_arcs 2208
0 1 3 4 11 115
0 2 3 1 8 115
0 3 3 3 21 115
0 4 3 6 11 115
0 5 3 3 17 115
0 6 3 2 10 115
0 8 3 3 12 115
0 9 3 6 11 115
0 10 3 1 8 115
0 11 3 5 4 115
0 12 3 5 8 115
0 13 3 2 24 115
0 14 3 3 12 115
0 15 3 5 10 115
0 16 3 4 20 115
0 17 3 1 3 115
0 18 3 1 25 115
0 19 3 6 1 115
0 21 3 2 17 115
0 22 3 6 4 115
0 23 3 5 8 115
0 25 3 2 1 115
0 26 3 6 7 115
0 27 3 3 11 115
0 29 3 6 15 115
0 30 3 1 1 115
0 31 3 5 22 115
0 32 3 5 13 115
0 34 3 3 14 115
0 35 3 5 5 115
0 36 3 1 7 115
0 38 3 5 23 115
0 39 3 6 15 115
0 40 3 4 8 115
0 41 3 5 15 115
0 42 3 5 1 115
0 43 3 1 9 115
0 44 3 3 15 115
0 45 3 1 8 115
0 46 3 4 12 115
0 47 3 3 8 115
0 48 3 2 16 115
0 49 3 4 21 115
1 0 4 3 11 784
1 2 4 1 9 784
1 3 4 3 19 784
1 5 4 3 16 784
1 6 4 2 11 784
1 7 4 5 11 784
1 9 4 6 19 784
1 10 4 1 12 784
1 11 4 5 2 784
1 12 4 5 17 784
1 13 4 2 25 784
1 14 4 3 10 784
1 15 4 5 8 784
1 16 4 4 23 784
1 18 4 1 16 784
1 19 4 6 3 784
1 20 4 1 4 784
1 22 4 6 14 784
1 23 4 5 7 784
1 24 4 1 9 784
1 25 4 2 22 784
1 26 4 6 6 784
1 27 4 3 23 784
1 28 4 5 21 784
1 29 4 6 25 784
1 30 4 1 13 784
1 31 4 5 17 784
1 33 4 6 24 784
1 34 4 3 24 784
1 35 4 5 6 784
1 36 4 1 18 784
1 37 4 3 8 784
1 38 4 5 2 784
1 39 4 6 7 784
1 40 4 4 2 784
1 41 4 5 11 784
1 42 4 5 11 784
1 43 4 1 15 784
1 44 4 3 8 784
1 46 4 4 8 784
1 47 4 3 14 784
1 49 4 4 14 784
2 0 1 3 8 683
2 1 1 4 9 683
2 3 1 3 10 683
2 4 1 6 11 683
2 5 1 3 7 683
2 6 1 2 2 683
2 7 1 5 1 683
2 8 1 3 13 683
2 9 1 6 9 683
2 10 1 1 14 683
2 11 1 5 21 683
2 12 1 5 2 683
2 14 1 3 13 683
2 15 1 5 2 683
2 16 1 4 4 683
2 17 1 1 11 683
2 18 1 1 21 683
2 19 1 6 12 683
2 20 1 1 14 683
2 22 1 6 15 683
2 23 1 5 22 683
2 24 1 1 8 683
2 25 1 2 17 683
2 26 1 6 10 683
2 27 1 3 14 683
2 28 1 5 4 683
2 29 1 6 19 683
2 31 1 5 20 683
2 32 1 5 2 683
2 33 1 6 18 683
2 34 1 3 17 683
2 35 1 5 6 683
2 36 1 1 3 683
2 37 1 3 8 683
2 38 1 5 16 683
2 39 1 6 10 683
2 40 1 4 25 683
2 41 1 5 1 683
2 42 1 5 2 683
2 43 1 1 20 683
2 44 1 3 23 683
2 45 1 1 23 683
2 46 1 4 4 683
2 48 1 2 9 683
2 49 1 4 3 683
3 0 3 3 21 648
3 1 3 4 19 648
3 2 3 1 10 648
3 4 3 6 14 648
3 5 3 3 13 648
3 6 3 2 16 648
3 8 3 3 14 648
3 9 3 6 5 648
3 10 3 1 21 648
3 11 3 5 8 648
3 12 3 5 23 648
3 14 3 3 8 648
3 15 3 5 3 648
3 16 3 4 11 648
3 17 3 1 7 648
3 18 3 1 21 648
3 19 3 6 7 648
3 21 3 2 8 648
3 22 3 6 10 648
3 23 3 5 4 648
3 24 3 1 6 648
3 25 3 2 11 648
3 26 3 6 5 648
3 27 3 3 16 648
3 29 3 6 3 648
3 30 3 1 8 648
3 31 3 5 16 648
3 32 3 5 16 648
3 33 3 6 1 648
3 35 3 5 11 648
3 36 3 1 5 648
3 37 3 3 6 648
3 39 3 6 4 648
3 40 3 4 22 648
3 41 3 5 12 648
3 42 3 5 7 648
3 43 3 1 6 648
3 44 3 3 6 648
3 45 3 1 4 648
3 46 3 4 18 648
3 47 3 3 8 648
3 48 3 2 21 648
3 49 3 4 7 648
4 0 6 3 11 612
4 2 6 1 11 612
4 3 6 3 14 612
4 5 6 3 23 612
4 6 6 2 7 612
4 7 6 5 25 612
4 8 6 3 14 612
4 9 6 6 3 612
4 10 6 1 6 612
4 11 6 5 12 612
4 12 6 5 23 612
4 13 6 2 9 612
4 14 6 3 1 612
4 15 6 5 23 612
4 16 6 4 4 612
4 17 6 1 6 612
4 18 6 1 20 612
4 19 6 6 13 612
4 20 6 1 17 612
4 21 6 2 14 612
4 22 6 6 19 612
4 23 6 5 1 612
4 24 6 1 18 612
4 25 6 2 9 612
4 26 6 6 22 612
4 27 6 3 13 612
4 29 6 6 18 612
4 30 6 1 5 612
4 31 6 5 21 612
4 32 6 5 16 612
4 33 6 6 23 612
4 34 6 3 13 612
4 35 6 5 25 612
4 36 6 1 23 612
4 37 6 3 9 612
4 38 6 5 24 612
4 39 6 6 20 612
4 40 6 4 10 612
4 41 6 5 15 612
4 42 6 5 21 612
4 43 6 1 23 612
4 45 6 1 17 612
4 46 6 4 24 612
4 47 6 3 4 612
4 48 6 2 16 612
4 49 6 4 2 612
5 0 3 3 17 128
5 1 3 4 16 128
5 2 3 1 7 128
5 3 3 3 13 128
5 4 3 6 23 128
5 6 3 2 1 128
5 8 3 3 25 128
5 9 3 6 15 128
5 10 3 1 4 128
5 11 3 5 4 128
5 12 3 5 20 128
5 13 3 2 2 128
5 14 3 3 10 128
5 16 3 4 13 128
5 17 3 1 2 128
5 18 3 1 7 128
5 19 3 6 6 128
5 20 3 1 11 128
5 22 3 6 20 128
5 23 3 5 23 128
5 24 3 1 23 128
5 26 3 6 23 128
5 27 3 3 19 128
5 28 3 5 20 128
5 29 3 6 23 128
5 30 3 1 25 128
5 31 3 5 14 128
5 32 3 5 1 128
5 33 3 6 9 128
5 36 3 1 4 128
5 37 3 3 14 128
5 38 3 5 25 128
5 39 3 6 18 128
5 40 3 4 16 128
5 41 3 5 17 128
5 42 3 5 6 128
5 43 3 1 19 128
5 44 3 3 8 128
5 45 3 1 25 128
5 46 3 4 21 128
5 48 3 2 11 128
5 49 3 4 8 128
6 0 2 3 10 929
6 1 2 4 11 929
6 2 2 1 2 929
6 3 2 3 16 929
6 4 2 6 7 929
6 5 2 3 1 929
6 7 2 5 4 929
6 9 2 6 18 929
6 10 2 1 8 929
6 11 2 5 2 929
6 12 2 5 11 929
6 13 2 2 2 929
6 14 2 3 6 929
6 15 2 5 6 929
6 16 2 4 17 929
6 17 2 1 10 929
6 18 2 1 7 929
6 19 2 6 23 929
6 20 2 1 1 929
6 21 2 2 25 929
6 22 2 6 4 929
6 23 2 5 15 929
6 24 2 1 24 929
6 25 2 2 8 929
6 27 2 3 3 929
6 28 2 5 12 929
6 29 2 6 2 929
6 30 2 1 12 929
6 31 2 5 13 929
6 32 2 5 25 929
6 33 2 6 4 929
6 34 2 3 14 929
6 35 2 5 19 929
6 36 2 1 5 929
6 37 2 3 22 929
6 38 2 5 19 929
6 39 2 6 2 929
6 40 2 4 25 929
6 41 2 5 23 929
6 42 2 5 23 929
6 43 2 1 23 929
6 44 2 3 7 929
6 45 2 1 3 929
6 46 2 4 2 929
6 47 2 3 12 929
6 48 2 2 10 929
7 1 5 4 11 172
7 2 5 1 1 172
7 4 5 6 25 172
7 6 5 2 4 172
7 8 5 3 24 172
7 9 5 6 16 172
7 10 5 1 1 172
7 11 5 5 7 172
7 12 5 5 9 172
7 13 5 2 11 172
7 14 5 3 9 172
7 15 5 5 13 172
7 16 5 4 14 172
7 17 5 1 19 172
7 18 5 1 22 172
7 19 5 6 6 172
7 20 5 1 14 172
7 21 5 2 18 172
7 22 5 6 21 172
7 23 5 5 23 172
7 24 5 1 14 172
7 25 5 2 6 172
7 26 5 6 16 172
7 27 5 3 19 172
7 28 5 5 15 172
7 29 5 6 3 172
7 30 5 1 8 172
7 31 5 5 16 172
7 32 5 5 16 172
7 33 5 6 18 172
7 34 5 3 19 172
7 35 5 5 13 172
7 36 5 1 18 172
7 38 5 5 24 172
7 39 5 6 7 172
7 40 5 4 3 172
7 41 5 5 2 172
7 42 5 5 18 172
7 43 5 1 17 172
7 44 5 3 1 172
7 45 5 1 15 172
7 46 5 4 12 172
7 47 5 3 2 172
7 48 5 2 17 172
8 0 3 3 12 674
8 2 3 1 13 674
8 3 3 3 14 674
8 4 3 6 14 674
8 5 3 3 25 674
8 7 3 5 24 674
8 9 3 6 17 674
8 10 3 1 1 674
8 11 3 5 16 674
8 12 3 5 25 674
8 13 3 2 14 674
8 14 3 3 21 674
8 15 3 5 23 674
8 16 3 4 11 674
8 17 3 1 5 674
8 18 3 1 20 674
8 19 3 6 11 674
8 20 3 1 7 674
8 21 3 2 13 674
8 23 3 5 4 674
8 24 3 1 9 674
8 25 3 2 25 674
8 26 3 6 6 674
8 27 3 3 12 674
8 28 3 5 22 674
8 29 3 6 22 674
8 30 3 1 10 674
8 31 3 5 12 674
8 32 3 5 4 674
8 33 3 6 1 674
8 34 3 3 20 674
8 35 3 5 11 674
8 36 3 1 15 674
8 37 3 3 7 674
8 38 3 5 6 674
8 39 3 6 8 674
8 40 3 4 14 674
8 41 3 5 12 674
8 42 3 5 11 674
8 43 3 1 20 674
8 44 3 3 20 674
8 45 3 1 2 674
8 46 3 4 18 674
8 47 3 3 1 674
8 48 3 2 8 674
8 49 3 4 1 674
9 0 6 3 11 663
9 1 6 4 19 663
9 2 6 1 9 663
9 3 6 3 5 663
9 4 6 6 3 663
9 5 6 3 15 663
9 6 6 2 18 663
9 7 6 5 16 663
9 8 6 3 17 663
9 10 6 1 3 663
9 11 6 5 18 663
9 12 6 5 15 663
9 13 6 2 12 663
9 14 6 3 18 663
9 15 6 5 10 663
9 16 6 4 18 663
9 17 6 1 4 663
9 18 6 1 23 663
9 19 6 6 9 663
9 20 6 1 10 663
9 21 6 2 23 663
9 22 6 6 6 663
9 23 6 5 4 663
9 25 6 2 11 663
9 26 6 6 10 663
9 29 6 6 14 663
9 30 6 1 19 663
9 31 6 5 8 663
9 32 6 5 13 663
9 33 6 6 15 663
9 34 6 3 21 663
9 35 6 5 16 663
9 36 6 1 18 663
9 37 6 3 13 663
9 39 6 6 4 663
9 40 6 4 9 663
9 41 6 5 18 663
9 42 6 5 18 663
9 43 6 1 1 663
9 44 6 3 4 663
9 45 6 1 21 663
9 46 6 4 18 663
9 47 6 3 23 663
9 48 6 2 21 663
9 49 6 4 24 663
10 0 1 3 8 880
10 1 1 4 12 880
10 2 1 1 14 880
10 3 1 3 21 880
10 4 1 6 6 880
10 5 1 3 4 880
10 6 1 2 8 880
10 7 1 5 1 880
10 8 1 3 1 880
10 9 1 6 3 880
10 12 1 5 13 880
10 13 1 2 20 880
10 14 1 3 24 880
10 15 1 5 22 880
10 16 1 4 13 880
10 17 1 1 13 880
10 18 1 1 3 880
10 19 1 6 14 880
10 20 1 1 13 880
10 21 1 2 5 880
10 22 1 6 15 880
10 23 1 5 23 880
10 24 1 1 20 880
10 25 1 2 17 880
10 26 1 6 22 880
10 27 1 3 15 880
10 29 1 6 8 880
10 30 1 1 5 880
10 31 1 5 2 880
10 32 1 5 13 880
10 34 1 3 8 880
10 35 1 5 5 880
10 36 1 1 10 880
10 37 1 3 20 880
10 39 1 6 14 880
10 40 1 4 25 880
10 41 1 5 17 880
10 42 1 5 12 880
10 43 1 1 6 880
10 44 1 3 2 880
10 45 1 1 8 880
10 46 1 4 12 880
10 48 1 2 25 880
10 49 1 4 3 880
11 0 5 3 4 947
11 1 5 4 2 947
11 2 5 1 21 947
11 3 5 3 8 947
11 4 5 6 12 947
11 5 5 3 4 947
11 6 5 2 2 947
11 7 5 5 7 947
11 8 5 3 16 947
11 9 5 6 18 947
11 12 5 5 17 947
11 13 5 2 3 947
11 14 5 3 17 947
11 16 5 4 5 947
11 17 5 1 7 947
11 18 5 1 16 947
11 19 5 6 16 947
11 20 5 1 2 947
11 21 5 2 10 947
11 22 5 6 8 947
11 23 5 5 23 947
11 24 5 1 13 947
11 25 5 2 24 947
11 27 5 3 22 947
11 28 5 5 17 947
11 29 5 6 22 947
11 30 5 1 8 947
11 31 5 5 25 947
11 32 5 5 12 947
11 33 5 6 10 947
11 34 5 3 10 947
11 35 5 5 23 947
11 36 5 1 11 947
11 37 5 3 12 947
11 38 5 5 17 947
11 39 5 6 6 947
11 40 5 4 17 947
11 41 5 5 12 947
11 42 5 5 25 947
11 43 5 1 2 947
11 44 5 3 25 947
11 45 5 1 12 947
11 46 5 4 9 947
11 47 5 3 19 947
11 48 5 2 3 947
11 49 5 4 1 947
12 0 5 3 8 246
12 1 5 4 17 246
12 2 5 1 2 246
12 3 5 3 23 246
12 4 5 6 23 246
12 5 5 3 20 246
12 6 5 2 11 246
12 7 5 5 9 246
12 8 5 3 25 246
12 9 5 6 15 246
12 10 5 1 13 246
12 11 5 5 17 246
12 13 5 2 3 246
12 14 5 3 8 246
12 15 5 5 1 246
12 16 5 4 25 246
12 17 5 1 25 246
12 18 5 1 20 246
12 19 5 6 2 246
12 20 5 1 7 246
12 21 5 2 21 246
12 22 5 6 21 246
12 23 5 5 3 246
12 24 5 1 21 246
12 25 5 2 6 246
12 26 5 6 6 246
12 27 5 3 11 246
12 29 5 6 12 246
12 32 5 5 15 246
12 33 5 6 17 246
12 34 5 3 21 246
12 35 5 5 6 246
12 36 5 1 16 246
12 37 5 3 9 246
12 38 5 5 5 246
12 39 5 6 9 246
12 40 5 4 19 246
12 41 5 5 9 246
12 42 5 5 19 246
12 43 5 1 6 246
12 44 5 3 17 246
12 45 5 1 22 246
12 46 5 4 23 246
12 48 5 2 8 246
12 49 5 4 21 246
13 0 2 3 24 101
13 1 2 4 25 101
13 4 2 6 9 101
13 5 2 3 2 101
13 6 2 2 2 101
13 7 2 5 11 101
13 8 2 3 14 101
13 9 2 6 12 101
13 10 2 1 20 101
13 11 2 5 3 101
13 12 2 5 3 101
13 14 2 3 23 101
13 15 2 5 25 101
13 16 2 4 14 101
13 18 2 1 7 101
13 19 2 6 2 101
13 20 2 1 21 101
13 21 2 2 3 101
13 22 2 6 12 101
13 24 2 1 15 101
13 25 2 2 20 101
13 26 2 6 24 101
13 27 2 3 23 101
13 28 2 5 22 101
13 29 2 6 12 101
13 30 2 1 6 101
13 31 2 5 24 101
13 32 2 5 21 101
13 33 2 6 6 101
13 34 2 3 11 101
13 35 2 5 15 101
13 37 2 3 25 101
13 38 2 5 1 101
13 39 2 6 2 101
13 40 2 4 21 101
13 41 2 5 11 101
13 42 2 5 11 101
13 44 2 3 13 101
13 45 2 1 2 101
13 46 2 4 1 101
13 48 2 2 22 101
13 49 2 4 4 101
14 0 3 3 12 613
14 1 3 4 10 613
14 2 3 1 13 613
14 3 3 3 8 613
14 4 3 6 1 613
14 5 3 3 10 613
14 6 3 2 6 613
14 7 3 5 9 613
14 8 3 3 21 613
14 9 3 6 18 613
14 10 3 1 24 613
14 11 3 5 17 613
14 12 3 5 8 613
14 13 3 2 23 613
14 15 3 5 25 613
14 16 3 4 17 613
14 17 3 1 4 613
14 18 3 1 21 613
14 19 3 6 16 613
14 20 3 1 22 613
14 21 3 2 20 613
14 22 3 6 25 613
14 23 3 5 5 613
14 24 3 1 23 613
14 25 3 2 20 613
14 26 3 6 22 613
14 27 3 3 1 613
14 28 3 5 16 613
14 30 3 1 12 613
14 31 3 5 1 613
14 32 3 5 20 613
14 33 3 6 21 613
14 34 3 3 16 613
14 35 3 5 25 613
14 36 3 1 5 613
14 39 3 6 24 613
14 40 3 4 19 613
14 41 3 5 24 613
14 42 3 5 25 613
14 43 3 1 5 613
14 45 3 1 6 613
14 46 3 4 9 613
14 47 3 3 10 613
14 48 3 2 7 613
14 49 3 4 20 613
15 0 5 3 10 847
15 1 5 4 8 847
15 2 5 1 2 847
15 3 5 3 3 847
15 4 5 6 23 847
15 6 5 2 6 847
15 7 5 5 13 847
15 8 5 3 23 847
15 9 5 6 10 847
15 10 5 1 22 847
15 12 5 5 1 847
15 13 5 2 25 847
15 14 5 3 25 847
15 16 5 4 2 847
15 17 5 1 7 847
15 18 5 1 9 847
15 19 5 6 25 847
15 20 5 1 15 847
15 21 5 2 5 847
15 23 5 5 2 847
15 24 5 1 10 847
15 26 5 6 20 847
15 27 5 3 22 847
15 28 5 5 20 847
15 29 5 6 21 847
15 30 5 1 13 847
15 32 5 5 15 847
15 33 5 6 4 847
15 34 5 3 4 847
15 35 5 5 24 847
15 37 5 3 19 847
15 38 5 5 3 847
15 39 5 6 4 847
15 40 5 4 20 847
15 41 5 5 19 847
15 42 5 5 11 847
15 43 5 1 10 847
15 44 5 3 17 847
15 45 5 1 17 847
15 46 5 4 8 847
15 47 5 3 19 847
15 48 5 2 18 847
15 49 5 4 12 847
16 0 4 3 20 56
16 1 4 4 23 56
16 2 4 1 4 56
16 3 4 3 11 56
16 4 4 6 4 56
16 5 4 3 13 56
16 6 4 2 17 56
16 7 4 5 14 56
16 8 4 3 11 56
16 9 4 6 18 56
16 10 4 1 13 56
16 11 4 5 5 56
16 12 4 5 25 56
16 13 4 2 14 56
16 14 4 3 17 56
16 15 4 5 2 56
16 17 4 1 10 56
16 18 4 1 5 56
16 19 4 6 16 56
16 20 4 1 11 56
16 21 4 2 23 56
16 22 4 6 15 56
16 23 4 5 25 56
16 24 4 1 3 56
16 25 4 2 15 56
16 26 4 6 2 56
16 27 4 3 8 56
16 28 4 5 23 56
16 29 4 6 3 56
16 30 4 1 16 56
16 31 4 5 23 56
16 33 4 6 17 56
16 34 4 3 22 56
16 35 4 5 15 56
16 36 4 1 21 56
16 37 4 3 23 56
16 38 4 5 21 56
16 39 4 6 21 56
16 40 4 4 12 56
16 41 4 5 15 56
16 42 4 5 17 56
16 44 4 3 9 56
16 45 4 1 2 56
16 46 4 4 1 56
16 47 4 3 6 56
16 49 4 4 6 56
17 0 1 3 3 834
17 2 1 1 11 834
17 3 1 3 7 834
17 4 1 6 6 834
17 5 1 3 2 834
17 6 1 2 10 834
17 7 1 5 19 834
17 8 1 3 5 834
17 9 1 6 4 834
17 10 1 1 13 834
17 11 1 5 7 834
17 12 1 5 25 834
17 14 1 3 4 834
17 15 1 5 7 834
17 16 1 4 10 834
17 18 1 1 5 834
17 19 1 6 19 834
17 20 1 1 16 834
17 21 1 2 3 834
17 22 1 6 11 834
17 23 1 5 10 834
17 24 1 1 6 834
17 25 1 2 24 834
17 26 1 6 12 834
17 28 1 5 24 834
17 29 1 6 23 834
17 31 1 5 16 834
17 32 1 5 7 834
17 33 1 6 6 834
17 34 1 3 13 834
17 35 1 5 6 834
17 36 1 1 7 834
17 37 1 3 9 834
17 38 1 5 23 834
17 40 1 4 21 834
17 42 1 5 12 834
17 44 1 3 20 834
17 45 1 1 10 834
17 46 1 4 13 834
17 48 1 2 20 834
18 0 1 3 25 562
18 1 1 4 16 562
18 2 1 1 21 562
18 3 1 3 21 562
18 4 1 6 20 562
18 5 1 3 7 562
18 6 1 2 7 562
18 7 1 5 22 562
18 8 1 3 20 562
18 9 1 6 23 562
18 10 1 1 3 562
18 11 1 5 16 562
18 12 1 5 20 562
18 13 1 2 7 562
18 14 1 3 21 562
18 15 1 5 9 562
18 16 1 4 5 562
18 17 1 1 5 562
18 19 1 6 16 562
18 20 1 1 12 562
18 21 1 2 8 562
18 22 1 6 3 562
18 23 1 5 14 562
18 24 1 1 3 562
18 25 1 2 2 562
18 26 1 6 12 562
18 27 1 3 18 562
18 28 1 5 14 562
18 29 1 6 17 562
18 30 1 1 23 562
18 31 1 5 10 562
18 33 1 6 10 562
18 34 1 3 5 562
18 35 1 5 25 562
18 36 1 1 25 562
18 37 1 3 4 562
18 38 1 5 3 562
18 39 1 6 15 562
18 40 1 4 4 562
18 41 1 5 12 562
18 42 1 5 11 562
18 43 1 1 15 562
18 44 1 3 19 562
18 45 1 1 14 562
18 46 1 4 22 562
18 47 1 3 4 562
18 48 1 2 17 562
18 49 1 4 3 562
19 0 6 3 1 618
19 1 6 4 3 618
19 2 6 1 12 618
19 3 6 3 7 618
19 4 6 6 13 618
19 5 6 3 6 618
19 6 6 2 23 618
19 7 6 5 6 618
19 8 6 3 11 618
19 9 6 6 9 618
19 10 6 1 14 618
19 11 6 5 16 618
19 12 6 5 2 618
19 13 6 2 2 618
19 14 6 3 16 618
19 15 6 5 25 618
19 16 6 4 16 618
19 17 6 1 19 618
19 18 6 1 16 618
19 20 6 1 7 618
19 21 6 2 2 618
19 22 6 6 2 618
19 23 6 5 15 618
19 24 6 1 12 618
19 25 6 2 5 618
19 26 6 6 3 618
19 27 6 3 17 618
19 28 6 5 1 618
19 29 6 6 4 618
19 30 6 1 24 618
19 31 6 5 7 618
19 32 6 5 15 618
19 33 6 6 11 618
19 34 6 3 8 618
19 35 6 5 19 618
19 37 6 3 4 618
19 38 6 5 6 618
19 39 6 6 6 618
19 40 6 4 24 618
19 41 6 5 9 618
19 42 6 5 19 618
19 43 6 1 23 618
19 44 6 3 21 618
19 45 6 1 3 618
19 46 6 4 19 618
19 47 6 3 17 618
19 48 6 2 9 618
19 49 6 4 22 618
20 1 1 4 4 317
20 2 1 1 14 317
20 4 1 6 17 317
20 5 1 3 11 317
20 6 1 2 1 317
20 7 1 5 14 317
20 8 1 3 7 317
20 9 1 6 10 317
20 10 1 1 13 317
20 11 1 5 2 317
20 12 1 5 7 317
20 13 1 2 21 317
20 14 1 3 22 317
20 15 1 5 15 317
20 16 1 4 11 317
20 17 1 1 16 317
20 18 1 1 12 317
20 19 1 6 7 317
20 21 1 2 25 317
20 22 1 6 8 317
20 23 1 5 18 317
20 24 1 1 18 317
20 26 1 6 13 317
20 27 1 3 23 317
20 28 1 5 25 317
20 29 1 6 17 317
20 30 1 1 25 317
20 31 1 5 6 317
20 32 1 5 4 317
20 33 1 6 1 317
20 34 1 3 10 317
20 35 1 5 22 317
20 37 1 3 21 317
20 39 1 6 11 317
20 40 1 4 20 317
20 41 1 5 1 317
20 42 1 5 22 317
20 43 1 1 10 317
20 44 1 3 9 317
20 45 1 1 15 317
20 46 1 4 21 317
20 48 1 2 13 317
20 49 1 4 4 317
21 0 2 3 17 53
21 3 2 3 8 53
21 4 2 6 14 53
21 6 2 2 25 53
21 7 2 5 18 53
21 8 2 3 13 53
21 9 2 6 23 53
21 10 2 1 5 53
21 11 2 5 10 53
21 12 2 5 21 53
21 13 2 2 3 53
21 14 2 3 20 53
21 15 2 5 5 53
21 16 2 4 23 53
21 17 2 1 3 53
21 18 2 1 8 53
21 19 2 6 2 53
21 20 2 1 25 53
21 22 2 6 12 53
21 24 2 1 9 53
21 25 2 2 9 53
21 26 2 6 11 53
21 27 2 3 22 53
21 28 2 5 9 53
21 29 2 6 15 53
21 30 2 1 19 53
21 31 2 5 21 53
21 32 2 5 11 53
21 33 2 6 13 53
21 34 2 3 10 53
21 35 2 5 22 53
21 37 2 3 10 53
21 38 2 5 22 53
21 39 2 6 2 53
21 41 2 5 25 53
21 42 2 5 10 53
21 43 2 1 24 53
21 44 2 3 17 53
21 45 2 1 2 53
21 46 2 4 15 53
21 47 2 3 14 53
21 48 2 2 6 53
21 49 2 4 14 53
22 0 6 3 4 818
22 1 6 4 14 818
22 2 6 1 15 818
22 3 6 3 10 818
22 4 6 6 19 818
22 5 6 3 20 818
22 6 6 2 4 818
22 7 6 5 21 818
22 9 6 6 6 818
22 10 6 1 15 818
22 11 6 5 8 818
22 12 6 5 21 818
22 13 6 2 12 818
22 14 6 3 25 818
22 16 6 4 15 818
22 17 6 1 11 818
22 18 6 1 3 818
22 19 6 6 2 818
22 20 6 1 8 818
22 21 6 2 12 818
22 23 6 5 4 818
22 24 6 1 19 818
22 25 6 2 2 818
22 26 6 6 10 818
22 27 6 3 4 818
22 28 6 5 14 818
22 29 6 6 24 818
22 30 6 1 25 818
22 31 6 5 23 818
22 32 6 5 11 818
22 33 6 6 11 818
22 34 6 3 1 818
22 35 6 5 12 818
22 36 6 1 19 818
22 38 6 5 4 818
22 39 6 6 8 818
22 40 6 4 21 818
22 41 6 5 21 818
22 42 6 5 24 818
22 43 6 1 4 818
22 44 6 3 11 818
22 46 6 4 25 818
22 47 6 3 12 818
22 48 6 2 5 818
23 0 5 3 8 604
23 1 5 4 7 604
23 2 5 1 22 604
23 3 5 3 4 604
23 4 5 6 1 604
23 5 5 3 23 604
23 6 5 2 15 604
23 7 5 5 23 604
23 8 5 3 4 604
23 9 5 6 4 604
23 10 5 1 23 604
23 11 5 5 23 604
23 12 5 5 3 604
23 14 5 3 5 604
23 15 5 5 2 604
23 16 5 4 25 604
23 17 5 1 10 604
23 18 5 1 14 604
23 19 5 6 15 604
23 20 5 1 18 604
23 22 5 6 4 604
23 24 5 1 21 604
23 25 5 2 15 604
23 26 5 6 8 604
23 27 5 3 17 604
23 28 5 5 9 604
23 29 5 6 21 604
23 30 5 1 23 604
23 31 5 5 10 604
23 32 5 5 25 604
23 33 5 6 1 604
23 34 5 3 24 604
23 35 5 5 19 604
23 36 5 1 10 604
23 37 5 3 9 604
23 38 5 5 9 604
23 39 5 6 19 604
23 40 5 4 22 604
23 41 5 5 19 604
23 43 5 1 23 604
23 44 5 3 22 604
23 45 5 1 11 604
23 46 5 4 22 604
23 47 5 3 12 604
23 48 5 2 15 604
23 49 5 4 20 604
24 1 1 4 9 760
24 2 1 1 8 760
24 3 1 3 6 760
24 4 1 6 18 760
24 5 1 3 23 760
24 6 1 2 24 760
24 7 1 5 14 760
24 8 1 3 9 760
24 10 1 1 20 760
24 11 1 5 13 760
24 12 1 5 21 760
24 13 1 2 15 760
24 14 1 3 23 760
24 15 1 5 10 760
24 16 1 4 3 760
24 17 1 1 6 760
24 18 1 1 3 760
24 19 1 6 12 760
24 20 1 1 18 760
24 21 1 2 9 760
24 22 1 6 19 760
24 23 1 5 21 760
24 25 1 2 21 760
24 26 1 6 2 760
24 28 1 5 14 760
24 30 1 1 20 760
24 31 1 5 7 760
24 32 1 5 23 760
24 33 1 6 15 760
24 34 1 3 19 760
24 35 1 5 5 760
24 36 1 1 20 760
24 37 1 3 3 760
24 38 1 5 8 760
24 39 1 6 22 760
24 40 1 4 25 760
24 41 1 5 3 760
24 42 1 5 19 760
24 43 1 1 24 760
24 44 1 3 8 760
24 45 1 1 16 760
24 46 1 4 11 760
24 47 1 3 2 760
24 48 1 2 8 760
24 49 1 4 5 760
25 0 2 3 1 602
25 1 2 4 22 602
25 2 2 1 17 602
25 3 2 3 11 602
25 4 2 6 9 602
25 6 2 2 8 602
25 7 2 5 6 602
25 8 2 3 25 602
25 9 2 6 11 602
25 10 2 1 17 602
25 11 2 5 24 602
25 12 2 5 6 602
25 13 2 2 20 602
25 14 2 3 20 602
25 16 2 4 15 602
25 17 2 1 24 602
25 18 2 1 2 602
25 19 2 6 5 602
25 21 2 2 9 602
25 22 2 6 2 602
25 23 2 5 15 602
25 24 2 1 21 602
25 26 2 6 13 602
25 27 2 3 5 602
25 28 2 5 12 602
25 29 2 6 22 602
25 30 2 1 18 602
25 31 2 5 13 602
25 32 2 5 6 602
25 33 2 6 17 602
25 34 2 3 20 602
25 35 2 5 22 602
25 36 2 1 15 602
25 37 2 3 17 602
25 38 2 5 21 602
25 39 2 6 2 602
25 40 2 4 16 602
25 41 2 5 18 602
25 42 2 5 18 602
25 43 2 1 2 602
25 44 2 3 17 602
25 45 2 1 25 602
25 46 2 4 11 602
25 47 2 3 10 602
25 48 2 2 13 602
25 49 2 4 11 602
26 0 6 3 7 805
26 1 6 4 6 805
26 2 6 1 10 805
26 3 6 3 5 805
26 4 6 6 22 805
26 5 6 3 23 805
26 7 6 5 16 805
26 8 6 3 6 805
26 9 6 6 10 805
26 10 6 1 22 805
26 12 6 5 6 805
26 13 6 2 24 805
26 14 6 3 22 805
26 15 6 5 20 805
26 16 6 4 2 805
26 17 6 1 12 805
26 18 6 1 12 805
26 19 6 6 3 805
26 20 6 1 13 805
26 21 6 2 11 805
26 22 6 6 10 805
26 23 6 5 8 805
26 24 6 1 2 805
26 25 6 2 13 805
26 27 6 3 16 805
26 28 6 5 18 805
26 29 6 6 1 805
26 30 6 1 3 805
26 31 6 5 9 805
26 32 6 5 11 805
26 33 6 6 12 805
26 34 6 3 20 805
26 35 6 5 14 805
26 37 6 3 23 805
26 38 6 5 1 805
26 39 6 6 10 805
26 40 6 4 3 805
26 41 6 5 25 805
26 42 6 5 22 805
26 43 6 1 24 805
26 44 6 3 14 805
26 45 6 1 3 805
26 46 6 4 8 805
26 49 6 4 23 805
27 0 3 3 11 911
27 1 3 4 23 911
27 2 3 1 14 911
27 3 3 3 16 911
27 4 3 6 13 911
27 5 3 3 19 911
27 6 3 2 3 911
27 7 3 5 19 911
27 8 3 3 12 911
27 10 3 1 15 911
27 11 3 5 22 911
27 12 3 5 11 911
27 13 3 2 23 911
27 14 3 3 1 911
27 15 3 5 22 911
27 16 3 4 8 911
27 18 3 1 18 911
27 19 3 6 17 911
27 20 3 1 23 911
27 21 3 2 22 911
27 22 3 6 4 911
27 23 3 5 17 911
27 25 3 2 5 911
27 26 3 6 16 911
27 28 3 5 23 911
27 29 3 6 17 911
27 30 3 1 14 911
27 31 3 5 21 911
27 32 3 5 23 911
27 33 3 6 10 911
27 34 3 3 11 911
27 35 3 5 24 911
27 36 3 1 6 911
27 37 3 3 6 911
27 38 3 5 3 911
27 39 3 6 25 911
27 40 3 4 11 911
27 41 3 5 19 911
27 42 3 5 23 911
27 43 3 1 4 911
27 44 3 3 11 911
27 45 3 1 4 911
27 46 3 4 4 911
27 47 3 3 2 911
27 48 3 2 6 911
28 1 5 4 21 547
28 2 5 1 4 547
28 5 5 3 20 547
28 6 5 2 12 547
28 7 5 5 15 547
28 8 5 3 22 547
28 11 5 5 17 547
28 13 5 2 22 547
28 14 5 3 16 547
28 15 5 5 20 547
28 16 5 4 23 547
28 17 5 1 24 547
28 18 5 1 14 547
28 19 5 6 1 547
28 20 5 1 25 547
28 21 5 2 9 547
28 22 5 6 14 547
28 23 5 5 9 547
28 24 5 1 14 547
28 25 5 2 12 547
28 26 5 6 18 547
28 27 5 3 23 547
28 29 5 6 25 547
28 30 5 1 24 547
28 31 5 5 18 547
28 32 5 5 23 547
28 33 5 6 4 547
28 34 5 3 5 547
28 36 5 1 11 547
28 37 5 3 21 547
28 38 5 5 1 547
28 40 5 4 11 547
28 41 5 5 25 547
28 43 5 1 15 547
28 44 5 3 11 547
28 45 5 1 12 547
28 46 5 4 22 547
28 47 5 3 22 547
28 49 5 4 24 547
29 0 6 3 15 264
29 1 6 4 25 264
29 2 6 1 19 264
29 3 6 3 3 264
29 4 6 6 18 264
29 5 6 3 23 264
29 6 6 2 2 264
29 7 6 5 3 264
29 8 6 3 22 264
29 9 6 6 14 264
29 10 6 1 8 264
29 11 6 5 22 264
29 12 6 5 12 264
29 13 6 2 12 264
29 15 6 5 21 264
29 16 6 4 3 264
29 17 6 1 23 264
29 18 6 1 17 264
29 19 6 6 4 264
29 20 6 1 17 264
29 21 6 2 15 264
29 22 6 6 24 264
29 23 6 5 21 264
29 25 6 2 22 264
29 26 6 6 1 264
29 27 6 3 17 264
29 28 6 5 25 264
29 30 6 1 9 264
29 31 6 5 15 264
29 32 6 5 4 264
29 33 6 6 8 264
29 34 6 3 6 264
29 35 6 5 16 264
29 36 6 1 17 264
29 39 6 6 11 264
29 40 6 4 22 264
29 41 6 5 18 264
29 42 6 5 4 264
29 43 6 1 7 264
29 44 6 3 15 264
29 45 6 1 10 264
29 46 6 4 23 264
29 47 6 3 3 264
29 48 6 2 24 264
29 49 6 4 13 264
30 0 1 3 1 437
30 1 1 4 13 437
30 3 1 3 8 437
30 4 1 6 5 437
30 5 1 3 25 437
30 6 1 2 12 437
30 7 1 5 8 437
30 8 1 3 10 437
30 9 1 6 19 437
30 10 1 1 5 437
30 11 1 5 8 437
30 13 1 2 6 437
30 14 1 3 12 437
30 15 1 5 13 437
30 16 1 4 16 437
30 18 1 1 23 437
30 19 1 6 24 437
30 20 1 1 25 437
30 21 1 2 19 437
30 22 1 6 25 437
30 23 1 5 23 437
30 24 1 1 20 437
30 25 1 2 18 437
30 26 1 6 3 437
30 27 1 3 14 437
30 28 1 5 24 437
30 29 1 6 9 437
30 31 1 5 19 437
30 32 1 5 7 437
30 33 1 6 6 437
30 34 1 3 22 437
30 35 1 5 19 437
30 36 1 1 1 437
30 37 1 3 15 437
30 38 1 5 13 437
30 39 1 6 15 437
30 42 1 5 11 437
30 43 1 1 7 437
30 44 1 3 4 437
30 45 1 1 5 437
30 46 1 4 20 437
30 47 1 3 18 437
30 48 1 2 19 437
30 49 1 4 21 437
31 0 5 3 22 391
31 1 5 4 17 391
31 2 5 1 20 391
31 3 5 3 16 391
31 4 5 6 21 391
31 5 5 3 14 391
31 6 5 2 13 391
31 7 5 5 16 391
31 8 5 3 12 391
31 9 5 6 8 391
31 10 5 1 2 391
31 11 5 5 25 391
31 13 5 2 24 391
31 14 5 3 1 391
31 16 5 4 23 391
31 17 5 1 16 391
31 18 5 1 10 391
31 19 5 6 7 391
31 20 5 1 6 391
31 21 5 2 21 391
31 22 5 6 23 391
31 23 5 5 10 391
31 24 5 1 7 391
31 25 5 2 13 391
31 26 5 6 9 391
31 27 5 3 21 391
31 28 5 5 18 391
31 29 5 6 15 391
31 30 5 1 19 391
31 32 5 5 13 391
31 33 5 6 18 391
31 34 5 3 25 391
31 35 5 5 12 391
31 36 5 1 11 391
31 37 5 3 9 391
31 38 5 5 10 391
31 40 5 4 21 391
31 41 5 5 19 391
31 42 5 5 2 391
31 43 5 1 23 391
31 44 5 3 18 391
31 45 5 1 20 391
31 46 5 4 16 391
31 47 5 3 22 391
31 48 5 2 14 391
32 0 5 3 13 934
32 2 5 1 2 934
32 3 5 3 16 934
32 4 5 6 16 934
32 5 5 3 1 934
32 6 5 2 25 934
32 7 5 5 16 934
32 8 5 3 4 934
32 9 5 6 13 934
32 10 5 1 13 934
32 11 5 5 12 934
32 12 5 5 15 934
32 13 5 2 21 934
32 14 5 3 20 934
32 15 5 5 15 934
32 17 5 1 7 934
32 19 5 6 15 934
32 20 5 1 4 934
32 21 5 2 11 934
32 22 5 6 11 934
32 23 5 5 25 934
32 24 5 1 23 934
32 25 5 2 6 934
32 26 5 6 11 934
32 27 5 3 23 934
32 28 5 5 23 934
32 29 5 6 4 934
32 30 5 1 7 934
32 31 5 5 13 934
32 33 5 6 9 934
32 34 5 3 13 934
32 35 5 5 16 934
32 36 5 1 1 934
32 37 5 3 22 934
32 38 5 5 13 934
32 39 5 6 10 934
32 40 5 4 7 934
32 41 5 5 17 934
32 42 5 5 24 934
32 43 5 1 7 934
32 44 5 3 6 934
32 45 5 1 8 934
32 48 5 2 8 934
32 49 5 4 15 934
33 1 6 4 24 466
33 2 6 1 18 466
33 3 6 3 1 466
33 4 6 6 23 466
33 5 6 3 9 466
33 6 6 2 4 466
33 7 6 5 18 466
33 8 6 3 1 466
33 9 6 6 15 466
33 11 6 5 10 466
33 12 6 5 17 466
33 13 6 2 6 466
33 14 6 3 21 466
33 15 6 5 4 466
33 16 6 4 17 466
33 17 6 1 6 466
33 18 6 1 10 466
33 19 6 6 11 466
33 20 6 1 1 466
33 21 6 2 13 466
33 22 6 6 11 466
33 23 6 5 1 466
33 24 6 1 15 466
33 25 6 2 17 466
33 26 6 6 12 466
33 27 6 3 10 466
33 28 6 5 4 466
33 29 6 6 8 466
33 30 6 1 6 466
33 31 6 5 18 466
33 32 6 5 9 466
33 35 6 5 23 466
33 36 6 1 7 466
33 37 6 3 6 466
33 38 6 5 15 466
33 39 6 6 19 466
33 41 6 5 8 466
33 42 6 5 18 466
33 45 6 1 25 466
33 46 6 4 15 466
33 47 6 3 11 466
33 48 6 2 23 466
33 49 6 4 9 466
34 0 3 3 14 555
34 1 3 4 24 555
34 2 3 1 17 555
34 4 3 6 13 555
34 6 3 2 14 555
34 7 3 5 19 555
34 8 3 3 20 555
34 9 3 6 21 555
34 10 3 1 8 555
34 11 3 5 10 555
34 12 3 5 21 555
34 13 3 2 11 555
34 14 3 3 16 555
34 15 3 5 4 555
34 16 3 4 22 555
34 17 3 1 13 555
34 18 3 1 5 555
34 19 3 6 8 555
34 20 3 1 10 555
34 21 3 2 10 555
34 22 3 6 1 555
34 23 3 5 24 555
34 24 3 1 19 555
34 25 3 2 20 555
34 26 3 6 20 555
34 27 3 3 11 555
34 28 3 5 5 555
34 29 3 6 6 555
34 30 3 1 22 555
34 31 3 5 25 555
34 32 3 5 13 555
34 35 3 5 9 555
34 36 3 1 19 555
34 37 3 3 3 555
34 38 3 5 22 555
34 39 3 6 16 555
34 40 3 4 25 555
34 42 3 5 25 555
34 43 3 1 2 555
34 45 3 1 8 555
34 46 3 4 9 555
34 47 3 3 16 555
34 48 3 2 24 555
34 49 3 4 2 555
35 0 5 3 5 432
35 1 5 4 6 432
35 2 5 1 6 432
35 3 5 3 11 432
35 4 5 6 25 432
35 6 5 2 19 432
35 7 5 5 13 432
35 8 5 3 11 432
35 9 5 6 16 432
35 10 5 1 5 432
35 11 5 5 23 432
35 12 5 5 6 432
35 13 5 2 15 432
35 14 5 3 25 432
35 15 5 5 24 432
35 16 5 4 15 432
35 17 5 1 6 432
35 18 5 1 25 432
35 19 5 6 19 432
35 20 5 1 22 432
35 21 5 2 22 432
35 22 5 6 12 432
35 23 5 5 19 432
35 24 5 1 5 432
35 25 5 2 22 432
35 26 5 6 14 432
35 27 5 3 24 432
35 29 5 6 16 432
35 30 5 1 19 432
35 31 5 5 12 432
35 32 5 5 16 432
35 33 5 6 23 432
35 34 5 3 9 432
35 36 5 1 14 432
35 37 5 3 20 432
35 38 5 5 10 432
35 39 5 6 2 432
35 40 5 4 25 432
35 41 5 5 19 432
35 42 5 5 20 432
35 43 5 1 16 432
35 44 5 3 10 432
35 45 5 1 16 432
35 46 5 4 4 432
35 47 5 3 2 432
35 48 5 2 18 432
35 49 5 4 25 432
36 0 1 3 7 779
36 1 1 4 18 779
36 2 1 1 3 779
36 3 1 3 5 779
36 4 1 6 23 779
36 5 1 3 4 779
36 6 1 2 5 779
36 7 1 5 18 779
36 8 1 3 15 779
36 9 1 6 18 779
36 10 1 1 10 779
36 11 1 5 11 779
36 12 1 5 16 779
36 14 1 3 5 779
36 16 1 4 21 779
36 17 1 1 7 779
36 18 1 1 25 779
36 22 1 6 19 779
36 23 1 5 10 779
36 24 1 1 20 779
36 25 1 2 15 779
36 27 1 3 6 779
36 28 1 5 11 779
36 29 1 6 17 779
36 30 1 1 1 779
36 31 1 5 11 779
36 32 1 5 1 779
36 33 1 6 7 779
36 34 1 3 19 779
36 35 1 5 14 779
36 37 1 3 13 779
36 38 1 5 4 779
36 39 1 6 4 779
36 40 1 4 20 779
36 41 1 5 10 779
36 42 1 5 2 779
36 43 1 1 3 779
36 44 1 3 10 779
36 45 1 1 22 779
36 46 1 4 9 779
36 47 1 3 5 779
36 48 1 2 6 779
36 49 1 4 5 779
37 1 3 4 8 980
37 2 3 1 8 980
37 3 3 3 6 980
37 4 3 6 9 980
37 5 3 3 14 980
37 6 3 2 22 980
37 8 3 3 7 980
37 9 3 6 13 980
37 10 3 1 20 980
37 11 3 5 12 980
37 12 3 5 9 980
37 13 3 2 25 980
37 15 3 5 19 980
37 16 3 4 23 980
37 17 3 1 9 980
37 18 3 1 4 980
37 19 3 6 4 980
37 20 3 1 21 980
37 21 3 2 10 980
37 23 3 5 9 980
37 24 3 1 3 980
37 25 3 2 17 980
37 26 3 6 23 980
37 27 3 3 6 980
37 28 3 5 21 980
37 30 3 1 15 980
37 31 3 5 9 980
37 32 3 5 22 980
37 33 3 6 6 980
37 34 3 3 3 980
37 35 3 5 20 980
37 36 3 1 13 980
37 38 3 5 19 980
37 39 3 6 2 980
37 40 3 4 20 980
37 41 3 5 11 980
37 42 3 5 2 980
37 43 3 1 3 980
37 44 3 3 13 980
37 45 3 1 6 980
37 47 3 3 12 980
37 48 3 2 25 980
37 49 3 4 15 980
38 0 5 3 23 928
38 1 5 4 2 928
38 2 5 1 16 928
38 4 5 6 24 928
38 5 5 3 25 928
38 6 5 2 19 928
38 7 5 5 24 928
38 8 5 3 6 928
38 11 5 5 17 928
38 12 5 5 5 928
38 13 5 2 1 928
38 15 5 5 3 928
38 16 5 4 21 928
38 17 5 1 23 928
38 18 5 1 3 928
38 19 5 6 6 928
38 21 5 2 22 928
38 22 5 6 4 928
38 23 5 5 9 928
38 24 5 1 8 928
38 25 5 2 21 928
38 26 5 6 1 928
38 27 5 3 3 928
38 28 5 5 1 928
38 30 5 1 13 928
38 31 5 5 10 928
38 32 5 5 13 928
38 33 5 6 15 928
38 34 5 3 22 928
38 35 5 5 10 928
38 36 5 1 4 928
38 37 5 3 19 928
38 39 5 6 17 928
38 40 5 4 15 928
38 42 5 5 19 928
38 43 5 1 23 928
38 44 5 3 21 928
38 46 5 4 7 928
38 47 5 3 23 928
38 48 5 2 22 928
38 49 5 4 18 928
39 0 6 3 15 945
39 1 6 4 7 945
39 2 6 1 10 945
39 3 6 3 4 945
39 4 6 6 20 945
39 5 6 3 18 945
39 6 6 2 2 945
39 7 6 5 7 945
39 8 6 3 8 945
39 9 6 6 4 945
39 10 6 1 14 945
39 11 6 5 6 945
39 12 6 5 9 945
39 13 6 2 2 945
39 14 6 3 24 945
39 15 6 5 4 945
39 16 6 4 21 945
39 18 6 1 15 945
39 19 6 6 6 945
39 20 6 1 11 945
39 21 6 2 2 945
39 22 6 6 8 945
39 23 6 5 19 945
39 24 6 1 22 945
39 25 6 2 2 945
39 26 6 6 10 945
39 27 6 3 25 945
39 29 6 6 11 945
39 30 6 1 15 945
39 32 6 5 10 945
39 33 6 6 19 945
39 34 6 3 16 945
39 35 6 5 2 945
39 36 6 1 4 945
39 37 6 3 2 945
39 38 6 5 17 945
39 40 6 4 12 945
39 42 6 5 21 945
39 43 6 1 1 945
39 44 6 3 21 945
39 45 6 1 17 945
39 46 6 4 15 945
39 47 6 3 25 945
39 48 6 2 4 945
39 49 6 4 9 945
40 0 4 3 8 109
40 1 4 4 2 109
40 2 4 1 25 109
40 3 4 3 22 109
40 4 4 6 10 109
40 5 4 3 16 109
40 6 4 2 25 109
40 7 4 5 3 109
40 8 4 3 14 109
40 9 4 6 9 109
40 10 4 1 25 109
40 11 4 5 17 109
40 12 4 5 19 109
40 13 4 2 21 109
40 14 4 3 19 109
40 15 4 5 20 109
40 16 4 4 12 109
40 17 4 1 21 109
40 18 4 1 4 109
40 19 4 6 24 109
40 20 4 1 20 109
40 22 4 6 21 109
40 23 4 5 22 109
40 24 4 1 25 109
40 25 4 2 16 109
40 26 4 6 3 109
40 27 4 3 11 109
40 28 4 5 11 109
40 29 4 6 22 109
40 31 4 5 21 109
40 32 4 5 7 109
40 34 4 3 25 109
40 35 4 5 25 109
40 36 4 1 20 109
40 37 4 3 20 109
40 38 4 5 15 109
40 39 4 6 12 109
40 42 4 5 10 109
40 43 4 1 8 109
40 44 4 3 19 109
40 45 4 1 22 109
40 46 4 4 20 109
40 47 4 3 10 109
40 48 4 2 13 109
40 49 4 4 18 109
41 0 5 3 15 167
41 1 5 4 11 167
41 2 5 1 1 167
41 3 5 3 12 167
41 4 5 6 15 167
41 5 5 3 17 167
41 6 5 2 23 167
41 7 5 5 2 167
41 8 5 3 12 167
41 9 5 6 18 167
41 10 5 1 17 167
41 11 5 5 12 167
41 12 5 5 9 167
41 13 5 2 11 167
41 14 5 3 24 167
41 15 5 5 19 167
41 16 5 4 15 167
41 18 5 1 12 167
41 19 5 6 9 167
41 20 5 1 1 167
41 21 5 2 25 167
41 22 5 6 21 167
41 23 5 5 19 167
41 24 5 1 3 167
41 25 5 2 18 167
41 26 5 6 25 167
41 27 5 3 19 167
41 28 5 5 25 167
41 29 5 6 18 167
41 31 5 5 19 167
41 32 5 5 17 167
41 33 5 6 8 167
41 35 5 5 19 167
41 36 5 1 10 167
41 37 5 3 11 167
41 42 5 5 7 167
41 43 5 1 14 167
41 44 5 3 11 167
41 45 5 1 8 167
41 46 5 4 13 167
41 47 5 3 1 167
41 48 5 2 24 167
41 49 5 4 8 167
42 0 5 3 1 345
42 1 5 4 11 345
42 2 5 1 2 345
42 3 5 3 7 345
42 4 5 6 21 345
42 5 5 3 6 345
42 6 5 2 23 345
42 7 5 5 18 345
42 8 5 3 11 345
42 9 5 6 18 345
42 10 5 1 12 345
42 11 5 5 25 345
42 12 5 5 19 345
42 13 5 2 11 345
42 14 5 3 25 345
42 15 5 5 11 345
42 16 5 4 17 345
42 17 5 1 12 345
42 18 5 1 11 345
42 19 5 6 19 345
42 20 5 1 22 345
42 21 5 2 10 345
42 22 5 6 24 345
42 24 5 1 19 345
42 25 5 2 18 345
42 26 5 6 22 345
42 27 5 3 23 345
42 29 5 6 4 345
42 30 5 1 11 345
42 31 5 5 2 345
42 32 5 5 24 345
42 33 5 6 18 345
42 34 5 3 25 345
42 35 5 5 20 345
42 36 5 1 2 345
42 37 5 3 2 345
42 38 5 5 19 345
42 39 5 6 21 345
42 40 5 4 10 345
42 41 5 5 7 345
42 43 5 1 15 345
42 44 5 3 9 345
42 45 5 1 23 345
42 46 5 4 18 345
42 47 5 3 8 345
42 48 5 2 25 345
42 49 5 4 5 345
43 0 1 3 9 956
43 1 1 4 15 956
43 2 1 1 20 956
43 3 1 3 6 956
43 4 1 6 23 956
43 5 1 3 19 956
43 6 1 2 23 956
43 7 1 5 17 956
43 8 1 3 20 956
43 9 1 6 1 956
43 10 1 1 6 956
43 11 1 5 2 956
43 12 1 5 6 956
43 14 1 3 5 956
43 15 1 5 10 956
43 18 1 1 15 956
43 19 1 6 23 956
43 20 1 1 10 956
43 21 1 2 24 956
43 22 1 6 4 956
43 23 1 5 23 956
43 24 1 1 24 956
43 25 1 2 2 956
43 26 1 6 24 956
43 27 1 3 4 956
43 28 1 5 15 956
43 29 1 6 7 956
43 30 1 1 7 956
43 31 1 5 23 956
43 32 1 5 7 956
43 34 1 3 2 956
43 35 1 5 16 956
43 36 1 1 3 956
43 37 1 3 3 956
43 38 1 5 23 956
43 39 1 6 1 956
43 40 1 4 8 956
43 41 1 5 14 956
43 42 1 5 15 956
43 44 1 3 9 956
43 45 1 1 9 956
43 46 1 4 10 956
43 47 1 3 5 956
43 48 1 2 13 956
43 49 1 4 7 956
44 0 3 3 15 253
44 1 3 4 8 253
44 2 3 1 23 253
44 3 3 3 6 253
44 5 3 3 8 253
44 6 3 2 7 253
44 7 3 5 1 253
44 8 3 3 20 253
44 9 3 6 4 253
44 10 3 1 2 253
44 11 3 5 25 253
44 12 3 5 17 253
44 13 3 2 13 253
44 15 3 5 17 253
44 16 3 4 9 253
44 17 3 1 20 253
44 18 3 1 19 253
44 19 3 6 21 253
44 20 3 1 9 253
44 21 3 2 17 253
44 22 3 6 11 253
44 23 3 5 22 253
44 24 3 1 8 253
44 25 3 2 17 253
44 26 3 6 14 253
44 27 3 3 11 253
44 28 3 5 11 253
44 29 3 6 15 253
44 30 3 1 4 253
44 31 3 5 18 253
44 32 3 5 6 253
44 35 3 5 10 253
44 36 3 1 10 253
44 37 3 3 13 253
44 38 3 5 21 253
44 39 3 6 21 253
44 40 3 4 19 253
44 41 3 5 11 253
44 42 3 5 9 253
44 43 3 1 9 253
44 45 3 1 20 253
44 46 3 4 16 253
44 47 3 3 22 253
44 48 3 2 3 253
44 49 3 4 4 253
45 0 1 3 8 582
45 2 1 1 23 582
45 3 1 3 4 582
45 4 1 6 17 582
45 5 1 3 25 582
45 6 1 2 3 582
45 7 1 5 15 582
45 8 1 3 2 582
45 9 1 6 21 582
45 10 1 1 8 582
45 11 1 5 12 582
45 12 1 5 22 582
45 13 1 2 2 582
45 14 1 3 6 582
45 15 1 5 17 582
45 16 1 4 2 582
45 17 1 1 10 582
45 18 1 1 14 582
45 19 1 6 3 582
45 20 1 1 15 582
45 21 1 2 2 582
45 23 1 5 11 582
45 24 1 1 16 582
45 25 1 2 25 582
45 26 1 6 3 582
45 27 1 3 4 582
45 28 1 5 12 582
45 29 1 6 10 582
45 30 1 1 5 582
45 31 1 5 20 582
45 32 1 5 8 582
45 33 1 6 25 582
45 34 1 3 8 582
45 35 1 5 16 582
45 36 1 1 22 582
45 37 1 3 6 582
45 39 1 6 17 582
45 40 1 4 22 582
45 41 1 5 8 582
45 42 1 5 23 582
45 43 1 1 9 582
45 44 1 3 20 582
45 46 1 4 3 582
45 49 1 4 9 582
46 0 4 3 12 909
46 1 4 4 8 909
46 2 4 1 4 909
46 3 4 3 18 909
46 4 4 6 24 909
46 5 4 3 21 909
46 6 4 2 2 909
46 7 4 5 12 909
46 8 4 3 18 909
46 9 4 6 18 909
46 10 4 1 12 909
46 11 4 5 9 909
46 12 4 5 23 909
46 13 4 2 1 909
46 14 4 3 9 909
46 15 4 5 8 909
46 16 4 4 1 909
46 17 4 1 13 909
46 18 4 1 22 909
46 19 4 6 19 909
46 20 4 1 21 909
46 21 4 2 15 909
46 22 4 6 25 909
46 23 4 5 22 909
46 24 4 1 11 909
46 25 4 2 11 909
46 26 4 6 8 909
46 27 4 3 4 909
46 28 4 5 22 909
46 29 4 6 23 909
46 30 4 1 20 909
46 31 4 5 16 909
46 33 4 6 15 909
46 34 4 3 9 909
46 35 4 5 4 909
46 36 4 1 9 909
46 38 4 5 7 909
46 39 4 6 15 909
46 40 4 4 20 909
46 41 4 5 13 909
46 42 4 5 18 909
46 43 4 1 10 909
46 44 4 3 16 909
46 45 4 1 3 909
46 47 4 3 25 909
46 49 4 4 20 909
47 0 3 3 8 830
47 1 3 4 14 830
47 3 3 3 8 830
47 4 3 6 4 830
47 6 3 2 12 830
47 7 3 5 2 830
47 8 3 3 1 830
47 9 3 6 23 830
47 11 3 5 19 830
47 14 3 3 10 830
47 15 3 5 19 830
47 16 3 4 6 830
47 18 3 1 4 830
47 19 3 6 17 830
47 21 3 2 14 830
47 22 3 6 12 830
47 23 3 5 12 830
47 24 3 1 2 830
47 25 3 2 10 830
47 27 3 3 2 830
47 28 3 5 22 830
47 29 3 6 3 830
47 30 3 1 18 830
47 31 3 5 22 830
47 33 3 6 11 830
47 34 3 3 16 830
47 35 3 5 2 830
47 36 3 1 5 830
47 37 3 3 12 830
47 38 3 5 23 830
47 39 3 6 25 830
47 40 3 4 10 830
47 41 3 5 1 830
47 42 3 5 8 830
47 43 3 1 5 830
47 44 3 3 22 830
47 46 3 4 25 830
47 48 3 2 22 830
47 49 3 4 5 830
48 0 2 3 16 366
48 2 2 1 9 366
48 3 2 3 21 366
48 4 2 6 16 366
48 5 2 3 11 366
48 6 2 2 10 366
48 7 2 5 17 366
48 8 2 3 8 366
48 9 2 6 21 366
48 10 2 1 25 366
48 11 2 5 3 366
48 12 2 5 8 366
48 13 2 2 22 366
48 14 2 3 7 366
48 15 2 5 18 366
48 17 2 1 20 366
48 18 2 1 17 366
48 19 2 6 9 366
48 20 2 1 13 366
48 21 2 2 6 366
48 22 2 6 5 366
48 23 2 5 15 366
48 24 2 1 8 366
48 25 2 2 13 366
48 27 2 3 6 366
48 29 2 6 24 366
48 30 2 1 19 366
48 31 2 5 14 366
48 32 2 5 8 366
48 33 2 6 23 366
48 34 2 3 24 366
48 35 2 5 18 366
48 36 2 1 6 366
48 37 2 3 25 366
48 38 2 5 22 366
48 39 2 6 4 366
48 40 2 4 13 366
48 41 2 5 24 366
48 42 2 5 25 366
48 43 2 1 13 366
48 44 2 3 3 366
48 47 2 3 22 366
48 49 2 4 25 366
49 0 4 3 21 578
49 1 4 4 14 578
49 2 4 1 3 578
49 3 4 3 7 578
49 4 4 6 2 578
49 5 4 3 8 578
49 8 4 3 1 578
49 9 4 6 24 578
49 10 4 1 3 578
49 11 4 5 1 578
49 12 4 5 21 578
49 13 4 2 4 578
49 14 4 3 20 578
49 15 4 5 12 578
49 16 4 4 6 578
49 18 4 1 3 578
49 19 4 6 22 578
49 20 4 1 4 578
49 21 4 2 14 578
49 23 4 5 20 578
49 24 4 1 5 578
49 25 4 2 11 578
49 26 4 6 23 578
49 28 4 5 24 578
49 29 4 6 13 578
49 30 4 1 21 578
49 32 4 5 15 578
49 33 4 6 9 578
49 34 4 3 2 578
49 35 4 5 25 578
49 36 4 1 5 578
49 37 4 3 15 578
49 38 4 5 18 578
49 39 4 6 9 578
49 40 4 4 18 578
49 41 4 5 8 578
49 42 4 5 5 578
49 43 4 1 7 578
49 44 4 3 4 578
49 45 4 1 9 578
49 46 4 4 20 578
49 47 4 3 5 578
49 48 4 2 25 578
