capacity  cost_by_node
nb_functions 10
11 51 37 33 55 57 78 62 44 79 25 49 97 87 38 59 99 47 50 100 84 62 18 74 46 43 79 15 76 13 11 15 51 67 37 30 40 64 53 86 65 72 47 80 22 30 90 64 30 15 42 48 27 72 35 27 38 41 19 65 77 97 27 57 80 74 26 75 90 71 17 25 39 98 18 10 10 64 20 66 60 42 48 28 68 21 89 19 89 21 33 23 62 35 11 94 35 46 75 76 42 
13 53 79 13 56 55 92 49 11 11 98 84 94 69 82 17 83 60 98 79 28 76 76 20 11 96 75 62 40 58 29 56 11 50 40 73 89 12 54 83 16 76 36 78 92 92 92 41 81 13 82 86 24 55 15 95 80 57 25 83 52 63 74 68 61 20 86 95 15 38 41 19 75 14 18 27 14 53 67 99 95 83 22 38 74 89 66 97 21 56 89 12 53 59 36 81 43 52 80 84 93 
12 65 39 16 19 83 48 69 19 16 46 24 48 62 50 53 94 59 38 55 57 85 100 56 55 64 83 93 54 38 16 39 20 59 71 44 77 75 87 46 27 54 33 18 92 98 35 74 78 27 55 70 68 27 11 35 97 78 45 48 86 100 14 98 27 98 59 19 37 64 69 36 78 52 81 82 53 95 86 85 99 52 88 65 100 47 62 14 37 98 59 20 34 74 97 80 93 17 44 100 82 
10 49 55 47 83 92 83 57 72 96 26 17 56 75 74 14 55 35 80 87 16 78 41 38 92 46 36 91 70 95 73 56 69 78 94 88 69 72 19 19 39 46 36 79 39 75 23 62 45 65 22 20 23 34 99 13 36 50 32 75 77 98 82 33 95 60 90 86 88 50 36 36 54 28 41 66 22 51 88 86 68 24 10 50 39 20 11 62 23 29 37 87 21 15 78 58 59 77 32 95 33 
13 50 27 97 86 44 60 42 12 89 13 83 100 46 91 84 68 63 86 49 66 27 100 68 48 15 56 87 61 18 98 80 92 49 63 97 22 12 99 24 19 36 23 58 50 61 81 19 89 91 12 25 41 22 88 30 45 40 65 14 37 16 89 69 59 53 48 78 84 54 14 34 51 43 44 96 69 73 14 17 82 53 43 60 55 72 48 37 18 93 14 22 56 12 92 55 43 75 38 23 63 
18 76 91 37 66 44 34 28 18 70 89 77 12 96 35 16 53 25 54 76 57 45 80 57 18 87 85 68 90 94 68 10 93 75 76 36 78 89 41 51 94 83 25 11 65 52 15 44 40 11 73 85 96 88 43 59 10 39 94 70 27 63 56 47 61 12 16 61 47 25 51 19 51 77 22 75 56 88 32 82 28 73 39 62 78 27 43 58 31 53 33 15 19 29 19 44 54 22 38 63 83 
12 92 13 79 51 97 73 56 68 48 57 84 78 68 42 60 54 96 91 79 23 14 32 49 91 72 74 57 35 30 42 53 33 87 55 50 32 11 84 63 100 38 75 74 72 62 52 51 93 72 91 58 92 95 84 82 46 81 38 33 88 74 11 19 26 23 18 74 55 14 46 22 94 19 82 18 11 51 78 12 86 35 78 88 55 92 26 85 42 26 64 98 39 60 20 32 58 69 84 83 31 
19 21 100 19 50 76 47 60 89 88 74 93 27 81 43 35 90 93 87 19 31 31 88 94 50 52 10 59 65 40 50 77 85 65 64 57 73 96 45 63 41 45 44 28 84 18 75 67 17 84 65 66 12 43 41 95 31 90 52 73 25 71 21 10 64 51 89 10 25 89 24 41 64 73 12 72 48 22 84 50 71 77 47 23 16 70 74 85 46 33 89 52 69 93 23 65 79 82 11 90 35 
16 36 60 57 25 14 33 51 87 14 94 20 94 23 84 30 48 96 39 22 27 42 56 95 49 56 66 89 11 54 64 42 24 83 67 100 52 70 89 17 36 73 17 19 84 67 43 54 52 35 40 14 92 11 100 39 80 57 43 64 23 100 52 91 36 54 23 20 53 58 75 52 75 34 28 75 59 77 32 40 14 63 37 44 26 12 45 41 47 16 93 11 51 39 73 35 16 65 53 81 97 
16 45 50 54 54 45 79 31 30 68 68 50 16 44 11 17 90 26 28 75 12 99 17 74 60 16 77 56 39 67 17 33 93 87 73 12 75 31 79 78 76 21 98 30 32 77 51 30 34 29 86 89 82 77 63 93 58 87 24 63 15 41 22 99 45 86 56 92 56 48 83 78 16 75 97 85 77 78 51 93 82 29 94 47 98 31 46 26 30 72 17 11 72 71 91 96 99 77 40 79 49 
