Node_1 Node_2 Capacity_node1 Capacity_node2 Latency_arc node_cost
nb_nodes 100
nb_arcs 4866
0 1 1 3 17 211
0 2 1 2 10 211
0 4 1 1 10 211
0 5 1 1 10 211
0 6 1 2 9 211
0 7 1 5 19 211
0 9 1 2 14 211
0 10 1 1 21 211
0 14 1 5 12 211
0 15 1 3 16 211
0 18 1 1 9 211
0 21 1 5 3 211
0 24 1 3 21 211
0 26 1 4 13 211
0 27 1 3 19 211
0 28 1 5 16 211
0 29 1 1 6 211
0 31 1 3 11 211
0 32 1 5 22 211
0 33 1 3 1 211
0 36 1 1 8 211
0 37 1 3 14 211
0 38 1 3 3 211
0 39 1 4 5 211
0 40 1 4 5 211
0 41 1 1 2 211
0 42 1 2 8 211
0 46 1 5 15 211
0 47 1 1 14 211
0 48 1 4 5 211
0 49 1 1 7 211
0 50 1 2 11 211
0 51 1 5 1 211
0 55 1 2 16 211
0 56 1 1 23 211
0 57 1 5 9 211
0 59 1 1 2 211
0 61 1 3 15 211
0 65 1 1 9 211
0 66 1 3 2 211
0 68 1 2 5 211
0 70 1 4 13 211
0 72 1 4 7 211
0 73 1 1 2 211
0 77 1 1 25 211
0 78 1 5 6 211
0 79 1 4 9 211
0 85 1 2 1 211
0 86 1 3 11 211
0 87 1 3 20 211
0 88 1 4 1 211
0 89 1 3 4 211
0 90 1 2 25 211
0 98 1 1 25 211
0 99 1 5 14 211
1 0 3 1 17 956
1 2 3 2 7 956
1 3 3 2 16 956
1 5 3 1 22 956
1 6 3 2 2 956
1 10 3 1 20 956
1 14 3 5 4 956
1 15 3 3 3 956
1 16 3 2 3 956
1 17 3 1 6 956
1 19 3 2 2 956
1 20 3 5 5 956
1 25 3 5 22 956
1 26 3 4 1 956
1 27 3 3 24 956
1 28 3 5 19 956
1 29 3 1 18 956
1 30 3 4 18 956
1 31 3 3 3 956
1 32 3 5 11 956
1 34 3 2 18 956
1 37 3 3 17 956
1 38 3 3 5 956
1 39 3 4 19 956
1 42 3 2 13 956
1 43 3 3 10 956
1 49 3 1 1 956
1 51 3 5 7 956
1 53 3 5 14 956
1 54 3 4 16 956
1 59 3 1 21 956
1 60 3 1 13 956
1 61 3 3 16 956
1 62 3 2 19 956
1 64 3 3 20 956
1 67 3 1 8 956
1 69 3 5 7 956
1 72 3 4 5 956
1 75 3 4 24 956
1 78 3 5 14 956
1 79 3 4 4 956
1 80 3 4 7 956
1 81 3 4 21 956
1 82 3 3 2 956
1 84 3 4 23 956
1 87 3 3 1 956
1 89 3 3 15 956
1 93 3 5 3 956
1 95 3 2 21 956
1 97 3 3 1 956
1 98 3 1 2 956
1 99 3 5 17 956
2 0 2 1 10 845
2 1 2 3 7 845
2 3 2 2 22 845
2 5 2 1 21 845
2 8 2 4 17 845
2 9 2 2 21 845
2 10 2 1 6 845
2 11 2 3 25 845
2 12 2 5 3 845
2 13 2 2 8 845
2 15 2 3 7 845
2 18 2 1 21 845
2 20 2 5 22 845
2 21 2 5 7 845
2 23 2 1 18 845
2 24 2 3 24 845
2 31 2 3 5 845
2 32 2 5 6 845
2 34 2 2 5 845
2 35 2 5 15 845
2 36 2 1 17 845
2 39 2 4 8 845
2 40 2 4 5 845
2 41 2 1 22 845
2 42 2 2 1 845
2 44 2 5 24 845
2 45 2 4 21 845
2 48 2 4 9 845
2 49 2 1 17 845
2 50 2 2 21 845
2 51 2 5 8 845
2 54 2 4 14 845
2 57 2 5 13 845
2 60 2 1 23 845
2 64 2 3 4 845
2 65 2 1 12 845
2 67 2 1 24 845
2 68 2 2 3 845
2 70 2 4 18 845
2 72 2 4 17 845
2 77 2 1 17 845
2 81 2 4 15 845
2 83 2 3 6 845
2 84 2 4 15 845
2 85 2 2 2 845
2 86 2 3 25 845
2 91 2 1 25 845
2 93 2 5 1 845
2 94 2 3 2 845
2 95 2 2 19 845
2 98 2 1 21 845
3 1 2 3 16 284
3 2 2 2 22 284
3 6 2 2 9 284
3 7 2 5 16 284
3 9 2 2 17 284
3 10 2 1 3 284
3 13 2 2 19 284
3 20 2 5 23 284
3 21 2 5 15 284
3 24 2 3 16 284
3 25 2 5 8 284
3 29 2 1 6 284
3 31 2 3 9 284
3 33 2 3 9 284
3 34 2 2 9 284
3 35 2 5 4 284
3 36 2 1 24 284
3 38 2 3 25 284
3 39 2 4 13 284
3 42 2 2 11 284
3 43 2 3 2 284
3 44 2 5 23 284
3 47 2 1 2 284
3 48 2 4 15 284
3 49 2 1 19 284
3 51 2 5 23 284
3 53 2 5 2 284
3 56 2 1 25 284
3 57 2 5 13 284
3 58 2 3 4 284
3 66 2 3 16 284
3 70 2 4 14 284
3 73 2 1 8 284
3 74 2 5 10 284
3 75 2 4 9 284
3 79 2 4 23 284
3 80 2 4 22 284
3 82 2 3 13 284
3 85 2 2 2 284
3 87 2 3 7 284
3 89 2 3 9 284
3 90 2 2 25 284
3 92 2 4 9 284
3 93 2 5 4 284
3 98 2 1 4 284
4 0 1 1 10 751
4 7 1 5 22 751
4 8 1 4 9 751
4 9 1 2 19 751
4 11 1 3 25 751
4 15 1 3 14 751
4 16 1 2 3 751
4 19 1 2 3 751
4 20 1 5 2 751
4 22 1 3 20 751
4 23 1 1 11 751
4 24 1 3 10 751
4 25 1 5 19 751
4 28 1 5 7 751
4 29 1 1 15 751
4 34 1 2 2 751
4 35 1 5 22 751
4 37 1 3 2 751
4 38 1 3 23 751
4 42 1 2 13 751
4 43 1 3 13 751
4 44 1 5 1 751
4 45 1 4 25 751
4 46 1 5 13 751
4 48 1 4 17 751
4 51 1 5 1 751
4 55 1 2 3 751
4 56 1 1 10 751
4 57 1 5 14 751
4 58 1 3 15 751
4 61 1 3 19 751
4 63 1 4 20 751
4 66 1 3 4 751
4 68 1 2 9 751
4 69 1 5 25 751
4 71 1 1 3 751
4 72 1 4 9 751
4 74 1 5 19 751
4 75 1 4 15 751
4 78 1 5 2 751
4 82 1 3 17 751
4 83 1 3 5 751
4 86 1 3 3 751
4 89 1 3 5 751
4 91 1 1 10 751
4 96 1 3 7 751
4 98 1 1 12 751
5 0 1 1 10 547
5 1 1 3 22 547
5 2 1 2 21 547
5 6 1 2 11 547
5 7 1 5 19 547
5 8 1 4 16 547
5 9 1 2 14 547
5 10 1 1 10 547
5 11 1 3 7 547
5 14 1 5 10 547
5 16 1 2 11 547
5 17 1 1 20 547
5 18 1 1 11 547
5 20 1 5 16 547
5 23 1 1 19 547
5 24 1 3 21 547
5 25 1 5 16 547
5 28 1 5 17 547
5 30 1 4 23 547
5 34 1 2 21 547
5 39 1 4 8 547
5 40 1 4 10 547
5 41 1 1 11 547
5 42 1 2 19 547
5 43 1 3 8 547
5 44 1 5 11 547
5 47 1 1 25 547
5 48 1 4 7 547
5 52 1 3 9 547
5 53 1 5 25 547
5 54 1 4 21 547
5 56 1 1 1 547
5 58 1 3 25 547
5 60 1 1 25 547
5 61 1 3 25 547
5 62 1 2 25 547
5 64 1 3 12 547
5 65 1 1 10 547
5 67 1 1 24 547
5 68 1 2 21 547
5 71 1 1 3 547
5 73 1 1 18 547
5 76 1 3 6 547
5 77 1 1 6 547
5 81 1 4 11 547
5 84 1 4 11 547
5 87 1 3 20 547
5 89 1 3 24 547
5 90 1 2 5 547
5 91 1 1 1 547
5 92 1 4 3 547
5 93 1 5 10 547
5 97 1 3 17 547
5 98 1 1 24 547
6 0 2 1 9 86
6 1 2 3 2 86
6 3 2 2 9 86
6 5 2 1 11 86
6 9 2 2 25 86
6 10 2 1 18 86
6 11 2 3 5 86
6 13 2 2 14 86
6 14 2 5 16 86
6 18 2 1 1 86
6 19 2 2 7 86
6 25 2 5 2 86
6 26 2 4 25 86
6 27 2 3 9 86
6 29 2 1 16 86
6 30 2 4 4 86
6 31 2 3 13 86
6 33 2 3 1 86
6 35 2 5 7 86
6 37 2 3 20 86
6 39 2 4 5 86
6 44 2 5 6 86
6 45 2 4 17 86
6 46 2 5 10 86
6 48 2 4 11 86
6 49 2 1 6 86
6 51 2 5 8 86
6 52 2 3 22 86
6 53 2 5 3 86
6 54 2 4 21 86
6 55 2 2 8 86
6 56 2 1 23 86
6 57 2 5 17 86
6 59 2 1 11 86
6 63 2 4 8 86
6 65 2 1 15 86
6 67 2 1 9 86
6 68 2 2 12 86
6 69 2 5 7 86
6 71 2 1 10 86
6 73 2 1 7 86
6 74 2 5 24 86
6 75 2 4 17 86
6 77 2 1 18 86
6 81 2 4 17 86
6 84 2 4 14 86
6 85 2 2 11 86
6 86 2 3 2 86
6 87 2 3 6 86
6 90 2 2 4 86
6 91 2 1 20 86
6 92 2 4 17 86
6 96 2 3 17 86
6 97 2 3 2 86
6 98 2 1 14 86
7 0 5 1 19 671
7 3 5 2 16 671
7 4 5 1 22 671
7 5 5 1 19 671
7 13 5 2 10 671
7 16 5 2 16 671
7 19 5 2 2 671
7 21 5 5 5 671
7 22 5 3 6 671
7 25 5 5 20 671
7 27 5 3 24 671
7 28 5 5 13 671
7 29 5 1 11 671
7 32 5 5 3 671
7 33 5 3 1 671
7 35 5 5 11 671
7 38 5 3 21 671
7 46 5 5 15 671
7 47 5 1 9 671
7 48 5 4 4 671
7 49 5 1 9 671
7 50 5 2 15 671
7 53 5 5 21 671
7 54 5 4 21 671
7 56 5 1 19 671
7 57 5 5 15 671
7 58 5 3 5 671
7 59 5 1 23 671
7 60 5 1 11 671
7 62 5 2 15 671
7 64 5 3 18 671
7 67 5 1 14 671
7 71 5 1 5 671
7 72 5 4 19 671
7 73 5 1 17 671
7 75 5 4 16 671
7 77 5 1 21 671
7 78 5 5 6 671
7 82 5 3 19 671
7 87 5 3 20 671
7 89 5 3 24 671
7 95 5 2 6 671
7 97 5 3 4 671
8 2 4 2 17 458
8 4 4 1 9 458
8 5 4 1 16 458
8 13 4 2 8 458
8 16 4 2 1 458
8 17 4 1 10 458
8 20 4 5 8 458
8 23 4 1 11 458
8 25 4 5 10 458
8 26 4 4 1 458
8 29 4 1 23 458
8 30 4 4 25 458
8 31 4 3 4 458
8 33 4 3 20 458
8 34 4 2 24 458
8 36 4 1 4 458
8 37 4 3 14 458
8 44 4 5 6 458
8 45 4 4 10 458
8 47 4 1 3 458
8 48 4 4 1 458
8 51 4 5 21 458
8 53 4 5 25 458
8 57 4 5 22 458
8 60 4 1 3 458
8 61 4 3 6 458
8 63 4 4 6 458
8 65 4 1 24 458
8 67 4 1 16 458
8 68 4 2 8 458
8 69 4 5 17 458
8 70 4 4 20 458
8 72 4 4 11 458
8 74 4 5 17 458
8 76 4 3 13 458
8 77 4 1 7 458
8 78 4 5 6 458
8 80 4 4 13 458
8 82 4 3 21 458
8 84 4 4 4 458
8 85 4 2 13 458
8 87 4 3 14 458
8 88 4 4 5 458
8 91 4 1 13 458
8 92 4 4 13 458
8 93 4 5 5 458
8 94 4 3 11 458
8 99 4 5 20 458
9 0 2 1 14 942
9 2 2 2 21 942
9 3 2 2 17 942
9 4 2 1 19 942
9 5 2 1 14 942
9 6 2 2 25 942
9 11 2 3 13 942
9 14 2 5 9 942
9 21 2 5 13 942
9 22 2 3 5 942
9 24 2 3 1 942
9 25 2 5 5 942
9 26 2 4 24 942
9 27 2 3 18 942
9 28 2 5 5 942
9 29 2 1 25 942
9 30 2 4 11 942
9 32 2 5 23 942
9 33 2 3 6 942
9 36 2 1 4 942
9 38 2 3 17 942
9 39 2 4 18 942
9 42 2 2 20 942
9 43 2 3 6 942
9 44 2 5 17 942
9 45 2 4 17 942
9 46 2 5 21 942
9 50 2 2 25 942
9 51 2 5 5 942
9 54 2 4 20 942
9 55 2 2 19 942
9 57 2 5 8 942
9 62 2 2 11 942
9 63 2 4 1 942
9 67 2 1 17 942
9 69 2 5 17 942
9 70 2 4 4 942
9 71 2 1 3 942
9 72 2 4 3 942
9 73 2 1 19 942
9 74 2 5 13 942
9 75 2 4 1 942
9 76 2 3 6 942
9 77 2 1 19 942
9 79 2 4 5 942
9 81 2 4 24 942
9 83 2 3 14 942
9 84 2 4 6 942
9 86 2 3 22 942
9 87 2 3 4 942
9 91 2 1 15 942
9 92 2 4 5 942
9 95 2 2 9 942
9 97 2 3 18 942
10 0 1 1 21 451
10 1 1 3 20 451
10 2 1 2 6 451
10 3 1 2 3 451
10 5 1 1 10 451
10 6 1 2 18 451
10 11 1 3 11 451
10 13 1 2 3 451
10 14 1 5 23 451
10 15 1 3 13 451
10 16 1 2 1 451
10 17 1 1 8 451
10 18 1 1 7 451
10 24 1 3 21 451
10 27 1 3 24 451
10 28 1 5 21 451
10 30 1 4 8 451
10 36 1 1 19 451
10 37 1 3 12 451
10 40 1 4 11 451
10 42 1 2 24 451
10 43 1 3 19 451
10 45 1 4 24 451
10 46 1 5 7 451
10 47 1 1 4 451
10 49 1 1 1 451
10 51 1 5 22 451
10 53 1 5 3 451
10 57 1 5 13 451
10 58 1 3 2 451
10 60 1 1 13 451
10 62 1 2 7 451
10 64 1 3 3 451
10 65 1 1 5 451
10 67 1 1 2 451
10 68 1 2 12 451
10 70 1 4 19 451
10 71 1 1 9 451
10 72 1 4 6 451
10 75 1 4 6 451
10 76 1 3 24 451
10 77 1 1 1 451
10 78 1 5 17 451
10 81 1 4 15 451
10 82 1 3 25 451
10 83 1 3 8 451
10 85 1 2 17 451
10 86 1 3 10 451
10 87 1 3 7 451
10 89 1 3 17 451
10 93 1 5 4 451
10 95 1 2 9 451
10 98 1 1 22 451
10 99 1 5 2 451
11 2 3 2 25 605
11 4 3 1 25 605
11 5 3 1 7 605
11 6 3 2 5 605
11 9 3 2 13 605
11 10 3 1 11 605
11 12 3 5 7 605
11 14 3 5 14 605
11 16 3 2 21 605
11 17 3 1 18 605
11 18 3 1 3 605
11 19 3 2 15 605
11 20 3 5 11 605
11 22 3 3 9 605
11 24 3 3 24 605
11 25 3 5 6 605
11 28 3 5 13 605
11 34 3 2 15 605
11 35 3 5 8 605
11 36 3 1 7 605
11 40 3 4 25 605
11 44 3 5 6 605
11 45 3 4 20 605
11 46 3 5 7 605
11 48 3 4 19 605
11 50 3 2 21 605
11 51 3 5 21 605
11 52 3 3 10 605
11 55 3 2 1 605
11 57 3 5 16 605
11 58 3 3 10 605
11 59 3 1 3 605
11 60 3 1 8 605
11 62 3 2 13 605
11 63 3 4 18 605
11 64 3 3 14 605
11 65 3 1 18 605
11 67 3 1 22 605
11 68 3 2 17 605
11 71 3 1 25 605
11 74 3 5 14 605
11 77 3 1 17 605
11 78 3 5 10 605
11 79 3 4 23 605
11 83 3 3 20 605
11 85 3 2 19 605
11 91 3 1 24 605
11 94 3 3 6 605
11 97 3 3 19 605
11 98 3 1 25 605
11 99 3 5 18 605
12 2 5 2 3 349
12 11 5 3 7 349
12 13 5 2 13 349
12 16 5 2 23 349
12 17 5 1 21 349
12 18 5 1 13 349
12 23 5 1 21 349
12 25 5 5 11 349
12 27 5 3 10 349
12 29 5 1 23 349
12 31 5 3 5 349
12 32 5 5 9 349
12 33 5 3 23 349
12 40 5 4 22 349
12 43 5 3 21 349
12 44 5 5 20 349
12 45 5 4 14 349
12 47 5 1 15 349
12 50 5 2 10 349
12 51 5 5 11 349
12 53 5 5 7 349
12 54 5 4 13 349
12 56 5 1 23 349
12 59 5 1 11 349
12 62 5 2 22 349
12 65 5 1 15 349
12 67 5 1 7 349
12 68 5 2 13 349
12 73 5 1 20 349
12 74 5 5 19 349
12 75 5 4 7 349
12 76 5 3 25 349
12 79 5 4 15 349
12 82 5 3 17 349
12 83 5 3 1 349
12 84 5 4 21 349
12 85 5 2 20 349
12 91 5 1 24 349
12 92 5 4 16 349
12 93 5 5 19 349
12 94 5 3 5 349
12 96 5 3 13 349
12 98 5 1 4 349
12 99 5 5 15 349
13 2 2 2 8 811
13 3 2 2 19 811
13 6 2 2 14 811
13 7 2 5 10 811
13 8 2 4 8 811
13 10 2 1 3 811
13 12 2 5 13 811
13 15 2 3 9 811
13 17 2 1 14 811
13 19 2 2 25 811
13 20 2 5 16 811
13 21 2 5 7 811
13 23 2 1 8 811
13 24 2 3 17 811
13 25 2 5 2 811
13 26 2 4 23 811
13 27 2 3 4 811
13 30 2 4 17 811
13 34 2 2 13 811
13 36 2 1 10 811
13 37 2 3 13 811
13 39 2 4 3 811
13 41 2 1 19 811
13 42 2 2 7 811
13 44 2 5 13 811
13 49 2 1 21 811
13 51 2 5 14 811
13 54 2 4 4 811
13 55 2 2 1 811
13 57 2 5 6 811
13 58 2 3 14 811
13 59 2 1 16 811
13 60 2 1 16 811
13 61 2 3 21 811
13 62 2 2 6 811
13 63 2 4 19 811
13 67 2 1 18 811
13 69 2 5 20 811
13 71 2 1 13 811
13 74 2 5 21 811
13 76 2 3 17 811
13 78 2 5 3 811
13 79 2 4 19 811
13 80 2 4 25 811
13 84 2 4 9 811
13 86 2 3 10 811
13 87 2 3 2 811
13 88 2 4 18 811
13 92 2 4 11 811
13 94 2 3 19 811
13 95 2 2 18 811
14 0 5 1 12 251
14 1 5 3 4 251
14 5 5 1 10 251
14 6 5 2 16 251
14 9 5 2 9 251
14 10 5 1 23 251
14 11 5 3 14 251
14 17 5 1 23 251
14 23 5 1 4 251
14 27 5 3 8 251
14 29 5 1 5 251
14 31 5 3 22 251
14 32 5 5 15 251
14 34 5 2 15 251
14 35 5 5 5 251
14 36 5 1 8 251
14 40 5 4 14 251
14 42 5 2 3 251
14 44 5 5 25 251
14 45 5 4 25 251
14 46 5 5 16 251
14 48 5 4 17 251
14 53 5 5 10 251
14 57 5 5 4 251
14 64 5 3 22 251
14 65 5 1 25 251
14 66 5 3 21 251
14 68 5 2 12 251
14 69 5 5 3 251
14 70 5 4 20 251
14 73 5 1 22 251
14 74 5 5 12 251
14 77 5 1 5 251
14 81 5 4 14 251
14 86 5 3 1 251
14 87 5 3 4 251
14 88 5 4 7 251
14 91 5 1 25 251
14 93 5 5 9 251
14 97 5 3 4 251
15 0 3 1 16 684
15 1 3 3 3 684
15 2 3 2 7 684
15 4 3 1 14 684
15 10 3 1 13 684
15 13 3 2 9 684
15 16 3 2 19 684
15 20 3 5 1 684
15 28 3 5 10 684
15 29 3 1 13 684
15 30 3 4 14 684
15 31 3 3 2 684
15 33 3 3 3 684
15 34 3 2 9 684
15 35 3 5 22 684
15 37 3 3 2 684
15 39 3 4 19 684
15 41 3 1 20 684
15 44 3 5 6 684
15 47 3 1 21 684
15 48 3 4 23 684
15 49 3 1 16 684
15 50 3 2 13 684
15 51 3 5 11 684
15 52 3 3 14 684
15 55 3 2 1 684
15 56 3 1 22 684
15 58 3 3 19 684
15 60 3 1 17 684
15 61 3 3 19 684
15 63 3 4 21 684
15 64 3 3 19 684
15 65 3 1 17 684
15 66 3 3 18 684
15 68 3 2 24 684
15 70 3 4 11 684
15 71 3 1 18 684
15 72 3 4 12 684
15 74 3 5 3 684
15 75 3 4 23 684
15 76 3 3 11 684
15 77 3 1 4 684
15 80 3 4 17 684
15 81 3 4 17 684
15 82 3 3 8 684
15 84 3 4 6 684
15 86 3 3 6 684
15 87 3 3 5 684
15 89 3 3 13 684
15 91 3 1 25 684
15 92 3 4 10 684
15 93 3 5 7 684
15 95 3 2 21 684
15 97 3 3 9 684
15 98 3 1 22 684
16 1 2 3 3 833
16 4 2 1 3 833
16 5 2 1 11 833
16 7 2 5 16 833
16 8 2 4 1 833
16 10 2 1 1 833
16 11 2 3 21 833
16 12 2 5 23 833
16 15 2 3 19 833
16 17 2 1 7 833
16 27 2 3 12 833
16 28 2 5 7 833
16 30 2 4 18 833
16 32 2 5 16 833
16 33 2 3 17 833
16 34 2 2 4 833
16 37 2 3 1 833
16 40 2 4 19 833
16 42 2 2 22 833
16 45 2 4 1 833
16 46 2 5 25 833
16 47 2 1 13 833
16 48 2 4 6 833
16 49 2 1 3 833
16 50 2 2 24 833
16 51 2 5 16 833
16 54 2 4 8 833
16 57 2 5 9 833
16 61 2 3 14 833
16 62 2 2 25 833
16 64 2 3 7 833
16 68 2 2 13 833
16 69 2 5 5 833
16 72 2 4 4 833
16 74 2 5 21 833
16 75 2 4 4 833
16 76 2 3 9 833
16 80 2 4 1 833
16 81 2 4 8 833
16 82 2 3 12 833
16 83 2 3 8 833
16 84 2 4 5 833
16 89 2 3 22 833
16 91 2 1 3 833
16 93 2 5 7 833
16 95 2 2 21 833
16 96 2 3 13 833
16 98 2 1 7 833
17 1 1 3 6 93
17 5 1 1 20 93
17 8 1 4 10 93
17 10 1 1 8 93
17 11 1 3 18 93
17 12 1 5 21 93
17 13 1 2 14 93
17 14 1 5 23 93
17 16 1 2 7 93
17 18 1 1 7 93
17 19 1 2 2 93
17 20 1 5 12 93
17 22 1 3 9 93
17 23 1 1 3 93
17 24 1 3 8 93
17 25 1 5 7 93
17 28 1 5 4 93
17 29 1 1 21 93
17 34 1 2 25 93
17 36 1 1 6 93
17 38 1 3 14 93
17 40 1 4 4 93
17 41 1 1 6 93
17 42 1 2 5 93
17 46 1 5 6 93
17 48 1 4 15 93
17 49 1 1 20 93
17 50 1 2 13 93
17 51 1 5 22 93
17 53 1 5 5 93
17 54 1 4 3 93
17 55 1 2 4 93
17 57 1 5 9 93
17 58 1 3 16 93
17 59 1 1 8 93
17 61 1 3 12 93
17 65 1 1 4 93
17 68 1 2 17 93
17 71 1 1 8 93
17 72 1 4 23 93
17 73 1 1 4 93
17 76 1 3 2 93
17 80 1 4 11 93
17 81 1 4 1 93
17 84 1 4 22 93
17 85 1 2 4 93
17 86 1 3 4 93
17 87 1 3 10 93
17 89 1 3 8 93
17 90 1 2 6 93
17 92 1 4 11 93
17 94 1 3 16 93
17 99 1 5 2 93
18 0 1 1 9 288
18 2 1 2 21 288
18 5 1 1 11 288
18 6 1 2 1 288
18 10 1 1 7 288
18 11 1 3 3 288
18 12 1 5 13 288
18 17 1 1 7 288
18 20 1 5 13 288
18 24 1 3 8 288
18 25 1 5 19 288
18 26 1 4 25 288
18 27 1 3 2 288
18 28 1 5 2 288
18 30 1 4 17 288
18 32 1 5 7 288
18 40 1 4 18 288
18 41 1 1 10 288
18 43 1 3 18 288
18 44 1 5 12 288
18 48 1 4 1 288
18 50 1 2 13 288
18 51 1 5 12 288
18 53 1 5 4 288
18 56 1 1 2 288
18 59 1 1 13 288
18 60 1 1 2 288
18 68 1 2 23 288
18 69 1 5 17 288
18 70 1 4 15 288
18 71 1 1 24 288
18 72 1 4 17 288
18 74 1 5 9 288
18 76 1 3 25 288
18 77 1 1 5 288
18 78 1 5 3 288
18 79 1 4 7 288
18 80 1 4 25 288
18 81 1 4 14 288
18 84 1 4 16 288
18 85 1 2 19 288
18 86 1 3 14 288
18 89 1 3 10 288
18 97 1 3 14 288
19 1 2 3 2 961
19 4 2 1 3 961
19 6 2 2 7 961
19 7 2 5 2 961
19 11 2 3 15 961
19 13 2 2 25 961
19 17 2 1 2 961
19 21 2 5 11 961
19 23 2 1 1 961
19 24 2 3 15 961
19 25 2 5 4 961
19 27 2 3 18 961
19 29 2 1 24 961
19 30 2 4 7 961
19 31 2 3 10 961
19 32 2 5 15 961
19 36 2 1 25 961
19 40 2 4 4 961
19 41 2 1 15 961
19 42 2 2 23 961
19 46 2 5 21 961
19 48 2 4 6 961
19 50 2 2 19 961
19 51 2 5 2 961
19 58 2 3 2 961
19 59 2 1 8 961
19 60 2 1 25 961
19 61 2 3 5 961
19 63 2 4 2 961
19 64 2 3 25 961
19 65 2 1 19 961
19 67 2 1 22 961
19 68 2 2 9 961
19 71 2 1 14 961
19 74 2 5 13 961
19 76 2 3 21 961
19 77 2 1 4 961
19 80 2 4 7 961
19 81 2 4 4 961
19 82 2 3 20 961
19 84 2 4 7 961
19 85 2 2 2 961
19 86 2 3 17 961
19 88 2 4 3 961
19 93 2 5 21 961
19 94 2 3 12 961
19 97 2 3 15 961
20 1 5 3 5 620
20 2 5 2 22 620
20 3 5 2 23 620
20 4 5 1 2 620
20 5 5 1 16 620
20 8 5 4 8 620
20 11 5 3 11 620
20 13 5 2 16 620
20 15 5 3 1 620
20 17 5 1 12 620
20 18 5 1 13 620
20 22 5 3 2 620
20 23 5 1 19 620
20 32 5 5 9 620
20 34 5 2 11 620
20 38 5 3 6 620
20 39 5 4 16 620
20 42 5 2 10 620
20 44 5 5 5 620
20 45 5 4 13 620
20 46 5 5 20 620
20 48 5 4 24 620
20 49 5 1 18 620
20 52 5 3 5 620
20 55 5 2 8 620
20 56 5 1 7 620
20 58 5 3 11 620
20 59 5 1 17 620
20 60 5 1 16 620
20 64 5 3 4 620
20 65 5 1 15 620
20 66 5 3 20 620
20 70 5 4 19 620
20 71 5 1 14 620
20 75 5 4 5 620
20 76 5 3 23 620
20 77 5 1 11 620
20 80 5 4 7 620
20 82 5 3 18 620
20 86 5 3 19 620
20 87 5 3 5 620
20 88 5 4 7 620
20 89 5 3 11 620
20 95 5 2 17 620
20 96 5 3 12 620
20 97 5 3 22 620
20 98 5 1 16 620
20 99 5 5 10 620
21 0 5 1 3 181
21 2 5 2 7 181
21 3 5 2 15 181
21 7 5 5 5 181
21 9 5 2 13 181
21 13 5 2 7 181
21 19 5 2 11 181
21 22 5 3 22 181
21 24 5 3 21 181
21 26 5 4 24 181
21 27 5 3 1 181
21 28 5 5 4 181
21 29 5 1 15 181
21 30 5 4 14 181
21 32 5 5 20 181
21 35 5 5 23 181
21 42 5 2 17 181
21 44 5 5 8 181
21 45 5 4 11 181
21 46 5 5 18 181
21 48 5 4 6 181
21 49 5 1 18 181
21 52 5 3 24 181
21 53 5 5 17 181
21 56 5 1 20 181
21 57 5 5 20 181
21 59 5 1 15 181
21 62 5 2 15 181
21 63 5 4 9 181
21 66 5 3 24 181
21 67 5 1 1 181
21 68 5 2 11 181
21 70 5 4 3 181
21 71 5 1 1 181
21 73 5 1 13 181
21 74 5 5 12 181
21 76 5 3 6 181
21 77 5 1 7 181
21 80 5 4 18 181
21 89 5 3 21 181
21 90 5 2 7 181
21 92 5 4 18 181
21 93 5 5 15 181
21 96 5 3 23 181
21 99 5 5 3 181
22 4 3 1 20 268
22 7 3 5 6 268
22 9 3 2 5 268
22 11 3 3 9 268
22 17 3 1 9 268
22 20 3 5 2 268
22 21 3 5 22 268
22 23 3 1 3 268
22 24 3 3 25 268
22 27 3 3 15 268
22 28 3 5 14 268
22 30 3 4 19 268
22 36 3 1 11 268
22 39 3 4 14 268
22 40 3 4 6 268
22 47 3 1 15 268
22 49 3 1 6 268
22 51 3 5 10 268
22 58 3 3 2 268
22 60 3 1 18 268
22 61 3 3 24 268
22 66 3 3 3 268
22 70 3 4 19 268
22 71 3 1 2 268
22 72 3 4 4 268
22 74 3 5 25 268
22 76 3 3 11 268
22 79 3 4 10 268
22 82 3 3 6 268
22 83 3 3 19 268
22 93 3 5 13 268
22 94 3 3 5 268
22 95 3 2 7 268
22 96 3 3 5 268
22 97 3 3 12 268
22 98 3 1 24 268
22 99 3 5 10 268
23 2 1 2 18 333
23 4 1 1 11 333
23 5 1 1 19 333
23 8 1 4 11 333
23 12 1 5 21 333
23 13 1 2 8 333
23 14 1 5 4 333
23 17 1 1 3 333
23 19 1 2 1 333
23 20 1 5 19 333
23 22 1 3 3 333
23 26 1 4 18 333
23 28 1 5 6 333
23 34 1 2 25 333
23 35 1 5 15 333
23 38 1 3 15 333
23 39 1 4 24 333
23 41 1 1 18 333
23 43 1 3 3 333
23 45 1 4 18 333
23 46 1 5 23 333
23 48 1 4 13 333
23 51 1 5 2 333
23 55 1 2 11 333
23 56 1 1 23 333
23 58 1 3 21 333
23 59 1 1 12 333
23 60 1 1 23 333
23 61 1 3 15 333
23 62 1 2 18 333
23 69 1 5 25 333
23 72 1 4 14 333
23 73 1 1 24 333
23 76 1 3 11 333
23 77 1 1 12 333
23 83 1 3 23 333
23 85 1 2 23 333
23 87 1 3 21 333
23 88 1 4 14 333
23 89 1 3 4 333
23 95 1 2 3 333
23 96 1 3 1 333
23 99 1 5 22 333
24 0 3 1 21 704
24 2 3 2 24 704
24 3 3 2 16 704
24 4 3 1 10 704
24 5 3 1 21 704
24 9 3 2 1 704
24 10 3 1 21 704
24 11 3 3 24 704
24 13 3 2 17 704
24 17 3 1 8 704
24 18 3 1 8 704
24 19 3 2 15 704
24 21 3 5 21 704
24 22 3 3 25 704
24 27 3 3 1 704
24 30 3 4 5 704
24 31 3 3 7 704
24 33 3 3 22 704
24 38 3 3 22 704
24 43 3 3 7 704
24 45 3 4 4 704
24 49 3 1 10 704
24 51 3 5 18 704
24 52 3 3 9 704
24 53 3 5 20 704
24 58 3 3 15 704
24 59 3 1 6 704
24 60 3 1 14 704
24 63 3 4 24 704
24 65 3 1 9 704
24 66 3 3 13 704
24 69 3 5 11 704
24 70 3 4 19 704
24 71 3 1 15 704
24 73 3 1 25 704
24 74 3 5 3 704
24 75 3 4 12 704
24 76 3 3 14 704
24 78 3 5 12 704
24 80 3 4 19 704
24 81 3 4 16 704
24 82 3 3 2 704
24 84 3 4 25 704
24 85 3 2 9 704
24 86 3 3 24 704
24 90 3 2 2 704
24 91 3 1 24 704
24 92 3 4 15 704
24 93 3 5 7 704
24 98 3 1 24 704
25 1 5 3 22 274
25 3 5 2 8 274
25 4 5 1 19 274
25 5 5 1 16 274
25 6 5 2 2 274
25 7 5 5 20 274
25 8 5 4 10 274
25 9 5 2 5 274
25 11 5 3 6 274
25 12 5 5 11 274
25 13 5 2 2 274
25 17 5 1 7 274
25 18 5 1 19 274
25 19 5 2 4 274
25 28 5 5 6 274
25 29 5 1 13 274
25 30 5 4 25 274
25 31 5 3 25 274
25 32 5 5 8 274
25 35 5 5 16 274
25 36 5 1 19 274
25 37 5 3 15 274
25 39 5 4 18 274
25 40 5 4 15 274
25 42 5 2 20 274
25 45 5 4 5 274
25 46 5 5 9 274
25 48 5 4 16 274
25 49 5 1 3 274
25 51 5 5 3 274
25 53 5 5 15 274
25 54 5 4 14 274
25 58 5 3 10 274
25 60 5 1 7 274
25 65 5 1 3 274
25 66 5 3 21 274
25 68 5 2 24 274
25 71 5 1 13 274
25 74 5 5 25 274
25 75 5 4 13 274
25 77 5 1 10 274
25 78 5 5 7 274
25 79 5 4 14 274
25 83 5 3 16 274
25 84 5 4 21 274
25 89 5 3 19 274
25 90 5 2 21 274
25 92 5 4 3 274
25 93 5 5 25 274
25 95 5 2 21 274
25 98 5 1 6 274
26 0 4 1 13 742
26 1 4 3 1 742
26 6 4 2 25 742
26 8 4 4 1 742
26 9 4 2 24 742
26 13 4 2 23 742
26 18 4 1 25 742
26 21 4 5 24 742
26 23 4 1 18 742
26 27 4 3 21 742
26 28 4 5 23 742
26 31 4 3 13 742
26 33 4 3 4 742
26 37 4 3 8 742
26 38 4 3 11 742
26 39 4 4 12 742
26 40 4 4 14 742
26 41 4 1 4 742
26 45 4 4 11 742
26 46 4 5 8 742
26 48 4 4 13 742
26 52 4 3 1 742
26 53 4 5 24 742
26 54 4 4 22 742
26 58 4 3 19 742
26 63 4 4 12 742
26 64 4 3 8 742
26 65 4 1 19 742
26 71 4 1 6 742
26 73 4 1 24 742
26 74 4 5 6 742
26 75 4 4 16 742
26 77 4 1 13 742
26 79 4 4 15 742
26 82 4 3 14 742
26 85 4 2 23 742
26 86 4 3 10 742
26 89 4 3 23 742
26 95 4 2 21 742
26 99 4 5 23 742
27 0 3 1 19 687
27 1 3 3 24 687
27 6 3 2 9 687
27 7 3 5 24 687
27 9 3 2 18 687
27 10 3 1 24 687
27 12 3 5 10 687
27 13 3 2 4 687
27 14 3 5 8 687
27 16 3 2 12 687
27 18 3 1 2 687
27 19 3 2 18 687
27 21 3 5 1 687
27 22 3 3 15 687
27 24 3 3 1 687
27 26 3 4 21 687
27 28 3 5 18 687
27 29 3 1 21 687
27 31 3 3 1 687
27 32 3 5 15 687
27 36 3 1 19 687
27 38 3 3 9 687
27 40 3 4 20 687
27 43 3 3 7 687
27 44 3 5 10 687
27 45 3 4 25 687
27 49 3 1 5 687
27 52 3 3 6 687
27 54 3 4 3 687
27 58 3 3 4 687
27 59 3 1 9 687
27 61 3 3 20 687
27 70 3 4 12 687
27 71 3 1 23 687
27 72 3 4 14 687
27 73 3 1 11 687
27 75 3 4 15 687
27 76 3 3 15 687
27 81 3 4 19 687
27 82 3 3 9 687
27 83 3 3 16 687
27 84 3 4 18 687
27 85 3 2 11 687
27 86 3 3 12 687
27 88 3 4 10 687
27 89 3 3 17 687
27 90 3 2 19 687
27 91 3 1 24 687
27 92 3 4 1 687
27 93 3 5 1 687
27 94 3 3 13 687
27 95 3 2 20 687
27 97 3 3 6 687
27 98 3 1 17 687
27 99 3 5 20 687
28 0 5 1 16 836
28 1 5 3 19 836
28 4 5 1 7 836
28 5 5 1 17 836
28 7 5 5 13 836
28 9 5 2 5 836
28 10 5 1 21 836
28 11 5 3 13 836
28 15 5 3 10 836
28 16 5 2 7 836
28 17 5 1 4 836
28 18 5 1 2 836
28 21 5 5 4 836
28 22 5 3 14 836
28 23 5 1 6 836
28 25 5 5 6 836
28 26 5 4 23 836
28 27 5 3 18 836
28 30 5 4 20 836
28 31 5 3 22 836
28 33 5 3 7 836
28 34 5 2 21 836
28 36 5 1 10 836
28 38 5 3 4 836
28 41 5 1 10 836
28 42 5 2 23 836
28 43 5 3 8 836
28 45 5 4 18 836
28 46 5 5 15 836
28 47 5 1 17 836
28 48 5 4 4 836
28 51 5 5 7 836
28 53 5 5 2 836
28 54 5 4 11 836
28 55 5 2 9 836
28 57 5 5 16 836
28 58 5 3 1 836
28 59 5 1 11 836
28 60 5 1 12 836
28 61 5 3 25 836
28 63 5 4 10 836
28 65 5 1 4 836
28 66 5 3 16 836
28 69 5 5 23 836
28 72 5 4 17 836
28 73 5 1 24 836
28 74 5 5 25 836
28 76 5 3 13 836
28 77 5 1 14 836
28 78 5 5 21 836
28 80 5 4 17 836
28 83 5 3 1 836
28 84 5 4 14 836
28 87 5 3 5 836
28 89 5 3 14 836
28 90 5 2 10 836
28 91 5 1 23 836
28 92 5 4 8 836
28 93 5 5 14 836
28 94 5 3 19 836
28 96 5 3 19 836
29 0 1 1 6 186
29 1 1 3 18 186
29 3 1 2 6 186
29 4 1 1 15 186
29 6 1 2 16 186
29 7 1 5 11 186
29 8 1 4 23 186
29 9 1 2 25 186
29 12 1 5 23 186
29 14 1 5 5 186
29 15 1 3 13 186
29 17 1 1 21 186
29 19 1 2 24 186
29 21 1 5 15 186
29 25 1 5 13 186
29 27 1 3 21 186
29 32 1 5 25 186
29 35 1 5 17 186
29 39 1 4 17 186
29 40 1 4 10 186
29 43 1 3 7 186
29 47 1 1 21 186
29 48 1 4 4 186
29 50 1 2 8 186
29 55 1 2 11 186
29 56 1 1 18 186
29 59 1 1 8 186
29 62 1 2 4 186
29 63 1 4 13 186
29 65 1 1 12 186
29 66 1 3 2 186
29 67 1 1 25 186
29 72 1 4 10 186
29 74 1 5 1 186
29 76 1 3 21 186
29 78 1 5 18 186
29 80 1 4 11 186
29 82 1 3 4 186
29 85 1 2 19 186
29 86 1 3 8 186
29 87 1 3 19 186
29 88 1 4 17 186
29 89 1 3 17 186
29 91 1 1 1 186
29 92 1 4 22 186
29 93 1 5 1 186
29 95 1 2 7 186
29 96 1 3 2 186
29 97 1 3 16 186
30 1 4 3 18 789
30 5 4 1 23 789
30 6 4 2 4 789
30 8 4 4 25 789
30 9 4 2 11 789
30 10 4 1 8 789
30 13 4 2 17 789
30 15 4 3 14 789
30 16 4 2 18 789
30 18 4 1 17 789
30 19 4 2 7 789
30 21 4 5 14 789
30 22 4 3 19 789
30 24 4 3 5 789
30 25 4 5 25 789
30 28 4 5 20 789
30 31 4 3 20 789
30 35 4 5 6 789
30 36 4 1 18 789
30 37 4 3 15 789
30 38 4 3 8 789
30 40 4 4 9 789
30 42 4 2 7 789
30 43 4 3 12 789
30 45 4 4 20 789
30 48 4 4 9 789
30 50 4 2 18 789
30 51 4 5 5 789
30 54 4 4 13 789
30 55 4 2 5 789
30 56 4 1 25 789
30 59 4 1 25 789
30 64 4 3 19 789
30 65 4 1 12 789
30 66 4 3 7 789
30 67 4 1 2 789
30 68 4 2 1 789
30 70 4 4 16 789
30 71 4 1 4 789
30 73 4 1 24 789
30 75 4 4 13 789
30 79 4 4 9 789
30 91 4 1 18 789
30 97 4 3 7 789
30 99 4 5 14 789
31 0 3 1 11 332
31 1 3 3 3 332
31 2 3 2 5 332
31 3 3 2 9 332
31 6 3 2 13 332
31 8 3 4 4 332
31 12 3 5 5 332
31 14 3 5 22 332
31 15 3 3 2 332
31 19 3 2 10 332
31 24 3 3 7 332
31 25 3 5 25 332
31 26 3 4 13 332
31 27 3 3 1 332
31 28 3 5 22 332
31 30 3 4 20 332
31 33 3 3 12 332
31 36 3 1 23 332
31 37 3 3 24 332
31 38 3 3 22 332
31 40 3 4 5 332
31 41 3 1 6 332
31 42 3 2 7 332
31 43 3 3 12 332
31 44 3 5 25 332
31 45 3 4 12 332
31 47 3 1 25 332
31 48 3 4 17 332
31 49 3 1 21 332
31 50 3 2 4 332
31 55 3 2 18 332
31 56 3 1 3 332
31 57 3 5 10 332
31 59 3 1 10 332
31 61 3 3 7 332
31 62 3 2 2 332
31 63 3 4 20 332
31 66 3 3 9 332
31 68 3 2 8 332
31 70 3 4 10 332
31 71 3 1 10 332
31 75 3 4 20 332
31 77 3 1 6 332
31 78 3 5 2 332
31 79 3 4 1 332
31 80 3 4 23 332
31 81 3 4 11 332
31 83 3 3 24 332
31 84 3 4 7 332
31 87 3 3 20 332
31 94 3 3 9 332
31 98 3 1 5 332
31 99 3 5 8 332
32 0 5 1 22 718
32 1 5 3 11 718
32 2 5 2 6 718
32 7 5 5 3 718
32 9 5 2 23 718
32 12 5 5 9 718
32 14 5 5 15 718
32 16 5 2 16 718
32 18 5 1 7 718
32 19 5 2 15 718
32 20 5 5 9 718
32 21 5 5 20 718
32 25 5 5 8 718
32 27 5 3 15 718
32 29 5 1 25 718
32 34 5 2 8 718
32 35 5 5 22 718
32 39 5 4 25 718
32 41 5 1 11 718
32 42 5 2 19 718
32 43 5 3 19 718
32 45 5 4 2 718
32 46 5 5 25 718
32 47 5 1 17 718
32 49 5 1 5 718
32 50 5 2 15 718
32 55 5 2 22 718
32 57 5 5 10 718
32 60 5 1 2 718
32 61 5 3 21 718
32 62 5 2 3 718
32 63 5 4 1 718
32 64 5 3 12 718
32 66 5 3 17 718
32 67 5 1 14 718
32 69 5 5 23 718
32 70 5 4 18 718
32 76 5 3 23 718
32 77 5 1 7 718
32 78 5 5 14 718
32 79 5 4 6 718
32 81 5 4 15 718
32 84 5 4 1 718
32 85 5 2 10 718
32 88 5 4 5 718
32 90 5 2 15 718
32 95 5 2 25 718
32 99 5 5 15 718
33 0 3 1 1 807
33 3 3 2 9 807
33 6 3 2 1 807
33 7 3 5 1 807
33 8 3 4 20 807
33 9 3 2 6 807
33 12 3 5 23 807
33 15 3 3 3 807
33 16 3 2 17 807
33 24 3 3 22 807
33 26 3 4 4 807
33 28 3 5 7 807
33 31 3 3 12 807
33 39 3 4 23 807
33 44 3 5 1 807
33 45 3 4 4 807
33 46 3 5 22 807
33 48 3 4 6 807
33 49 3 1 15 807
33 50 3 2 2 807
33 51 3 5 24 807
33 52 3 3 24 807
33 53 3 5 24 807
33 56 3 1 8 807
33 57 3 5 17 807
33 61 3 3 18 807
33 62 3 2 23 807
33 63 3 4 21 807
33 64 3 3 20 807
33 65 3 1 7 807
33 66 3 3 3 807
33 74 3 5 4 807
33 77 3 1 6 807
33 79 3 4 8 807
33 81 3 4 22 807
33 83 3 3 3 807
33 87 3 3 1 807
33 95 3 2 8 807
33 96 3 3 19 807
33 97 3 3 15 807
33 99 3 5 6 807
34 1 2 3 18 682
34 2 2 2 5 682
34 3 2 2 9 682
34 4 2 1 2 682
34 5 2 1 21 682
34 8 2 4 24 682
34 11 2 3 15 682
34 13 2 2 13 682
34 14 2 5 15 682
34 15 2 3 9 682
34 16 2 2 4 682
34 17 2 1 25 682
34 20 2 5 11 682
34 23 2 1 25 682
34 28 2 5 21 682
34 32 2 5 8 682
34 35 2 5 6 682
34 37 2 3 19 682
34 38 2 3 16 682
34 39 2 4 22 682
34 41 2 1 18 682
34 44 2 5 10 682
34 47 2 1 19 682
34 52 2 3 12 682
34 54 2 4 24 682
34 55 2 2 9 682
34 56 2 1 6 682
34 59 2 1 14 682
34 60 2 1 7 682
34 63 2 4 7 682
34 64 2 3 25 682
34 66 2 3 22 682
34 68 2 2 3 682
34 69 2 5 15 682
34 70 2 4 6 682
34 71 2 1 14 682
34 72 2 4 5 682
34 73 2 1 22 682
34 75 2 4 1 682
34 79 2 4 3 682
34 83 2 3 3 682
34 85 2 2 24 682
34 88 2 4 19 682
34 89 2 3 14 682
34 92 2 4 22 682
34 93 2 5 23 682
34 95 2 2 18 682
34 98 2 1 25 682
34 99 2 5 18 682
35 2 5 2 15 358
35 3 5 2 4 358
35 4 5 1 22 358
35 6 5 2 7 358
35 7 5 5 11 358
35 11 5 3 8 358
35 14 5 5 5 358
35 15 5 3 22 358
35 21 5 5 23 358
35 23 5 1 15 358
35 25 5 5 16 358
35 29 5 1 17 358
35 30 5 4 6 358
35 32 5 5 22 358
35 34 5 2 6 358
35 36 5 1 3 358
35 38 5 3 22 358
35 41 5 1 1 358
35 43 5 3 5 358
35 44 5 5 23 358
35 45 5 4 22 358
35 48 5 4 23 358
35 49 5 1 17 358
35 55 5 2 14 358
35 56 5 1 6 358
35 57 5 5 22 358
35 66 5 3 15 358
35 67 5 1 13 358
35 68 5 2 6 358
35 69 5 5 3 358
35 70 5 4 22 358
35 71 5 1 19 358
35 72 5 4 5 358
35 73 5 1 11 358
35 79 5 4 14 358
35 81 5 4 3 358
35 82 5 3 21 358
35 88 5 4 25 358
35 90 5 2 1 358
35 91 5 1 16 358
35 95 5 2 16 358
35 96 5 3 7 358
35 97 5 3 9 358
35 98 5 1 13 358
35 99 5 5 12 358
36 0 1 1 8 755
36 2 1 2 17 755
36 3 1 2 24 755
36 8 1 4 4 755
36 9 1 2 4 755
36 10 1 1 19 755
36 11 1 3 7 755
36 13 1 2 10 755
36 14 1 5 8 755
36 17 1 1 6 755
36 19 1 2 25 755
36 22 1 3 11 755
36 25 1 5 19 755
36 27 1 3 19 755
36 28 1 5 10 755
36 30 1 4 18 755
36 31 1 3 23 755
36 35 1 5 3 755
36 40 1 4 2 755
36 41 1 1 13 755
36 44 1 5 4 755
36 45 1 4 1 755
36 46 1 5 23 755
36 48 1 4 10 755
36 49 1 1 18 755
36 50 1 2 2 755
36 51 1 5 18 755
36 56 1 1 9 755
36 57 1 5 3 755
36 58 1 3 23 755
36 59 1 1 5 755
36 60 1 1 20 755
36 61 1 3 18 755
36 64 1 3 22 755
36 65 1 1 8 755
36 66 1 3 11 755
36 67 1 1 17 755
36 69 1 5 14 755
36 70 1 4 4 755
36 72 1 4 24 755
36 73 1 1 2 755
36 74 1 5 2 755
36 75 1 4 21 755
36 78 1 5 22 755
36 84 1 4 9 755
36 86 1 3 1 755
36 87 1 3 18 755
36 88 1 4 16 755
36 90 1 2 2 755
36 92 1 4 8 755
36 94 1 3 6 755
36 95 1 2 8 755
36 96 1 3 15 755
36 97 1 3 1 755
37 0 3 1 14 147
37 1 3 3 17 147
37 4 3 1 2 147
37 6 3 2 20 147
37 8 3 4 14 147
37 10 3 1 12 147
37 13 3 2 13 147
37 15 3 3 2 147
37 16 3 2 1 147
37 25 3 5 15 147
37 26 3 4 8 147
37 30 3 4 15 147
37 31 3 3 24 147
37 34 3 2 19 147
37 38 3 3 19 147
37 40 3 4 16 147
37 43 3 3 10 147
37 44 3 5 23 147
37 48 3 4 3 147
37 49 3 1 19 147
37 50 3 2 22 147
37 51 3 5 24 147
37 52 3 3 14 147
37 53 3 5 6 147
37 55 3 2 19 147
37 56 3 1 3 147
37 58 3 3 25 147
37 62 3 2 22 147
37 63 3 4 14 147
37 64 3 3 9 147
37 67 3 1 10 147
37 69 3 5 14 147
37 71 3 1 6 147
37 73 3 1 13 147
37 75 3 4 2 147
37 79 3 4 25 147
37 80 3 4 24 147
37 81 3 4 24 147
37 84 3 4 4 147
37 86 3 3 7 147
37 87 3 3 5 147
37 91 3 1 13 147
37 93 3 5 24 147
37 94 3 3 6 147
37 95 3 2 13 147
37 96 3 3 21 147
37 99 3 5 17 147
38 0 3 1 3 71
38 1 3 3 5 71
38 3 3 2 25 71
38 4 3 1 23 71
38 7 3 5 21 71
38 9 3 2 17 71
38 17 3 1 14 71
38 20 3 5 6 71
38 23 3 1 15 71
38 24 3 3 22 71
38 26 3 4 11 71
38 27 3 3 9 71
38 28 3 5 4 71
38 30 3 4 8 71
38 31 3 3 22 71
38 34 3 2 16 71
38 35 3 5 22 71
38 37 3 3 19 71
38 39 3 4 23 71
38 40 3 4 7 71
38 42 3 2 4 71
38 45 3 4 4 71
38 50 3 2 8 71
38 52 3 3 21 71
38 53 3 5 9 71
38 55 3 2 22 71
38 59 3 1 12 71
38 64 3 3 12 71
38 66 3 3 9 71
38 69 3 5 10 71
38 70 3 4 10 71
38 71 3 1 4 71
38 75 3 4 19 71
38 78 3 5 10 71
38 79 3 4 4 71
38 80 3 4 9 71
38 81 3 4 6 71
38 85 3 2 13 71
38 88 3 4 25 71
38 89 3 3 7 71
38 92 3 4 5 71
38 95 3 2 19 71
38 97 3 3 23 71
39 0 4 1 5 806
39 1 4 3 19 806
39 2 4 2 8 806
39 3 4 2 13 806
39 5 4 1 8 806
39 6 4 2 5 806
39 9 4 2 18 806
39 13 4 2 3 806
39 15 4 3 19 806
39 20 4 5 16 806
39 22 4 3 14 806
39 23 4 1 24 806
39 25 4 5 18 806
39 26 4 4 12 806
39 29 4 1 17 806
39 32 4 5 25 806
39 33 4 3 23 806
39 34 4 2 22 806
39 38 4 3 23 806
39 40 4 4 1 806
39 41 4 1 8 806
39 43 4 3 21 806
39 44 4 5 4 806
39 47 4 1 21 806
39 48 4 4 17 806
39 49 4 1 24 806
39 52 4 3 11 806
39 53 4 5 20 806
39 55 4 2 16 806
39 58 4 3 13 806
39 60 4 1 19 806
39 63 4 4 23 806
39 66 4 3 12 806
39 69 4 5 5 806
39 71 4 1 18 806
39 72 4 4 12 806
39 74 4 5 3 806
39 76 4 3 24 806
39 77 4 1 7 806
39 78 4 5 18 806
39 79 4 4 10 806
39 81 4 4 20 806
39 84 4 4 1 806
39 85 4 2 9 806
39 87 4 3 17 806
39 88 4 4 13 806
39 91 4 1 24 806
39 96 4 3 11 806
39 98 4 1 10 806
39 99 4 5 24 806
40 0 4 1 5 147
40 2 4 2 5 147
40 5 4 1 10 147
40 10 4 1 11 147
40 11 4 3 25 147
40 12 4 5 22 147
40 14 4 5 14 147
40 16 4 2 19 147
40 17 4 1 4 147
40 18 4 1 18 147
40 19 4 2 4 147
40 22 4 3 6 147
40 25 4 5 15 147
40 26 4 4 14 147
40 27 4 3 20 147
40 29 4 1 10 147
40 30 4 4 9 147
40 31 4 3 5 147
40 36 4 1 2 147
40 37 4 3 16 147
40 38 4 3 7 147
40 39 4 4 1 147
40 42 4 2 6 147
40 45 4 4 2 147
40 46 4 5 24 147
40 47 4 1 21 147
40 49 4 1 1 147
40 51 4 5 23 147
40 52 4 3 9 147
40 54 4 4 16 147
40 55 4 2 2 147
40 58 4 3 5 147
40 60 4 1 19 147
40 63 4 4 17 147
40 64 4 3 2 147
40 65 4 1 9 147
40 66 4 3 3 147
40 67 4 1 22 147
40 68 4 2 8 147
40 74 4 5 9 147
40 79 4 4 7 147
40 81 4 4 23 147
40 82 4 3 23 147
40 83 4 3 11 147
40 89 4 3 14 147
40 92 4 4 16 147
40 93 4 5 16 147
40 95 4 2 6 147
40 96 4 3 16 147
40 97 4 3 22 147
41 0 1 1 2 699
41 2 1 2 22 699
41 5 1 1 11 699
41 13 1 2 19 699
41 15 1 3 20 699
41 17 1 1 6 699
41 18 1 1 10 699
41 19 1 2 15 699
41 23 1 1 18 699
41 26 1 4 4 699
41 28 1 5 10 699
41 31 1 3 6 699
41 32 1 5 11 699
41 34 1 2 18 699
41 35 1 5 1 699
41 36 1 1 13 699
41 39 1 4 8 699
41 42 1 2 18 699
41 45 1 4 3 699
41 47 1 1 11 699
41 51 1 5 25 699
41 53 1 5 24 699
41 54 1 4 9 699
41 56 1 1 2 699
41 57 1 5 1 699
41 59 1 1 25 699
41 61 1 3 24 699
41 62 1 2 25 699
41 63 1 4 3 699
41 65 1 1 9 699
41 66 1 3 21 699
41 68 1 2 16 699
41 69 1 5 2 699
41 70 1 4 17 699
41 71 1 1 22 699
41 75 1 4 13 699
41 76 1 3 6 699
41 82 1 3 19 699
41 83 1 3 10 699
41 84 1 4 10 699
41 85 1 2 21 699
41 87 1 3 12 699
41 88 1 4 12 699
41 91 1 1 1 699
41 93 1 5 6 699
41 99 1 5 21 699
42 0 2 1 8 276
42 1 2 3 13 276
42 2 2 2 1 276
42 3 2 2 11 276
42 4 2 1 13 276
42 5 2 1 19 276
42 9 2 2 20 276
42 10 2 1 24 276
42 13 2 2 7 276
42 14 2 5 3 276
42 16 2 2 22 276
42 17 2 1 5 276
42 19 2 2 23 276
42 20 2 5 10 276
42 21 2 5 17 276
42 25 2 5 20 276
42 28 2 5 23 276
42 30 2 4 7 276
42 31 2 3 7 276
42 32 2 5 19 276
42 38 2 3 4 276
42 40 2 4 6 276
42 41 2 1 18 276
42 46 2 5 4 276
42 47 2 1 5 276
42 49 2 1 25 276
42 51 2 5 13 276
42 52 2 3 3 276
42 56 2 1 20 276
42 57 2 5 20 276
42 58 2 3 5 276
42 61 2 3 1 276
42 68 2 2 14 276
42 69 2 5 10 276
42 70 2 4 22 276
42 71 2 1 3 276
42 76 2 3 22 276
42 78 2 5 8 276
42 79 2 4 1 276
42 81 2 4 11 276
42 83 2 3 11 276
42 88 2 4 20 276
42 89 2 3 8 276
42 90 2 2 22 276
42 91 2 1 20 276
42 92 2 4 25 276
42 97 2 3 21 276
42 99 2 5 1 276
43 1 3 3 10 222
43 3 3 2 2 222
43 4 3 1 13 222
43 5 3 1 8 222
43 9 3 2 6 222
43 10 3 1 19 222
43 12 3 5 21 222
43 18 3 1 18 222
43 23 3 1 3 222
43 24 3 3 7 222
43 27 3 3 7 222
43 28 3 5 8 222
43 29 3 1 7 222
43 30 3 4 12 222
43 31 3 3 12 222
43 32 3 5 19 222
43 35 3 5 5 222
43 37 3 3 10 222
43 39 3 4 21 222
43 45 3 4 24 222
43 46 3 5 3 222
43 47 3 1 12 222
43 51 3 5 12 222
43 52 3 3 3 222
43 58 3 3 10 222
43 59 3 1 20 222
43 62 3 2 13 222
43 63 3 4 23 222
43 64 3 3 12 222
43 69 3 5 13 222
43 70 3 4 18 222
43 71 3 1 13 222
43 72 3 4 2 222
43 73 3 1 3 222
43 75 3 4 15 222
43 79 3 4 2 222
43 82 3 3 23 222
43 89 3 3 4 222
43 91 3 1 8 222
43 93 3 5 15 222
43 95 3 2 3 222
43 96 3 3 23 222
44 2 5 2 24 537
44 3 5 2 23 537
44 4 5 1 1 537
44 5 5 1 11 537
44 6 5 2 6 537
44 8 5 4 6 537
44 9 5 2 17 537
44 11 5 3 6 537
44 12 5 5 20 537
44 13 5 2 13 537
44 14 5 5 25 537
44 15 5 3 6 537
44 18 5 1 12 537
44 20 5 5 5 537
44 21 5 5 8 537
44 27 5 3 10 537
44 31 5 3 25 537
44 33 5 3 1 537
44 34 5 2 10 537
44 35 5 5 23 537
44 36 5 1 4 537
44 37 5 3 23 537
44 39 5 4 4 537
44 45 5 4 13 537
44 46 5 5 10 537
44 47 5 1 16 537
44 48 5 4 5 537
44 53 5 5 14 537
44 54 5 4 24 537
44 55 5 2 24 537
44 56 5 1 21 537
44 57 5 5 13 537
44 59 5 1 5 537
44 60 5 1 19 537
44 61 5 3 5 537
44 63 5 4 24 537
44 64 5 3 7 537
44 67 5 1 1 537
44 69 5 5 2 537
44 73 5 1 23 537
44 77 5 1 20 537
44 81 5 4 10 537
44 82 5 3 5 537
44 85 5 2 11 537
44 87 5 3 1 537
44 88 5 4 7 537
44 92 5 4 5 537
44 94 5 3 2 537
44 95 5 2 19 537
44 96 5 3 11 537
44 99 5 5 4 537
45 2 4 2 21 126
45 4 4 1 25 126
45 6 4 2 17 126
45 8 4 4 10 126
45 9 4 2 17 126
45 10 4 1 24 126
45 11 4 3 20 126
45 12 4 5 14 126
45 14 4 5 25 126
45 16 4 2 1 126
45 20 4 5 13 126
45 21 4 5 11 126
45 23 4 1 18 126
45 24 4 3 4 126
45 25 4 5 5 126
45 26 4 4 11 126
45 27 4 3 25 126
45 28 4 5 18 126
45 30 4 4 20 126
45 31 4 3 12 126
45 32 4 5 2 126
45 33 4 3 4 126
45 35 4 5 22 126
45 36 4 1 1 126
45 38 4 3 4 126
45 40 4 4 2 126
45 41 4 1 3 126
45 43 4 3 24 126
45 44 4 5 13 126
45 47 4 1 23 126
45 48 4 4 14 126
45 49 4 1 23 126
45 51 4 5 15 126
45 59 4 1 12 126
45 60 4 1 4 126
45 62 4 2 1 126
45 63 4 4 15 126
45 64 4 3 20 126
45 67 4 1 15 126
45 68 4 2 13 126
45 69 4 5 18 126
45 70 4 4 18 126
45 72 4 4 9 126
45 73 4 1 9 126
45 74 4 5 17 126
45 75 4 4 25 126
45 76 4 3 12 126
45 77 4 1 9 126
45 78 4 5 18 126
45 79 4 4 8 126
45 85 4 2 13 126
45 86 4 3 8 126
45 87 4 3 10 126
45 88 4 4 20 126
45 90 4 2 5 126
45 91 4 1 25 126
45 93 4 5 9 126
45 96 4 3 18 126
45 97 4 3 20 126
46 0 5 1 15 741
46 4 5 1 13 741
46 6 5 2 10 741
46 7 5 5 15 741
46 9 5 2 21 741
46 10 5 1 7 741
46 11 5 3 7 741
46 14 5 5 16 741
46 16 5 2 25 741
46 17 5 1 6 741
46 19 5 2 21 741
46 20 5 5 20 741
46 21 5 5 18 741
46 23 5 1 23 741
46 25 5 5 9 741
46 26 5 4 8 741
46 28 5 5 15 741
46 32 5 5 25 741
46 33 5 3 22 741
46 36 5 1 23 741
46 40 5 4 24 741
46 42 5 2 4 741
46 43 5 3 3 741
46 44 5 5 10 741
46 50 5 2 1 741
46 51 5 5 18 741
46 53 5 5 20 741
46 54 5 4 14 741
46 55 5 2 8 741
46 57 5 5 3 741
46 58 5 3 20 741
46 64 5 3 21 741
46 67 5 1 24 741
46 68 5 2 22 741
46 69 5 5 10 741
46 70 5 4 11 741
46 71 5 1 22 741
46 74 5 5 4 741
46 77 5 1 7 741
46 80 5 4 22 741
46 81 5 4 14 741
46 82 5 3 7 741
46 87 5 3 21 741
46 90 5 2 14 741
46 92 5 4 23 741
46 93 5 5 4 741
46 94 5 3 10 741
46 96 5 3 2 741
47 0 1 1 14 186
47 3 1 2 2 186
47 5 1 1 25 186
47 7 1 5 9 186
47 8 1 4 3 186
47 10 1 1 4 186
47 12 1 5 15 186
47 15 1 3 21 186
47 16 1 2 13 186
47 22 1 3 15 186
47 28 1 5 17 186
47 29 1 1 21 186
47 31 1 3 25 186
47 32 1 5 17 186
47 34 1 2 19 186
47 39 1 4 21 186
47 40 1 4 21 186
47 41 1 1 11 186
47 42 1 2 5 186
47 43 1 3 12 186
47 44 1 5 16 186
47 45 1 4 23 186
47 49 1 1 20 186
47 50 1 2 6 186
47 52 1 3 19 186
47 54 1 4 17 186
47 55 1 2 6 186
47 57 1 5 23 186
47 58 1 3 8 186
47 60 1 1 24 186
47 62 1 2 14 186
47 63 1 4 7 186
47 64 1 3 7 186
47 67 1 1 11 186
47 68 1 2 8 186
47 69 1 5 16 186
47 71 1 1 1 186
47 73 1 1 1 186
47 75 1 4 24 186
47 76 1 3 18 186
47 78 1 5 3 186
47 79 1 4 22 186
47 80 1 4 21 186
47 82 1 3 6 186
47 86 1 3 24 186
47 87 1 3 3 186
47 89 1 3 6 186
47 91 1 1 23 186
47 92 1 4 10 186
47 97 1 3 13 186
48 0 4 1 5 538
48 2 4 2 9 538
48 3 4 2 15 538
48 4 4 1 17 538
48 5 4 1 7 538
48 6 4 2 11 538
48 7 4 5 4 538
48 8 4 4 1 538
48 11 4 3 19 538
48 14 4 5 17 538
48 15 4 3 23 538
48 16 4 2 6 538
48 17 4 1 15 538
48 18 4 1 1 538
48 19 4 2 6 538
48 20 4 5 24 538
48 21 4 5 6 538
48 23 4 1 13 538
48 25 4 5 16 538
48 26 4 4 13 538
48 28 4 5 4 538
48 29 4 1 4 538
48 30 4 4 9 538
48 31 4 3 17 538
48 33 4 3 6 538
48 35 4 5 23 538
48 36 4 1 10 538
48 37 4 3 3 538
48 39 4 4 17 538
48 44 4 5 5 538
48 45 4 4 14 538
48 49 4 1 25 538
48 54 4 4 1 538
48 55 4 2 4 538
48 58 4 3 25 538
48 62 4 2 10 538
48 65 4 1 5 538
48 66 4 3 18 538
48 67 4 1 18 538
48 73 4 1 19 538
48 74 4 5 22 538
48 76 4 3 17 538
48 77 4 1 21 538
48 78 4 5 9 538
48 79 4 4 5 538
48 81 4 4 25 538
48 82 4 3 10 538
48 89 4 3 24 538
48 91 4 1 3 538
48 93 4 5 21 538
48 94 4 3 9 538
48 95 4 2 9 538
48 98 4 1 22 538
49 0 1 1 7 61
49 1 1 3 1 61
49 2 1 2 17 61
49 3 1 2 19 61
49 6 1 2 6 61
49 7 1 5 9 61
49 10 1 1 1 61
49 13 1 2 21 61
49 15 1 3 16 61
49 16 1 2 3 61
49 17 1 1 20 61
49 20 1 5 18 61
49 21 1 5 18 61
49 22 1 3 6 61
49 24 1 3 10 61
49 25 1 5 3 61
49 27 1 3 5 61
49 31 1 3 21 61
49 32 1 5 5 61
49 33 1 3 15 61
49 35 1 5 17 61
49 36 1 1 18 61
49 37 1 3 19 61
49 39 1 4 24 61
49 40 1 4 1 61
49 42 1 2 25 61
49 45 1 4 23 61
49 47 1 1 20 61
49 48 1 4 25 61
49 51 1 5 11 61
49 52 1 3 13 61
49 54 1 4 7 61
49 55 1 2 3 61
49 56 1 1 21 61
49 59 1 1 19 61
49 61 1 3 13 61
49 66 1 3 2 61
49 68 1 2 5 61
49 70 1 4 4 61
49 74 1 5 19 61
49 76 1 3 15 61
49 77 1 1 10 61
49 78 1 5 15 61
49 83 1 3 8 61
49 84 1 4 16 61
49 85 1 2 4 61
49 87 1 3 15 61
49 93 1 5 25 61
49 94 1 3 13 61
49 96 1 3 10 61
49 97 1 3 5 61
50 0 2 1 11 259
50 2 2 2 21 259
50 7 2 5 15 259
50 9 2 2 25 259
50 11 2 3 21 259
50 12 2 5 10 259
50 15 2 3 13 259
50 16 2 2 24 259
50 17 2 1 13 259
50 18 2 1 13 259
50 19 2 2 19 259
50 29 2 1 8 259
50 30 2 4 18 259
50 31 2 3 4 259
50 32 2 5 15 259
50 33 2 3 2 259
50 36 2 1 2 259
50 37 2 3 22 259
50 38 2 3 8 259
50 46 2 5 1 259
50 47 2 1 6 259
50 51 2 5 7 259
50 52 2 3 15 259
50 53 2 5 12 259
50 55 2 2 18 259
50 56 2 1 1 259
50 58 2 3 17 259
50 59 2 1 1 259
50 61 2 3 16 259
50 62 2 2 1 259
50 63 2 4 14 259
50 65 2 1 7 259
50 66 2 3 3 259
50 67 2 1 10 259
50 73 2 1 24 259
50 75 2 4 22 259
50 76 2 3 12 259
50 78 2 5 7 259
50 81 2 4 23 259
50 85 2 2 12 259
50 86 2 3 2 259
50 89 2 3 17 259
50 90 2 2 11 259
50 91 2 1 3 259
50 96 2 3 17 259
50 99 2 5 24 259
51 0 5 1 1 157
51 1 5 3 7 157
51 2 5 2 8 157
51 3 5 2 23 157
51 4 5 1 1 157
51 6 5 2 8 157
51 8 5 4 21 157
51 9 5 2 5 157
51 10 5 1 22 157
51 11 5 3 21 157
51 12 5 5 11 157
51 13 5 2 14 157
51 15 5 3 11 157
51 16 5 2 16 157
51 17 5 1 22 157
51 18 5 1 12 157
51 19 5 2 2 157
51 22 5 3 10 157
51 23 5 1 2 157
51 24 5 3 18 157
51 25 5 5 3 157
51 28 5 5 7 157
51 30 5 4 5 157
51 33 5 3 24 157
51 36 5 1 18 157
51 37 5 3 24 157
51 40 5 4 23 157
51 41 5 1 25 157
51 42 5 2 13 157
51 43 5 3 12 157
51 45 5 4 15 157
51 46 5 5 18 157
51 49 5 1 11 157
51 50 5 2 7 157
51 55 5 2 23 157
51 56 5 1 12 157
51 59 5 1 11 157
51 63 5 4 22 157
51 64 5 3 18 157
51 65 5 1 9 157
51 67 5 1 14 157
51 69 5 5 1 157
51 70 5 4 15 157
51 71 5 1 15 157
51 75 5 4 19 157
51 76 5 3 16 157
51 79 5 4 9 157
51 80 5 4 1 157
51 81 5 4 10 157
51 83 5 3 11 157
51 91 5 1 4 157
51 93 5 5 20 157
51 99 5 5 25 157
52 5 3 1 9 941
52 6 3 2 22 941
52 11 3 3 10 941
52 15 3 3 14 941
52 20 3 5 5 941
52 21 3 5 24 941
52 24 3 3 9 941
52 26 3 4 1 941
52 27 3 3 6 941
52 33 3 3 24 941
52 34 3 2 12 941
52 37 3 3 14 941
52 38 3 3 21 941
52 39 3 4 11 941
52 40 3 4 9 941
52 42 3 2 3 941
52 43 3 3 3 941
52 47 3 1 19 941
52 49 3 1 13 941
52 50 3 2 15 941
52 53 3 5 7 941
52 54 3 4 3 941
52 55 3 2 8 941
52 56 3 1 10 941
52 60 3 1 22 941
52 67 3 1 25 941
52 69 3 5 17 941
52 70 3 4 13 941
52 71 3 1 19 941
52 72 3 4 18 941
52 73 3 1 4 941
52 76 3 3 13 941
52 77 3 1 7 941
52 78 3 5 16 941
52 80 3 4 13 941
52 87 3 3 14 941
52 88 3 4 14 941
52 89 3 3 7 941
52 90 3 2 3 941
52 92 3 4 21 941
52 93 3 5 1 941
52 95 3 2 25 941
52 96 3 3 9 941
52 97 3 3 7 941
52 98 3 1 1 941
53 1 5 3 14 573
53 3 5 2 2 573
53 5 5 1 25 573
53 6 5 2 3 573
53 7 5 5 21 573
53 8 5 4 25 573
53 10 5 1 3 573
53 12 5 5 7 573
53 14 5 5 10 573
53 17 5 1 5 573
53 18 5 1 4 573
53 21 5 5 17 573
53 24 5 3 20 573
53 25 5 5 15 573
53 26 5 4 24 573
53 28 5 5 2 573
53 33 5 3 24 573
53 37 5 3 6 573
53 38 5 3 9 573
53 39 5 4 20 573
53 41 5 1 24 573
53 44 5 5 14 573
53 46 5 5 20 573
53 50 5 2 12 573
53 52 5 3 7 573
53 54 5 4 12 573
53 55 5 2 13 573
53 56 5 1 19 573
53 58 5 3 5 573
53 59 5 1 8 573
53 61 5 3 11 573
53 64 5 3 21 573
53 66 5 3 21 573
53 69 5 5 16 573
53 70 5 4 10 573
53 71 5 1 7 573
53 72 5 4 22 573
53 73 5 1 15 573
53 74 5 5 8 573
53 76 5 3 23 573
53 79 5 4 10 573
53 80 5 4 10 573
53 82 5 3 24 573
53 83 5 3 10 573
53 84 5 4 22 573
53 92 5 4 8 573
53 94 5 3 25 573
53 95 5 2 18 573
53 97 5 3 12 573
53 98 5 1 17 573
54 1 4 3 16 624
54 2 4 2 14 624
54 5 4 1 21 624
54 6 4 2 21 624
54 7 4 5 21 624
54 9 4 2 20 624
54 12 4 5 13 624
54 13 4 2 4 624
54 16 4 2 8 624
54 17 4 1 3 624
54 25 4 5 14 624
54 26 4 4 22 624
54 27 4 3 3 624
54 28 4 5 11 624
54 30 4 4 13 624
54 34 4 2 24 624
54 40 4 4 16 624
54 41 4 1 9 624
54 44 4 5 24 624
54 46 4 5 14 624
54 47 4 1 17 624
54 48 4 4 1 624
54 49 4 1 7 624
54 52 4 3 3 624
54 53 4 5 12 624
54 58 4 3 22 624
54 59 4 1 19 624
54 60 4 1 6 624
54 63 4 4 2 624
54 64 4 3 9 624
54 65 4 1 16 624
54 66 4 3 5 624
54 71 4 1 16 624
54 72 4 4 13 624
54 74 4 5 20 624
54 78 4 5 23 624
54 80 4 4 22 624
54 81 4 4 24 624
54 84 4 4 4 624
54 85 4 2 7 624
54 86 4 3 15 624
54 87 4 3 9 624
54 88 4 4 23 624
54 93 4 5 2 624
54 94 4 3 15 624
54 95 4 2 19 624
54 97 4 3 2 624
54 99 4 5 23 624
55 0 2 1 16 128
55 4 2 1 3 128
55 6 2 2 8 128
55 9 2 2 19 128
55 11 2 3 1 128
55 13 2 2 1 128
55 15 2 3 1 128
55 17 2 1 4 128
55 20 2 5 8 128
55 23 2 1 11 128
55 28 2 5 9 128
55 29 2 1 11 128
55 30 2 4 5 128
55 31 2 3 18 128
55 32 2 5 22 128
55 34 2 2 9 128
55 35 2 5 14 128
55 37 2 3 19 128
55 38 2 3 22 128
55 39 2 4 16 128
55 40 2 4 2 128
55 44 2 5 24 128
55 46 2 5 8 128
55 47 2 1 6 128
55 48 2 4 4 128
55 49 2 1 3 128
55 50 2 2 18 128
55 51 2 5 23 128
55 52 2 3 8 128
55 53 2 5 13 128
55 56 2 1 3 128
55 60 2 1 25 128
55 63 2 4 5 128
55 64 2 3 2 128
55 67 2 1 11 128
55 70 2 4 21 128
55 71 2 1 23 128
55 72 2 4 1 128
55 73 2 1 11 128
55 76 2 3 8 128
55 77 2 1 8 128
55 78 2 5 15 128
55 82 2 3 15 128
55 85 2 2 16 128
55 90 2 2 15 128
55 91 2 1 19 128
55 92 2 4 20 128
55 93 2 5 17 128
55 94 2 3 13 128
55 95 2 2 22 128
55 96 2 3 15 128
55 97 2 3 24 128
55 98 2 1 24 128
56 0 1 1 23 922
56 3 1 2 25 922
56 4 1 1 10 922
56 5 1 1 1 922
56 6 1 2 23 922
56 7 1 5 19 922
56 12 1 5 23 922
56 15 1 3 22 922
56 18 1 1 2 922
56 20 1 5 7 922
56 21 1 5 20 922
56 23 1 1 23 922
56 29 1 1 18 922
56 30 1 4 25 922
56 31 1 3 3 922
56 33 1 3 8 922
56 34 1 2 6 922
56 35 1 5 6 922
56 36 1 1 9 922
56 37 1 3 3 922
56 41 1 1 2 922
56 42 1 2 20 922
56 44 1 5 21 922
56 49 1 1 21 922
56 50 1 2 1 922
56 51 1 5 12 922
56 52 1 3 10 922
56 53 1 5 19 922
56 55 1 2 3 922
56 57 1 5 24 922
56 58 1 3 20 922
56 59 1 1 15 922
56 61 1 3 6 922
56 62 1 2 5 922
56 65 1 1 12 922
56 67 1 1 25 922
56 68 1 2 18 922
56 72 1 4 4 922
56 75 1 4 7 922
56 76 1 3 16 922
56 78 1 5 25 922
56 80 1 4 17 922
56 82 1 3 7 922
56 83 1 3 19 922
56 86 1 3 21 922
56 87 1 3 20 922
56 89 1 3 17 922
56 92 1 4 22 922
56 94 1 3 11 922
56 95 1 2 5 922
56 98 1 1 9 922
56 99 1 5 12 922
57 0 5 1 9 165
57 2 5 2 13 165
57 3 5 2 13 165
57 4 5 1 14 165
57 6 5 2 17 165
57 7 5 5 15 165
57 8 5 4 22 165
57 9 5 2 8 165
57 10 5 1 13 165
57 11 5 3 16 165
57 13 5 2 6 165
57 14 5 5 4 165
57 16 5 2 9 165
57 17 5 1 9 165
57 21 5 5 20 165
57 28 5 5 16 165
57 31 5 3 10 165
57 32 5 5 10 165
57 33 5 3 17 165
57 35 5 5 22 165
57 36 5 1 3 165
57 41 5 1 1 165
57 42 5 2 20 165
57 44 5 5 13 165
57 46 5 5 3 165
57 47 5 1 23 165
57 56 5 1 24 165
57 58 5 3 18 165
57 60 5 1 23 165
57 69 5 5 9 165
57 74 5 5 3 165
57 75 5 4 20 165
57 78 5 5 11 165
57 80 5 4 6 165
57 81 5 4 16 165
57 84 5 4 13 165
57 85 5 2 18 165
57 88 5 4 1 165
57 89 5 3 9 165
57 90 5 2 21 165
57 91 5 1 12 165
57 92 5 4 14 165
57 94 5 3 4 165
57 98 5 1 22 165
58 3 3 2 4 929
58 4 3 1 15 929
58 5 3 1 25 929
58 7 3 5 5 929
58 10 3 1 2 929
58 11 3 3 10 929
58 13 3 2 14 929
58 15 3 3 19 929
58 17 3 1 16 929
58 19 3 2 2 929
58 20 3 5 11 929
58 22 3 3 2 929
58 23 3 1 21 929
58 24 3 3 15 929
58 25 3 5 10 929
58 26 3 4 19 929
58 27 3 3 4 929
58 28 3 5 1 929
58 36 3 1 23 929
58 37 3 3 25 929
58 39 3 4 13 929
58 40 3 4 5 929
58 42 3 2 5 929
58 43 3 3 10 929
58 46 3 5 20 929
58 47 3 1 8 929
58 48 3 4 25 929
58 50 3 2 17 929
58 53 3 5 5 929
58 54 3 4 22 929
58 56 3 1 20 929
58 57 3 5 18 929
58 59 3 1 11 929
58 62 3 2 3 929
58 63 3 4 19 929
58 64 3 3 24 929
58 67 3 1 22 929
58 68 3 2 13 929
58 70 3 4 14 929
58 71 3 1 22 929
58 72 3 4 7 929
58 73 3 1 4 929
58 74 3 5 13 929
58 75 3 4 7 929
58 76 3 3 16 929
58 77 3 1 23 929
58 78 3 5 11 929
58 79 3 4 22 929
58 80 3 4 3 929
58 81 3 4 9 929
58 82 3 3 4 929
58 83 3 3 21 929
58 85 3 2 22 929
58 87 3 3 24 929
58 88 3 4 19 929
58 89 3 3 7 929
58 90 3 2 18 929
58 91 3 1 23 929
58 94 3 3 17 929
58 97 3 3 4 929
58 98 3 1 17 929
59 0 1 1 2 769
59 1 1 3 21 769
59 6 1 2 11 769
59 7 1 5 23 769
59 11 1 3 3 769
59 12 1 5 11 769
59 13 1 2 16 769
59 17 1 1 8 769
59 18 1 1 13 769
59 19 1 2 8 769
59 20 1 5 17 769
59 21 1 5 15 769
59 23 1 1 12 769
59 24 1 3 6 769
59 27 1 3 9 769
59 28 1 5 11 769
59 29 1 1 8 769
59 30 1 4 25 769
59 31 1 3 10 769
59 34 1 2 14 769
59 36 1 1 5 769
59 38 1 3 12 769
59 41 1 1 25 769
59 43 1 3 20 769
59 44 1 5 5 769
59 45 1 4 12 769
59 49 1 1 19 769
59 50 1 2 1 769
59 51 1 5 11 769
59 53 1 5 8 769
59 54 1 4 19 769
59 56 1 1 15 769
59 58 1 3 11 769
59 60 1 1 16 769
59 64 1 3 17 769
59 66 1 3 7 769
59 68 1 2 3 769
59 69 1 5 18 769
59 70 1 4 3 769
59 72 1 4 11 769
59 74 1 5 4 769
59 75 1 4 7 769
59 76 1 3 13 769
59 77 1 1 10 769
59 80 1 4 12 769
59 84 1 4 21 769
59 85 1 2 23 769
59 92 1 4 11 769
59 96 1 3 15 769
59 99 1 5 4 769
60 1 1 3 13 458
60 2 1 2 23 458
60 5 1 1 25 458
60 7 1 5 11 458
60 8 1 4 3 458
60 10 1 1 13 458
60 11 1 3 8 458
60 13 1 2 16 458
60 15 1 3 17 458
60 18 1 1 2 458
60 19 1 2 25 458
60 20 1 5 16 458
60 22 1 3 18 458
60 23 1 1 23 458
60 24 1 3 14 458
60 25 1 5 7 458
60 28 1 5 12 458
60 32 1 5 2 458
60 34 1 2 7 458
60 36 1 1 20 458
60 39 1 4 19 458
60 40 1 4 19 458
60 44 1 5 19 458
60 45 1 4 4 458
60 47 1 1 24 458
60 52 1 3 22 458
60 54 1 4 6 458
60 55 1 2 25 458
60 57 1 5 23 458
60 59 1 1 16 458
60 63 1 4 20 458
60 68 1 2 4 458
60 70 1 4 3 458
60 73 1 1 6 458
60 74 1 5 2 458
60 75 1 4 19 458
60 76 1 3 6 458
60 78 1 5 7 458
60 79 1 4 18 458
60 80 1 4 8 458
60 86 1 3 10 458
60 87 1 3 5 458
60 88 1 4 2 458
60 91 1 1 20 458
60 92 1 4 15 458
60 93 1 5 25 458
60 94 1 3 18 458
60 95 1 2 12 458
60 98 1 1 15 458
61 0 3 1 15 865
61 1 3 3 16 865
61 4 3 1 19 865
61 5 3 1 25 865
61 8 3 4 6 865
61 13 3 2 21 865
61 15 3 3 19 865
61 16 3 2 14 865
61 17 3 1 12 865
61 19 3 2 5 865
61 22 3 3 24 865
61 23 3 1 15 865
61 27 3 3 20 865
61 28 3 5 25 865
61 31 3 3 7 865
61 32 3 5 21 865
61 33 3 3 18 865
61 36 3 1 18 865
61 41 3 1 24 865
61 42 3 2 1 865
61 44 3 5 5 865
61 49 3 1 13 865
61 50 3 2 16 865
61 53 3 5 11 865
61 56 3 1 6 865
61 65 3 1 15 865
61 66 3 3 13 865
61 67 3 1 20 865
61 73 3 1 21 865
61 75 3 4 21 865
61 76 3 3 7 865
61 77 3 1 13 865
61 78 3 5 13 865
61 79 3 4 11 865
61 85 3 2 4 865
61 86 3 3 20 865
61 87 3 3 12 865
61 90 3 2 21 865
61 91 3 1 11 865
61 97 3 3 21 865
61 99 3 5 15 865
62 1 2 3 19 336
62 5 2 1 25 336
62 7 2 5 15 336
62 9 2 2 11 336
62 10 2 1 7 336
62 11 2 3 13 336
62 12 2 5 22 336
62 13 2 2 6 336
62 16 2 2 25 336
62 21 2 5 15 336
62 23 2 1 18 336
62 29 2 1 4 336
62 31 2 3 2 336
62 32 2 5 3 336
62 33 2 3 23 336
62 37 2 3 22 336
62 41 2 1 25 336
62 43 2 3 13 336
62 45 2 4 1 336
62 47 2 1 14 336
62 48 2 4 10 336
62 50 2 2 1 336
62 56 2 1 5 336
62 58 2 3 3 336
62 63 2 4 3 336
62 64 2 3 19 336
62 67 2 1 10 336
62 69 2 5 21 336
62 71 2 1 11 336
62 73 2 1 5 336
62 74 2 5 8 336
62 77 2 1 14 336
62 81 2 4 16 336
62 84 2 4 22 336
62 85 2 2 2 336
62 90 2 2 18 336
62 91 2 1 2 336
62 92 2 4 16 336
62 94 2 3 13 336
62 97 2 3 4 336
62 99 2 5 4 336
63 4 4 1 20 152
63 6 4 2 8 152
63 8 4 4 6 152
63 9 4 2 1 152
63 11 4 3 18 152
63 13 4 2 19 152
63 15 4 3 21 152
63 19 4 2 2 152
63 21 4 5 9 152
63 24 4 3 24 152
63 26 4 4 12 152
63 28 4 5 10 152
63 29 4 1 13 152
63 31 4 3 20 152
63 32 4 5 1 152
63 33 4 3 21 152
63 34 4 2 7 152
63 37 4 3 14 152
63 39 4 4 23 152
63 40 4 4 17 152
63 41 4 1 3 152
63 43 4 3 23 152
63 44 4 5 24 152
63 45 4 4 15 152
63 47 4 1 7 152
63 50 4 2 14 152
63 51 4 5 22 152
63 54 4 4 2 152
63 55 4 2 5 152
63 58 4 3 19 152
63 60 4 1 20 152
63 62 4 2 3 152
63 64 4 3 15 152
63 65 4 1 16 152
63 66 4 3 10 152
63 67 4 1 5 152
63 71 4 1 4 152
63 72 4 4 13 152
63 73 4 1 2 152
63 79 4 4 17 152
63 80 4 4 13 152
63 85 4 2 25 152
63 88 4 4 7 152
63 89 4 3 6 152
63 92 4 4 9 152
63 93 4 5 11 152
63 95 4 2 1 152
63 96 4 3 12 152
63 97 4 3 6 152
63 98 4 1 10 152
63 99 4 5 21 152
64 1 3 3 20 335
64 2 3 2 4 335
64 5 3 1 12 335
64 7 3 5 18 335
64 10 3 1 3 335
64 11 3 3 14 335
64 14 3 5 22 335
64 15 3 3 19 335
64 16 3 2 7 335
64 19 3 2 25 335
64 20 3 5 4 335
64 26 3 4 8 335
64 30 3 4 19 335
64 32 3 5 12 335
64 33 3 3 20 335
64 34 3 2 25 335
64 36 3 1 22 335
64 37 3 3 9 335
64 38 3 3 12 335
64 40 3 4 2 335
64 43 3 3 12 335
64 44 3 5 7 335
64 45 3 4 20 335
64 46 3 5 21 335
64 47 3 1 7 335
64 51 3 5 18 335
64 53 3 5 21 335
64 54 3 4 9 335
64 55 3 2 2 335
64 58 3 3 24 335
64 59 3 1 17 335
64 62 3 2 19 335
64 63 3 4 15 335
64 65 3 1 19 335
64 66 3 3 18 335
64 70 3 4 4 335
64 72 3 4 22 335
64 75 3 4 21 335
64 76 3 3 20 335
64 79 3 4 16 335
64 80 3 4 2 335
64 83 3 3 17 335
64 84 3 4 25 335
64 85 3 2 22 335
64 86 3 3 13 335
64 87 3 3 24 335
64 95 3 2 3 335
65 0 1 1 9 184
65 2 1 2 12 184
65 5 1 1 10 184
65 6 1 2 15 184
65 8 1 4 24 184
65 10 1 1 5 184
65 11 1 3 18 184
65 12 1 5 15 184
65 14 1 5 25 184
65 15 1 3 17 184
65 17 1 1 4 184
65 19 1 2 19 184
65 20 1 5 15 184
65 24 1 3 9 184
65 25 1 5 3 184
65 26 1 4 19 184
65 28 1 5 4 184
65 29 1 1 12 184
65 30 1 4 12 184
65 33 1 3 7 184
65 36 1 1 8 184
65 40 1 4 9 184
65 41 1 1 9 184
65 48 1 4 5 184
65 50 1 2 7 184
65 51 1 5 9 184
65 54 1 4 16 184
65 56 1 1 12 184
65 61 1 3 15 184
65 63 1 4 16 184
65 64 1 3 19 184
65 67 1 1 23 184
65 68 1 2 23 184
65 69 1 5 23 184
65 70 1 4 15 184
65 71 1 1 2 184
65 73 1 1 1 184
65 74 1 5 17 184
65 76 1 3 4 184
65 77 1 1 10 184
65 78 1 5 16 184
65 82 1 3 23 184
65 83 1 3 2 184
65 84 1 4 15 184
65 88 1 4 2 184
65 89 1 3 17 184
65 92 1 4 14 184
65 94 1 3 25 184
65 95 1 2 16 184
65 96 1 3 7 184
65 98 1 1 22 184
65 99 1 5 2 184
66 0 3 1 2 121
66 3 3 2 16 121
66 4 3 1 4 121
66 14 3 5 21 121
66 15 3 3 18 121
66 20 3 5 20 121
66 21 3 5 24 121
66 22 3 3 3 121
66 24 3 3 13 121
66 25 3 5 21 121
66 28 3 5 16 121
66 29 3 1 2 121
66 30 3 4 7 121
66 31 3 3 9 121
66 32 3 5 17 121
66 33 3 3 3 121
66 34 3 2 22 121
66 35 3 5 15 121
66 36 3 1 11 121
66 38 3 3 9 121
66 39 3 4 12 121
66 40 3 4 3 121
66 41 3 1 21 121
66 48 3 4 18 121
66 49 3 1 2 121
66 50 3 2 3 121
66 53 3 5 21 121
66 54 3 4 5 121
66 59 3 1 7 121
66 61 3 3 13 121
66 63 3 4 10 121
66 64 3 3 18 121
66 68 3 2 6 121
66 73 3 1 6 121
66 78 3 5 10 121
66 80 3 4 4 121
66 83 3 3 5 121
66 85 3 2 25 121
66 86 3 3 25 121
66 87 3 3 16 121
66 94 3 3 4 121
66 95 3 2 18 121
66 98 3 1 24 121
66 99 3 5 4 121
67 1 1 3 8 171
67 2 1 2 24 171
67 5 1 1 24 171
67 6 1 2 9 171
67 7 1 5 14 171
67 8 1 4 16 171
67 9 1 2 17 171
67 10 1 1 2 171
67 11 1 3 22 171
67 12 1 5 7 171
67 13 1 2 18 171
67 19 1 2 22 171
67 21 1 5 1 171
67 29 1 1 25 171
67 30 1 4 2 171
67 32 1 5 14 171
67 35 1 5 13 171
67 36 1 1 17 171
67 37 1 3 10 171
67 40 1 4 22 171
67 44 1 5 1 171
67 45 1 4 15 171
67 46 1 5 24 171
67 47 1 1 11 171
67 48 1 4 18 171
67 50 1 2 10 171
67 51 1 5 14 171
67 52 1 3 25 171
67 55 1 2 11 171
67 56 1 1 25 171
67 58 1 3 22 171
67 61 1 3 20 171
67 62 1 2 10 171
67 63 1 4 5 171
67 65 1 1 23 171
67 71 1 1 1 171
67 72 1 4 6 171
67 76 1 3 16 171
67 78 1 5 3 171
67 81 1 4 8 171
67 83 1 3 22 171
67 89 1 3 9 171
67 90 1 2 22 171
67 92 1 4 22 171
67 93 1 5 18 171
67 94 1 3 6 171
67 96 1 3 22 171
67 97 1 3 16 171
67 98 1 1 9 171
68 0 2 1 5 130
68 2 2 2 3 130
68 4 2 1 9 130
68 5 2 1 21 130
68 6 2 2 12 130
68 8 2 4 8 130
68 10 2 1 12 130
68 11 2 3 17 130
68 12 2 5 13 130
68 14 2 5 12 130
68 15 2 3 24 130
68 16 2 2 13 130
68 17 2 1 17 130
68 18 2 1 23 130
68 19 2 2 9 130
68 21 2 5 11 130
68 25 2 5 24 130
68 30 2 4 1 130
68 31 2 3 8 130
68 34 2 2 3 130
68 35 2 5 6 130
68 40 2 4 8 130
68 41 2 1 16 130
68 42 2 2 14 130
68 45 2 4 13 130
68 46 2 5 22 130
68 47 2 1 8 130
68 49 2 1 5 130
68 56 2 1 18 130
68 58 2 3 13 130
68 59 2 1 3 130
68 60 2 1 4 130
68 65 2 1 23 130
68 66 2 3 6 130
68 76 2 3 13 130
68 77 2 1 1 130
68 78 2 5 24 130
68 79 2 4 3 130
68 81 2 4 25 130
68 82 2 3 7 130
68 84 2 4 11 130
68 88 2 4 1 130
68 89 2 3 6 130
68 90 2 2 3 130
68 91 2 1 3 130
68 93 2 5 19 130
68 94 2 3 21 130
68 97 2 3 15 130
69 1 5 3 7 535
69 4 5 1 25 535
69 6 5 2 7 535
69 8 5 4 17 535
69 9 5 2 17 535
69 13 5 2 20 535
69 14 5 5 3 535
69 16 5 2 5 535
69 18 5 1 17 535
69 23 5 1 25 535
69 24 5 3 11 535
69 28 5 5 23 535
69 32 5 5 23 535
69 34 5 2 15 535
69 35 5 5 3 535
69 36 5 1 14 535
69 37 5 3 14 535
69 38 5 3 10 535
69 39 5 4 5 535
69 41 5 1 2 535
69 42 5 2 10 535
69 43 5 3 13 535
69 44 5 5 2 535
69 45 5 4 18 535
69 46 5 5 10 535
69 47 5 1 16 535
69 51 5 5 1 535
69 52 5 3 17 535
69 53 5 5 16 535
69 57 5 5 9 535
69 59 5 1 18 535
69 62 5 2 21 535
69 65 5 1 23 535
69 71 5 1 17 535
69 72 5 4 11 535
69 73 5 1 17 535
69 76 5 3 25 535
69 77 5 1 24 535
69 78 5 5 18 535
69 79 5 4 22 535
69 82 5 3 19 535
69 83 5 3 7 535
69 84 5 4 16 535
69 85 5 2 10 535
69 86 5 3 4 535
69 89 5 3 20 535
69 90 5 2 6 535
69 91 5 1 5 535
69 92 5 4 24 535
69 94 5 3 2 535
69 96 5 3 19 535
69 98 5 1 5 535
69 99 5 5 16 535
70 0 4 1 13 899
70 2 4 2 18 899
70 3 4 2 14 899
70 8 4 4 20 899
70 9 4 2 4 899
70 10 4 1 19 899
70 14 4 5 20 899
70 15 4 3 11 899
70 18 4 1 15 899
70 20 4 5 19 899
70 21 4 5 3 899
70 22 4 3 19 899
70 24 4 3 19 899
70 27 4 3 12 899
70 30 4 4 16 899
70 31 4 3 10 899
70 32 4 5 18 899
70 34 4 2 6 899
70 35 4 5 22 899
70 36 4 1 4 899
70 38 4 3 10 899
70 41 4 1 17 899
70 42 4 2 22 899
70 43 4 3 18 899
70 45 4 4 18 899
70 46 4 5 11 899
70 49 4 1 4 899
70 51 4 5 15 899
70 52 4 3 13 899
70 53 4 5 10 899
70 55 4 2 21 899
70 58 4 3 14 899
70 59 4 1 3 899
70 60 4 1 3 899
70 64 4 3 4 899
70 65 4 1 15 899
70 72 4 4 8 899
70 73 4 1 24 899
70 74 4 5 9 899
70 79 4 4 20 899
70 85 4 2 13 899
70 86 4 3 6 899
70 87 4 3 11 899
70 89 4 3 17 899
70 90 4 2 12 899
70 94 4 3 9 899
70 96 4 3 25 899
70 97 4 3 17 899
71 4 1 1 3 420
71 5 1 1 3 420
71 6 1 2 10 420
71 7 1 5 5 420
71 9 1 2 3 420
71 10 1 1 9 420
71 11 1 3 25 420
71 13 1 2 13 420
71 15 1 3 18 420
71 17 1 1 8 420
71 18 1 1 24 420
71 19 1 2 14 420
71 20 1 5 14 420
71 21 1 5 1 420
71 22 1 3 2 420
71 24 1 3 15 420
71 25 1 5 13 420
71 26 1 4 6 420
71 27 1 3 23 420
71 30 1 4 4 420
71 31 1 3 10 420
71 34 1 2 14 420
71 35 1 5 19 420
71 37 1 3 6 420
71 38 1 3 4 420
71 39 1 4 18 420
71 41 1 1 22 420
71 42 1 2 3 420
71 43 1 3 13 420
71 46 1 5 22 420
71 47 1 1 1 420
71 51 1 5 15 420
71 52 1 3 19 420
71 53 1 5 7 420
71 54 1 4 16 420
71 55 1 2 23 420
71 58 1 3 22 420
71 62 1 2 11 420
71 63 1 4 4 420
71 65 1 1 2 420
71 67 1 1 1 420
71 69 1 5 17 420
71 72 1 4 1 420
71 73 1 1 4 420
71 74 1 5 14 420
71 75 1 4 17 420
71 76 1 3 21 420
71 80 1 4 17 420
71 81 1 4 23 420
71 82 1 3 18 420
71 83 1 3 4 420
71 84 1 4 16 420
71 86 1 3 4 420
71 87 1 3 10 420
71 89 1 3 10 420
71 92 1 4 22 420
71 93 1 5 14 420
71 94 1 3 4 420
71 96 1 3 14 420
71 98 1 1 22 420
72 0 4 1 7 484
72 1 4 3 5 484
72 2 4 2 17 484
72 4 4 1 9 484
72 7 4 5 19 484
72 8 4 4 11 484
72 9 4 2 3 484
72 10 4 1 6 484
72 15 4 3 12 484
72 16 4 2 4 484
72 17 4 1 23 484
72 18 4 1 17 484
72 22 4 3 4 484
72 23 4 1 14 484
72 27 4 3 14 484
72 28 4 5 17 484
72 29 4 1 10 484
72 34 4 2 5 484
72 35 4 5 5 484
72 36 4 1 24 484
72 39 4 4 12 484
72 43 4 3 2 484
72 45 4 4 9 484
72 52 4 3 18 484
72 53 4 5 22 484
72 54 4 4 13 484
72 55 4 2 1 484
72 56 4 1 4 484
72 58 4 3 7 484
72 59 4 1 11 484
72 63 4 4 13 484
72 64 4 3 22 484
72 67 4 1 6 484
72 69 4 5 11 484
72 70 4 4 8 484
72 71 4 1 1 484
72 74 4 5 19 484
72 76 4 3 20 484
72 77 4 1 15 484
72 78 4 5 12 484
72 80 4 4 4 484
72 85 4 2 6 484
72 87 4 3 17 484
72 88 4 4 8 484
72 91 4 1 15 484
72 92 4 4 6 484
72 93 4 5 16 484
72 94 4 3 12 484
72 95 4 2 7 484
73 0 1 1 2 756
73 3 1 2 8 756
73 5 1 1 18 756
73 6 1 2 7 756
73 7 1 5 17 756
73 9 1 2 19 756
73 12 1 5 20 756
73 14 1 5 22 756
73 17 1 1 4 756
73 21 1 5 13 756
73 23 1 1 24 756
73 24 1 3 25 756
73 26 1 4 24 756
73 27 1 3 11 756
73 28 1 5 24 756
73 30 1 4 24 756
73 34 1 2 22 756
73 35 1 5 11 756
73 36 1 1 2 756
73 37 1 3 13 756
73 43 1 3 3 756
73 44 1 5 23 756
73 45 1 4 9 756
73 47 1 1 1 756
73 48 1 4 19 756
73 50 1 2 24 756
73 52 1 3 4 756
73 53 1 5 15 756
73 55 1 2 11 756
73 58 1 3 4 756
73 60 1 1 6 756
73 61 1 3 21 756
73 62 1 2 5 756
73 63 1 4 2 756
73 65 1 1 1 756
73 66 1 3 6 756
73 69 1 5 17 756
73 70 1 4 24 756
73 71 1 1 4 756
73 77 1 1 25 756
73 78 1 5 6 756
73 79 1 4 13 756
73 80 1 4 2 756
73 85 1 2 5 756
73 88 1 4 12 756
73 89 1 3 8 756
73 90 1 2 17 756
73 92 1 4 6 756
73 94 1 3 18 756
73 96 1 3 17 756
73 97 1 3 5 756
73 98 1 1 23 756
74 3 5 2 10 661
74 4 5 1 19 661
74 6 5 2 24 661
74 8 5 4 17 661
74 9 5 2 13 661
74 11 5 3 14 661
74 12 5 5 19 661
74 13 5 2 21 661
74 14 5 5 12 661
74 15 5 3 3 661
74 16 5 2 21 661
74 18 5 1 9 661
74 19 5 2 13 661
74 21 5 5 12 661
74 22 5 3 25 661
74 24 5 3 3 661
74 25 5 5 25 661
74 26 5 4 6 661
74 28 5 5 25 661
74 29 5 1 1 661
74 33 5 3 4 661
74 36 5 1 2 661
74 39 5 4 3 661
74 40 5 4 9 661
74 45 5 4 17 661
74 46 5 5 4 661
74 48 5 4 22 661
74 49 5 1 19 661
74 53 5 5 8 661
74 54 5 4 20 661
74 57 5 5 3 661
74 58 5 3 13 661
74 59 5 1 4 661
74 60 5 1 2 661
74 62 5 2 8 661
74 65 5 1 17 661
74 70 5 4 9 661
74 71 5 1 14 661
74 72 5 4 19 661
74 75 5 4 8 661
74 76 5 3 8 661
74 81 5 4 9 661
74 83 5 3 19 661
74 87 5 3 23 661
74 89 5 3 4 661
74 91 5 1 25 661
74 92 5 4 15 661
74 97 5 3 13 661
75 1 4 3 24 544
75 3 4 2 9 544
75 4 4 1 15 544
75 6 4 2 17 544
75 7 4 5 16 544
75 9 4 2 1 544
75 10 4 1 6 544
75 12 4 5 7 544
75 15 4 3 23 544
75 16 4 2 4 544
75 20 4 5 5 544
75 24 4 3 12 544
75 25 4 5 13 544
75 26 4 4 16 544
75 27 4 3 15 544
75 30 4 4 13 544
75 31 4 3 20 544
75 34 4 2 1 544
75 36 4 1 21 544
75 37 4 3 2 544
75 38 4 3 19 544
75 41 4 1 13 544
75 43 4 3 15 544
75 45 4 4 25 544
75 47 4 1 24 544
75 50 4 2 22 544
75 51 4 5 19 544
75 56 4 1 7 544
75 57 4 5 20 544
75 58 4 3 7 544
75 59 4 1 7 544
75 60 4 1 19 544
75 61 4 3 21 544
75 64 4 3 21 544
75 71 4 1 17 544
75 74 4 5 8 544
75 76 4 3 4 544
75 79 4 4 11 544
75 81 4 4 21 544
75 82 4 3 1 544
75 83 4 3 13 544
75 87 4 3 4 544
75 89 4 3 15 544
75 90 4 2 14 544
75 92 4 4 3 544
75 94 4 3 5 544
75 96 4 3 13 544
75 99 4 5 18 544
76 5 3 1 6 943
76 8 3 4 13 943
76 9 3 2 6 943
76 10 3 1 24 943
76 12 3 5 25 943
76 13 3 2 17 943
76 15 3 3 11 943
76 16 3 2 9 943
76 17 3 1 2 943
76 18 3 1 25 943
76 19 3 2 21 943
76 20 3 5 23 943
76 21 3 5 6 943
76 22 3 3 11 943
76 23 3 1 11 943
76 24 3 3 14 943
76 27 3 3 15 943
76 28 3 5 13 943
76 29 3 1 21 943
76 32 3 5 23 943
76 39 3 4 24 943
76 41 3 1 6 943
76 42 3 2 22 943
76 45 3 4 12 943
76 47 3 1 18 943
76 48 3 4 17 943
76 49 3 1 15 943
76 50 3 2 12 943
76 51 3 5 16 943
76 52 3 3 13 943
76 53 3 5 23 943
76 55 3 2 8 943
76 56 3 1 16 943
76 58 3 3 16 943
76 59 3 1 13 943
76 60 3 1 6 943
76 61 3 3 7 943
76 64 3 3 20 943
76 65 3 1 4 943
76 67 3 1 16 943
76 68 3 2 13 943
76 69 3 5 25 943
76 71 3 1 21 943
76 72 3 4 20 943
76 74 3 5 8 943
76 75 3 4 4 943
76 77 3 1 8 943
76 78 3 5 10 943
76 80 3 4 16 943
76 82 3 3 20 943
76 85 3 2 7 943
76 86 3 3 11 943
76 88 3 4 24 943
76 90 3 2 9 943
76 92 3 4 14 943
76 93 3 5 16 943
76 94 3 3 3 943
76 95 3 2 9 943
76 98 3 1 16 943
77 0 1 1 25 759
77 2 1 2 17 759
77 5 1 1 6 759
77 6 1 2 18 759
77 7 1 5 21 759
77 8 1 4 7 759
77 9 1 2 19 759
77 10 1 1 1 759
77 11 1 3 17 759
77 14 1 5 5 759
77 15 1 3 4 759
77 18 1 1 5 759
77 19 1 2 4 759
77 20 1 5 11 759
77 21 1 5 7 759
77 23 1 1 12 759
77 25 1 5 10 759
77 26 1 4 13 759
77 28 1 5 14 759
77 31 1 3 6 759
77 32 1 5 7 759
77 33 1 3 6 759
77 39 1 4 7 759
77 44 1 5 20 759
77 45 1 4 9 759
77 46 1 5 7 759
77 48 1 4 21 759
77 49 1 1 10 759
77 52 1 3 7 759
77 55 1 2 8 759
77 58 1 3 23 759
77 59 1 1 10 759
77 61 1 3 13 759
77 62 1 2 14 759
77 65 1 1 10 759
77 68 1 2 1 759
77 69 1 5 24 759
77 72 1 4 15 759
77 73 1 1 25 759
77 76 1 3 8 759
77 78 1 5 25 759
77 79 1 4 21 759
77 82 1 3 23 759
77 84 1 4 9 759
77 85 1 2 7 759
77 87 1 3 4 759
77 88 1 4 7 759
77 89 1 3 24 759
77 97 1 3 18 759
77 98 1 1 8 759
77 99 1 5 11 759
78 0 5 1 6 115
78 1 5 3 14 115
78 4 5 1 2 115
78 7 5 5 6 115
78 8 5 4 6 115
78 10 5 1 17 115
78 11 5 3 10 115
78 13 5 2 3 115
78 18 5 1 3 115
78 24 5 3 12 115
78 25 5 5 7 115
78 28 5 5 21 115
78 29 5 1 18 115
78 31 5 3 2 115
78 32 5 5 14 115
78 36 5 1 22 115
78 38 5 3 10 115
78 39 5 4 18 115
78 42 5 2 8 115
78 45 5 4 18 115
78 47 5 1 3 115
78 48 5 4 9 115
78 49 5 1 15 115
78 50 5 2 7 115
78 52 5 3 16 115
78 54 5 4 23 115
78 55 5 2 15 115
78 56 5 1 25 115
78 57 5 5 11 115
78 58 5 3 11 115
78 60 5 1 7 115
78 61 5 3 13 115
78 65 5 1 16 115
78 66 5 3 10 115
78 67 5 1 3 115
78 68 5 2 24 115
78 69 5 5 18 115
78 72 5 4 12 115
78 73 5 1 6 115
78 76 5 3 10 115
78 77 5 1 25 115
78 79 5 4 12 115
78 81 5 4 2 115
78 82 5 3 7 115
78 83 5 3 21 115
78 85 5 2 16 115
78 87 5 3 6 115
78 88 5 4 9 115
78 90 5 2 2 115
78 92 5 4 21 115
78 95 5 2 1 115
79 0 4 1 9 77
79 1 4 3 4 77
79 3 4 2 23 77
79 9 4 2 5 77
79 11 4 3 23 77
79 12 4 5 15 77
79 13 4 2 19 77
79 18 4 1 7 77
79 22 4 3 10 77
79 25 4 5 14 77
79 26 4 4 15 77
79 30 4 4 9 77
79 31 4 3 1 77
79 32 4 5 6 77
79 33 4 3 8 77
79 34 4 2 3 77
79 35 4 5 14 77
79 37 4 3 25 77
79 38 4 3 4 77
79 39 4 4 10 77
79 40 4 4 7 77
79 42 4 2 1 77
79 43 4 3 2 77
79 45 4 4 8 77
79 47 4 1 22 77
79 48 4 4 5 77
79 51 4 5 9 77
79 53 4 5 10 77
79 58 4 3 22 77
79 60 4 1 18 77
79 61 4 3 11 77
79 63 4 4 17 77
79 64 4 3 16 77
79 68 4 2 3 77
79 69 4 5 22 77
79 70 4 4 20 77
79 73 4 1 13 77
79 75 4 4 11 77
79 77 4 1 21 77
79 78 4 5 12 77
79 81 4 4 15 77
79 82 4 3 6 77
79 83 4 3 3 77
79 84 4 4 23 77
79 86 4 3 12 77
79 89 4 3 6 77
79 92 4 4 15 77
79 93 4 5 16 77
79 96 4 3 23 77
79 97 4 3 18 77
80 1 4 3 7 140
80 3 4 2 22 140
80 8 4 4 13 140
80 13 4 2 25 140
80 15 4 3 17 140
80 16 4 2 1 140
80 17 4 1 11 140
80 18 4 1 25 140
80 19 4 2 7 140
80 20 4 5 7 140
80 21 4 5 18 140
80 24 4 3 19 140
80 28 4 5 17 140
80 29 4 1 11 140
80 31 4 3 23 140
80 37 4 3 24 140
80 38 4 3 9 140
80 46 4 5 22 140
80 47 4 1 21 140
80 51 4 5 1 140
80 52 4 3 13 140
80 53 4 5 10 140
80 54 4 4 22 140
80 56 4 1 17 140
80 57 4 5 6 140
80 58 4 3 3 140
80 59 4 1 12 140
80 60 4 1 8 140
80 63 4 4 13 140
80 64 4 3 2 140
80 66 4 3 4 140
80 71 4 1 17 140
80 72 4 4 4 140
80 73 4 1 2 140
80 76 4 3 16 140
80 81 4 4 23 140
80 82 4 3 2 140
80 85 4 2 11 140
80 87 4 3 20 140
80 90 4 2 12 140
80 91 4 1 7 140
80 95 4 2 1 140
80 96 4 3 16 140
80 97 4 3 16 140
81 1 4 3 21 488
81 2 4 2 15 488
81 5 4 1 11 488
81 6 4 2 17 488
81 9 4 2 24 488
81 10 4 1 15 488
81 14 4 5 14 488
81 15 4 3 17 488
81 16 4 2 8 488
81 17 4 1 1 488
81 18 4 1 14 488
81 19 4 2 4 488
81 24 4 3 16 488
81 27 4 3 19 488
81 31 4 3 11 488
81 32 4 5 15 488
81 33 4 3 22 488
81 35 4 5 3 488
81 37 4 3 24 488
81 38 4 3 6 488
81 39 4 4 20 488
81 40 4 4 23 488
81 42 4 2 11 488
81 44 4 5 10 488
81 46 4 5 14 488
81 48 4 4 25 488
81 50 4 2 23 488
81 51 4 5 10 488
81 54 4 4 24 488
81 57 4 5 16 488
81 58 4 3 9 488
81 62 4 2 16 488
81 67 4 1 8 488
81 68 4 2 25 488
81 71 4 1 23 488
81 74 4 5 9 488
81 75 4 4 21 488
81 78 4 5 2 488
81 79 4 4 15 488
81 80 4 4 23 488
81 82 4 3 11 488
81 88 4 4 21 488
81 89 4 3 18 488
81 90 4 2 7 488
81 93 4 5 11 488
81 94 4 3 14 488
81 95 4 2 2 488
81 97 4 3 14 488
81 98 4 1 4 488
81 99 4 5 15 488
82 1 3 3 2 571
82 3 3 2 13 571
82 4 3 1 17 571
82 7 3 5 19 571
82 8 3 4 21 571
82 10 3 1 25 571
82 12 3 5 17 571
82 15 3 3 8 571
82 16 3 2 12 571
82 19 3 2 20 571
82 20 3 5 18 571
82 22 3 3 6 571
82 24 3 3 2 571
82 26 3 4 14 571
82 27 3 3 9 571
82 29 3 1 4 571
82 35 3 5 21 571
82 40 3 4 23 571
82 41 3 1 19 571
82 43 3 3 23 571
82 44 3 5 5 571
82 46 3 5 7 571
82 47 3 1 6 571
82 48 3 4 10 571
82 53 3 5 24 571
82 55 3 2 15 571
82 56 3 1 7 571
82 58 3 3 4 571
82 65 3 1 23 571
82 68 3 2 7 571
82 69 3 5 19 571
82 71 3 1 18 571
82 75 3 4 1 571
82 76 3 3 20 571
82 77 3 1 23 571
82 78 3 5 7 571
82 79 3 4 6 571
82 80 3 4 2 571
82 81 3 4 11 571
82 85 3 2 20 571
82 89 3 3 16 571
82 91 3 1 22 571
82 92 3 4 17 571
82 94 3 3 22 571
82 95 3 2 21 571
82 96 3 3 23 571
82 97 3 3 10 571
83 2 3 2 6 893
83 4 3 1 5 893
83 9 3 2 14 893
83 10 3 1 8 893
83 11 3 3 20 893
83 12 3 5 1 893
83 16 3 2 8 893
83 22 3 3 19 893
83 23 3 1 23 893
83 25 3 5 16 893
83 27 3 3 16 893
83 28 3 5 1 893
83 31 3 3 24 893
83 33 3 3 3 893
83 34 3 2 3 893
83 40 3 4 11 893
83 41 3 1 10 893
83 42 3 2 11 893
83 49 3 1 8 893
83 51 3 5 11 893
83 53 3 5 10 893
83 56 3 1 19 893
83 58 3 3 21 893
83 64 3 3 17 893
83 65 3 1 2 893
83 66 3 3 5 893
83 67 3 1 22 893
83 69 3 5 7 893
83 71 3 1 4 893
83 74 3 5 19 893
83 75 3 4 13 893
83 78 3 5 21 893
83 79 3 4 3 893
83 84 3 4 17 893
83 85 3 2 19 893
83 87 3 3 23 893
83 89 3 3 11 893
83 92 3 4 18 893
83 93 3 5 20 893
83 94 3 3 11 893
83 96 3 3 19 893
83 97 3 3 3 893
83 99 3 5 17 893
84 1 4 3 23 436
84 2 4 2 15 436
84 5 4 1 11 436
84 6 4 2 14 436
84 8 4 4 4 436
84 9 4 2 6 436
84 12 4 5 21 436
84 13 4 2 9 436
84 15 4 3 6 436
84 16 4 2 5 436
84 17 4 1 22 436
84 18 4 1 16 436
84 19 4 2 7 436
84 24 4 3 25 436
84 25 4 5 21 436
84 27 4 3 18 436
84 28 4 5 14 436
84 31 4 3 7 436
84 32 4 5 1 436
84 36 4 1 9 436
84 37 4 3 4 436
84 39 4 4 1 436
84 41 4 1 10 436
84 49 4 1 16 436
84 53 4 5 22 436
84 54 4 4 4 436
84 57 4 5 13 436
84 59 4 1 21 436
84 62 4 2 22 436
84 64 4 3 25 436
84 65 4 1 15 436
84 68 4 2 11 436
84 69 4 5 16 436
84 71 4 1 16 436
84 77 4 1 9 436
84 79 4 4 23 436
84 83 4 3 17 436
84 85 4 2 13 436
84 88 4 4 20 436
84 90 4 2 1 436
84 92 4 4 12 436
84 94 4 3 25 436
84 96 4 3 1 436
84 99 4 5 14 436
85 0 2 1 1 983
85 2 2 2 2 983
85 3 2 2 2 983
85 6 2 2 11 983
85 8 2 4 13 983
85 10 2 1 17 983
85 11 2 3 19 983
85 12 2 5 20 983
85 17 2 1 4 983
85 18 2 1 19 983
85 19 2 2 2 983
85 23 2 1 23 983
85 24 2 3 9 983
85 26 2 4 23 983
85 27 2 3 11 983
85 29 2 1 19 983
85 32 2 5 10 983
85 34 2 2 24 983
85 38 2 3 13 983
85 39 2 4 9 983
85 41 2 1 21 983
85 44 2 5 11 983
85 45 2 4 13 983
85 49 2 1 4 983
85 50 2 2 12 983
85 54 2 4 7 983
85 55 2 2 16 983
85 57 2 5 18 983
85 58 2 3 22 983
85 59 2 1 23 983
85 61 2 3 4 983
85 62 2 2 2 983
85 63 2 4 25 983
85 64 2 3 22 983
85 66 2 3 25 983
85 69 2 5 10 983
85 70 2 4 13 983
85 72 2 4 6 983
85 73 2 1 5 983
85 76 2 3 7 983
85 77 2 1 7 983
85 78 2 5 16 983
85 80 2 4 11 983
85 82 2 3 20 983
85 83 2 3 19 983
85 84 2 4 13 983
85 88 2 4 24 983
85 90 2 2 15 983
85 91 2 1 4 983
85 95 2 2 19 983
85 97 2 3 8 983
86 0 3 1 11 714
86 2 3 2 25 714
86 4 3 1 3 714
86 6 3 2 2 714
86 9 3 2 22 714
86 10 3 1 10 714
86 13 3 2 10 714
86 14 3 5 1 714
86 15 3 3 6 714
86 17 3 1 4 714
86 18 3 1 14 714
86 19 3 2 17 714
86 20 3 5 19 714
86 24 3 3 24 714
86 26 3 4 10 714
86 27 3 3 12 714
86 29 3 1 8 714
86 36 3 1 1 714
86 37 3 3 7 714
86 45 3 4 8 714
86 47 3 1 24 714
86 50 3 2 2 714
86 54 3 4 15 714
86 56 3 1 21 714
86 60 3 1 10 714
86 61 3 3 20 714
86 64 3 3 13 714
86 66 3 3 25 714
86 69 3 5 4 714
86 70 3 4 6 714
86 71 3 1 4 714
86 76 3 3 11 714
86 79 3 4 12 714
86 89 3 3 1 714
86 90 3 2 18 714
86 91 3 1 9 714
86 92 3 4 6 714
86 94 3 3 13 714
86 95 3 2 4 714
86 96 3 3 19 714
86 99 3 5 2 714
87 0 3 1 20 620
87 1 3 3 1 620
87 3 3 2 7 620
87 5 3 1 20 620
87 6 3 2 6 620
87 7 3 5 20 620
87 8 3 4 14 620
87 9 3 2 4 620
87 10 3 1 7 620
87 13 3 2 2 620
87 14 3 5 4 620
87 15 3 3 5 620
87 17 3 1 10 620
87 20 3 5 5 620
87 23 3 1 21 620
87 28 3 5 5 620
87 29 3 1 19 620
87 31 3 3 20 620
87 33 3 3 1 620
87 36 3 1 18 620
87 37 3 3 5 620
87 39 3 4 17 620
87 41 3 1 12 620
87 44 3 5 1 620
87 45 3 4 10 620
87 46 3 5 21 620
87 47 3 1 3 620
87 49 3 1 15 620
87 52 3 3 14 620
87 54 3 4 9 620
87 56 3 1 20 620
87 58 3 3 24 620
87 60 3 1 5 620
87 61 3 3 12 620
87 64 3 3 24 620
87 66 3 3 16 620
87 70 3 4 11 620
87 71 3 1 10 620
87 72 3 4 17 620
87 74 3 5 23 620
87 75 3 4 4 620
87 77 3 1 4 620
87 78 3 5 6 620
87 80 3 4 20 620
87 83 3 3 23 620
87 88 3 4 4 620
87 89 3 3 7 620
87 91 3 1 21 620
87 96 3 3 3 620
87 98 3 1 13 620
87 99 3 5 18 620
88 0 4 1 1 528
88 8 4 4 5 528
88 13 4 2 18 528
88 14 4 5 7 528
88 19 4 2 3 528
88 20 4 5 7 528
88 23 4 1 14 528
88 27 4 3 10 528
88 29 4 1 17 528
88 32 4 5 5 528
88 34 4 2 19 528
88 35 4 5 25 528
88 36 4 1 16 528
88 38 4 3 25 528
88 39 4 4 13 528
88 41 4 1 12 528
88 42 4 2 20 528
88 44 4 5 7 528
88 45 4 4 20 528
88 52 4 3 14 528
88 54 4 4 23 528
88 57 4 5 1 528
88 58 4 3 19 528
88 60 4 1 2 528
88 63 4 4 7 528
88 65 4 1 2 528
88 68 4 2 1 528
88 72 4 4 8 528
88 73 4 1 12 528
88 76 4 3 24 528
88 77 4 1 7 528
88 78 4 5 9 528
88 81 4 4 21 528
88 84 4 4 20 528
88 85 4 2 24 528
88 87 4 3 4 528
88 89 4 3 25 528
88 92 4 4 3 528
88 94 4 3 24 528
88 96 4 3 14 528
88 98 4 1 25 528
88 99 4 5 1 528
89 0 3 1 4 349
89 1 3 3 15 349
89 3 3 2 9 349
89 4 3 1 5 349
89 5 3 1 24 349
89 7 3 5 24 349
89 10 3 1 17 349
89 15 3 3 13 349
89 16 3 2 22 349
89 17 3 1 8 349
89 18 3 1 10 349
89 20 3 5 11 349
89 21 3 5 21 349
89 23 3 1 4 349
89 25 3 5 19 349
89 26 3 4 23 349
89 27 3 3 17 349
89 28 3 5 14 349
89 29 3 1 17 349
89 34 3 2 14 349
89 38 3 3 7 349
89 40 3 4 14 349
89 42 3 2 8 349
89 43 3 3 4 349
89 47 3 1 6 349
89 48 3 4 24 349
89 50 3 2 17 349
89 52 3 3 7 349
89 56 3 1 17 349
89 57 3 5 9 349
89 58 3 3 7 349
89 63 3 4 6 349
89 65 3 1 17 349
89 67 3 1 9 349
89 68 3 2 6 349
89 69 3 5 20 349
89 70 3 4 17 349
89 71 3 1 10 349
89 73 3 1 8 349
89 74 3 5 4 349
89 75 3 4 15 349
89 77 3 1 24 349
89 79 3 4 6 349
89 81 3 4 18 349
89 82 3 3 16 349
89 83 3 3 11 349
89 86 3 3 1 349
89 87 3 3 7 349
89 88 3 4 25 349
89 94 3 3 10 349
89 95 3 2 17 349
89 97 3 3 23 349
90 0 2 1 25 787
90 3 2 2 25 787
90 5 2 1 5 787
90 6 2 2 4 787
90 17 2 1 6 787
90 21 2 5 7 787
90 24 2 3 2 787
90 25 2 5 21 787
90 27 2 3 19 787
90 28 2 5 10 787
90 32 2 5 15 787
90 35 2 5 1 787
90 36 2 1 2 787
90 42 2 2 22 787
90 45 2 4 5 787
90 46 2 5 14 787
90 50 2 2 11 787
90 52 2 3 3 787
90 55 2 2 15 787
90 57 2 5 21 787
90 58 2 3 18 787
90 61 2 3 21 787
90 62 2 2 18 787
90 67 2 1 22 787
90 68 2 2 3 787
90 69 2 5 6 787
90 70 2 4 12 787
90 73 2 1 17 787
90 75 2 4 14 787
90 76 2 3 9 787
90 78 2 5 2 787
90 80 2 4 12 787
90 81 2 4 7 787
90 84 2 4 1 787
90 85 2 2 15 787
90 86 2 3 18 787
90 94 2 3 15 787
90 95 2 2 3 787
90 97 2 3 24 787
91 2 1 2 25 201
91 4 1 1 10 201
91 5 1 1 1 201
91 6 1 2 20 201
91 8 1 4 13 201
91 9 1 2 15 201
91 11 1 3 24 201
91 12 1 5 24 201
91 14 1 5 25 201
91 15 1 3 25 201
91 16 1 2 3 201
91 24 1 3 24 201
91 27 1 3 24 201
91 28 1 5 23 201
91 29 1 1 1 201
91 30 1 4 18 201
91 35 1 5 16 201
91 37 1 3 13 201
91 39 1 4 24 201
91 41 1 1 1 201
91 42 1 2 20 201
91 43 1 3 8 201
91 45 1 4 25 201
91 47 1 1 23 201
91 48 1 4 3 201
91 50 1 2 3 201
91 51 1 5 4 201
91 55 1 2 19 201
91 57 1 5 12 201
91 58 1 3 23 201
91 60 1 1 20 201
91 61 1 3 11 201
91 62 1 2 2 201
91 68 1 2 3 201
91 69 1 5 5 201
91 72 1 4 15 201
91 74 1 5 25 201
91 80 1 4 7 201
91 82 1 3 22 201
91 85 1 2 4 201
91 86 1 3 9 201
91 87 1 3 21 201
91 98 1 1 1 201
92 3 4 2 9 444
92 5 4 1 3 444
92 6 4 2 17 444
92 8 4 4 13 444
92 9 4 2 5 444
92 12 4 5 16 444
92 13 4 2 11 444
92 15 4 3 10 444
92 17 4 1 11 444
92 21 4 5 18 444
92 24 4 3 15 444
92 25 4 5 3 444
92 27 4 3 1 444
92 28 4 5 8 444
92 29 4 1 22 444
92 34 4 2 22 444
92 36 4 1 8 444
92 38 4 3 5 444
92 40 4 4 16 444
92 42 4 2 25 444
92 44 4 5 5 444
92 46 4 5 23 444
92 47 4 1 10 444
92 52 4 3 21 444
92 53 4 5 8 444
92 55 4 2 20 444
92 56 4 1 22 444
92 57 4 5 14 444
92 59 4 1 11 444
92 60 4 1 15 444
92 62 4 2 16 444
92 63 4 4 9 444
92 65 4 1 14 444
92 67 4 1 22 444
92 69 4 5 24 444
92 71 4 1 22 444
92 72 4 4 6 444
92 73 4 1 6 444
92 74 4 5 15 444
92 75 4 4 3 444
92 76 4 3 14 444
92 78 4 5 21 444
92 79 4 4 15 444
92 82 4 3 17 444
92 83 4 3 18 444
92 84 4 4 12 444
92 86 4 3 6 444
92 88 4 4 3 444
92 93 4 5 21 444
92 94 4 3 10 444
92 95 4 2 23 444
92 96 4 3 24 444
92 98 4 1 3 444
92 99 4 5 12 444
93 1 5 3 3 766
93 2 5 2 1 766
93 3 5 2 4 766
93 5 5 1 10 766
93 8 5 4 5 766
93 10 5 1 4 766
93 12 5 5 19 766
93 14 5 5 9 766
93 15 5 3 7 766
93 16 5 2 7 766
93 19 5 2 21 766
93 21 5 5 15 766
93 22 5 3 13 766
93 24 5 3 7 766
93 25 5 5 25 766
93 27 5 3 1 766
93 28 5 5 14 766
93 29 5 1 1 766
93 34 5 2 23 766
93 37 5 3 24 766
93 40 5 4 16 766
93 41 5 1 6 766
93 43 5 3 15 766
93 45 5 4 9 766
93 46 5 5 4 766
93 48 5 4 21 766
93 49 5 1 25 766
93 51 5 5 20 766
93 52 5 3 1 766
93 54 5 4 2 766
93 55 5 2 17 766
93 60 5 1 25 766
93 63 5 4 11 766
93 67 5 1 18 766
93 68 5 2 19 766
93 71 5 1 14 766
93 72 5 4 16 766
93 76 5 3 16 766
93 79 5 4 16 766
93 81 5 4 11 766
93 83 5 3 20 766
93 92 5 4 21 766
93 95 5 2 5 766
93 96 5 3 6 766
93 97 5 3 10 766
93 98 5 1 17 766
94 2 3 2 2 639
94 8 3 4 11 639
94 11 3 3 6 639
94 12 3 5 5 639
94 13 3 2 19 639
94 17 3 1 16 639
94 19 3 2 12 639
94 22 3 3 5 639
94 27 3 3 13 639
94 28 3 5 19 639
94 31 3 3 9 639
94 36 3 1 6 639
94 37 3 3 6 639
94 44 3 5 2 639
94 46 3 5 10 639
94 48 3 4 9 639
94 49 3 1 13 639
94 53 3 5 25 639
94 54 3 4 15 639
94 55 3 2 13 639
94 56 3 1 11 639
94 57 3 5 4 639
94 58 3 3 17 639
94 60 3 1 18 639
94 62 3 2 13 639
94 65 3 1 25 639
94 66 3 3 4 639
94 67 3 1 6 639
94 68 3 2 21 639
94 69 3 5 2 639
94 70 3 4 9 639
94 71 3 1 4 639
94 72 3 4 12 639
94 73 3 1 18 639
94 75 3 4 5 639
94 76 3 3 3 639
94 81 3 4 14 639
94 82 3 3 22 639
94 83 3 3 11 639
94 84 3 4 25 639
94 86 3 3 13 639
94 88 3 4 24 639
94 89 3 3 10 639
94 90 3 2 15 639
94 92 3 4 10 639
94 95 3 2 18 639
95 1 2 3 21 846
95 2 2 2 19 846
95 7 2 5 6 846
95 9 2 2 9 846
95 10 2 1 9 846
95 13 2 2 18 846
95 15 2 3 21 846
95 16 2 2 21 846
95 20 2 5 17 846
95 22 2 3 7 846
95 23 2 1 3 846
95 25 2 5 21 846
95 26 2 4 21 846
95 27 2 3 20 846
95 29 2 1 7 846
95 32 2 5 25 846
95 33 2 3 8 846
95 34 2 2 18 846
95 35 2 5 16 846
95 36 2 1 8 846
95 37 2 3 13 846
95 38 2 3 19 846
95 40 2 4 6 846
95 43 2 3 3 846
95 44 2 5 19 846
95 48 2 4 9 846
95 52 2 3 25 846
95 53 2 5 18 846
95 54 2 4 19 846
95 55 2 2 22 846
95 56 2 1 5 846
95 60 2 1 12 846
95 63 2 4 1 846
95 64 2 3 3 846
95 65 2 1 16 846
95 66 2 3 18 846
95 72 2 4 7 846
95 76 2 3 9 846
95 78 2 5 1 846
95 80 2 4 1 846
95 81 2 4 2 846
95 82 2 3 21 846
95 85 2 2 19 846
95 86 2 3 4 846
95 89 2 3 17 846
95 90 2 2 3 846
95 92 2 4 23 846
95 93 2 5 5 846
95 94 2 3 18 846
95 98 2 1 7 846
96 4 3 1 7 557
96 6 3 2 17 557
96 12 3 5 13 557
96 16 3 2 13 557
96 20 3 5 12 557
96 21 3 5 23 557
96 22 3 3 5 557
96 23 3 1 1 557
96 28 3 5 19 557
96 29 3 1 2 557
96 33 3 3 19 557
96 35 3 5 7 557
96 36 3 1 15 557
96 37 3 3 21 557
96 39 3 4 11 557
96 40 3 4 16 557
96 43 3 3 23 557
96 44 3 5 11 557
96 45 3 4 18 557
96 46 3 5 2 557
96 49 3 1 10 557
96 50 3 2 17 557
96 52 3 3 9 557
96 55 3 2 15 557
96 59 3 1 15 557
96 63 3 4 12 557
96 65 3 1 7 557
96 67 3 1 22 557
96 69 3 5 19 557
96 70 3 4 25 557
96 71 3 1 14 557
96 73 3 1 17 557
96 75 3 4 13 557
96 79 3 4 23 557
96 80 3 4 16 557
96 82 3 3 23 557
96 83 3 3 19 557
96 84 3 4 1 557
96 86 3 3 19 557
96 87 3 3 3 557
96 88 3 4 14 557
96 92 3 4 24 557
96 93 3 5 6 557
96 97 3 3 22 557
96 99 3 5 23 557
97 1 3 3 1 92
97 5 3 1 17 92
97 6 3 2 2 92
97 7 3 5 4 92
97 9 3 2 18 92
97 11 3 3 19 92
97 14 3 5 4 92
97 15 3 3 9 92
97 18 3 1 14 92
97 19 3 2 15 92
97 20 3 5 22 92
97 22 3 3 12 92
97 27 3 3 6 92
97 29 3 1 16 92
97 30 3 4 7 92
97 33 3 3 15 92
97 35 3 5 9 92
97 36 3 1 1 92
97 38 3 3 23 92
97 40 3 4 22 92
97 42 3 2 21 92
97 45 3 4 20 92
97 47 3 1 13 92
97 49 3 1 5 92
97 52 3 3 7 92
97 53 3 5 12 92
97 54 3 4 2 92
97 55 3 2 24 92
97 58 3 3 4 92
97 61 3 3 21 92
97 62 3 2 4 92
97 63 3 4 6 92
97 67 3 1 16 92
97 68 3 2 15 92
97 70 3 4 17 92
97 73 3 1 5 92
97 74 3 5 13 92
97 77 3 1 18 92
97 79 3 4 18 92
97 80 3 4 16 92
97 81 3 4 14 92
97 82 3 3 10 92
97 83 3 3 3 92
97 85 3 2 8 92
97 89 3 3 23 92
97 90 3 2 24 92
97 93 3 5 10 92
97 96 3 3 22 92
97 99 3 5 3 92
98 0 1 1 25 802
98 1 1 3 2 802
98 2 1 2 21 802
98 3 1 2 4 802
98 4 1 1 12 802
98 5 1 1 24 802
98 6 1 2 14 802
98 10 1 1 22 802
98 11 1 3 25 802
98 12 1 5 4 802
98 15 1 3 22 802
98 16 1 2 7 802
98 20 1 5 16 802
98 22 1 3 24 802
98 24 1 3 24 802
98 25 1 5 6 802
98 27 1 3 17 802
98 31 1 3 5 802
98 34 1 2 25 802
98 35 1 5 13 802
98 39 1 4 10 802
98 48 1 4 22 802
98 52 1 3 1 802
98 53 1 5 17 802
98 55 1 2 24 802
98 56 1 1 9 802
98 57 1 5 22 802
98 58 1 3 17 802
98 60 1 1 15 802
98 63 1 4 10 802
98 65 1 1 22 802
98 66 1 3 24 802
98 67 1 1 9 802
98 69 1 5 5 802
98 71 1 1 22 802
98 73 1 1 23 802
98 76 1 3 16 802
98 77 1 1 8 802
98 81 1 4 4 802
98 87 1 3 13 802
98 88 1 4 25 802
98 91 1 1 1 802
98 92 1 4 3 802
98 93 1 5 17 802
98 95 1 2 7 802
98 99 1 5 19 802
99 0 5 1 14 131
99 1 5 3 17 131
99 8 5 4 20 131
99 10 5 1 2 131
99 11 5 3 18 131
99 12 5 5 15 131
99 17 5 1 2 131
99 20 5 5 10 131
99 21 5 5 3 131
99 22 5 3 10 131
99 23 5 1 22 131
99 26 5 4 23 131
99 27 5 3 20 131
99 30 5 4 14 131
99 31 5 3 8 131
99 32 5 5 15 131
99 33 5 3 6 131
99 34 5 2 18 131
99 35 5 5 12 131
99 37 5 3 17 131
99 39 5 4 24 131
99 41 5 1 21 131
99 42 5 2 1 131
99 44 5 5 4 131
99 50 5 2 24 131
99 51 5 5 25 131
99 54 5 4 23 131
99 56 5 1 12 131
99 59 5 1 4 131
99 61 5 3 15 131
99 62 5 2 4 131
99 63 5 4 21 131
99 65 5 1 2 131
99 66 5 3 4 131
99 69 5 5 16 131
99 75 5 4 18 131
99 77 5 1 11 131
99 81 5 4 15 131
99 83 5 3 17 131
99 84 5 4 14 131
99 86 5 3 2 131
99 87 5 3 18 131
99 88 5 4 1 131
99 92 5 4 12 131
99 96 5 3 23 131
99 97 5 3 3 131
99 98 5 1 19 131
