capacity  cost_by_node
nb_functions 10
25 100 69 47 59 44 63 96 70 78 93 92 40 38 25 73 81 99 87 15 46 19 54 61 56 86 
25 60 55 83 46 54 67 91 48 23 70 69 86 52 34 39 61 84 28 29 29 30 10 91 44 16 
19 51 90 61 90 44 64 43 68 65 72 28 70 74 92 87 90 39 35 85 16 44 22 55 15 19 
14 42 23 76 74 51 93 66 71 27 92 36 16 43 67 10 86 49 22 15 32 82 14 97 85 85 
15 22 27 71 29 16 39 82 71 73 22 23 68 71 21 12 61 44 18 18 89 58 44 46 45 85 
26 100 15 85 96 97 92 88 28 91 17 52 90 63 70 98 93 54 11 56 71 77 56 34 90 81 
19 56 71 23 20 59 25 59 83 30 69 58 42 66 93 93 42 20 48 76 88 58 59 52 37 99 
22 11 23 83 89 88 50 26 49 37 82 64 59 12 10 98 18 32 86 61 59 59 54 34 40 32 
23 13 70 79 74 53 48 89 40 73 22 43 69 82 75 27 78 72 18 81 59 14 10 93 28 15 
21 55 34 86 22 57 14 60 77 76 69 46 54 21 94 47 19 16 84 26 15 53 98 54 17 46 
