capacity  cost_by_node
nb_functions 8
13 61 48 40 66 34 39 60 11 75 76 22 59 44 18 92 78 93 46 92 67 70 38 74 35 48 91 50 70 99 41 81 20 17 31 67 99 85 32 93 46 17 30 95 82 51 69 67 90 87 42 35 70 72 83 89 17 56 74 23 33 20 76 16 43 39 18 13 55 18 42 59 77 91 12 97 61 14 76 50 79 65 31 80 34 59 44 54 76 54 93 66 19 63 23 68 23 35 22 68 18 
19 64 20 71 44 90 39 34 42 57 26 26 96 30 93 39 74 55 70 69 18 44 40 49 40 18 71 56 44 23 18 85 84 86 31 57 71 17 16 15 17 81 57 88 70 38 53 17 63 13 86 54 14 30 81 54 97 74 12 79 66 33 83 34 57 87 78 94 53 81 73 73 32 94 62 66 80 24 23 80 37 55 97 12 19 35 26 76 19 25 32 30 92 92 87 84 66 48 13 27 43 
17 58 15 71 66 85 49 49 64 47 54 53 32 38 92 63 39 48 79 85 39 72 21 10 50 61 45 12 42 13 71 19 27 76 32 63 62 36 28 18 51 10 46 74 73 79 72 33 11 72 18 49 46 14 25 14 32 53 16 21 67 14 63 32 34 96 17 78 28 79 58 76 97 44 46 27 90 65 33 74 68 26 60 73 72 78 74 20 63 12 33 95 79 51 11 12 45 24 78 25 77 
21 55 79 27 70 76 95 20 43 80 59 60 74 83 83 82 58 33 46 29 84 96 76 44 16 43 80 55 80 97 22 29 80 40 61 79 87 24 13 55 97 38 76 46 90 83 17 10 11 56 21 66 10 22 77 83 42 34 17 40 99 84 57 96 62 58 20 90 16 37 88 92 52 44 16 94 82 42 44 60 29 54 66 86 50 66 15 67 97 59 69 34 39 58 77 93 53 14 96 95 27 
15 97 30 50 55 23 93 48 49 16 62 39 75 41 88 68 92 48 64 38 90 97 29 52 73 41 39 15 69 39 26 72 42 48 10 73 94 21 70 25 48 11 47 76 81 87 42 69 94 89 81 76 97 83 37 40 97 82 74 49 29 99 83 75 55 81 34 69 15 89 40 66 52 54 22 43 80 86 91 96 95 93 77 36 80 58 17 82 14 35 95 68 85 40 66 16 81 75 85 88 89 
21 83 53 32 73 80 62 35 70 37 87 45 36 80 40 37 70 12 14 37 17 51 65 88 70 49 97 34 63 33 80 38 85 34 55 27 22 78 79 66 66 50 44 100 21 83 45 24 68 61 24 44 41 23 75 10 94 54 89 93 100 18 24 10 52 28 13 70 28 27 65 73 47 80 84 64 53 81 18 60 93 37 11 94 54 55 39 26 50 16 87 69 52 14 73 48 27 74 57 72 29 
19 72 56 84 80 81 78 85 37 81 29 29 59 17 25 65 93 39 64 14 14 72 75 96 33 81 62 44 16 49 91 95 73 46 87 75 74 15 50 59 94 91 78 87 59 42 72 57 65 73 82 14 35 61 72 15 60 14 73 64 18 81 83 46 66 65 55 96 48 88 95 57 16 20 73 31 73 82 66 48 23 68 64 78 39 35 44 18 14 44 17 32 18 89 45 87 47 81 34 13 36 
21 46 85 81 16 33 11 23 14 48 27 21 87 25 62 20 45 38 94 41 11 33 15 89 100 84 43 85 91 89 46 80 51 63 59 79 47 44 12 71 25 100 89 84 30 80 88 41 46 51 62 68 44 23 34 18 77 87 98 16 70 70 74 31 82 11 57 18 47 83 76 91 11 49 67 40 13 64 33 26 61 63 70 83 23 34 18 18 64 71 48 78 39 51 32 76 63 41 35 90 37 
