capacity  cost_by_node
nb_functions 10
27 63 81 37 46 62 39 97 19 60 26 18 91 60 49 63 45 100 52 67 72 73 29 80 39 87 45 15 94 19 98 49 95 76 92 39 94 37 90 48 20 91 16 36 14 73 64 86 88 51 18 23 17 22 86 12 97 32 85 84 29 78 83 77 81 22 63 33 60 13 48 32 84 32 51 93 29 46 27 81 95 87 39 32 100 42 80 13 10 36 35 68 56 73 87 84 89 60 63 18 92 
23 61 47 62 28 10 70 52 46 29 15 91 90 47 75 55 57 45 31 100 54 73 85 17 98 30 49 56 19 73 58 99 14 97 100 99 56 52 26 98 71 78 79 59 35 94 33 65 39 37 66 36 34 78 91 47 100 58 54 97 49 34 54 55 75 75 13 84 83 52 12 82 47 72 47 52 87 49 13 34 99 65 97 31 93 44 58 96 22 98 31 39 16 46 60 60 36 24 97 82 84 
23 82 18 64 16 19 99 46 58 74 46 41 87 70 47 83 50 91 31 98 97 94 56 29 50 46 90 94 92 14 27 55 33 33 91 99 80 71 25 70 98 33 59 26 18 57 55 69 100 18 13 44 36 29 74 55 27 35 13 44 52 40 27 92 16 91 35 68 27 85 61 65 23 76 37 34 22 28 35 70 54 11 79 66 70 97 13 20 89 51 46 49 21 79 75 71 90 91 91 36 30 
38 38 76 90 75 97 80 91 12 90 66 84 55 86 74 65 99 58 96 84 30 52 13 62 29 78 79 96 34 80 52 59 12 55 65 57 86 91 81 17 71 17 62 62 43 66 69 72 34 96 85 87 97 87 44 98 75 92 65 98 33 13 15 40 74 83 62 20 50 76 44 80 59 84 23 35 92 89 87 64 38 53 39 15 95 28 76 91 14 90 24 48 12 55 11 40 68 33 95 72 37 
21 66 42 68 36 42 19 21 24 37 70 21 92 97 13 66 94 56 76 37 86 39 17 63 92 35 85 54 56 20 78 36 23 51 93 56 37 63 77 35 30 39 77 67 82 25 74 71 86 17 31 56 10 34 11 14 74 42 70 34 22 57 25 46 95 26 45 14 82 41 30 84 46 43 94 85 49 26 44 26 15 60 80 60 80 92 36 43 35 45 18 36 55 20 18 11 66 97 91 41 86 
35 79 94 42 19 93 32 42 13 74 22 62 28 74 94 42 42 96 90 57 10 30 69 39 54 45 14 76 72 35 100 66 43 79 94 86 80 33 82 80 46 26 22 20 38 16 94 31 97 51 86 37 61 73 57 91 15 39 39 15 39 59 85 16 73 38 71 74 43 99 33 59 98 95 59 17 11 68 12 39 36 48 15 93 92 78 96 49 48 43 82 13 90 82 82 75 26 31 20 47 62 
35 13 65 20 89 74 95 36 35 79 26 78 52 75 60 88 24 10 73 69 63 61 67 80 45 84 18 69 36 57 73 22 63 68 41 78 45 74 32 47 47 28 53 62 52 65 46 38 53 81 100 85 22 23 44 16 45 79 87 69 49 97 86 15 59 32 88 30 99 87 14 90 19 92 18 100 61 50 47 74 35 42 51 41 45 47 19 87 36 47 61 28 14 100 88 89 41 92 22 37 86 
33 64 21 75 90 24 86 16 62 91 57 40 95 98 61 88 32 19 95 66 36 77 76 38 92 13 29 40 47 51 68 26 81 25 34 52 91 95 38 16 81 51 27 93 42 83 34 58 91 20 62 36 52 22 40 98 67 10 69 39 45 38 37 18 33 32 21 72 75 40 71 96 49 65 16 38 61 75 52 34 35 74 14 40 38 84 32 77 65 87 45 56 78 14 53 39 100 98 78 75 50 
28 99 96 61 64 43 62 10 16 71 19 17 68 36 71 35 10 82 45 46 56 10 79 41 100 51 79 92 65 78 46 88 71 12 12 53 80 68 12 75 89 41 97 29 61 48 61 72 71 65 52 91 75 76 35 62 77 55 26 11 83 20 38 55 48 66 45 71 29 31 62 56 50 37 75 15 47 59 84 25 32 18 35 71 97 83 62 90 73 39 93 62 49 15 19 73 23 85 81 99 98 
30 12 98 83 10 75 10 10 82 14 22 58 65 13 45 83 97 44 18 26 70 15 97 95 97 88 26 22 46 51 12 72 93 25 49 40 14 65 51 87 73 54 51 68 38 81 83 87 88 31 51 97 65 63 53 82 40 28 57 13 55 30 81 53 80 96 12 21 73 100 91 93 41 50 60 100 43 67 85 58 56 66 83 16 25 97 77 12 23 73 44 26 61 64 26 96 19 65 71 20 76 
