capacity  cost_by_node
nb_functions 10
12 50 72 66 14 83 24 85 83 18 69 88 87 96 64 35 35 57 16 72 94 76 84 99 28 91 54 57 69 20 72 85 34 29 46 100 37 29 47 43 99 95 93 78 38 20 25 71 50 70 81 
8 67 97 27 34 97 58 78 67 69 76 94 53 65 20 84 51 68 75 46 28 100 88 40 34 80 11 25 30 96 100 46 90 33 46 81 47 97 66 49 82 46 50 28 17 54 37 81 99 35 72 
11 16 77 68 67 60 29 13 98 35 60 56 60 43 49 30 89 73 85 22 15 22 70 79 37 34 17 45 37 15 35 96 18 60 97 65 93 60 18 46 54 85 58 83 66 51 48 43 31 73 76 
11 43 36 16 42 24 70 60 57 62 77 34 58 77 24 65 13 47 13 91 63 28 13 30 80 99 41 29 80 53 99 72 52 94 41 53 46 25 50 95 16 13 70 54 12 57 94 55 50 37 29 
6 52 93 77 83 64 70 17 44 97 30 68 50 27 74 59 28 20 30 81 13 66 58 69 85 63 41 39 28 91 40 17 53 44 76 91 67 56 99 56 26 65 58 26 22 14 79 34 49 77 85 
12 90 85 82 68 62 44 94 89 86 84 89 63 20 79 78 42 98 49 79 55 35 84 43 46 36 50 68 70 54 91 13 94 36 19 77 64 38 77 58 28 79 55 100 29 17 32 60 16 96 11 
8 77 85 87 82 41 15 19 15 25 89 93 26 11 65 100 44 19 82 28 51 66 21 50 40 59 82 95 53 91 15 15 74 94 19 37 31 42 36 68 95 76 75 83 47 73 72 49 12 55 21 
12 17 64 17 74 72 24 53 93 54 89 28 43 19 32 94 42 74 88 59 93 82 45 27 23 11 22 44 18 24 92 81 35 83 63 39 19 68 82 78 76 18 34 43 47 21 91 54 75 79 64 
9 68 77 100 24 92 82 80 71 72 68 51 81 44 86 54 88 94 11 66 55 98 75 53 90 68 74 63 54 97 88 12 80 29 53 60 12 78 50 45 85 17 13 13 83 82 72 62 39 95 98 
6 19 47 55 91 26 79 46 31 72 56 43 37 41 51 61 24 50 30 31 36 50 89 76 33 49 28 52 64 50 47 16 18 51 92 70 64 24 80 54 43 32 78 17 38 32 21 12 60 49 80 
