Node_1 Node_2 Capacity_node1 Capacity_node2 Latency_arc node_cost
nb_nodes 100
nb_arcs 5026
0 4 4 5 17 867
0 7 4 3 11 867
0 11 4 6 21 867
0 12 4 1 16 867
0 14 4 1 12 867
0 15 4 3 1 867
0 16 4 3 13 867
0 17 4 6 2 867
0 18 4 1 4 867
0 19 4 4 3 867
0 21 4 5 23 867
0 24 4 3 25 867
0 26 4 4 2 867
0 28 4 5 10 867
0 29 4 6 23 867
0 31 4 2 17 867
0 33 4 4 11 867
0 34 4 1 18 867
0 36 4 5 3 867
0 37 4 3 7 867
0 39 4 5 4 867
0 43 4 1 23 867
0 44 4 2 7 867
0 45 4 3 20 867
0 46 4 2 3 867
0 48 4 1 11 867
0 57 4 6 9 867
0 62 4 6 6 867
0 63 4 5 5 867
0 64 4 5 7 867
0 65 4 3 5 867
0 67 4 1 1 867
0 68 4 1 17 867
0 71 4 2 11 867
0 73 4 4 10 867
0 75 4 3 14 867
0 76 4 3 3 867
0 78 4 4 15 867
0 80 4 6 11 867
0 82 4 3 25 867
0 84 4 3 20 867
0 85 4 2 19 867
0 90 4 4 2 867
0 91 4 5 22 867
0 92 4 2 22 867
0 93 4 2 14 867
0 97 4 6 23 867
0 99 4 4 20 867
1 2 2 1 22 947
1 3 2 2 8 947
1 4 2 5 11 947
1 5 2 6 10 947
1 7 2 3 8 947
1 8 2 3 16 947
1 11 2 6 2 947
1 12 2 1 1 947
1 13 2 4 17 947
1 14 2 1 22 947
1 19 2 4 20 947
1 21 2 5 8 947
1 22 2 4 4 947
1 26 2 4 7 947
1 28 2 5 5 947
1 29 2 6 13 947
1 30 2 6 8 947
1 31 2 2 21 947
1 32 2 1 10 947
1 33 2 4 9 947
1 35 2 1 9 947
1 36 2 5 9 947
1 38 2 4 15 947
1 40 2 1 18 947
1 43 2 1 7 947
1 44 2 2 9 947
1 47 2 5 3 947
1 51 2 4 19 947
1 52 2 3 15 947
1 55 2 5 11 947
1 57 2 6 5 947
1 60 2 6 6 947
1 62 2 6 5 947
1 63 2 5 22 947
1 64 2 5 18 947
1 67 2 1 25 947
1 68 2 1 22 947
1 72 2 6 18 947
1 73 2 4 21 947
1 75 2 3 17 947
1 76 2 3 18 947
1 77 2 5 19 947
1 78 2 4 9 947
1 79 2 5 12 947
1 80 2 6 20 947
1 82 2 3 10 947
1 83 2 4 25 947
1 87 2 5 13 947
1 89 2 6 3 947
1 90 2 4 17 947
1 91 2 5 4 947
1 92 2 2 25 947
1 95 2 4 10 947
1 97 2 6 6 947
2 1 1 2 22 144
2 5 1 6 15 144
2 6 1 3 4 144
2 10 1 5 11 144
2 12 1 1 18 144
2 14 1 1 24 144
2 16 1 3 25 144
2 17 1 6 2 144
2 20 1 4 8 144
2 21 1 5 13 144
2 24 1 3 5 144
2 27 1 1 24 144
2 28 1 5 8 144
2 35 1 1 23 144
2 36 1 5 25 144
2 37 1 3 23 144
2 38 1 4 8 144
2 39 1 5 23 144
2 40 1 1 16 144
2 41 1 6 12 144
2 42 1 1 15 144
2 47 1 5 23 144
2 48 1 1 20 144
2 49 1 1 10 144
2 50 1 3 22 144
2 58 1 2 4 144
2 60 1 6 19 144
2 67 1 1 25 144
2 70 1 6 4 144
2 71 1 2 19 144
2 72 1 6 14 144
2 73 1 4 10 144
2 74 1 1 14 144
2 77 1 5 11 144
2 78 1 4 7 144
2 80 1 6 21 144
2 81 1 2 22 144
2 82 1 3 6 144
2 83 1 4 4 144
2 84 1 3 14 144
2 85 1 2 6 144
2 87 1 5 7 144
2 88 1 3 11 144
2 90 1 4 7 144
2 91 1 5 21 144
2 92 1 2 2 144
3 1 2 2 8 757
3 7 2 3 9 757
3 8 2 3 21 757
3 10 2 5 14 757
3 11 2 6 22 757
3 12 2 1 9 757
3 13 2 4 15 757
3 16 2 3 5 757
3 18 2 1 14 757
3 24 2 3 2 757
3 27 2 1 20 757
3 28 2 5 3 757
3 30 2 6 21 757
3 31 2 2 21 757
3 32 2 1 5 757
3 35 2 1 10 757
3 39 2 5 12 757
3 40 2 1 17 757
3 41 2 6 22 757
3 42 2 1 21 757
3 43 2 1 24 757
3 44 2 2 9 757
3 45 2 3 23 757
3 49 2 1 18 757
3 50 2 3 25 757
3 51 2 4 11 757
3 52 2 3 19 757
3 54 2 3 11 757
3 55 2 5 24 757
3 56 2 4 11 757
3 58 2 2 17 757
3 59 2 5 11 757
3 61 2 6 4 757
3 64 2 5 25 757
3 65 2 3 6 757
3 67 2 1 4 757
3 68 2 1 14 757
3 74 2 1 23 757
3 78 2 4 24 757
3 80 2 6 24 757
3 82 2 3 19 757
3 83 2 4 19 757
3 84 2 3 13 757
3 91 2 5 9 757
3 92 2 2 24 757
3 94 2 3 25 757
3 95 2 4 19 757
3 96 2 4 25 757
3 98 2 4 7 757
3 99 2 4 4 757
4 0 5 4 17 674
4 1 5 2 11 674
4 5 5 6 12 674
4 7 5 3 20 674
4 8 5 3 11 674
4 9 5 2 13 674
4 12 5 1 4 674
4 13 5 4 17 674
4 15 5 3 11 674
4 17 5 6 15 674
4 18 5 1 13 674
4 21 5 5 11 674
4 23 5 3 25 674
4 25 5 3 5 674
4 27 5 1 19 674
4 28 5 5 5 674
4 29 5 6 10 674
4 30 5 6 9 674
4 32 5 1 23 674
4 33 5 4 23 674
4 34 5 1 5 674
4 40 5 1 7 674
4 42 5 1 2 674
4 45 5 3 1 674
4 59 5 5 17 674
4 60 5 6 18 674
4 61 5 6 14 674
4 62 5 6 16 674
4 64 5 5 22 674
4 66 5 5 10 674
4 68 5 1 3 674
4 71 5 2 1 674
4 72 5 6 23 674
4 73 5 4 10 674
4 74 5 1 21 674
4 75 5 3 20 674
4 76 5 3 3 674
4 78 5 4 25 674
4 79 5 5 16 674
4 80 5 6 3 674
4 81 5 2 19 674
4 82 5 3 15 674
4 83 5 4 21 674
4 84 5 3 20 674
4 85 5 2 22 674
4 89 5 6 24 674
4 90 5 4 2 674
4 92 5 2 13 674
4 95 5 4 10 674
4 96 5 4 8 674
4 98 5 4 18 674
4 99 5 4 25 674
5 1 6 2 10 427
5 2 6 1 15 427
5 4 6 5 12 427
5 7 6 3 14 427
5 8 6 3 9 427
5 13 6 4 6 427
5 14 6 1 13 427
5 16 6 3 3 427
5 18 6 1 18 427
5 19 6 4 19 427
5 21 6 5 24 427
5 23 6 3 19 427
5 26 6 4 9 427
5 27 6 1 14 427
5 30 6 6 23 427
5 31 6 2 24 427
5 32 6 1 10 427
5 33 6 4 5 427
5 34 6 1 16 427
5 36 6 5 5 427
5 39 6 5 15 427
5 42 6 1 22 427
5 43 6 1 9 427
5 44 6 2 23 427
5 49 6 1 21 427
5 50 6 3 9 427
5 51 6 4 3 427
5 55 6 5 14 427
5 58 6 2 24 427
5 62 6 6 4 427
5 63 6 5 25 427
5 68 6 1 24 427
5 70 6 6 4 427
5 72 6 6 7 427
5 77 6 5 25 427
5 78 6 4 14 427
5 83 6 4 24 427
5 85 6 2 16 427
5 87 6 5 8 427
5 88 6 3 19 427
5 90 6 4 5 427
5 94 6 3 4 427
5 99 6 4 5 427
6 2 3 1 4 391
6 10 3 5 8 391
6 16 3 3 17 391
6 20 3 4 21 391
6 21 3 5 7 391
6 22 3 4 1 391
6 23 3 3 6 391
6 24 3 3 17 391
6 26 3 4 19 391
6 27 3 1 1 391
6 30 3 6 14 391
6 31 3 2 12 391
6 32 3 1 23 391
6 33 3 4 15 391
6 34 3 1 21 391
6 35 3 1 14 391
6 36 3 5 1 391
6 37 3 3 1 391
6 38 3 4 25 391
6 39 3 5 5 391
6 40 3 1 18 391
6 42 3 1 24 391
6 43 3 1 2 391
6 46 3 2 17 391
6 49 3 1 20 391
6 52 3 3 4 391
6 55 3 5 5 391
6 56 3 4 16 391
6 57 3 6 8 391
6 58 3 2 5 391
6 59 3 5 4 391
6 60 3 6 12 391
6 61 3 6 4 391
6 63 3 5 5 391
6 64 3 5 13 391
6 67 3 1 1 391
6 70 3 6 18 391
6 72 3 6 20 391
6 73 3 4 20 391
6 75 3 3 4 391
6 77 3 5 15 391
6 78 3 4 4 391
6 79 3 5 14 391
6 83 3 4 22 391
6 84 3 3 3 391
6 85 3 2 15 391
6 86 3 3 13 391
6 87 3 5 13 391
6 93 3 2 8 391
6 94 3 3 17 391
6 95 3 4 19 391
6 96 3 4 10 391
6 97 3 6 9 391
6 99 3 4 15 391
7 0 3 4 11 411
7 1 3 2 8 411
7 3 3 2 9 411
7 4 3 5 20 411
7 5 3 6 14 411
7 12 3 1 22 411
7 13 3 4 21 411
7 14 3 1 10 411
7 16 3 3 3 411
7 18 3 1 16 411
7 19 3 4 24 411
7 22 3 4 11 411
7 23 3 3 5 411
7 24 3 3 7 411
7 28 3 5 5 411
7 32 3 1 11 411
7 35 3 1 20 411
7 36 3 5 6 411
7 38 3 4 11 411
7 41 3 6 21 411
7 44 3 2 6 411
7 48 3 1 5 411
7 50 3 3 17 411
7 51 3 4 11 411
7 52 3 3 21 411
7 54 3 3 20 411
7 56 3 4 25 411
7 57 3 6 5 411
7 58 3 2 2 411
7 60 3 6 10 411
7 61 3 6 3 411
7 64 3 5 5 411
7 66 3 5 20 411
7 69 3 3 8 411
7 70 3 6 12 411
7 71 3 2 14 411
7 73 3 4 2 411
7 74 3 1 24 411
7 75 3 3 20 411
7 76 3 3 13 411
7 78 3 4 18 411
7 79 3 5 25 411
7 81 3 2 18 411
7 83 3 4 5 411
7 86 3 3 25 411
7 90 3 4 15 411
7 95 3 4 5 411
7 96 3 4 21 411
7 97 3 6 9 411
7 98 3 4 8 411
8 1 3 2 16 738
8 3 3 2 21 738
8 4 3 5 11 738
8 5 3 6 9 738
8 10 3 5 19 738
8 11 3 6 17 738
8 14 3 1 7 738
8 15 3 3 10 738
8 18 3 1 22 738
8 20 3 4 8 738
8 25 3 3 4 738
8 30 3 6 3 738
8 32 3 1 13 738
8 35 3 1 1 738
8 40 3 1 7 738
8 42 3 1 22 738
8 43 3 1 9 738
8 44 3 2 17 738
8 45 3 3 3 738
8 46 3 2 7 738
8 47 3 5 19 738
8 49 3 1 6 738
8 50 3 3 24 738
8 51 3 4 15 738
8 52 3 3 23 738
8 54 3 3 10 738
8 55 3 5 14 738
8 59 3 5 12 738
8 60 3 6 22 738
8 62 3 6 11 738
8 64 3 5 7 738
8 67 3 1 5 738
8 68 3 1 10 738
8 69 3 3 6 738
8 70 3 6 16 738
8 72 3 6 8 738
8 74 3 1 16 738
8 77 3 5 23 738
8 78 3 4 25 738
8 80 3 6 13 738
8 81 3 2 17 738
8 86 3 3 14 738
8 90 3 4 23 738
8 94 3 3 3 738
8 97 3 6 25 738
8 99 3 4 16 738
9 4 2 5 13 230
9 10 2 5 4 230
9 11 2 6 6 230
9 12 2 1 4 230
9 15 2 3 16 230
9 18 2 1 17 230
9 20 2 4 20 230
9 21 2 5 2 230
9 24 2 3 2 230
9 26 2 4 19 230
9 28 2 5 3 230
9 29 2 6 19 230
9 30 2 6 2 230
9 34 2 1 3 230
9 38 2 4 10 230
9 39 2 5 18 230
9 40 2 1 18 230
9 41 2 6 4 230
9 43 2 1 8 230
9 44 2 2 6 230
9 45 2 3 17 230
9 46 2 2 7 230
9 47 2 5 4 230
9 49 2 1 14 230
9 52 2 3 12 230
9 55 2 5 20 230
9 58 2 2 14 230
9 59 2 5 7 230
9 62 2 6 20 230
9 63 2 5 15 230
9 65 2 3 7 230
9 66 2 5 7 230
9 68 2 1 3 230
9 71 2 2 6 230
9 72 2 6 17 230
9 74 2 1 10 230
9 75 2 3 20 230
9 77 2 5 17 230
9 79 2 5 3 230
9 80 2 6 18 230
9 81 2 2 11 230
9 84 2 3 24 230
9 86 2 3 5 230
9 89 2 6 22 230
9 96 2 4 16 230
9 99 2 4 5 230
10 2 5 1 11 442
10 3 5 2 14 442
10 6 5 3 8 442
10 8 5 3 19 442
10 9 5 2 4 442
10 12 5 1 23 442
10 14 5 1 11 442
10 15 5 3 1 442
10 19 5 4 12 442
10 20 5 4 14 442
10 22 5 4 19 442
10 23 5 3 17 442
10 24 5 3 22 442
10 25 5 3 16 442
10 26 5 4 2 442
10 27 5 1 22 442
10 29 5 6 7 442
10 30 5 6 1 442
10 32 5 1 7 442
10 34 5 1 9 442
10 35 5 1 10 442
10 39 5 5 18 442
10 41 5 6 25 442
10 42 5 1 2 442
10 43 5 1 4 442
10 45 5 3 8 442
10 54 5 3 17 442
10 57 5 6 24 442
10 59 5 5 16 442
10 60 5 6 9 442
10 61 5 6 18 442
10 63 5 5 8 442
10 66 5 5 10 442
10 67 5 1 12 442
10 68 5 1 5 442
10 70 5 6 19 442
10 72 5 6 23 442
10 78 5 4 12 442
10 83 5 4 21 442
10 86 5 3 11 442
10 87 5 5 2 442
10 88 5 3 5 442
10 92 5 2 8 442
10 94 5 3 5 442
10 95 5 4 22 442
10 97 5 6 18 442
11 0 6 4 21 506
11 1 6 2 2 506
11 3 6 2 22 506
11 8 6 3 17 506
11 9 6 2 6 506
11 12 6 1 23 506
11 13 6 4 15 506
11 15 6 3 17 506
11 16 6 3 4 506
11 17 6 6 11 506
11 19 6 4 11 506
11 22 6 4 20 506
11 23 6 3 10 506
11 24 6 3 17 506
11 25 6 3 9 506
11 27 6 1 21 506
11 29 6 6 16 506
11 30 6 6 23 506
11 32 6 1 2 506
11 37 6 3 18 506
11 38 6 4 23 506
11 40 6 1 21 506
11 41 6 6 18 506
11 43 6 1 14 506
11 44 6 2 8 506
11 46 6 2 3 506
11 50 6 3 17 506
11 53 6 1 12 506
11 54 6 3 2 506
11 56 6 4 14 506
11 57 6 6 15 506
11 59 6 5 20 506
11 60 6 6 5 506
11 67 6 1 10 506
11 68 6 1 16 506
11 69 6 3 5 506
11 70 6 6 14 506
11 71 6 2 9 506
11 73 6 4 10 506
11 75 6 3 18 506
11 76 6 3 2 506
11 77 6 5 22 506
11 78 6 4 22 506
11 81 6 2 8 506
11 82 6 3 21 506
11 83 6 4 16 506
11 85 6 2 17 506
11 88 6 3 14 506
11 89 6 6 14 506
11 90 6 4 7 506
11 91 6 5 19 506
11 97 6 6 1 506
11 98 6 4 8 506
12 0 1 4 16 387
12 1 1 2 1 387
12 2 1 1 18 387
12 3 1 2 9 387
12 4 1 5 4 387
12 7 1 3 22 387
12 9 1 2 4 387
12 10 1 5 23 387
12 11 1 6 23 387
12 14 1 1 25 387
12 16 1 3 14 387
12 17 1 6 3 387
12 22 1 4 3 387
12 25 1 3 14 387
12 27 1 1 14 387
12 28 1 5 17 387
12 33 1 4 1 387
12 34 1 1 7 387
12 40 1 1 6 387
12 42 1 1 6 387
12 46 1 2 17 387
12 51 1 4 17 387
12 54 1 3 6 387
12 55 1 5 25 387
12 58 1 2 10 387
12 62 1 6 20 387
12 65 1 3 2 387
12 67 1 1 8 387
12 69 1 3 16 387
12 71 1 2 8 387
12 74 1 1 20 387
12 75 1 3 1 387
12 76 1 3 14 387
12 77 1 5 22 387
12 79 1 5 22 387
12 80 1 6 24 387
12 81 1 2 6 387
12 82 1 3 10 387
12 84 1 3 20 387
12 92 1 2 9 387
12 94 1 3 4 387
13 1 4 2 17 822
13 3 4 2 15 822
13 4 4 5 17 822
13 5 4 6 6 822
13 7 4 3 21 822
13 11 4 6 15 822
13 17 4 6 4 822
13 19 4 4 4 822
13 20 4 4 8 822
13 23 4 3 25 822
13 24 4 3 7 822
13 26 4 4 13 822
13 29 4 6 21 822
13 31 4 2 23 822
13 33 4 4 7 822
13 35 4 1 3 822
13 40 4 1 5 822
13 41 4 6 18 822
13 42 4 1 2 822
13 44 4 2 9 822
13 47 4 5 20 822
13 48 4 1 17 822
13 49 4 1 9 822
13 53 4 1 17 822
13 55 4 5 22 822
13 57 4 6 15 822
13 62 4 6 6 822
13 63 4 5 21 822
13 64 4 5 10 822
13 65 4 3 6 822
13 66 4 5 13 822
13 68 4 1 9 822
13 69 4 3 8 822
13 70 4 6 11 822
13 71 4 2 22 822
13 72 4 6 4 822
13 75 4 3 22 822
13 76 4 3 1 822
13 78 4 4 3 822
13 79 4 5 20 822
13 80 4 6 18 822
13 81 4 2 7 822
13 83 4 4 1 822
13 84 4 3 23 822
13 85 4 2 20 822
13 86 4 3 19 822
13 88 4 3 2 822
13 90 4 4 11 822
13 95 4 4 1 822
13 96 4 4 4 822
13 97 4 6 21 822
13 98 4 4 8 822
14 0 1 4 12 315
14 1 1 2 22 315
14 2 1 1 24 315
14 5 1 6 13 315
14 7 1 3 10 315
14 8 1 3 7 315
14 10 1 5 11 315
14 12 1 1 25 315
14 18 1 1 12 315
14 19 1 4 19 315
14 24 1 3 1 315
14 26 1 4 3 315
14 29 1 6 5 315
14 32 1 1 13 315
14 33 1 4 10 315
14 35 1 1 7 315
14 36 1 5 6 315
14 38 1 4 3 315
14 40 1 1 9 315
14 43 1 1 13 315
14 46 1 2 3 315
14 47 1 5 15 315
14 48 1 1 12 315
14 49 1 1 2 315
14 50 1 3 17 315
14 52 1 3 9 315
14 53 1 1 24 315
14 54 1 3 22 315
14 55 1 5 20 315
14 56 1 4 15 315
14 58 1 2 12 315
14 59 1 5 22 315
14 60 1 6 21 315
14 63 1 5 19 315
14 65 1 3 12 315
14 66 1 5 21 315
14 67 1 1 17 315
14 70 1 6 5 315
14 72 1 6 12 315
14 75 1 3 4 315
14 79 1 5 14 315
14 80 1 6 17 315
14 81 1 2 14 315
14 82 1 3 23 315
14 83 1 4 17 315
14 84 1 3 3 315
14 85 1 2 24 315
14 87 1 5 19 315
14 90 1 4 11 315
14 92 1 2 19 315
14 94 1 3 18 315
14 96 1 4 7 315
14 97 1 6 8 315
14 98 1 4 1 315
14 99 1 4 14 315
15 0 3 4 1 55
15 4 3 5 11 55
15 8 3 3 10 55
15 9 3 2 16 55
15 10 3 5 1 55
15 11 3 6 17 55
15 16 3 3 23 55
15 18 3 1 15 55
15 19 3 4 12 55
15 22 3 4 9 55
15 24 3 3 1 55
15 25 3 3 2 55
15 26 3 4 22 55
15 29 3 6 16 55
15 30 3 6 4 55
15 34 3 1 17 55
15 35 3 1 9 55
15 36 3 5 7 55
15 37 3 3 18 55
15 39 3 5 13 55
15 41 3 6 13 55
15 42 3 1 13 55
15 43 3 1 24 55
15 44 3 2 24 55
15 45 3 3 6 55
15 49 3 1 25 55
15 51 3 4 12 55
15 52 3 3 22 55
15 53 3 1 17 55
15 56 3 4 8 55
15 57 3 6 13 55
15 59 3 5 3 55
15 61 3 6 7 55
15 62 3 6 16 55
15 63 3 5 2 55
15 67 3 1 6 55
15 68 3 1 24 55
15 70 3 6 11 55
15 71 3 2 10 55
15 77 3 5 11 55
15 79 3 5 16 55
15 80 3 6 20 55
15 84 3 3 24 55
15 88 3 3 18 55
15 92 3 2 4 55
15 93 3 2 18 55
15 94 3 3 14 55
16 0 3 4 13 441
16 2 3 1 25 441
16 3 3 2 5 441
16 5 3 6 3 441
16 6 3 3 17 441
16 7 3 3 3 441
16 11 3 6 4 441
16 12 3 1 14 441
16 15 3 3 23 441
16 18 3 1 25 441
16 20 3 4 9 441
16 24 3 3 20 441
16 25 3 3 6 441
16 26 3 4 1 441
16 28 3 5 18 441
16 29 3 6 10 441
16 30 3 6 18 441
16 31 3 2 8 441
16 32 3 1 2 441
16 33 3 4 16 441
16 34 3 1 16 441
16 35 3 1 8 441
16 42 3 1 2 441
16 45 3 3 12 441
16 46 3 2 16 441
16 47 3 5 5 441
16 48 3 1 22 441
16 51 3 4 8 441
16 53 3 1 16 441
16 56 3 4 18 441
16 59 3 5 8 441
16 64 3 5 18 441
16 65 3 3 10 441
16 67 3 1 13 441
16 68 3 1 19 441
16 69 3 3 17 441
16 72 3 6 8 441
16 73 3 4 5 441
16 78 3 4 25 441
16 80 3 6 10 441
16 82 3 3 18 441
16 86 3 3 8 441
16 87 3 5 12 441
16 88 3 3 19 441
16 90 3 4 20 441
16 95 3 4 9 441
16 96 3 4 5 441
16 99 3 4 2 441
17 0 6 4 2 569
17 2 6 1 2 569
17 4 6 5 15 569
17 11 6 6 11 569
17 12 6 1 3 569
17 13 6 4 4 569
17 18 6 1 2 569
17 19 6 4 17 569
17 20 6 4 23 569
17 24 6 3 8 569
17 27 6 1 10 569
17 28 6 5 19 569
17 29 6 6 5 569
17 31 6 2 19 569
17 32 6 1 25 569
17 33 6 4 16 569
17 34 6 1 8 569
17 36 6 5 4 569
17 37 6 3 25 569
17 39 6 5 19 569
17 41 6 6 18 569
17 42 6 1 3 569
17 46 6 2 6 569
17 50 6 3 4 569
17 52 6 3 19 569
17 54 6 3 20 569
17 58 6 2 13 569
17 60 6 6 19 569
17 63 6 5 8 569
17 65 6 3 2 569
17 66 6 5 12 569
17 67 6 1 5 569
17 68 6 1 12 569
17 72 6 6 17 569
17 74 6 1 11 569
17 77 6 5 17 569
17 78 6 4 5 569
17 79 6 5 6 569
17 80 6 6 21 569
17 82 6 3 9 569
17 84 6 3 20 569
17 88 6 3 3 569
17 89 6 6 21 569
17 91 6 5 13 569
17 92 6 2 9 569
17 93 6 2 8 569
17 94 6 3 13 569
17 96 6 4 9 569
17 97 6 6 21 569
17 98 6 4 14 569
17 99 6 4 4 569
18 0 1 4 4 900
18 3 1 2 14 900
18 4 1 5 13 900
18 5 1 6 18 900
18 7 1 3 16 900
18 8 1 3 22 900
18 9 1 2 17 900
18 14 1 1 12 900
18 15 1 3 15 900
18 16 1 3 25 900
18 17 1 6 2 900
18 20 1 4 20 900
18 21 1 5 18 900
18 23 1 3 3 900
18 30 1 6 9 900
18 32 1 1 21 900
18 33 1 4 10 900
18 34 1 1 25 900
18 39 1 5 12 900
18 40 1 1 6 900
18 43 1 1 8 900
18 45 1 3 8 900
18 46 1 2 11 900
18 48 1 1 8 900
18 52 1 3 12 900
18 55 1 5 25 900
18 58 1 2 5 900
18 60 1 6 16 900
18 61 1 6 19 900
18 65 1 3 12 900
18 66 1 5 25 900
18 70 1 6 25 900
18 76 1 3 17 900
18 77 1 5 25 900
18 80 1 6 11 900
18 81 1 2 5 900
18 82 1 3 19 900
18 83 1 4 17 900
18 86 1 3 4 900
18 88 1 3 19 900
18 89 1 6 17 900
18 94 1 3 12 900
18 96 1 4 4 900
18 97 1 6 19 900
18 98 1 4 2 900
18 99 1 4 1 900
19 0 4 4 3 962
19 1 4 2 20 962
19 5 4 6 19 962
19 7 4 3 24 962
19 10 4 5 12 962
19 11 4 6 11 962
19 13 4 4 4 962
19 14 4 1 19 962
19 15 4 3 12 962
19 17 4 6 17 962
19 20 4 4 2 962
19 21 4 5 7 962
19 25 4 3 18 962
19 26 4 4 16 962
19 27 4 1 5 962
19 28 4 5 4 962
19 32 4 1 23 962
19 33 4 4 21 962
19 34 4 1 20 962
19 35 4 1 20 962
19 37 4 3 23 962
19 39 4 5 7 962
19 40 4 1 6 962
19 41 4 6 4 962
19 44 4 2 10 962
19 46 4 2 1 962
19 47 4 5 12 962
19 48 4 1 21 962
19 52 4 3 1 962
19 54 4 3 12 962
19 55 4 5 21 962
19 56 4 4 20 962
19 58 4 2 21 962
19 59 4 5 22 962
19 60 4 6 11 962
19 62 4 6 24 962
19 65 4 3 11 962
19 68 4 1 11 962
19 70 4 6 4 962
19 72 4 6 15 962
19 73 4 4 10 962
19 74 4 1 18 962
19 75 4 3 5 962
19 76 4 3 18 962
19 77 4 5 12 962
19 78 4 4 20 962
19 81 4 2 20 962
19 82 4 3 17 962
19 84 4 3 25 962
19 85 4 2 23 962
19 87 4 5 20 962
19 88 4 3 13 962
19 90 4 4 23 962
19 92 4 2 23 962
19 93 4 2 24 962
19 94 4 3 19 962
19 95 4 4 25 962
19 96 4 4 4 962
19 97 4 6 10 962
20 2 4 1 8 278
20 6 4 3 21 278
20 8 4 3 8 278
20 9 4 2 20 278
20 10 4 5 14 278
20 13 4 4 8 278
20 16 4 3 9 278
20 17 4 6 23 278
20 18 4 1 20 278
20 19 4 4 2 278
20 21 4 5 5 278
20 23 4 3 6 278
20 25 4 3 10 278
20 26 4 4 20 278
20 27 4 1 16 278
20 28 4 5 7 278
20 29 4 6 1 278
20 32 4 1 15 278
20 33 4 4 22 278
20 36 4 5 3 278
20 38 4 4 25 278
20 39 4 5 2 278
20 42 4 1 13 278
20 47 4 5 12 278
20 48 4 1 18 278
20 49 4 1 10 278
20 50 4 3 11 278
20 51 4 4 11 278
20 54 4 3 15 278
20 56 4 4 4 278
20 59 4 5 4 278
20 62 4 6 23 278
20 63 4 5 1 278
20 68 4 1 25 278
20 69 4 3 25 278
20 70 4 6 3 278
20 73 4 4 8 278
20 74 4 1 5 278
20 76 4 3 6 278
20 81 4 2 21 278
20 82 4 3 22 278
20 84 4 3 21 278
20 88 4 3 16 278
20 89 4 6 4 278
20 90 4 4 17 278
20 91 4 5 20 278
20 92 4 2 2 278
20 95 4 4 2 278
20 98 4 4 17 278
21 0 5 4 23 124
21 1 5 2 8 124
21 2 5 1 13 124
21 4 5 5 11 124
21 5 5 6 24 124
21 6 5 3 7 124
21 9 5 2 2 124
21 18 5 1 18 124
21 19 5 4 7 124
21 20 5 4 5 124
21 22 5 4 5 124
21 23 5 3 16 124
21 25 5 3 20 124
21 30 5 6 7 124
21 32 5 1 23 124
21 35 5 1 23 124
21 38 5 4 7 124
21 40 5 1 12 124
21 41 5 6 22 124
21 43 5 1 17 124
21 47 5 5 18 124
21 51 5 4 9 124
21 55 5 5 8 124
21 56 5 4 19 124
21 57 5 6 3 124
21 59 5 5 24 124
21 60 5 6 11 124
21 64 5 5 6 124
21 65 5 3 18 124
21 68 5 1 22 124
21 75 5 3 1 124
21 76 5 3 9 124
21 77 5 5 22 124
21 78 5 4 4 124
21 80 5 6 11 124
21 81 5 2 16 124
21 86 5 3 7 124
21 87 5 5 5 124
21 88 5 3 9 124
21 91 5 5 18 124
21 93 5 2 21 124
21 95 5 4 5 124
21 98 5 4 19 124
21 99 5 4 17 124
22 1 4 2 4 439
22 6 4 3 1 439
22 7 4 3 11 439
22 10 4 5 19 439
22 11 4 6 20 439
22 12 4 1 3 439
22 15 4 3 9 439
22 21 4 5 5 439
22 24 4 3 9 439
22 28 4 5 5 439
22 31 4 2 25 439
22 34 4 1 8 439
22 37 4 3 22 439
22 38 4 4 18 439
22 41 4 6 8 439
22 42 4 1 8 439
22 44 4 2 4 439
22 46 4 2 14 439
22 52 4 3 22 439
22 53 4 1 20 439
22 56 4 4 9 439
22 57 4 6 8 439
22 58 4 2 23 439
22 63 4 5 25 439
22 66 4 5 17 439
22 71 4 2 6 439
22 72 4 6 25 439
22 73 4 4 14 439
22 77 4 5 18 439
22 78 4 4 15 439
22 79 4 5 19 439
22 81 4 2 7 439
22 84 4 3 20 439
22 85 4 2 19 439
22 87 4 5 25 439
22 88 4 3 19 439
22 90 4 4 1 439
22 92 4 2 12 439
22 93 4 2 15 439
22 97 4 6 2 439
22 98 4 4 4 439
22 99 4 4 6 439
23 4 3 5 25 167
23 5 3 6 19 167
23 6 3 3 6 167
23 7 3 3 5 167
23 10 3 5 17 167
23 11 3 6 10 167
23 13 3 4 25 167
23 18 3 1 3 167
23 20 3 4 6 167
23 21 3 5 16 167
23 24 3 3 25 167
23 25 3 3 16 167
23 26 3 4 16 167
23 28 3 5 9 167
23 30 3 6 13 167
23 32 3 1 5 167
23 33 3 4 20 167
23 36 3 5 16 167
23 37 3 3 5 167
23 38 3 4 20 167
23 40 3 1 9 167
23 41 3 6 13 167
23 42 3 1 16 167
23 43 3 1 9 167
23 44 3 2 1 167
23 45 3 3 21 167
23 46 3 2 5 167
23 47 3 5 2 167
23 50 3 3 14 167
23 54 3 3 23 167
23 56 3 4 6 167
23 59 3 5 20 167
23 60 3 6 21 167
23 64 3 5 4 167
23 65 3 3 19 167
23 68 3 1 22 167
23 69 3 3 23 167
23 71 3 2 19 167
23 72 3 6 23 167
23 76 3 3 6 167
23 80 3 6 24 167
23 81 3 2 2 167
23 82 3 3 9 167
23 84 3 3 4 167
23 85 3 2 14 167
23 88 3 3 10 167
23 90 3 4 1 167
23 92 3 2 8 167
23 93 3 2 15 167
23 94 3 3 12 167
23 96 3 4 2 167
23 97 3 6 12 167
23 98 3 4 13 167
23 99 3 4 10 167
24 0 3 4 25 300
24 2 3 1 5 300
24 3 3 2 2 300
24 6 3 3 17 300
24 7 3 3 7 300
24 9 3 2 2 300
24 10 3 5 22 300
24 11 3 6 17 300
24 13 3 4 7 300
24 14 3 1 1 300
24 15 3 3 1 300
24 16 3 3 20 300
24 17 3 6 8 300
24 22 3 4 9 300
24 23 3 3 25 300
24 25 3 3 14 300
24 26 3 4 21 300
24 28 3 5 14 300
24 30 3 6 4 300
24 31 3 2 14 300
24 35 3 1 12 300
24 36 3 5 21 300
24 40 3 1 16 300
24 43 3 1 22 300
24 45 3 3 13 300
24 47 3 5 22 300
24 51 3 4 3 300
24 52 3 3 15 300
24 53 3 1 6 300
24 55 3 5 4 300
24 56 3 4 6 300
24 58 3 2 13 300
24 59 3 5 20 300
24 65 3 3 10 300
24 66 3 5 13 300
24 69 3 3 25 300
24 71 3 2 19 300
24 72 3 6 16 300
24 74 3 1 24 300
24 75 3 3 18 300
24 76 3 3 19 300
24 77 3 5 3 300
24 82 3 3 22 300
24 83 3 4 4 300
24 84 3 3 21 300
24 87 3 5 23 300
24 88 3 3 16 300
24 90 3 4 21 300
24 91 3 5 24 300
24 93 3 2 21 300
24 94 3 3 6 300
24 95 3 4 9 300
24 96 3 4 4 300
24 98 3 4 7 300
24 99 3 4 24 300
25 4 3 5 5 64
25 8 3 3 4 64
25 10 3 5 16 64
25 11 3 6 9 64
25 12 3 1 14 64
25 15 3 3 2 64
25 16 3 3 6 64
25 19 3 4 18 64
25 20 3 4 10 64
25 21 3 5 20 64
25 23 3 3 16 64
25 24 3 3 14 64
25 27 3 1 25 64
25 30 3 6 22 64
25 33 3 4 11 64
25 35 3 1 13 64
25 39 3 5 15 64
25 41 3 6 15 64
25 42 3 1 12 64
25 46 3 2 13 64
25 47 3 5 5 64
25 51 3 4 12 64
25 52 3 3 5 64
25 53 3 1 11 64
25 54 3 3 11 64
25 57 3 6 5 64
25 59 3 5 16 64
25 63 3 5 1 64
25 66 3 5 24 64
25 71 3 2 4 64
25 74 3 1 9 64
25 75 3 3 7 64
25 77 3 5 14 64
25 78 3 4 14 64
25 80 3 6 6 64
25 83 3 4 14 64
25 89 3 6 1 64
25 91 3 5 21 64
25 92 3 2 14 64
25 94 3 3 19 64
25 98 3 4 22 64
26 0 4 4 2 540
26 1 4 2 7 540
26 5 4 6 9 540
26 6 4 3 19 540
26 9 4 2 19 540
26 10 4 5 2 540
26 13 4 4 13 540
26 14 4 1 3 540
26 15 4 3 22 540
26 16 4 3 1 540
26 19 4 4 16 540
26 20 4 4 20 540
26 23 4 3 16 540
26 24 4 3 21 540
26 27 4 1 13 540
26 28 4 5 15 540
26 31 4 2 19 540
26 32 4 1 16 540
26 34 4 1 25 540
26 36 4 5 2 540
26 38 4 4 3 540
26 40 4 1 9 540
26 41 4 6 15 540
26 42 4 1 11 540
26 43 4 1 18 540
26 45 4 3 13 540
26 46 4 2 1 540
26 47 4 5 16 540
26 50 4 3 7 540
26 51 4 4 18 540
26 52 4 3 15 540
26 56 4 4 8 540
26 58 4 2 22 540
26 59 4 5 5 540
26 60 4 6 25 540
26 62 4 6 20 540
26 63 4 5 4 540
26 64 4 5 14 540
26 65 4 3 2 540
26 67 4 1 23 540
26 68 4 1 20 540
26 72 4 6 20 540
26 74 4 1 20 540
26 75 4 3 16 540
26 79 4 5 18 540
26 80 4 6 16 540
26 81 4 2 21 540
26 82 4 3 1 540
26 83 4 4 25 540
26 84 4 3 7 540
26 88 4 3 16 540
26 90 4 4 24 540
26 91 4 5 17 540
26 92 4 2 20 540
26 97 4 6 23 540
26 99 4 4 11 540
27 2 1 1 24 777
27 3 1 2 20 777
27 4 1 5 19 777
27 5 1 6 14 777
27 6 1 3 1 777
27 10 1 5 22 777
27 11 1 6 21 777
27 12 1 1 14 777
27 17 1 6 10 777
27 19 1 4 5 777
27 20 1 4 16 777
27 25 1 3 25 777
27 26 1 4 13 777
27 31 1 2 10 777
27 35 1 1 10 777
27 36 1 5 14 777
27 39 1 5 19 777
27 41 1 6 23 777
27 44 1 2 20 777
27 48 1 1 9 777
27 49 1 1 7 777
27 50 1 3 7 777
27 53 1 1 25 777
27 55 1 5 24 777
27 56 1 4 10 777
27 57 1 6 18 777
27 58 1 2 10 777
27 59 1 5 7 777
27 61 1 6 19 777
27 62 1 6 15 777
27 66 1 5 10 777
27 67 1 1 4 777
27 69 1 3 11 777
27 73 1 4 21 777
27 79 1 5 21 777
27 80 1 6 1 777
27 81 1 2 14 777
27 82 1 3 2 777
27 86 1 3 24 777
27 87 1 5 10 777
27 88 1 3 24 777
27 91 1 5 18 777
27 92 1 2 9 777
27 93 1 2 21 777
27 94 1 3 14 777
27 97 1 6 9 777
28 0 5 4 10 600
28 1 5 2 5 600
28 2 5 1 8 600
28 3 5 2 3 600
28 4 5 5 5 600
28 7 5 3 5 600
28 9 5 2 3 600
28 12 5 1 17 600
28 16 5 3 18 600
28 17 5 6 19 600
28 19 5 4 4 600
28 20 5 4 7 600
28 22 5 4 5 600
28 23 5 3 9 600
28 24 5 3 14 600
28 26 5 4 15 600
28 29 5 6 23 600
28 32 5 1 19 600
28 33 5 4 10 600
28 34 5 1 5 600
28 35 5 1 14 600
28 36 5 5 23 600
28 37 5 3 23 600
28 38 5 4 2 600
28 40 5 1 18 600
28 41 5 6 12 600
28 42 5 1 7 600
28 44 5 2 14 600
28 45 5 3 22 600
28 47 5 5 19 600
28 48 5 1 24 600
28 49 5 1 16 600
28 50 5 3 2 600
28 51 5 4 16 600
28 53 5 1 21 600
28 56 5 4 10 600
28 57 5 6 8 600
28 58 5 2 19 600
28 62 5 6 21 600
28 63 5 5 23 600
28 64 5 5 11 600
28 65 5 3 22 600
28 67 5 1 1 600
28 68 5 1 20 600
28 69 5 3 8 600
28 71 5 2 15 600
28 72 5 6 22 600
28 73 5 4 22 600
28 74 5 1 3 600
28 75 5 3 8 600
28 81 5 2 8 600
28 82 5 3 13 600
28 84 5 3 24 600
28 86 5 3 13 600
28 89 5 6 1 600
28 93 5 2 25 600
28 96 5 4 8 600
28 97 5 6 20 600
28 98 5 4 4 600
29 0 6 4 23 208
29 1 6 2 13 208
29 4 6 5 10 208
29 9 6 2 19 208
29 10 6 5 7 208
29 11 6 6 16 208
29 13 6 4 21 208
29 14 6 1 5 208
29 15 6 3 16 208
29 16 6 3 10 208
29 17 6 6 5 208
29 20 6 4 1 208
29 28 6 5 23 208
29 30 6 6 8 208
29 37 6 3 18 208
29 41 6 6 15 208
29 43 6 1 5 208
29 44 6 2 10 208
29 46 6 2 1 208
29 48 6 1 3 208
29 50 6 3 16 208
29 55 6 5 22 208
29 57 6 6 18 208
29 60 6 6 12 208
29 62 6 6 21 208
29 64 6 5 22 208
29 67 6 1 4 208
29 71 6 2 19 208
29 80 6 6 19 208
29 82 6 3 22 208
29 83 6 4 4 208
29 85 6 2 24 208
29 86 6 3 4 208
29 88 6 3 12 208
29 90 6 4 4 208
29 96 6 4 23 208
30 1 6 2 8 483
30 3 6 2 21 483
30 4 6 5 9 483
30 5 6 6 23 483
30 6 6 3 14 483
30 8 6 3 3 483
30 9 6 2 2 483
30 10 6 5 1 483
30 11 6 6 23 483
30 15 6 3 4 483
30 16 6 3 18 483
30 18 6 1 9 483
30 21 6 5 7 483
30 23 6 3 13 483
30 24 6 3 4 483
30 25 6 3 22 483
30 29 6 6 8 483
30 32 6 1 8 483
30 33 6 4 16 483
30 34 6 1 10 483
30 35 6 1 11 483
30 36 6 5 20 483
30 37 6 3 6 483
30 38 6 4 7 483
30 39 6 5 20 483
30 42 6 1 10 483
30 43 6 1 10 483
30 47 6 5 7 483
30 48 6 1 25 483
30 51 6 4 21 483
30 54 6 3 23 483
30 55 6 5 8 483
30 58 6 2 19 483
30 61 6 6 18 483
30 62 6 6 1 483
30 64 6 5 20 483
30 68 6 1 16 483
30 71 6 2 2 483
30 72 6 6 3 483
30 73 6 4 1 483
30 74 6 1 15 483
30 75 6 3 12 483
30 76 6 3 1 483
30 77 6 5 14 483
30 79 6 5 25 483
30 80 6 6 8 483
30 81 6 2 22 483
30 82 6 3 15 483
30 83 6 4 19 483
30 85 6 2 13 483
30 86 6 3 15 483
30 88 6 3 10 483
30 90 6 4 12 483
30 92 6 2 23 483
30 93 6 2 14 483
30 98 6 4 7 483
31 0 2 4 17 458
31 1 2 2 21 458
31 3 2 2 21 458
31 5 2 6 24 458
31 6 2 3 12 458
31 13 2 4 23 458
31 16 2 3 8 458
31 17 2 6 19 458
31 22 2 4 25 458
31 24 2 3 14 458
31 26 2 4 19 458
31 27 2 1 10 458
31 32 2 1 12 458
31 33 2 4 12 458
31 35 2 1 3 458
31 38 2 4 1 458
31 41 2 6 7 458
31 43 2 1 15 458
31 44 2 2 3 458
31 47 2 5 8 458
31 49 2 1 8 458
31 50 2 3 8 458
31 51 2 4 1 458
31 52 2 3 10 458
31 53 2 1 16 458
31 55 2 5 12 458
31 57 2 6 17 458
31 58 2 2 15 458
31 62 2 6 3 458
31 64 2 5 19 458
31 65 2 3 12 458
31 66 2 5 6 458
31 67 2 1 9 458
31 68 2 1 9 458
31 70 2 6 25 458
31 71 2 2 17 458
31 77 2 5 17 458
31 78 2 4 12 458
31 79 2 5 21 458
31 80 2 6 19 458
31 81 2 2 6 458
31 82 2 3 22 458
31 84 2 3 12 458
31 85 2 2 6 458
31 87 2 5 4 458
31 88 2 3 7 458
31 90 2 4 3 458
31 91 2 5 13 458
31 92 2 2 11 458
31 93 2 2 8 458
31 94 2 3 11 458
31 95 2 4 15 458
32 1 1 2 10 272
32 3 1 2 5 272
32 4 1 5 23 272
32 5 1 6 10 272
32 6 1 3 23 272
32 7 1 3 11 272
32 8 1 3 13 272
32 10 1 5 7 272
32 11 1 6 2 272
32 14 1 1 13 272
32 16 1 3 2 272
32 17 1 6 25 272
32 18 1 1 21 272
32 19 1 4 23 272
32 20 1 4 15 272
32 21 1 5 23 272
32 23 1 3 5 272
32 26 1 4 16 272
32 28 1 5 19 272
32 30 1 6 8 272
32 31 1 2 12 272
32 33 1 4 21 272
32 34 1 1 3 272
32 35 1 1 20 272
32 37 1 3 10 272
32 38 1 4 21 272
32 40 1 1 6 272
32 41 1 6 17 272
32 42 1 1 18 272
32 47 1 5 9 272
32 48 1 1 5 272
32 50 1 3 20 272
32 51 1 4 12 272
32 54 1 3 2 272
32 56 1 4 24 272
32 61 1 6 17 272
32 63 1 5 11 272
32 65 1 3 11 272
32 66 1 5 2 272
32 67 1 1 21 272
32 71 1 2 7 272
32 72 1 6 20 272
32 76 1 3 5 272
32 79 1 5 18 272
32 80 1 6 9 272
32 84 1 3 6 272
32 85 1 2 24 272
32 89 1 6 22 272
32 90 1 4 25 272
32 91 1 5 23 272
32 94 1 3 13 272
32 95 1 4 8 272
32 97 1 6 22 272
32 98 1 4 22 272
32 99 1 4 18 272
33 0 4 4 11 241
33 1 4 2 9 241
33 4 4 5 23 241
33 5 4 6 5 241
33 6 4 3 15 241
33 12 4 1 1 241
33 13 4 4 7 241
33 14 4 1 10 241
33 16 4 3 16 241
33 17 4 6 16 241
33 18 4 1 10 241
33 19 4 4 21 241
33 20 4 4 22 241
33 23 4 3 20 241
33 25 4 3 11 241
33 28 4 5 10 241
33 30 4 6 16 241
33 31 4 2 12 241
33 32 4 1 21 241
33 36 4 5 2 241
33 39 4 5 19 241
33 43 4 1 10 241
33 44 4 2 8 241
33 45 4 3 14 241
33 48 4 1 8 241
33 51 4 4 18 241
33 54 4 3 11 241
33 55 4 5 7 241
33 56 4 4 6 241
33 59 4 5 3 241
33 60 4 6 21 241
33 61 4 6 23 241
33 62 4 6 4 241
33 63 4 5 17 241
33 65 4 3 19 241
33 66 4 5 16 241
33 68 4 1 4 241
33 69 4 3 9 241
33 70 4 6 6 241
33 75 4 3 17 241
33 77 4 5 14 241
33 78 4 4 5 241
33 82 4 3 13 241
33 84 4 3 10 241
33 85 4 2 24 241
33 86 4 3 16 241
33 87 4 5 15 241
33 88 4 3 18 241
33 89 4 6 4 241
33 93 4 2 10 241
33 94 4 3 16 241
33 96 4 4 9 241
33 98 4 4 13 241
34 0 1 4 18 499
34 4 1 5 5 499
34 5 1 6 16 499
34 6 1 3 21 499
34 9 1 2 3 499
34 10 1 5 9 499
34 12 1 1 7 499
34 15 1 3 17 499
34 16 1 3 16 499
34 17 1 6 8 499
34 18 1 1 25 499
34 19 1 4 20 499
34 22 1 4 8 499
34 26 1 4 25 499
34 28 1 5 5 499
34 30 1 6 10 499
34 32 1 1 3 499
34 35 1 1 14 499
34 36 1 5 5 499
34 37 1 3 16 499
34 38 1 4 1 499
34 39 1 5 24 499
34 40 1 1 9 499
34 41 1 6 19 499
34 42 1 1 10 499
34 43 1 1 6 499
34 44 1 2 13 499
34 47 1 5 14 499
34 48 1 1 2 499
34 49 1 1 5 499
34 50 1 3 15 499
34 51 1 4 1 499
34 52 1 3 13 499
34 54 1 3 7 499
34 55 1 5 24 499
34 58 1 2 22 499
34 60 1 6 8 499
34 61 1 6 18 499
34 63 1 5 5 499
34 67 1 1 24 499
34 70 1 6 12 499
34 71 1 2 13 499
34 75 1 3 11 499
34 76 1 3 11 499
34 78 1 4 2 499
34 79 1 5 18 499
34 81 1 2 19 499
34 82 1 3 19 499
34 87 1 5 16 499
34 88 1 3 13 499
34 89 1 6 4 499
34 91 1 5 14 499
34 93 1 2 24 499
34 96 1 4 16 499
34 97 1 6 1 499
34 98 1 4 10 499
34 99 1 4 9 499
35 1 1 2 9 298
35 2 1 1 23 298
35 3 1 2 10 298
35 6 1 3 14 298
35 7 1 3 20 298
35 8 1 3 1 298
35 10 1 5 10 298
35 13 1 4 3 298
35 14 1 1 7 298
35 15 1 3 9 298
35 16 1 3 8 298
35 19 1 4 20 298
35 21 1 5 23 298
35 24 1 3 12 298
35 25 1 3 13 298
35 27 1 1 10 298
35 28 1 5 14 298
35 30 1 6 11 298
35 31 1 2 3 298
35 32 1 1 20 298
35 34 1 1 14 298
35 36 1 5 10 298
35 37 1 3 5 298
35 38 1 4 10 298
35 46 1 2 25 298
35 47 1 5 19 298
35 53 1 1 14 298
35 54 1 3 3 298
35 56 1 4 20 298
35 57 1 6 24 298
35 59 1 5 14 298
35 61 1 6 17 298
35 62 1 6 11 298
35 64 1 5 22 298
35 68 1 1 23 298
35 70 1 6 21 298
35 72 1 6 2 298
35 74 1 1 23 298
35 75 1 3 10 298
35 77 1 5 12 298
35 79 1 5 15 298
35 81 1 2 2 298
35 82 1 3 16 298
35 83 1 4 14 298
35 89 1 6 21 298
35 91 1 5 12 298
35 94 1 3 24 298
35 96 1 4 1 298
35 97 1 6 23 298
35 98 1 4 21 298
35 99 1 4 24 298
36 0 5 4 3 818
36 1 5 2 9 818
36 2 5 1 25 818
36 5 5 6 5 818
36 6 5 3 1 818
36 7 5 3 6 818
36 14 5 1 6 818
36 15 5 3 7 818
36 17 5 6 4 818
36 20 5 4 3 818
36 23 5 3 16 818
36 24 5 3 21 818
36 26 5 4 2 818
36 27 5 1 14 818
36 28 5 5 23 818
36 30 5 6 20 818
36 33 5 4 2 818
36 34 5 1 5 818
36 35 5 1 10 818
36 37 5 3 15 818
36 38 5 4 5 818
36 40 5 1 13 818
36 42 5 1 13 818
36 43 5 1 24 818
36 44 5 2 10 818
36 47 5 5 20 818
36 48 5 1 5 818
36 50 5 3 12 818
36 51 5 4 10 818
36 53 5 1 15 818
36 54 5 3 21 818
36 55 5 5 19 818
36 56 5 4 23 818
36 59 5 5 10 818
36 60 5 6 25 818
36 61 5 6 2 818
36 63 5 5 17 818
36 64 5 5 15 818
36 65 5 3 6 818
36 66 5 5 9 818
36 68 5 1 4 818
36 71 5 2 17 818
36 73 5 4 23 818
36 74 5 1 23 818
36 75 5 3 14 818
36 78 5 4 5 818
36 83 5 4 24 818
36 86 5 3 12 818
36 87 5 5 8 818
36 88 5 3 4 818
36 90 5 4 6 818
36 91 5 5 5 818
36 93 5 2 21 818
36 94 5 3 4 818
36 95 5 4 10 818
36 97 5 6 22 818
36 99 5 4 17 818
37 0 3 4 7 297
37 2 3 1 23 297
37 6 3 3 1 297
37 11 3 6 18 297
37 15 3 3 18 297
37 17 3 6 25 297
37 19 3 4 23 297
37 22 3 4 22 297
37 23 3 3 5 297
37 28 3 5 23 297
37 29 3 6 18 297
37 30 3 6 6 297
37 32 3 1 10 297
37 34 3 1 16 297
37 35 3 1 5 297
37 36 3 5 15 297
37 38 3 4 25 297
37 40 3 1 14 297
37 41 3 6 12 297
37 43 3 1 22 297
37 44 3 2 12 297
37 45 3 3 20 297
37 46 3 2 3 297
37 48 3 1 18 297
37 49 3 1 6 297
37 50 3 3 13 297
37 52 3 3 2 297
37 54 3 3 20 297
37 56 3 4 10 297
37 57 3 6 24 297
37 58 3 2 5 297
37 59 3 5 22 297
37 61 3 6 19 297
37 62 3 6 9 297
37 63 3 5 7 297
37 65 3 3 23 297
37 67 3 1 25 297
37 69 3 3 15 297
37 70 3 6 25 297
37 72 3 6 10 297
37 74 3 1 13 297
37 76 3 3 14 297
37 79 3 5 5 297
37 80 3 6 3 297
37 82 3 3 14 297
37 83 3 4 13 297
37 84 3 3 7 297
37 86 3 3 4 297
37 88 3 3 6 297
37 89 3 6 19 297
37 92 3 2 17 297
37 95 3 4 4 297
37 96 3 4 14 297
37 97 3 6 17 297
37 98 3 4 3 297
38 1 4 2 15 167
38 2 4 1 8 167
38 6 4 3 25 167
38 7 4 3 11 167
38 9 4 2 10 167
38 11 4 6 23 167
38 14 4 1 3 167
38 20 4 4 25 167
38 21 4 5 7 167
38 22 4 4 18 167
38 23 4 3 20 167
38 26 4 4 3 167
38 28 4 5 2 167
38 30 4 6 7 167
38 31 4 2 1 167
38 32 4 1 21 167
38 34 4 1 1 167
38 35 4 1 10 167
38 36 4 5 5 167
38 37 4 3 25 167
38 40 4 1 5 167
38 42 4 1 12 167
38 43 4 1 25 167
38 45 4 3 11 167
38 46 4 2 11 167
38 50 4 3 20 167
38 51 4 4 16 167
38 53 4 1 18 167
38 55 4 5 10 167
38 56 4 4 13 167
38 58 4 2 5 167
38 60 4 6 22 167
38 63 4 5 11 167
38 66 4 5 22 167
38 69 4 3 19 167
38 71 4 2 8 167
38 72 4 6 24 167
38 74 4 1 25 167
38 76 4 3 7 167
38 78 4 4 14 167
38 80 4 6 24 167
38 81 4 2 16 167
38 82 4 3 2 167
38 83 4 4 17 167
38 85 4 2 18 167
38 90 4 4 15 167
38 92 4 2 19 167
38 93 4 2 15 167
38 95 4 4 14 167
38 98 4 4 2 167
38 99 4 4 11 167
39 0 5 4 4 546
39 2 5 1 23 546
39 3 5 2 12 546
39 5 5 6 15 546
39 6 5 3 5 546
39 9 5 2 18 546
39 10 5 5 18 546
39 15 5 3 13 546
39 17 5 6 19 546
39 18 5 1 12 546
39 19 5 4 7 546
39 20 5 4 2 546
39 25 5 3 15 546
39 27 5 1 19 546
39 30 5 6 20 546
39 33 5 4 19 546
39 34 5 1 24 546
39 40 5 1 8 546
39 41 5 6 12 546
39 43 5 1 12 546
39 49 5 1 5 546
39 50 5 3 1 546
39 54 5 3 21 546
39 55 5 5 10 546
39 58 5 2 12 546
39 60 5 6 25 546
39 62 5 6 17 546
39 67 5 1 5 546
39 68 5 1 7 546
39 69 5 3 11 546
39 70 5 6 8 546
39 71 5 2 1 546
39 72 5 6 8 546
39 74 5 1 12 546
39 75 5 3 11 546
39 76 5 3 4 546
39 77 5 5 5 546
39 78 5 4 16 546
39 79 5 5 6 546
39 82 5 3 5 546
39 84 5 3 25 546
39 87 5 5 17 546
39 89 5 6 7 546
39 90 5 4 23 546
39 95 5 4 18 546
39 97 5 6 14 546
39 98 5 4 10 546
39 99 5 4 22 546
40 1 1 2 18 506
40 2 1 1 16 506
40 3 1 2 17 506
40 4 1 5 7 506
40 6 1 3 18 506
40 8 1 3 7 506
40 9 1 2 18 506
40 11 1 6 21 506
40 12 1 1 6 506
40 13 1 4 5 506
40 14 1 1 9 506
40 18 1 1 6 506
40 19 1 4 6 506
40 21 1 5 12 506
40 23 1 3 9 506
40 24 1 3 16 506
40 26 1 4 9 506
40 28 1 5 18 506
40 32 1 1 6 506
40 34 1 1 9 506
40 36 1 5 13 506
40 37 1 3 14 506
40 38 1 4 5 506
40 39 1 5 8 506
40 42 1 1 7 506
40 44 1 2 25 506
40 48 1 1 5 506
40 49 1 1 21 506
40 51 1 4 16 506
40 52 1 3 13 506
40 55 1 5 8 506
40 56 1 4 16 506
40 58 1 2 4 506
40 62 1 6 8 506
40 64 1 5 16 506
40 65 1 3 14 506
40 67 1 1 3 506
40 71 1 2 12 506
40 73 1 4 6 506
40 78 1 4 20 506
40 80 1 6 8 506
40 82 1 3 5 506
40 83 1 4 24 506
40 84 1 3 18 506
40 85 1 2 5 506
40 86 1 3 21 506
40 90 1 4 1 506
40 92 1 2 20 506
40 93 1 2 10 506
40 94 1 3 10 506
40 96 1 4 16 506
40 97 1 6 23 506
40 99 1 4 12 506
41 2 6 1 12 388
41 3 6 2 22 388
41 7 6 3 21 388
41 9 6 2 4 388
41 10 6 5 25 388
41 11 6 6 18 388
41 13 6 4 18 388
41 15 6 3 13 388
41 17 6 6 18 388
41 19 6 4 4 388
41 21 6 5 22 388
41 22 6 4 8 388
41 23 6 3 13 388
41 25 6 3 15 388
41 26 6 4 15 388
41 27 6 1 23 388
41 28 6 5 12 388
41 29 6 6 15 388
41 31 6 2 7 388
41 32 6 1 17 388
41 34 6 1 19 388
41 37 6 3 12 388
41 39 6 5 12 388
41 42 6 1 22 388
41 44 6 2 22 388
41 45 6 3 5 388
41 47 6 5 6 388
41 48 6 1 14 388
41 49 6 1 1 388
41 50 6 3 11 388
41 52 6 3 6 388
41 53 6 1 8 388
41 55 6 5 5 388
41 57 6 6 17 388
41 58 6 2 1 388
41 59 6 5 21 388
41 60 6 6 21 388
41 61 6 6 11 388
41 62 6 6 12 388
41 64 6 5 12 388
41 66 6 5 19 388
41 67 6 1 23 388
41 69 6 3 12 388
41 72 6 6 7 388
41 74 6 1 7 388
41 76 6 3 25 388
41 77 6 5 14 388
41 80 6 6 11 388
41 82 6 3 14 388
41 83 6 4 22 388
41 84 6 3 20 388
41 87 6 5 21 388
41 88 6 3 12 388
41 89 6 6 21 388
41 90 6 4 3 388
41 91 6 5 17 388
41 95 6 4 23 388
41 96 6 4 17 388
41 97 6 6 2 388
41 98 6 4 23 388
42 2 1 1 15 154
42 3 1 2 21 154
42 4 1 5 2 154
42 5 1 6 22 154
42 6 1 3 24 154
42 8 1 3 22 154
42 10 1 5 2 154
42 12 1 1 6 154
42 13 1 4 2 154
42 15 1 3 13 154
42 16 1 3 2 154
42 17 1 6 3 154
42 20 1 4 13 154
42 22 1 4 8 154
42 23 1 3 16 154
42 25 1 3 12 154
42 26 1 4 11 154
42 28 1 5 7 154
42 30 1 6 10 154
42 32 1 1 18 154
42 34 1 1 10 154
42 36 1 5 13 154
42 38 1 4 12 154
42 40 1 1 7 154
42 41 1 6 22 154
42 43 1 1 19 154
42 46 1 2 11 154
42 47 1 5 8 154
42 49 1 1 13 154
42 52 1 3 4 154
42 54 1 3 12 154
42 58 1 2 18 154
42 62 1 6 21 154
42 65 1 3 6 154
42 66 1 5 16 154
42 67 1 1 25 154
42 69 1 3 6 154
42 71 1 2 20 154
42 73 1 4 7 154
42 74 1 1 11 154
42 76 1 3 10 154
42 78 1 4 19 154
42 81 1 2 5 154
42 82 1 3 25 154
42 83 1 4 24 154
42 85 1 2 7 154
42 88 1 3 1 154
42 89 1 6 6 154
42 90 1 4 2 154
42 91 1 5 4 154
42 92 1 2 25 154
42 93 1 2 13 154
43 0 1 4 23 603
43 1 1 2 7 603
43 3 1 2 24 603
43 5 1 6 9 603
43 6 1 3 2 603
43 8 1 3 9 603
43 9 1 2 8 603
43 10 1 5 4 603
43 11 1 6 14 603
43 14 1 1 13 603
43 15 1 3 24 603
43 18 1 1 8 603
43 21 1 5 17 603
43 23 1 3 9 603
43 24 1 3 22 603
43 26 1 4 18 603
43 29 1 6 5 603
43 30 1 6 10 603
43 31 1 2 15 603
43 33 1 4 10 603
43 34 1 1 6 603
43 36 1 5 24 603
43 37 1 3 22 603
43 38 1 4 25 603
43 39 1 5 12 603
43 42 1 1 19 603
43 45 1 3 16 603
43 48 1 1 4 603
43 49 1 1 12 603
43 52 1 3 5 603
43 53 1 1 14 603
43 55 1 5 5 603
43 56 1 4 10 603
43 57 1 6 19 603
43 64 1 5 12 603
43 66 1 5 1 603
43 68 1 1 7 603
43 70 1 6 15 603
43 71 1 2 17 603
43 72 1 6 7 603
43 74 1 1 18 603
43 76 1 3 11 603
43 78 1 4 14 603
43 81 1 2 10 603
43 82 1 3 21 603
43 84 1 3 4 603
43 86 1 3 5 603
43 88 1 3 15 603
43 89 1 6 22 603
43 90 1 4 11 603
43 93 1 2 18 603
43 94 1 3 21 603
43 95 1 4 23 603
43 99 1 4 22 603
44 0 2 4 7 364
44 1 2 2 9 364
44 3 2 2 9 364
44 5 2 6 23 364
44 7 2 3 6 364
44 8 2 3 17 364
44 9 2 2 6 364
44 11 2 6 8 364
44 13 2 4 9 364
44 15 2 3 24 364
44 19 2 4 10 364
44 22 2 4 4 364
44 23 2 3 1 364
44 27 2 1 20 364
44 28 2 5 14 364
44 29 2 6 10 364
44 31 2 2 3 364
44 33 2 4 8 364
44 34 2 1 13 364
44 36 2 5 10 364
44 37 2 3 12 364
44 40 2 1 25 364
44 41 2 6 22 364
44 46 2 2 8 364
44 48 2 1 13 364
44 49 2 1 25 364
44 50 2 3 10 364
44 53 2 1 6 364
44 54 2 3 2 364
44 58 2 2 19 364
44 59 2 5 15 364
44 61 2 6 2 364
44 62 2 6 10 364
44 64 2 5 10 364
44 65 2 3 8 364
44 66 2 5 7 364
44 68 2 1 22 364
44 73 2 4 1 364
44 75 2 3 23 364
44 78 2 4 14 364
44 79 2 5 5 364
44 80 2 6 1 364
44 86 2 3 2 364
44 88 2 3 9 364
44 89 2 6 19 364
44 91 2 5 14 364
44 95 2 4 13 364
44 96 2 4 13 364
44 99 2 4 17 364
45 0 3 4 20 323
45 3 3 2 23 323
45 4 3 5 1 323
45 8 3 3 3 323
45 9 3 2 17 323
45 10 3 5 8 323
45 15 3 3 6 323
45 16 3 3 12 323
45 18 3 1 8 323
45 23 3 3 21 323
45 24 3 3 13 323
45 26 3 4 13 323
45 28 3 5 22 323
45 33 3 4 14 323
45 37 3 3 20 323
45 38 3 4 11 323
45 41 3 6 5 323
45 43 3 1 16 323
45 47 3 5 18 323
45 49 3 1 23 323
45 50 3 3 3 323
45 52 3 3 10 323
45 55 3 5 15 323
45 56 3 4 15 323
45 57 3 6 10 323
45 59 3 5 5 323
45 63 3 5 1 323
45 66 3 5 12 323
45 67 3 1 23 323
45 68 3 1 22 323
45 69 3 3 2 323
45 71 3 2 18 323
45 72 3 6 8 323
45 74 3 1 17 323
45 75 3 3 19 323
45 78 3 4 18 323
45 79 3 5 22 323
45 81 3 2 3 323
45 82 3 3 17 323
45 85 3 2 9 323
45 86 3 3 18 323
45 87 3 5 2 323
45 89 3 6 2 323
45 92 3 2 24 323
45 94 3 3 17 323
45 95 3 4 13 323
45 96 3 4 13 323
45 98 3 4 8 323
46 0 2 4 3 835
46 6 2 3 17 835
46 8 2 3 7 835
46 9 2 2 7 835
46 11 2 6 3 835
46 12 2 1 17 835
46 14 2 1 3 835
46 16 2 3 16 835
46 17 2 6 6 835
46 18 2 1 11 835
46 19 2 4 1 835
46 22 2 4 14 835
46 23 2 3 5 835
46 25 2 3 13 835
46 26 2 4 1 835
46 29 2 6 1 835
46 35 2 1 25 835
46 37 2 3 3 835
46 38 2 4 11 835
46 42 2 1 11 835
46 44 2 2 8 835
46 48 2 1 14 835
46 49 2 1 22 835
46 51 2 4 11 835
46 54 2 3 1 835
46 55 2 5 6 835
46 56 2 4 21 835
46 57 2 6 20 835
46 58 2 2 17 835
46 59 2 5 1 835
46 61 2 6 11 835
46 64 2 5 19 835
46 65 2 3 24 835
46 68 2 1 22 835
46 69 2 3 23 835
46 71 2 2 21 835
46 72 2 6 14 835
46 73 2 4 8 835
46 77 2 5 22 835
46 82 2 3 12 835
46 83 2 4 9 835
46 84 2 3 3 835
46 87 2 5 17 835
46 88 2 3 1 835
46 91 2 5 15 835
46 93 2 2 3 835
47 1 5 2 3 857
47 2 5 1 23 857
47 8 5 3 19 857
47 9 5 2 4 857
47 13 5 4 20 857
47 14 5 1 15 857
47 16 5 3 5 857
47 19 5 4 12 857
47 20 5 4 12 857
47 21 5 5 18 857
47 23 5 3 2 857
47 24 5 3 22 857
47 25 5 3 5 857
47 26 5 4 16 857
47 28 5 5 19 857
47 30 5 6 7 857
47 31 5 2 8 857
47 32 5 1 9 857
47 34 5 1 14 857
47 35 5 1 19 857
47 36 5 5 20 857
47 41 5 6 6 857
47 42 5 1 8 857
47 45 5 3 18 857
47 48 5 1 19 857
47 51 5 4 13 857
47 56 5 4 18 857
47 58 5 2 15 857
47 59 5 5 3 857
47 60 5 6 25 857
47 61 5 6 6 857
47 63 5 5 11 857
47 66 5 5 12 857
47 68 5 1 14 857
47 69 5 3 11 857
47 70 5 6 20 857
47 73 5 4 11 857
47 75 5 3 3 857
47 76 5 3 20 857
47 78 5 4 6 857
47 81 5 2 23 857
47 86 5 3 24 857
47 89 5 6 22 857
47 94 5 3 12 857
47 97 5 6 15 857
47 99 5 4 23 857
48 0 1 4 11 927
48 2 1 1 20 927
48 7 1 3 5 927
48 13 1 4 17 927
48 14 1 1 12 927
48 16 1 3 22 927
48 18 1 1 8 927
48 19 1 4 21 927
48 20 1 4 18 927
48 27 1 1 9 927
48 28 1 5 24 927
48 29 1 6 3 927
48 30 1 6 25 927
48 32 1 1 5 927
48 33 1 4 8 927
48 34 1 1 2 927
48 36 1 5 5 927
48 37 1 3 18 927
48 40 1 1 5 927
48 41 1 6 14 927
48 43 1 1 4 927
48 44 1 2 13 927
48 46 1 2 14 927
48 47 1 5 19 927
48 50 1 3 15 927
48 51 1 4 17 927
48 52 1 3 8 927
48 53 1 1 10 927
48 54 1 3 19 927
48 55 1 5 18 927
48 60 1 6 18 927
48 61 1 6 24 927
48 62 1 6 14 927
48 64 1 5 4 927
48 65 1 3 18 927
48 69 1 3 7 927
48 74 1 1 13 927
48 75 1 3 19 927
48 76 1 3 17 927
48 82 1 3 12 927
48 84 1 3 25 927
48 85 1 2 17 927
48 92 1 2 15 927
48 94 1 3 13 927
48 96 1 4 4 927
48 97 1 6 13 927
49 2 1 1 10 725
49 3 1 2 18 725
49 5 1 6 21 725
49 6 1 3 20 725
49 8 1 3 6 725
49 9 1 2 14 725
49 13 1 4 9 725
49 14 1 1 2 725
49 15 1 3 25 725
49 20 1 4 10 725
49 27 1 1 7 725
49 28 1 5 16 725
49 31 1 2 8 725
49 34 1 1 5 725
49 37 1 3 6 725
49 39 1 5 5 725
49 40 1 1 21 725
49 41 1 6 1 725
49 42 1 1 13 725
49 43 1 1 12 725
49 44 1 2 25 725
49 45 1 3 23 725
49 46 1 2 22 725
49 51 1 4 1 725
49 53 1 1 23 725
49 54 1 3 3 725
49 55 1 5 7 725
49 56 1 4 14 725
49 57 1 6 18 725
49 58 1 2 3 725
49 59 1 5 20 725
49 60 1 6 1 725
49 62 1 6 21 725
49 63 1 5 23 725
49 65 1 3 11 725
49 66 1 5 2 725
49 71 1 2 2 725
49 72 1 6 10 725
49 75 1 3 18 725
49 76 1 3 17 725
49 77 1 5 13 725
49 78 1 4 17 725
49 79 1 5 10 725
49 81 1 2 2 725
49 82 1 3 10 725
49 83 1 4 7 725
49 85 1 2 5 725
49 86 1 3 19 725
49 89 1 6 15 725
49 92 1 2 14 725
49 95 1 4 24 725
50 2 3 1 22 485
50 3 3 2 25 485
50 5 3 6 9 485
50 7 3 3 17 485
50 8 3 3 24 485
50 11 3 6 17 485
50 14 3 1 17 485
50 17 3 6 4 485
50 20 3 4 11 485
50 23 3 3 14 485
50 26 3 4 7 485
50 27 3 1 7 485
50 28 3 5 2 485
50 29 3 6 16 485
50 31 3 2 8 485
50 32 3 1 20 485
50 34 3 1 15 485
50 36 3 5 12 485
50 37 3 3 13 485
50 38 3 4 20 485
50 39 3 5 1 485
50 41 3 6 11 485
50 44 3 2 10 485
50 45 3 3 3 485
50 48 3 1 15 485
50 55 3 5 18 485
50 56 3 4 21 485
50 58 3 2 6 485
50 59 3 5 17 485
50 60 3 6 18 485
50 61 3 6 15 485
50 64 3 5 20 485
50 65 3 3 11 485
50 66 3 5 24 485
50 67 3 1 23 485
50 69 3 3 17 485
50 70 3 6 25 485
50 72 3 6 25 485
50 73 3 4 15 485
50 74 3 1 17 485
50 75 3 3 24 485
50 76 3 3 11 485
50 78 3 4 14 485
50 80 3 6 9 485
50 82 3 3 8 485
50 84 3 3 13 485
50 87 3 5 9 485
50 88 3 3 19 485
50 92 3 2 17 485
50 95 3 4 10 485
50 96 3 4 2 485
51 1 4 2 19 184
51 3 4 2 11 184
51 5 4 6 3 184
51 7 4 3 11 184
51 8 4 3 15 184
51 12 4 1 17 184
51 15 4 3 12 184
51 16 4 3 8 184
51 20 4 4 11 184
51 21 4 5 9 184
51 24 4 3 3 184
51 25 4 3 12 184
51 26 4 4 18 184
51 28 4 5 16 184
51 30 4 6 21 184
51 31 4 2 1 184
51 32 4 1 12 184
51 33 4 4 18 184
51 34 4 1 1 184
51 36 4 5 10 184
51 38 4 4 16 184
51 40 4 1 16 184
51 46 4 2 11 184
51 47 4 5 13 184
51 48 4 1 17 184
51 49 4 1 1 184
51 52 4 3 25 184
51 53 4 1 13 184
51 54 4 3 1 184
51 56 4 4 20 184
51 57 4 6 8 184
51 59 4 5 14 184
51 62 4 6 10 184
51 63 4 5 15 184
51 64 4 5 3 184
51 68 4 1 9 184
51 69 4 3 8 184
51 71 4 2 9 184
51 73 4 4 25 184
51 74 4 1 7 184
51 83 4 4 7 184
51 85 4 2 11 184
51 87 4 5 17 184
51 88 4 3 4 184
51 92 4 2 4 184
51 94 4 3 20 184
51 95 4 4 25 184
51 97 4 6 9 184
52 1 3 2 15 120
52 3 3 2 19 120
52 6 3 3 4 120
52 7 3 3 21 120
52 8 3 3 23 120
52 9 3 2 12 120
52 14 3 1 9 120
52 15 3 3 22 120
52 17 3 6 19 120
52 18 3 1 12 120
52 19 3 4 1 120
52 22 3 4 22 120
52 24 3 3 15 120
52 25 3 3 5 120
52 26 3 4 15 120
52 31 3 2 10 120
52 34 3 1 13 120
52 37 3 3 2 120
52 40 3 1 13 120
52 41 3 6 6 120
52 42 3 1 4 120
52 43 3 1 5 120
52 45 3 3 10 120
52 48 3 1 8 120
52 51 3 4 25 120
52 56 3 4 15 120
52 58 3 2 1 120
52 59 3 5 16 120
52 60 3 6 15 120
52 61 3 6 18 120
52 67 3 1 16 120
52 68 3 1 9 120
52 69 3 3 16 120
52 72 3 6 15 120
52 83 3 4 2 120
52 84 3 3 14 120
52 88 3 3 19 120
52 90 3 4 15 120
52 93 3 2 14 120
52 94 3 3 10 120
52 95 3 4 3 120
53 11 1 6 12 251
53 13 1 4 17 251
53 14 1 1 24 251
53 15 1 3 17 251
53 16 1 3 16 251
53 22 1 4 20 251
53 24 1 3 6 251
53 25 1 3 11 251
53 27 1 1 25 251
53 28 1 5 21 251
53 31 1 2 16 251
53 35 1 1 14 251
53 36 1 5 15 251
53 38 1 4 18 251
53 41 1 6 8 251
53 43 1 1 14 251
53 44 1 2 6 251
53 48 1 1 10 251
53 49 1 1 23 251
53 51 1 4 13 251
53 55 1 5 15 251
53 56 1 4 1 251
53 58 1 2 15 251
53 59 1 5 12 251
53 60 1 6 3 251
53 61 1 6 6 251
53 63 1 5 9 251
53 65 1 3 3 251
53 67 1 1 21 251
53 68 1 1 7 251
53 69 1 3 18 251
53 70 1 6 9 251
53 72 1 6 23 251
53 73 1 4 6 251
53 74 1 1 21 251
53 77 1 5 24 251
53 80 1 6 23 251
53 81 1 2 17 251
53 84 1 3 23 251
53 85 1 2 10 251
53 86 1 3 3 251
53 87 1 5 22 251
53 88 1 3 23 251
53 91 1 5 20 251
53 95 1 4 11 251
53 97 1 6 17 251
54 3 3 2 11 539
54 7 3 3 20 539
54 8 3 3 10 539
54 10 3 5 17 539
54 11 3 6 2 539
54 12 3 1 6 539
54 14 3 1 22 539
54 17 3 6 20 539
54 19 3 4 12 539
54 20 3 4 15 539
54 23 3 3 23 539
54 25 3 3 11 539
54 30 3 6 23 539
54 32 3 1 2 539
54 33 3 4 11 539
54 34 3 1 7 539
54 35 3 1 3 539
54 36 3 5 21 539
54 37 3 3 20 539
54 39 3 5 21 539
54 42 3 1 12 539
54 44 3 2 2 539
54 46 3 2 1 539
54 48 3 1 19 539
54 49 3 1 3 539
54 51 3 4 1 539
54 56 3 4 21 539
54 57 3 6 25 539
54 60 3 6 10 539
54 61 3 6 5 539
54 64 3 5 9 539
54 69 3 3 22 539
54 70 3 6 24 539
54 72 3 6 6 539
54 73 3 4 11 539
54 76 3 3 6 539
54 79 3 5 10 539
54 82 3 3 25 539
54 84 3 3 21 539
54 86 3 3 7 539
54 91 3 5 19 539
54 93 3 2 6 539
54 95 3 4 7 539
54 96 3 4 10 539
54 99 3 4 7 539
55 1 5 2 11 482
55 3 5 2 24 482
55 5 5 6 14 482
55 6 5 3 5 482
55 8 5 3 14 482
55 9 5 2 20 482
55 12 5 1 25 482
55 13 5 4 22 482
55 14 5 1 20 482
55 18 5 1 25 482
55 19 5 4 21 482
55 21 5 5 8 482
55 24 5 3 4 482
55 27 5 1 24 482
55 29 5 6 22 482
55 30 5 6 8 482
55 31 5 2 12 482
55 33 5 4 7 482
55 34 5 1 24 482
55 36 5 5 19 482
55 38 5 4 10 482
55 39 5 5 10 482
55 40 5 1 8 482
55 41 5 6 5 482
55 43 5 1 5 482
55 45 5 3 15 482
55 46 5 2 6 482
55 48 5 1 18 482
55 49 5 1 7 482
55 50 5 3 18 482
55 53 5 1 15 482
55 57 5 6 7 482
55 59 5 5 9 482
55 60 5 6 3 482
55 61 5 6 3 482
55 62 5 6 6 482
55 63 5 5 14 482
55 65 5 3 19 482
55 66 5 5 25 482
55 67 5 1 2 482
55 69 5 3 18 482
55 71 5 2 19 482
55 72 5 6 15 482
55 74 5 1 19 482
55 75 5 3 1 482
55 79 5 5 19 482
55 86 5 3 12 482
55 89 5 6 25 482
55 90 5 4 2 482
55 91 5 5 1 482
55 93 5 2 9 482
55 94 5 3 12 482
55 96 5 4 24 482
55 99 5 4 14 482
56 3 4 2 11 870
56 6 4 3 16 870
56 7 4 3 25 870
56 11 4 6 14 870
56 14 4 1 15 870
56 15 4 3 8 870
56 16 4 3 18 870
56 19 4 4 20 870
56 20 4 4 4 870
56 21 4 5 19 870
56 22 4 4 9 870
56 23 4 3 6 870
56 24 4 3 6 870
56 26 4 4 8 870
56 27 4 1 10 870
56 28 4 5 10 870
56 32 4 1 24 870
56 33 4 4 6 870
56 35 4 1 20 870
56 36 4 5 23 870
56 37 4 3 10 870
56 38 4 4 13 870
56 40 4 1 16 870
56 43 4 1 10 870
56 45 4 3 15 870
56 46 4 2 21 870
56 47 4 5 18 870
56 49 4 1 14 870
56 50 4 3 21 870
56 51 4 4 20 870
56 52 4 3 15 870
56 53 4 1 1 870
56 54 4 3 21 870
56 58 4 2 24 870
56 60 4 6 3 870
56 61 4 6 9 870
56 62 4 6 8 870
56 63 4 5 9 870
56 64 4 5 12 870
56 65 4 3 3 870
56 66 4 5 3 870
56 67 4 1 20 870
56 68 4 1 12 870
56 70 4 6 20 870
56 71 4 2 6 870
56 76 4 3 14 870
56 77 4 5 18 870
56 78 4 4 20 870
56 79 4 5 19 870
56 82 4 3 17 870
56 85 4 2 23 870
56 89 4 6 1 870
56 90 4 4 20 870
56 93 4 2 2 870
56 95 4 4 13 870
56 97 4 6 5 870
57 0 6 4 9 113
57 1 6 2 5 113
57 6 6 3 8 113
57 7 6 3 5 113
57 10 6 5 24 113
57 11 6 6 15 113
57 13 6 4 15 113
57 15 6 3 13 113
57 21 6 5 3 113
57 22 6 4 8 113
57 25 6 3 5 113
57 27 6 1 18 113
57 28 6 5 8 113
57 29 6 6 18 113
57 31 6 2 17 113
57 35 6 1 24 113
57 37 6 3 24 113
57 41 6 6 17 113
57 43 6 1 19 113
57 45 6 3 10 113
57 46 6 2 20 113
57 49 6 1 18 113
57 51 6 4 8 113
57 54 6 3 25 113
57 55 6 5 7 113
57 58 6 2 11 113
57 61 6 6 8 113
57 63 6 5 7 113
57 66 6 5 1 113
57 69 6 3 4 113
57 75 6 3 25 113
57 79 6 5 8 113
57 81 6 2 11 113
57 86 6 3 3 113
57 89 6 6 17 113
57 90 6 4 21 113
57 95 6 4 22 113
57 96 6 4 17 113
57 97 6 6 13 113
57 98 6 4 1 113
57 99 6 4 2 113
58 2 2 1 4 332
58 3 2 2 17 332
58 5 2 6 24 332
58 6 2 3 5 332
58 7 2 3 2 332
58 9 2 2 14 332
58 12 2 1 10 332
58 14 2 1 12 332
58 17 2 6 13 332
58 18 2 1 5 332
58 19 2 4 21 332
58 22 2 4 23 332
58 24 2 3 13 332
58 26 2 4 22 332
58 27 2 1 10 332
58 28 2 5 19 332
58 30 2 6 19 332
58 31 2 2 15 332
58 34 2 1 22 332
58 37 2 3 5 332
58 38 2 4 5 332
58 39 2 5 12 332
58 40 2 1 4 332
58 41 2 6 1 332
58 42 2 1 18 332
58 44 2 2 19 332
58 46 2 2 17 332
58 47 2 5 15 332
58 49 2 1 3 332
58 50 2 3 6 332
58 52 2 3 1 332
58 53 2 1 15 332
58 56 2 4 24 332
58 57 2 6 11 332
58 59 2 5 11 332
58 61 2 6 6 332
58 63 2 5 5 332
58 64 2 5 9 332
58 66 2 5 24 332
58 67 2 1 12 332
58 68 2 1 17 332
58 69 2 3 9 332
58 70 2 6 19 332
58 71 2 2 2 332
58 76 2 3 10 332
58 78 2 4 5 332
58 79 2 5 10 332
58 80 2 6 20 332
58 81 2 2 6 332
58 88 2 3 21 332
58 89 2 6 23 332
58 90 2 4 22 332
58 91 2 5 7 332
58 93 2 2 23 332
58 97 2 6 20 332
58 98 2 4 6 332
59 3 5 2 11 596
59 4 5 5 17 596
59 6 5 3 4 596
59 8 5 3 12 596
59 9 5 2 7 596
59 10 5 5 16 596
59 11 5 6 20 596
59 14 5 1 22 596
59 15 5 3 3 596
59 16 5 3 8 596
59 19 5 4 22 596
59 20 5 4 4 596
59 21 5 5 24 596
59 23 5 3 20 596
59 24 5 3 20 596
59 25 5 3 16 596
59 26 5 4 5 596
59 27 5 1 7 596
59 33 5 4 3 596
59 35 5 1 14 596
59 36 5 5 10 596
59 37 5 3 22 596
59 41 5 6 21 596
59 44 5 2 15 596
59 45 5 3 5 596
59 46 5 2 1 596
59 47 5 5 3 596
59 49 5 1 20 596
59 50 5 3 17 596
59 51 5 4 14 596
59 52 5 3 16 596
59 53 5 1 12 596
59 55 5 5 9 596
59 58 5 2 11 596
59 60 5 6 4 596
59 61 5 6 8 596
59 64 5 5 14 596
59 65 5 3 24 596
59 66 5 5 3 596
59 68 5 1 19 596
59 70 5 6 7 596
59 71 5 2 7 596
59 72 5 6 14 596
59 73 5 4 22 596
59 74 5 1 25 596
59 76 5 3 10 596
59 79 5 5 6 596
59 80 5 6 24 596
59 82 5 3 25 596
59 83 5 4 12 596
59 86 5 3 14 596
59 87 5 5 3 596
59 89 5 6 14 596
59 90 5 4 8 596
59 91 5 5 17 596
59 94 5 3 16 596
59 95 5 4 16 596
59 96 5 4 20 596
59 98 5 4 24 596
60 1 6 2 6 279
60 2 6 1 19 279
60 4 6 5 18 279
60 6 6 3 12 279
60 7 6 3 10 279
60 8 6 3 22 279
60 10 6 5 9 279
60 11 6 6 5 279
60 14 6 1 21 279
60 17 6 6 19 279
60 18 6 1 16 279
60 19 6 4 11 279
60 21 6 5 11 279
60 23 6 3 21 279
60 26 6 4 25 279
60 29 6 6 12 279
60 33 6 4 21 279
60 34 6 1 8 279
60 36 6 5 25 279
60 38 6 4 22 279
60 39 6 5 25 279
60 41 6 6 21 279
60 47 6 5 25 279
60 48 6 1 18 279
60 49 6 1 1 279
60 50 6 3 18 279
60 52 6 3 15 279
60 53 6 1 3 279
60 54 6 3 10 279
60 55 6 5 3 279
60 56 6 4 3 279
60 59 6 5 4 279
60 63 6 5 13 279
60 64 6 5 19 279
60 67 6 1 11 279
60 68 6 1 17 279
60 72 6 6 7 279
60 77 6 5 21 279
60 78 6 4 3 279
60 80 6 6 17 279
60 82 6 3 6 279
60 83 6 4 11 279
60 84 6 3 25 279
60 86 6 3 7 279
60 91 6 5 23 279
60 92 6 2 2 279
60 93 6 2 16 279
60 94 6 3 21 279
60 95 6 4 10 279
61 3 6 2 4 536
61 4 6 5 14 536
61 6 6 3 4 536
61 7 6 3 3 536
61 10 6 5 18 536
61 15 6 3 7 536
61 18 6 1 19 536
61 27 6 1 19 536
61 30 6 6 18 536
61 32 6 1 17 536
61 33 6 4 23 536
61 34 6 1 18 536
61 35 6 1 17 536
61 36 6 5 2 536
61 37 6 3 19 536
61 41 6 6 11 536
61 44 6 2 2 536
61 46 6 2 11 536
61 47 6 5 6 536
61 48 6 1 24 536
61 50 6 3 15 536
61 52 6 3 18 536
61 53 6 1 6 536
61 54 6 3 5 536
61 55 6 5 3 536
61 56 6 4 9 536
61 57 6 6 8 536
61 58 6 2 6 536
61 59 6 5 8 536
61 62 6 6 7 536
61 66 6 5 2 536
61 67 6 1 13 536
61 70 6 6 1 536
61 72 6 6 15 536
61 73 6 4 8 536
61 77 6 5 16 536
61 78 6 4 10 536
61 79 6 5 1 536
61 80 6 6 21 536
61 82 6 3 21 536
61 83 6 4 1 536
61 84 6 3 25 536
61 86 6 3 8 536
61 87 6 5 8 536
61 90 6 4 6 536
61 91 6 5 3 536
61 95 6 4 19 536
61 96 6 4 3 536
62 0 6 4 6 647
62 1 6 2 5 647
62 4 6 5 16 647
62 5 6 6 4 647
62 8 6 3 11 647
62 9 6 2 20 647
62 12 6 1 20 647
62 13 6 4 6 647
62 15 6 3 16 647
62 19 6 4 24 647
62 20 6 4 23 647
62 26 6 4 20 647
62 27 6 1 15 647
62 28 6 5 21 647
62 29 6 6 21 647
62 30 6 6 1 647
62 31 6 2 3 647
62 33 6 4 4 647
62 35 6 1 11 647
62 37 6 3 9 647
62 39 6 5 17 647
62 40 6 1 8 647
62 41 6 6 12 647
62 42 6 1 21 647
62 44 6 2 10 647
62 48 6 1 14 647
62 49 6 1 21 647
62 51 6 4 10 647
62 55 6 5 6 647
62 56 6 4 8 647
62 61 6 6 7 647
62 63 6 5 20 647
62 65 6 3 17 647
62 68 6 1 8 647
62 70 6 6 11 647
62 72 6 6 19 647
62 74 6 1 3 647
62 75 6 3 17 647
62 79 6 5 7 647
62 82 6 3 23 647
62 86 6 3 18 647
62 87 6 5 7 647
62 88 6 3 18 647
62 90 6 4 8 647
62 92 6 2 10 647
62 95 6 4 3 647
62 96 6 4 16 647
62 99 6 4 14 647
63 0 5 4 5 795
63 1 5 2 22 795
63 5 5 6 25 795
63 6 5 3 5 795
63 9 5 2 15 795
63 10 5 5 8 795
63 13 5 4 21 795
63 14 5 1 19 795
63 15 5 3 2 795
63 17 5 6 8 795
63 20 5 4 1 795
63 22 5 4 25 795
63 25 5 3 1 795
63 26 5 4 4 795
63 28 5 5 23 795
63 32 5 1 11 795
63 33 5 4 17 795
63 34 5 1 5 795
63 36 5 5 17 795
63 37 5 3 7 795
63 38 5 4 11 795
63 45 5 3 1 795
63 47 5 5 11 795
63 49 5 1 23 795
63 51 5 4 15 795
63 53 5 1 9 795
63 55 5 5 14 795
63 56 5 4 9 795
63 57 5 6 7 795
63 58 5 2 5 795
63 60 5 6 13 795
63 62 5 6 20 795
63 64 5 5 21 795
63 67 5 1 6 795
63 69 5 3 11 795
63 70 5 6 10 795
63 72 5 6 5 795
63 77 5 5 3 795
63 83 5 4 8 795
63 84 5 3 9 795
63 85 5 2 13 795
63 88 5 3 6 795
63 91 5 5 15 795
63 92 5 2 3 795
63 93 5 2 25 795
63 95 5 4 1 795
63 96 5 4 22 795
63 98 5 4 14 795
63 99 5 4 2 795
64 0 5 4 7 444
64 1 5 2 18 444
64 3 5 2 25 444
64 4 5 5 22 444
64 6 5 3 13 444
64 7 5 3 5 444
64 8 5 3 7 444
64 13 5 4 10 444
64 16 5 3 18 444
64 21 5 5 6 444
64 23 5 3 4 444
64 26 5 4 14 444
64 28 5 5 11 444
64 29 5 6 22 444
64 30 5 6 20 444
64 31 5 2 19 444
64 35 5 1 22 444
64 36 5 5 15 444
64 40 5 1 16 444
64 41 5 6 12 444
64 43 5 1 12 444
64 44 5 2 10 444
64 46 5 2 19 444
64 48 5 1 4 444
64 50 5 3 20 444
64 51 5 4 3 444
64 54 5 3 9 444
64 56 5 4 12 444
64 58 5 2 9 444
64 59 5 5 14 444
64 60 5 6 19 444
64 63 5 5 21 444
64 66 5 5 18 444
64 67 5 1 12 444
64 69 5 3 17 444
64 70 5 6 2 444
64 73 5 4 8 444
64 77 5 5 3 444
64 78 5 4 10 444
64 79 5 5 6 444
64 80 5 6 19 444
64 81 5 2 12 444
64 84 5 3 25 444
64 86 5 3 12 444
64 91 5 5 13 444
64 95 5 4 19 444
64 96 5 4 14 444
64 97 5 6 19 444
64 99 5 4 10 444
65 0 3 4 5 606
65 3 3 2 6 606
65 9 3 2 7 606
65 12 3 1 2 606
65 13 3 4 6 606
65 14 3 1 12 606
65 16 3 3 10 606
65 17 3 6 2 606
65 18 3 1 12 606
65 19 3 4 11 606
65 21 3 5 18 606
65 23 3 3 19 606
65 24 3 3 10 606
65 26 3 4 2 606
65 28 3 5 22 606
65 31 3 2 12 606
65 32 3 1 11 606
65 33 3 4 19 606
65 36 3 5 6 606
65 37 3 3 23 606
65 40 3 1 14 606
65 42 3 1 6 606
65 44 3 2 8 606
65 46 3 2 24 606
65 48 3 1 18 606
65 49 3 1 11 606
65 50 3 3 11 606
65 53 3 1 3 606
65 55 3 5 19 606
65 56 3 4 3 606
65 59 3 5 24 606
65 62 3 6 17 606
65 67 3 1 13 606
65 68 3 1 18 606
65 69 3 3 14 606
65 70 3 6 9 606
65 71 3 2 6 606
65 76 3 3 12 606
65 78 3 4 19 606
65 79 3 5 8 606
65 80 3 6 16 606
65 81 3 2 2 606
65 82 3 3 7 606
65 84 3 3 14 606
65 86 3 3 13 606
65 88 3 3 5 606
65 90 3 4 7 606
65 92 3 2 8 606
65 94 3 3 2 606
65 96 3 4 6 606
65 97 3 6 17 606
65 98 3 4 19 606
65 99 3 4 12 606
66 4 5 5 10 366
66 7 5 3 20 366
66 9 5 2 7 366
66 10 5 5 10 366
66 13 5 4 13 366
66 14 5 1 21 366
66 17 5 6 12 366
66 18 5 1 25 366
66 22 5 4 17 366
66 24 5 3 13 366
66 25 5 3 24 366
66 27 5 1 10 366
66 31 5 2 6 366
66 32 5 1 2 366
66 33 5 4 16 366
66 36 5 5 9 366
66 38 5 4 22 366
66 41 5 6 19 366
66 42 5 1 16 366
66 43 5 1 1 366
66 44 5 2 7 366
66 45 5 3 12 366
66 47 5 5 12 366
66 49 5 1 2 366
66 50 5 3 24 366
66 55 5 5 25 366
66 56 5 4 3 366
66 57 5 6 1 366
66 58 5 2 24 366
66 59 5 5 3 366
66 61 5 6 2 366
66 64 5 5 18 366
66 67 5 1 14 366
66 68 5 1 12 366
66 69 5 3 12 366
66 70 5 6 16 366
66 71 5 2 3 366
66 73 5 4 9 366
66 74 5 1 1 366
66 75 5 3 17 366
66 76 5 3 18 366
66 79 5 5 20 366
66 80 5 6 16 366
66 81 5 2 14 366
66 83 5 4 8 366
66 84 5 3 20 366
66 85 5 2 15 366
66 86 5 3 12 366
66 87 5 5 11 366
66 89 5 6 11 366
66 93 5 2 7 366
66 94 5 3 13 366
66 95 5 4 18 366
66 96 5 4 8 366
66 99 5 4 21 366
67 0 1 4 1 440
67 1 1 2 25 440
67 2 1 1 25 440
67 3 1 2 4 440
67 6 1 3 1 440
67 8 1 3 5 440
67 10 1 5 12 440
67 11 1 6 10 440
67 12 1 1 8 440
67 14 1 1 17 440
67 15 1 3 6 440
67 16 1 3 13 440
67 17 1 6 5 440
67 26 1 4 23 440
67 27 1 1 4 440
67 28 1 5 1 440
67 29 1 6 4 440
67 31 1 2 9 440
67 32 1 1 21 440
67 34 1 1 24 440
67 37 1 3 25 440
67 39 1 5 5 440
67 40 1 1 3 440
67 41 1 6 23 440
67 42 1 1 25 440
67 45 1 3 23 440
67 50 1 3 23 440
67 52 1 3 16 440
67 53 1 1 21 440
67 55 1 5 2 440
67 56 1 4 20 440
67 58 1 2 12 440
67 60 1 6 11 440
67 61 1 6 13 440
67 63 1 5 6 440
67 64 1 5 12 440
67 65 1 3 13 440
67 66 1 5 14 440
67 69 1 3 25 440
67 70 1 6 4 440
67 72 1 6 1 440
67 73 1 4 9 440
67 75 1 3 22 440
67 77 1 5 20 440
67 81 1 2 13 440
67 82 1 3 9 440
67 83 1 4 22 440
67 85 1 2 25 440
67 86 1 3 22 440
67 87 1 5 5 440
67 88 1 3 13 440
67 90 1 4 18 440
67 92 1 2 8 440
67 95 1 4 24 440
67 96 1 4 13 440
67 98 1 4 3 440
67 99 1 4 4 440
68 0 1 4 17 898
68 1 1 2 22 898
68 3 1 2 14 898
68 4 1 5 3 898
68 5 1 6 24 898
68 8 1 3 10 898
68 9 1 2 3 898
68 10 1 5 5 898
68 11 1 6 16 898
68 13 1 4 9 898
68 15 1 3 24 898
68 16 1 3 19 898
68 17 1 6 12 898
68 19 1 4 11 898
68 20 1 4 25 898
68 21 1 5 22 898
68 23 1 3 22 898
68 26 1 4 20 898
68 28 1 5 20 898
68 30 1 6 16 898
68 31 1 2 9 898
68 33 1 4 4 898
68 35 1 1 23 898
68 36 1 5 4 898
68 39 1 5 7 898
68 43 1 1 7 898
68 44 1 2 22 898
68 45 1 3 22 898
68 46 1 2 22 898
68 47 1 5 14 898
68 51 1 4 9 898
68 52 1 3 9 898
68 53 1 1 7 898
68 56 1 4 12 898
68 58 1 2 17 898
68 59 1 5 19 898
68 60 1 6 17 898
68 62 1 6 8 898
68 65 1 3 18 898
68 66 1 5 12 898
68 72 1 6 5 898
68 74 1 1 10 898
68 75 1 3 20 898
68 77 1 5 17 898
68 78 1 4 20 898
68 79 1 5 14 898
68 80 1 6 13 898
68 82 1 3 19 898
68 83 1 4 21 898
68 84 1 3 13 898
68 86 1 3 7 898
68 87 1 5 1 898
68 89 1 6 12 898
68 90 1 4 23 898
68 91 1 5 18 898
68 95 1 4 3 898
68 96 1 4 10 898
68 98 1 4 24 898
68 99 1 4 12 898
69 7 3 3 8 925
69 8 3 3 6 925
69 11 3 6 5 925
69 12 3 1 16 925
69 13 3 4 8 925
69 16 3 3 17 925
69 20 3 4 25 925
69 23 3 3 23 925
69 24 3 3 25 925
69 27 3 1 11 925
69 28 3 5 8 925
69 33 3 4 9 925
69 37 3 3 15 925
69 38 3 4 19 925
69 39 3 5 11 925
69 41 3 6 12 925
69 42 3 1 6 925
69 45 3 3 2 925
69 46 3 2 23 925
69 47 3 5 11 925
69 48 3 1 7 925
69 50 3 3 17 925
69 51 3 4 8 925
69 52 3 3 16 925
69 53 3 1 18 925
69 54 3 3 22 925
69 55 3 5 18 925
69 57 3 6 4 925
69 58 3 2 9 925
69 63 3 5 11 925
69 64 3 5 17 925
69 65 3 3 14 925
69 66 3 5 12 925
69 67 3 1 25 925
69 70 3 6 14 925
69 72 3 6 1 925
69 74 3 1 8 925
69 81 3 2 3 925
69 82 3 3 16 925
69 84 3 3 4 925
69 85 3 2 5 925
69 86 3 3 21 925
69 87 3 5 21 925
69 89 3 6 2 925
69 93 3 2 10 925
69 98 3 4 4 925
70 2 6 1 4 649
70 5 6 6 4 649
70 6 6 3 18 649
70 7 6 3 12 649
70 8 6 3 16 649
70 10 6 5 19 649
70 11 6 6 14 649
70 13 6 4 11 649
70 14 6 1 5 649
70 15 6 3 11 649
70 18 6 1 25 649
70 19 6 4 4 649
70 20 6 4 3 649
70 31 6 2 25 649
70 33 6 4 6 649
70 34 6 1 12 649
70 35 6 1 21 649
70 37 6 3 25 649
70 39 6 5 8 649
70 43 6 1 15 649
70 47 6 5 20 649
70 50 6 3 25 649
70 53 6 1 9 649
70 54 6 3 24 649
70 56 6 4 20 649
70 58 6 2 19 649
70 59 6 5 7 649
70 61 6 6 1 649
70 62 6 6 11 649
70 63 6 5 10 649
70 64 6 5 2 649
70 65 6 3 9 649
70 66 6 5 16 649
70 67 6 1 4 649
70 69 6 3 14 649
70 73 6 4 2 649
70 77 6 5 18 649
70 80 6 6 2 649
70 85 6 2 19 649
70 89 6 6 5 649
70 90 6 4 18 649
70 91 6 5 6 649
70 92 6 2 12 649
70 94 6 3 22 649
70 95 6 4 3 649
70 96 6 4 1 649
70 97 6 6 10 649
70 98 6 4 3 649
70 99 6 4 18 649
71 0 2 4 11 586
71 2 2 1 19 586
71 4 2 5 1 586
71 7 2 3 14 586
71 9 2 2 6 586
71 11 2 6 9 586
71 12 2 1 8 586
71 13 2 4 22 586
71 15 2 3 10 586
71 22 2 4 6 586
71 23 2 3 19 586
71 24 2 3 19 586
71 25 2 3 4 586
71 28 2 5 15 586
71 29 2 6 19 586
71 30 2 6 2 586
71 31 2 2 17 586
71 32 2 1 7 586
71 34 2 1 13 586
71 36 2 5 17 586
71 38 2 4 8 586
71 39 2 5 1 586
71 40 2 1 12 586
71 42 2 1 20 586
71 43 2 1 17 586
71 45 2 3 18 586
71 46 2 2 21 586
71 49 2 1 2 586
71 51 2 4 9 586
71 55 2 5 19 586
71 56 2 4 6 586
71 58 2 2 2 586
71 59 2 5 7 586
71 65 2 3 6 586
71 66 2 5 3 586
71 72 2 6 6 586
71 73 2 4 16 586
71 74 2 1 6 586
71 76 2 3 24 586
71 77 2 5 24 586
71 78 2 4 24 586
71 79 2 5 9 586
71 80 2 6 17 586
71 81 2 2 14 586
71 82 2 3 3 586
71 83 2 4 5 586
71 85 2 2 4 586
71 91 2 5 22 586
71 93 2 2 19 586
71 95 2 4 7 586
71 97 2 6 9 586
72 1 6 2 18 747
72 2 6 1 14 747
72 4 6 5 23 747
72 5 6 6 7 747
72 6 6 3 20 747
72 8 6 3 8 747
72 9 6 2 17 747
72 10 6 5 23 747
72 13 6 4 4 747
72 14 6 1 12 747
72 16 6 3 8 747
72 17 6 6 17 747
72 19 6 4 15 747
72 22 6 4 25 747
72 23 6 3 23 747
72 24 6 3 16 747
72 26 6 4 20 747
72 28 6 5 22 747
72 30 6 6 3 747
72 32 6 1 20 747
72 35 6 1 2 747
72 37 6 3 10 747
72 38 6 4 24 747
72 39 6 5 8 747
72 41 6 6 7 747
72 43 6 1 7 747
72 45 6 3 8 747
72 46 6 2 14 747
72 49 6 1 10 747
72 50 6 3 25 747
72 52 6 3 15 747
72 53 6 1 23 747
72 54 6 3 6 747
72 55 6 5 15 747
72 59 6 5 14 747
72 60 6 6 7 747
72 61 6 6 15 747
72 62 6 6 19 747
72 63 6 5 5 747
72 67 6 1 1 747
72 68 6 1 5 747
72 69 6 3 1 747
72 71 6 2 6 747
72 73 6 4 2 747
72 74 6 1 24 747
72 75 6 3 6 747
72 76 6 3 17 747
72 79 6 5 15 747
72 80 6 6 17 747
72 83 6 4 10 747
72 84 6 3 10 747
72 85 6 2 17 747
72 86 6 3 18 747
72 87 6 5 6 747
72 88 6 3 16 747
72 89 6 6 5 747
72 91 6 5 18 747
72 92 6 2 21 747
72 94 6 3 21 747
72 96 6 4 1 747
73 0 4 4 10 151
73 1 4 2 21 151
73 2 4 1 10 151
73 4 4 5 10 151
73 6 4 3 20 151
73 7 4 3 2 151
73 11 4 6 10 151
73 16 4 3 5 151
73 19 4 4 10 151
73 20 4 4 8 151
73 22 4 4 14 151
73 27 4 1 21 151
73 28 4 5 22 151
73 30 4 6 1 151
73 36 4 5 23 151
73 40 4 1 6 151
73 42 4 1 7 151
73 44 4 2 1 151
73 46 4 2 8 151
73 47 4 5 11 151
73 50 4 3 15 151
73 51 4 4 25 151
73 53 4 1 6 151
73 54 4 3 11 151
73 59 4 5 22 151
73 61 4 6 8 151
73 64 4 5 8 151
73 66 4 5 9 151
73 67 4 1 9 151
73 70 4 6 2 151
73 71 4 2 16 151
73 72 4 6 2 151
73 76 4 3 4 151
73 83 4 4 1 151
73 84 4 3 12 151
73 90 4 4 2 151
73 91 4 5 12 151
73 94 4 3 6 151
73 95 4 4 1 151
73 96 4 4 16 151
73 98 4 4 14 151
73 99 4 4 23 151
74 2 1 1 14 116
74 3 1 2 23 116
74 4 1 5 21 116
74 7 1 3 24 116
74 8 1 3 16 116
74 9 1 2 10 116
74 12 1 1 20 116
74 17 1 6 11 116
74 19 1 4 18 116
74 20 1 4 5 116
74 24 1 3 24 116
74 25 1 3 9 116
74 26 1 4 20 116
74 28 1 5 3 116
74 30 1 6 15 116
74 35 1 1 23 116
74 36 1 5 23 116
74 37 1 3 13 116
74 38 1 4 25 116
74 39 1 5 12 116
74 41 1 6 7 116
74 42 1 1 11 116
74 43 1 1 18 116
74 45 1 3 17 116
74 48 1 1 13 116
74 50 1 3 17 116
74 51 1 4 7 116
74 53 1 1 21 116
74 55 1 5 19 116
74 59 1 5 25 116
74 62 1 6 3 116
74 66 1 5 1 116
74 68 1 1 10 116
74 69 1 3 8 116
74 71 1 2 6 116
74 72 1 6 24 116
74 76 1 3 6 116
74 77 1 5 3 116
74 78 1 4 11 116
74 79 1 5 4 116
74 84 1 3 19 116
74 86 1 3 4 116
74 87 1 5 23 116
74 93 1 2 20 116
74 95 1 4 14 116
74 96 1 4 4 116
74 97 1 6 12 116
74 98 1 4 12 116
75 0 3 4 14 510
75 1 3 2 17 510
75 4 3 5 20 510
75 6 3 3 4 510
75 7 3 3 20 510
75 9 3 2 20 510
75 11 3 6 18 510
75 12 3 1 1 510
75 13 3 4 22 510
75 14 3 1 4 510
75 19 3 4 5 510
75 21 3 5 1 510
75 24 3 3 18 510
75 25 3 3 7 510
75 26 3 4 16 510
75 28 3 5 8 510
75 30 3 6 12 510
75 33 3 4 17 510
75 34 3 1 11 510
75 35 3 1 10 510
75 36 3 5 14 510
75 39 3 5 11 510
75 44 3 2 23 510
75 45 3 3 19 510
75 47 3 5 3 510
75 48 3 1 19 510
75 49 3 1 18 510
75 50 3 3 24 510
75 55 3 5 1 510
75 57 3 6 25 510
75 62 3 6 17 510
75 66 3 5 17 510
75 67 3 1 22 510
75 68 3 1 20 510
75 72 3 6 6 510
75 77 3 5 2 510
75 78 3 4 21 510
75 79 3 5 9 510
75 80 3 6 20 510
75 81 3 2 24 510
75 82 3 3 14 510
75 84 3 3 17 510
75 85 3 2 24 510
75 86 3 3 13 510
75 87 3 5 14 510
75 88 3 3 16 510
75 89 3 6 8 510
75 90 3 4 19 510
75 94 3 3 1 510
75 97 3 6 17 510
76 0 3 4 3 998
76 1 3 2 18 998
76 4 3 5 3 998
76 7 3 3 13 998
76 11 3 6 2 998
76 12 3 1 14 998
76 13 3 4 1 998
76 18 3 1 17 998
76 19 3 4 18 998
76 20 3 4 6 998
76 21 3 5 9 998
76 23 3 3 6 998
76 24 3 3 19 998
76 30 3 6 1 998
76 32 3 1 5 998
76 34 3 1 11 998
76 37 3 3 14 998
76 38 3 4 7 998
76 39 3 5 4 998
76 41 3 6 25 998
76 42 3 1 10 998
76 43 3 1 11 998
76 47 3 5 20 998
76 48 3 1 17 998
76 49 3 1 17 998
76 50 3 3 11 998
76 54 3 3 6 998
76 56 3 4 14 998
76 58 3 2 10 998
76 59 3 5 10 998
76 65 3 3 12 998
76 66 3 5 18 998
76 71 3 2 24 998
76 72 3 6 17 998
76 73 3 4 4 998
76 74 3 1 6 998
76 79 3 5 18 998
76 80 3 6 3 998
76 87 3 5 20 998
76 89 3 6 17 998
76 91 3 5 14 998
76 94 3 3 10 998
76 96 3 4 3 998
76 97 3 6 20 998
77 1 5 2 19 209
77 2 5 1 11 209
77 5 5 6 25 209
77 6 5 3 15 209
77 8 5 3 23 209
77 9 5 2 17 209
77 11 5 6 22 209
77 12 5 1 22 209
77 15 5 3 11 209
77 17 5 6 17 209
77 18 5 1 25 209
77 19 5 4 12 209
77 21 5 5 22 209
77 22 5 4 18 209
77 24 5 3 3 209
77 25 5 3 14 209
77 30 5 6 14 209
77 31 5 2 17 209
77 33 5 4 14 209
77 35 5 1 12 209
77 39 5 5 5 209
77 41 5 6 14 209
77 46 5 2 22 209
77 49 5 1 13 209
77 53 5 1 24 209
77 56 5 4 18 209
77 60 5 6 21 209
77 61 5 6 16 209
77 63 5 5 3 209
77 64 5 5 3 209
77 67 5 1 20 209
77 68 5 1 17 209
77 70 5 6 18 209
77 71 5 2 24 209
77 74 5 1 3 209
77 75 5 3 2 209
77 80 5 6 14 209
77 83 5 4 6 209
77 84 5 3 15 209
77 85 5 2 6 209
77 87 5 5 6 209
77 88 5 3 6 209
77 90 5 4 20 209
77 91 5 5 12 209
77 92 5 2 17 209
77 94 5 3 18 209
77 95 5 4 8 209
77 97 5 6 13 209
78 0 4 4 15 815
78 1 4 2 9 815
78 2 4 1 7 815
78 3 4 2 24 815
78 4 4 5 25 815
78 5 4 6 14 815
78 6 4 3 4 815
78 7 4 3 18 815
78 8 4 3 25 815
78 10 4 5 12 815
78 11 4 6 22 815
78 13 4 4 3 815
78 16 4 3 25 815
78 17 4 6 5 815
78 19 4 4 20 815
78 21 4 5 4 815
78 22 4 4 15 815
78 25 4 3 14 815
78 31 4 2 12 815
78 33 4 4 5 815
78 34 4 1 2 815
78 36 4 5 5 815
78 38 4 4 14 815
78 39 4 5 16 815
78 40 4 1 20 815
78 42 4 1 19 815
78 43 4 1 14 815
78 44 4 2 14 815
78 45 4 3 18 815
78 47 4 5 6 815
78 49 4 1 17 815
78 50 4 3 14 815
78 56 4 4 20 815
78 58 4 2 5 815
78 60 4 6 3 815
78 61 4 6 10 815
78 64 4 5 10 815
78 65 4 3 19 815
78 68 4 1 20 815
78 71 4 2 24 815
78 74 4 1 11 815
78 75 4 3 21 815
78 79 4 5 3 815
78 85 4 2 17 815
78 87 4 5 23 815
78 89 4 6 19 815
78 91 4 5 11 815
78 93 4 2 1 815
78 95 4 4 6 815
78 96 4 4 4 815
78 98 4 4 8 815
78 99 4 4 6 815
79 1 5 2 12 421
79 4 5 5 16 421
79 6 5 3 14 421
79 7 5 3 25 421
79 9 5 2 3 421
79 12 5 1 22 421
79 13 5 4 20 421
79 14 5 1 14 421
79 15 5 3 16 421
79 17 5 6 6 421
79 22 5 4 19 421
79 26 5 4 18 421
79 27 5 1 21 421
79 30 5 6 25 421
79 31 5 2 21 421
79 32 5 1 18 421
79 34 5 1 18 421
79 35 5 1 15 421
79 37 5 3 5 421
79 39 5 5 6 421
79 44 5 2 5 421
79 45 5 3 22 421
79 49 5 1 10 421
79 54 5 3 10 421
79 55 5 5 19 421
79 56 5 4 19 421
79 57 5 6 8 421
79 58 5 2 10 421
79 59 5 5 6 421
79 61 5 6 1 421
79 62 5 6 7 421
79 64 5 5 6 421
79 65 5 3 8 421
79 66 5 5 20 421
79 68 5 1 14 421
79 71 5 2 9 421
79 72 5 6 15 421
79 74 5 1 4 421
79 75 5 3 9 421
79 76 5 3 18 421
79 78 5 4 3 421
79 81 5 2 20 421
79 82 5 3 22 421
79 83 5 4 3 421
79 84 5 3 20 421
79 85 5 2 4 421
79 86 5 3 8 421
79 88 5 3 14 421
79 89 5 6 25 421
79 91 5 5 6 421
79 94 5 3 24 421
79 97 5 6 25 421
80 0 6 4 11 468
80 1 6 2 20 468
80 2 6 1 21 468
80 3 6 2 24 468
80 4 6 5 3 468
80 8 6 3 13 468
80 9 6 2 18 468
80 12 6 1 24 468
80 13 6 4 18 468
80 14 6 1 17 468
80 15 6 3 20 468
80 16 6 3 10 468
80 17 6 6 21 468
80 18 6 1 11 468
80 21 6 5 11 468
80 23 6 3 24 468
80 25 6 3 6 468
80 26 6 4 16 468
80 27 6 1 1 468
80 29 6 6 19 468
80 30 6 6 8 468
80 31 6 2 19 468
80 32 6 1 9 468
80 37 6 3 3 468
80 38 6 4 24 468
80 40 6 1 8 468
80 41 6 6 11 468
80 44 6 2 1 468
80 50 6 3 9 468
80 53 6 1 23 468
80 58 6 2 20 468
80 59 6 5 24 468
80 60 6 6 17 468
80 61 6 6 21 468
80 64 6 5 19 468
80 65 6 3 16 468
80 66 6 5 16 468
80 68 6 1 13 468
80 70 6 6 2 468
80 71 6 2 17 468
80 72 6 6 17 468
80 75 6 3 20 468
80 76 6 3 3 468
80 77 6 5 14 468
80 81 6 2 18 468
80 82 6 3 7 468
80 84 6 3 2 468
80 86 6 3 13 468
80 89 6 6 19 468
80 90 6 4 24 468
80 92 6 2 24 468
80 94 6 3 20 468
80 95 6 4 14 468
80 97 6 6 14 468
80 98 6 4 20 468
80 99 6 4 4 468
81 2 2 1 22 764
81 4 2 5 19 764
81 7 2 3 18 764
81 8 2 3 17 764
81 9 2 2 11 764
81 11 2 6 8 764
81 12 2 1 6 764
81 13 2 4 7 764
81 14 2 1 14 764
81 18 2 1 5 764
81 19 2 4 20 764
81 20 2 4 21 764
81 21 2 5 16 764
81 22 2 4 7 764
81 23 2 3 2 764
81 26 2 4 21 764
81 27 2 1 14 764
81 28 2 5 8 764
81 30 2 6 22 764
81 31 2 2 6 764
81 34 2 1 19 764
81 35 2 1 2 764
81 38 2 4 16 764
81 42 2 1 5 764
81 43 2 1 10 764
81 45 2 3 3 764
81 47 2 5 23 764
81 49 2 1 2 764
81 53 2 1 17 764
81 57 2 6 11 764
81 58 2 2 6 764
81 64 2 5 12 764
81 65 2 3 2 764
81 66 2 5 14 764
81 67 2 1 13 764
81 69 2 3 3 764
81 71 2 2 14 764
81 75 2 3 24 764
81 79 2 5 20 764
81 80 2 6 18 764
81 84 2 3 17 764
81 86 2 3 2 764
81 87 2 5 23 764
81 88 2 3 15 764
81 89 2 6 14 764
81 95 2 4 23 764
81 96 2 4 25 764
81 97 2 6 4 764
82 0 3 4 25 835
82 1 3 2 10 835
82 2 3 1 6 835
82 3 3 2 19 835
82 4 3 5 15 835
82 11 3 6 21 835
82 12 3 1 10 835
82 14 3 1 23 835
82 16 3 3 18 835
82 17 3 6 9 835
82 18 3 1 19 835
82 19 3 4 17 835
82 20 3 4 22 835
82 23 3 3 9 835
82 24 3 3 22 835
82 26 3 4 1 835
82 27 3 1 2 835
82 28 3 5 13 835
82 29 3 6 22 835
82 30 3 6 15 835
82 31 3 2 22 835
82 33 3 4 13 835
82 34 3 1 19 835
82 35 3 1 16 835
82 37 3 3 14 835
82 38 3 4 2 835
82 39 3 5 5 835
82 40 3 1 5 835
82 41 3 6 14 835
82 42 3 1 25 835
82 43 3 1 21 835
82 45 3 3 17 835
82 46 3 2 12 835
82 48 3 1 12 835
82 49 3 1 10 835
82 50 3 3 8 835
82 54 3 3 25 835
82 56 3 4 17 835
82 59 3 5 25 835
82 60 3 6 6 835
82 61 3 6 21 835
82 62 3 6 23 835
82 65 3 3 7 835
82 67 3 1 9 835
82 68 3 1 19 835
82 69 3 3 16 835
82 71 3 2 3 835
82 75 3 3 14 835
82 79 3 5 22 835
82 80 3 6 7 835
82 84 3 3 23 835
82 85 3 2 24 835
82 89 3 6 25 835
82 90 3 4 23 835
82 91 3 5 23 835
82 93 3 2 3 835
82 96 3 4 6 835
82 98 3 4 1 835
82 99 3 4 7 835
83 1 4 2 25 136
83 2 4 1 4 136
83 3 4 2 19 136
83 4 4 5 21 136
83 5 4 6 24 136
83 6 4 3 22 136
83 7 4 3 5 136
83 10 4 5 21 136
83 11 4 6 16 136
83 13 4 4 1 136
83 14 4 1 17 136
83 18 4 1 17 136
83 24 4 3 4 136
83 25 4 3 14 136
83 26 4 4 25 136
83 29 4 6 4 136
83 30 4 6 19 136
83 35 4 1 14 136
83 36 4 5 24 136
83 37 4 3 13 136
83 38 4 4 17 136
83 40 4 1 24 136
83 41 4 6 22 136
83 42 4 1 24 136
83 46 4 2 9 136
83 49 4 1 7 136
83 51 4 4 7 136
83 52 4 3 2 136
83 59 4 5 12 136
83 60 4 6 11 136
83 61 4 6 1 136
83 63 4 5 8 136
83 66 4 5 8 136
83 67 4 1 22 136
83 68 4 1 21 136
83 71 4 2 5 136
83 72 4 6 10 136
83 73 4 4 1 136
83 77 4 5 6 136
83 79 4 5 3 136
83 84 4 3 8 136
83 86 4 3 12 136
83 90 4 4 25 136
83 91 4 5 6 136
83 94 4 3 7 136
83 96 4 4 11 136
83 99 4 4 1 136
84 0 3 4 20 795
84 2 3 1 14 795
84 3 3 2 13 795
84 4 3 5 20 795
84 6 3 3 3 795
84 9 3 2 24 795
84 12 3 1 20 795
84 13 3 4 23 795
84 14 3 1 3 795
84 15 3 3 24 795
84 17 3 6 20 795
84 19 3 4 25 795
84 20 3 4 21 795
84 22 3 4 20 795
84 23 3 3 4 795
84 24 3 3 21 795
84 26 3 4 7 795
84 28 3 5 24 795
84 31 3 2 12 795
84 32 3 1 6 795
84 33 3 4 10 795
84 37 3 3 7 795
84 39 3 5 25 795
84 40 3 1 18 795
84 41 3 6 20 795
84 43 3 1 4 795
84 46 3 2 3 795
84 48 3 1 25 795
84 50 3 3 13 795
84 52 3 3 14 795
84 53 3 1 23 795
84 54 3 3 21 795
84 60 3 6 25 795
84 61 3 6 25 795
84 63 3 5 9 795
84 64 3 5 25 795
84 65 3 3 14 795
84 66 3 5 20 795
84 68 3 1 13 795
84 69 3 3 4 795
84 72 3 6 10 795
84 73 3 4 12 795
84 74 3 1 19 795
84 75 3 3 17 795
84 77 3 5 15 795
84 79 3 5 20 795
84 80 3 6 2 795
84 81 3 2 17 795
84 82 3 3 23 795
84 83 3 4 8 795
84 86 3 3 13 795
84 89 3 6 6 795
84 90 3 4 18 795
84 92 3 2 5 795
84 93 3 2 14 795
84 99 3 4 5 795
85 0 2 4 19 238
85 2 2 1 6 238
85 4 2 5 22 238
85 5 2 6 16 238
85 6 2 3 15 238
85 11 2 6 17 238
85 13 2 4 20 238
85 14 2 1 24 238
85 19 2 4 23 238
85 22 2 4 19 238
85 23 2 3 14 238
85 29 2 6 24 238
85 30 2 6 13 238
85 31 2 2 6 238
85 32 2 1 24 238
85 33 2 4 24 238
85 38 2 4 18 238
85 40 2 1 5 238
85 42 2 1 7 238
85 45 2 3 9 238
85 48 2 1 17 238
85 49 2 1 5 238
85 51 2 4 11 238
85 53 2 1 10 238
85 56 2 4 23 238
85 63 2 5 13 238
85 66 2 5 15 238
85 67 2 1 25 238
85 69 2 3 5 238
85 70 2 6 19 238
85 71 2 2 4 238
85 72 2 6 17 238
85 75 2 3 24 238
85 77 2 5 6 238
85 78 2 4 17 238
85 79 2 5 4 238
85 82 2 3 24 238
85 86 2 3 18 238
85 87 2 5 24 238
85 88 2 3 11 238
85 89 2 6 18 238
85 90 2 4 3 238
85 93 2 2 5 238
85 94 2 3 7 238
85 95 2 4 18 238
85 97 2 6 8 238
85 99 2 4 17 238
86 6 3 3 13 114
86 7 3 3 25 114
86 8 3 3 14 114
86 9 3 2 5 114
86 10 3 5 11 114
86 13 3 4 19 114
86 16 3 3 8 114
86 18 3 1 4 114
86 21 3 5 7 114
86 27 3 1 24 114
86 28 3 5 13 114
86 29 3 6 4 114
86 30 3 6 15 114
86 33 3 4 16 114
86 36 3 5 12 114
86 37 3 3 4 114
86 40 3 1 21 114
86 43 3 1 5 114
86 44 3 2 2 114
86 45 3 3 18 114
86 47 3 5 24 114
86 49 3 1 19 114
86 53 3 1 3 114
86 54 3 3 7 114
86 55 3 5 12 114
86 57 3 6 3 114
86 59 3 5 14 114
86 60 3 6 7 114
86 61 3 6 8 114
86 62 3 6 18 114
86 64 3 5 12 114
86 65 3 3 13 114
86 66 3 5 12 114
86 67 3 1 22 114
86 68 3 1 7 114
86 69 3 3 21 114
86 72 3 6 18 114
86 74 3 1 4 114
86 75 3 3 13 114
86 79 3 5 8 114
86 80 3 6 13 114
86 81 3 2 2 114
86 83 3 4 12 114
86 84 3 3 13 114
86 85 3 2 18 114
86 87 3 5 4 114
86 89 3 6 8 114
86 90 3 4 9 114
86 91 3 5 16 114
86 93 3 2 25 114
86 96 3 4 4 114
86 97 3 6 17 114
86 99 3 4 12 114
87 1 5 2 13 910
87 2 5 1 7 910
87 5 5 6 8 910
87 6 5 3 13 910
87 10 5 5 2 910
87 14 5 1 19 910
87 16 5 3 12 910
87 19 5 4 20 910
87 21 5 5 5 910
87 22 5 4 25 910
87 24 5 3 23 910
87 27 5 1 10 910
87 31 5 2 4 910
87 33 5 4 15 910
87 34 5 1 16 910
87 36 5 5 8 910
87 39 5 5 17 910
87 41 5 6 21 910
87 45 5 3 2 910
87 46 5 2 17 910
87 50 5 3 9 910
87 51 5 4 17 910
87 53 5 1 22 910
87 59 5 5 3 910
87 61 5 6 8 910
87 62 5 6 7 910
87 66 5 5 11 910
87 67 5 1 5 910
87 68 5 1 1 910
87 69 5 3 21 910
87 72 5 6 6 910
87 74 5 1 23 910
87 75 5 3 14 910
87 76 5 3 20 910
87 77 5 5 6 910
87 78 5 4 23 910
87 81 5 2 23 910
87 85 5 2 24 910
87 86 5 3 4 910
87 88 5 3 12 910
87 89 5 6 9 910
87 91 5 5 19 910
87 92 5 2 5 910
87 93 5 2 16 910
87 95 5 4 6 910
87 99 5 4 24 910
88 2 3 1 11 623
88 5 3 6 19 623
88 10 3 5 5 623
88 11 3 6 14 623
88 13 3 4 2 623
88 15 3 3 18 623
88 16 3 3 19 623
88 17 3 6 3 623
88 18 3 1 19 623
88 19 3 4 13 623
88 20 3 4 16 623
88 21 3 5 9 623
88 22 3 4 19 623
88 23 3 3 10 623
88 24 3 3 16 623
88 26 3 4 16 623
88 27 3 1 24 623
88 29 3 6 12 623
88 30 3 6 10 623
88 31 3 2 7 623
88 33 3 4 18 623
88 34 3 1 13 623
88 36 3 5 4 623
88 37 3 3 6 623
88 41 3 6 12 623
88 42 3 1 1 623
88 43 3 1 15 623
88 44 3 2 9 623
88 46 3 2 1 623
88 50 3 3 19 623
88 51 3 4 4 623
88 52 3 3 19 623
88 53 3 1 23 623
88 58 3 2 21 623
88 62 3 6 18 623
88 63 3 5 6 623
88 65 3 3 5 623
88 67 3 1 13 623
88 72 3 6 16 623
88 75 3 3 16 623
88 77 3 5 6 623
88 79 3 5 14 623
88 81 3 2 15 623
88 85 3 2 11 623
88 87 3 5 12 623
88 93 3 2 11 623
88 94 3 3 25 623
88 95 3 4 17 623
88 96 3 4 10 623
88 97 3 6 21 623
88 98 3 4 17 623
89 1 6 2 3 635
89 4 6 5 24 635
89 9 6 2 22 635
89 11 6 6 14 635
89 17 6 6 21 635
89 18 6 1 17 635
89 20 6 4 4 635
89 25 6 3 1 635
89 28 6 5 1 635
89 32 6 1 22 635
89 33 6 4 4 635
89 34 6 1 4 635
89 35 6 1 21 635
89 37 6 3 19 635
89 39 6 5 7 635
89 41 6 6 21 635
89 42 6 1 6 635
89 43 6 1 22 635
89 44 6 2 19 635
89 45 6 3 2 635
89 47 6 5 22 635
89 49 6 1 15 635
89 55 6 5 25 635
89 56 6 4 1 635
89 57 6 6 17 635
89 58 6 2 23 635
89 59 6 5 14 635
89 66 6 5 11 635
89 68 6 1 12 635
89 69 6 3 2 635
89 70 6 6 5 635
89 72 6 6 5 635
89 75 6 3 8 635
89 76 6 3 17 635
89 78 6 4 19 635
89 79 6 5 25 635
89 80 6 6 19 635
89 81 6 2 14 635
89 82 6 3 25 635
89 84 6 3 6 635
89 85 6 2 18 635
89 86 6 3 8 635
89 87 6 5 9 635
89 90 6 4 2 635
89 91 6 5 20 635
89 96 6 4 24 635
89 97 6 6 2 635
89 98 6 4 7 635
89 99 6 4 15 635
90 0 4 4 2 651
90 1 4 2 17 651
90 2 4 1 7 651
90 4 4 5 2 651
90 5 4 6 5 651
90 7 4 3 15 651
90 8 4 3 23 651
90 11 4 6 7 651
90 13 4 4 11 651
90 14 4 1 11 651
90 16 4 3 20 651
90 19 4 4 23 651
90 20 4 4 17 651
90 22 4 4 1 651
90 23 4 3 1 651
90 24 4 3 21 651
90 26 4 4 24 651
90 29 4 6 4 651
90 30 4 6 12 651
90 31 4 2 3 651
90 32 4 1 25 651
90 36 4 5 6 651
90 38 4 4 15 651
90 39 4 5 23 651
90 40 4 1 1 651
90 41 4 6 3 651
90 42 4 1 2 651
90 43 4 1 11 651
90 52 4 3 15 651
90 55 4 5 2 651
90 56 4 4 20 651
90 57 4 6 21 651
90 58 4 2 22 651
90 59 4 5 8 651
90 61 4 6 6 651
90 62 4 6 8 651
90 65 4 3 7 651
90 67 4 1 18 651
90 68 4 1 23 651
90 70 4 6 18 651
90 73 4 4 2 651
90 75 4 3 19 651
90 77 4 5 20 651
90 80 4 6 24 651
90 82 4 3 23 651
90 83 4 4 25 651
90 84 4 3 18 651
90 85 4 2 3 651
90 86 4 3 9 651
90 89 4 6 2 651
90 96 4 4 20 651
90 97 4 6 11 651
90 98 4 4 2 651
91 0 5 4 22 576
91 1 5 2 4 576
91 2 5 1 21 576
91 3 5 2 9 576
91 11 5 6 19 576
91 17 5 6 13 576
91 20 5 4 20 576
91 21 5 5 18 576
91 24 5 3 24 576
91 25 5 3 21 576
91 26 5 4 17 576
91 27 5 1 18 576
91 31 5 2 13 576
91 32 5 1 23 576
91 34 5 1 14 576
91 35 5 1 12 576
91 36 5 5 5 576
91 41 5 6 17 576
91 42 5 1 4 576
91 44 5 2 14 576
91 46 5 2 15 576
91 53 5 1 20 576
91 54 5 3 19 576
91 55 5 5 1 576
91 58 5 2 7 576
91 59 5 5 17 576
91 60 5 6 23 576
91 61 5 6 3 576
91 63 5 5 15 576
91 64 5 5 13 576
91 68 5 1 18 576
91 70 5 6 6 576
91 71 5 2 22 576
91 72 5 6 18 576
91 73 5 4 12 576
91 76 5 3 14 576
91 77 5 5 12 576
91 78 5 4 11 576
91 79 5 5 6 576
91 82 5 3 23 576
91 83 5 4 6 576
91 86 5 3 16 576
91 87 5 5 19 576
91 89 5 6 20 576
91 92 5 2 4 576
91 93 5 2 13 576
91 94 5 3 16 576
91 97 5 6 18 576
92 0 2 4 22 497
92 1 2 2 25 497
92 2 2 1 2 497
92 3 2 2 24 497
92 4 2 5 13 497
92 10 2 5 8 497
92 12 2 1 9 497
92 14 2 1 19 497
92 15 2 3 4 497
92 17 2 6 9 497
92 19 2 4 23 497
92 20 2 4 2 497
92 22 2 4 12 497
92 23 2 3 8 497
92 25 2 3 14 497
92 26 2 4 20 497
92 27 2 1 9 497
92 30 2 6 23 497
92 31 2 2 11 497
92 37 2 3 17 497
92 38 2 4 19 497
92 40 2 1 20 497
92 42 2 1 25 497
92 45 2 3 24 497
92 48 2 1 15 497
92 49 2 1 14 497
92 50 2 3 17 497
92 51 2 4 4 497
92 60 2 6 2 497
92 62 2 6 10 497
92 63 2 5 3 497
92 65 2 3 8 497
92 67 2 1 8 497
92 70 2 6 12 497
92 72 2 6 21 497
92 77 2 5 17 497
92 80 2 6 24 497
92 84 2 3 5 497
92 87 2 5 5 497
92 91 2 5 4 497
92 93 2 2 20 497
92 94 2 3 22 497
92 97 2 6 18 497
92 98 2 4 17 497
92 99 2 4 9 497
93 0 2 4 14 558
93 6 2 3 8 558
93 15 2 3 18 558
93 17 2 6 8 558
93 19 2 4 24 558
93 21 2 5 21 558
93 22 2 4 15 558
93 23 2 3 15 558
93 24 2 3 21 558
93 27 2 1 21 558
93 28 2 5 25 558
93 30 2 6 14 558
93 31 2 2 8 558
93 33 2 4 10 558
93 34 2 1 24 558
93 36 2 5 21 558
93 38 2 4 15 558
93 40 2 1 10 558
93 42 2 1 13 558
93 43 2 1 18 558
93 46 2 2 3 558
93 52 2 3 14 558
93 54 2 3 6 558
93 55 2 5 9 558
93 56 2 4 2 558
93 58 2 2 23 558
93 60 2 6 16 558
93 63 2 5 25 558
93 66 2 5 7 558
93 69 2 3 10 558
93 71 2 2 19 558
93 74 2 1 20 558
93 78 2 4 1 558
93 82 2 3 3 558
93 84 2 3 14 558
93 85 2 2 5 558
93 86 2 3 25 558
93 87 2 5 16 558
93 88 2 3 11 558
93 91 2 5 13 558
93 92 2 2 20 558
93 94 2 3 17 558
93 97 2 6 1 558
93 98 2 4 8 558
93 99 2 4 24 558
94 3 3 2 25 871
94 5 3 6 4 871
94 6 3 3 17 871
94 8 3 3 3 871
94 10 3 5 5 871
94 12 3 1 4 871
94 14 3 1 18 871
94 15 3 3 14 871
94 17 3 6 13 871
94 18 3 1 12 871
94 19 3 4 19 871
94 23 3 3 12 871
94 24 3 3 6 871
94 25 3 3 19 871
94 27 3 1 14 871
94 31 3 2 11 871
94 32 3 1 13 871
94 33 3 4 16 871
94 35 3 1 24 871
94 36 3 5 4 871
94 40 3 1 10 871
94 43 3 1 21 871
94 45 3 3 17 871
94 47 3 5 12 871
94 48 3 1 13 871
94 51 3 4 20 871
94 52 3 3 10 871
94 55 3 5 12 871
94 59 3 5 16 871
94 60 3 6 21 871
94 65 3 3 2 871
94 66 3 5 13 871
94 70 3 6 22 871
94 72 3 6 21 871
94 73 3 4 6 871
94 75 3 3 1 871
94 76 3 3 10 871
94 77 3 5 18 871
94 79 3 5 24 871
94 80 3 6 20 871
94 83 3 4 7 871
94 85 3 2 7 871
94 88 3 3 25 871
94 91 3 5 16 871
94 92 3 2 22 871
94 93 3 2 17 871
94 95 3 4 16 871
94 98 3 4 8 871
95 1 4 2 10 105
95 3 4 2 19 105
95 4 4 5 10 105
95 6 4 3 19 105
95 7 4 3 5 105
95 10 4 5 22 105
95 13 4 4 1 105
95 16 4 3 9 105
95 19 4 4 25 105
95 20 4 4 2 105
95 21 4 5 5 105
95 24 4 3 9 105
95 31 4 2 15 105
95 32 4 1 8 105
95 36 4 5 10 105
95 37 4 3 4 105
95 38 4 4 14 105
95 39 4 5 18 105
95 41 4 6 23 105
95 43 4 1 23 105
95 44 4 2 13 105
95 45 4 3 13 105
95 49 4 1 24 105
95 50 4 3 10 105
95 51 4 4 25 105
95 52 4 3 3 105
95 53 4 1 11 105
95 54 4 3 7 105
95 56 4 4 13 105
95 57 4 6 22 105
95 59 4 5 16 105
95 60 4 6 10 105
95 61 4 6 19 105
95 62 4 6 3 105
95 63 4 5 1 105
95 64 4 5 19 105
95 66 4 5 18 105
95 67 4 1 24 105
95 68 4 1 3 105
95 70 4 6 3 105
95 71 4 2 7 105
95 73 4 4 1 105
95 74 4 1 14 105
95 77 4 5 8 105
95 78 4 4 6 105
95 80 4 6 14 105
95 81 4 2 23 105
95 85 4 2 18 105
95 87 4 5 6 105
95 88 4 3 17 105
95 94 4 3 16 105
95 96 4 4 1 105
95 97 4 6 10 105
95 98 4 4 19 105
95 99 4 4 8 105
96 3 4 2 25 165
96 4 4 5 8 165
96 6 4 3 10 165
96 7 4 3 21 165
96 9 4 2 16 165
96 13 4 4 4 165
96 14 4 1 7 165
96 16 4 3 5 165
96 17 4 6 9 165
96 18 4 1 4 165
96 19 4 4 4 165
96 23 4 3 2 165
96 24 4 3 4 165
96 28 4 5 8 165
96 29 4 6 23 165
96 33 4 4 9 165
96 34 4 1 16 165
96 35 4 1 1 165
96 37 4 3 14 165
96 40 4 1 16 165
96 41 4 6 17 165
96 44 4 2 13 165
96 45 4 3 13 165
96 48 4 1 4 165
96 50 4 3 2 165
96 54 4 3 10 165
96 55 4 5 24 165
96 57 4 6 17 165
96 59 4 5 20 165
96 61 4 6 3 165
96 62 4 6 16 165
96 63 4 5 22 165
96 64 4 5 14 165
96 65 4 3 6 165
96 66 4 5 8 165
96 67 4 1 13 165
96 68 4 1 10 165
96 70 4 6 1 165
96 72 4 6 1 165
96 73 4 4 16 165
96 74 4 1 4 165
96 76 4 3 3 165
96 78 4 4 4 165
96 81 4 2 25 165
96 82 4 3 6 165
96 83 4 4 11 165
96 86 4 3 4 165
96 88 4 3 10 165
96 89 4 6 24 165
96 90 4 4 20 165
96 95 4 4 1 165
96 98 4 4 23 165
97 0 6 4 23 452
97 1 6 2 6 452
97 6 6 3 9 452
97 7 6 3 9 452
97 8 6 3 25 452
97 10 6 5 18 452
97 11 6 6 1 452
97 13 6 4 21 452
97 14 6 1 8 452
97 17 6 6 21 452
97 18 6 1 19 452
97 19 6 4 10 452
97 22 6 4 2 452
97 23 6 3 12 452
97 26 6 4 23 452
97 27 6 1 9 452
97 28 6 5 20 452
97 32 6 1 22 452
97 34 6 1 1 452
97 35 6 1 23 452
97 36 6 5 22 452
97 37 6 3 17 452
97 39 6 5 14 452
97 40 6 1 23 452
97 41 6 6 2 452
97 47 6 5 15 452
97 48 6 1 13 452
97 51 6 4 9 452
97 53 6 1 17 452
97 56 6 4 5 452
97 57 6 6 13 452
97 58 6 2 20 452
97 64 6 5 19 452
97 65 6 3 17 452
97 70 6 6 10 452
97 71 6 2 9 452
97 74 6 1 12 452
97 75 6 3 17 452
97 76 6 3 20 452
97 77 6 5 13 452
97 79 6 5 25 452
97 80 6 6 14 452
97 81 6 2 4 452
97 85 6 2 8 452
97 86 6 3 17 452
97 88 6 3 21 452
97 89 6 6 2 452
97 90 6 4 11 452
97 91 6 5 18 452
97 92 6 2 18 452
97 93 6 2 1 452
97 95 6 4 10 452
97 98 6 4 21 452
97 99 6 4 3 452
98 3 4 2 7 769
98 4 4 5 18 769
98 7 4 3 8 769
98 11 4 6 8 769
98 13 4 4 8 769
98 14 4 1 1 769
98 17 4 6 14 769
98 18 4 1 2 769
98 20 4 4 17 769
98 21 4 5 19 769
98 22 4 4 4 769
98 23 4 3 13 769
98 24 4 3 7 769
98 25 4 3 22 769
98 28 4 5 4 769
98 30 4 6 7 769
98 32 4 1 22 769
98 33 4 4 13 769
98 34 4 1 10 769
98 35 4 1 21 769
98 37 4 3 3 769
98 38 4 4 2 769
98 39 4 5 10 769
98 41 4 6 23 769
98 45 4 3 8 769
98 57 4 6 1 769
98 58 4 2 6 769
98 59 4 5 24 769
98 63 4 5 14 769
98 65 4 3 19 769
98 67 4 1 3 769
98 68 4 1 24 769
98 69 4 3 4 769
98 70 4 6 3 769
98 73 4 4 14 769
98 74 4 1 12 769
98 78 4 4 8 769
98 80 4 6 20 769
98 82 4 3 1 769
98 88 4 3 17 769
98 89 4 6 7 769
98 90 4 4 2 769
98 92 4 2 17 769
98 93 4 2 8 769
98 94 4 3 8 769
98 95 4 4 19 769
98 96 4 4 23 769
98 97 4 6 21 769
99 0 4 4 20 464
99 3 4 2 4 464
99 4 4 5 25 464
99 5 4 6 5 464
99 6 4 3 15 464
99 8 4 3 16 464
99 9 4 2 5 464
99 14 4 1 14 464
99 16 4 3 2 464
99 17 4 6 4 464
99 18 4 1 1 464
99 21 4 5 17 464
99 22 4 4 6 464
99 23 4 3 10 464
99 24 4 3 24 464
99 26 4 4 11 464
99 32 4 1 18 464
99 34 4 1 9 464
99 35 4 1 24 464
99 36 4 5 17 464
99 38 4 4 11 464
99 39 4 5 22 464
99 40 4 1 12 464
99 43 4 1 22 464
99 44 4 2 17 464
99 47 4 5 23 464
99 54 4 3 7 464
99 55 4 5 14 464
99 57 4 6 2 464
99 62 4 6 14 464
99 63 4 5 2 464
99 64 4 5 10 464
99 65 4 3 12 464
99 66 4 5 21 464
99 67 4 1 4 464
99 68 4 1 12 464
99 70 4 6 18 464
99 73 4 4 23 464
99 78 4 4 6 464
99 80 4 6 4 464
99 82 4 3 7 464
99 83 4 4 1 464
99 84 4 3 5 464
99 85 4 2 17 464
99 86 4 3 12 464
99 87 4 5 24 464
99 89 4 6 15 464
99 92 4 2 9 464
99 93 4 2 24 464
99 95 4 4 8 464
99 97 4 6 3 464
