capacity  cost_by_node
nb_functions 10
11 87 98 30 91 21 51 79 79 69 41 59 64 23 86 92 16 33 64 96 30 60 60 74 48 16 36 65 80 66 15 28 51 96 49 74 58 56 89 34 87 27 95 55 20 99 43 94 66 46 62 26 53 55 26 23 55 99 34 89 46 65 95 88 25 90 54 17 72 60 27 39 14 71 70 10 65 59 12 35 54 15 43 40 14 28 15 30 41 15 36 34 87 65 33 91 66 79 33 32 19 
19 59 62 15 23 24 34 73 37 52 46 34 62 100 82 81 76 71 40 89 15 65 74 10 53 44 18 82 13 97 94 93 43 81 33 33 97 97 93 37 74 74 95 31 21 19 33 28 68 91 91 72 24 64 53 93 78 36 55 12 43 96 63 62 69 25 27 55 93 91 51 71 11 92 38 65 68 96 71 21 12 17 66 53 16 96 81 18 16 22 45 67 32 40 73 58 57 36 19 73 95 
14 77 74 75 10 18 55 12 10 78 52 73 65 69 12 56 94 70 34 60 93 70 58 53 93 41 26 20 19 15 15 91 35 67 46 61 17 81 99 85 58 23 30 74 27 70 29 22 59 81 55 72 27 65 69 95 83 10 98 95 49 99 76 16 23 64 20 15 37 85 48 65 75 33 88 13 100 75 78 86 17 78 55 39 19 56 67 10 35 55 46 98 83 31 40 18 79 64 61 77 54 
22 80 71 39 87 10 45 11 59 15 22 30 80 86 20 37 68 56 39 31 58 94 50 57 42 89 28 49 29 73 15 89 34 95 26 92 40 78 63 28 44 10 68 65 99 71 50 72 70 58 79 67 16 55 51 67 21 97 54 18 88 74 13 37 33 17 92 88 12 29 97 72 90 80 83 28 69 34 20 90 95 49 32 82 31 52 55 87 44 89 13 35 70 89 42 81 75 34 69 100 14 
15 77 72 60 78 28 47 39 21 22 89 41 42 80 74 99 92 58 83 50 35 17 92 77 31 34 94 42 30 80 85 53 99 63 49 63 60 23 96 63 13 37 39 61 30 22 66 93 56 41 81 76 11 78 37 71 45 62 20 74 61 49 24 73 82 43 46 33 21 46 72 48 50 72 49 52 76 45 58 98 64 55 21 39 36 28 63 27 28 95 36 19 17 19 97 93 47 100 71 53 13 
21 57 67 30 12 95 86 52 81 98 80 81 66 16 67 11 42 74 26 99 92 92 100 87 92 88 57 91 48 57 30 77 20 70 48 55 79 70 67 11 79 88 48 95 70 47 90 79 28 95 76 61 38 60 18 86 24 90 46 68 43 54 22 53 37 59 49 98 14 28 14 50 21 12 92 73 47 63 34 73 51 37 94 79 68 67 35 19 12 53 66 22 37 64 73 26 15 68 18 73 94 
14 37 95 79 10 14 98 92 74 33 48 45 55 31 12 83 80 34 33 20 46 51 14 41 51 99 99 94 94 94 23 72 39 83 59 12 15 76 72 32 67 72 56 99 99 88 12 97 35 95 65 17 24 97 41 78 60 68 78 97 86 17 91 35 55 69 75 11 22 90 20 79 96 21 40 55 39 63 96 86 21 92 83 44 47 58 29 36 18 39 36 87 79 46 87 11 15 25 51 25 51 
18 66 94 48 90 29 18 74 55 70 76 92 14 90 85 14 15 84 85 33 64 25 47 92 47 25 94 73 25 59 78 54 60 86 54 89 79 87 34 27 51 89 70 34 47 78 61 74 62 67 89 74 49 24 84 89 71 92 76 89 59 69 91 50 72 13 36 38 16 17 13 89 25 71 30 43 62 52 37 71 40 31 53 74 59 67 66 34 45 23 53 97 58 89 85 46 34 99 24 94 73 
22 52 67 96 24 77 41 41 45 17 84 15 69 55 91 73 35 15 13 60 97 72 25 35 58 86 83 58 81 70 99 34 85 61 70 79 19 42 51 60 48 12 51 18 22 11 17 19 82 51 100 40 42 83 15 83 83 98 54 45 73 61 94 54 29 70 100 50 64 70 30 49 15 47 64 95 24 56 15 90 80 73 86 35 90 97 79 28 35 58 62 44 78 44 83 58 86 43 58 94 91 
11 83 47 89 34 23 81 67 64 17 47 32 96 16 65 45 28 48 24 56 46 84 73 78 36 30 58 65 78 16 26 69 75 29 50 83 97 26 79 20 49 34 100 82 41 72 62 85 39 20 18 56 39 19 57 89 86 25 70 63 34 64 61 82 55 18 67 25 44 58 84 10 89 83 67 88 21 55 36 16 93 71 55 39 90 85 75 56 35 74 54 92 59 22 70 25 26 36 44 60 10 
