Node_1 Node_2 Capacity_node1 Capacity_node2 Latency_arc node_cost
nb_nodes 100
nb_arcs 4882
0 1 4 1 19 676
0 2 4 2 9 676
0 4 4 1 4 676
0 11 4 1 23 676
0 12 4 3 21 676
0 13 4 1 10 676
0 14 4 1 16 676
0 15 4 4 7 676
0 17 4 4 20 676
0 18 4 5 10 676
0 19 4 3 17 676
0 20 4 1 22 676
0 25 4 1 10 676
0 27 4 2 8 676
0 28 4 2 10 676
0 32 4 4 15 676
0 34 4 2 5 676
0 40 4 4 4 676
0 41 4 1 3 676
0 42 4 4 9 676
0 43 4 1 13 676
0 46 4 2 19 676
0 48 4 1 1 676
0 49 4 5 21 676
0 50 4 5 3 676
0 51 4 3 8 676
0 56 4 2 7 676
0 59 4 4 25 676
0 61 4 1 24 676
0 62 4 1 2 676
0 64 4 5 4 676
0 65 4 5 25 676
0 67 4 3 3 676
0 68 4 1 12 676
0 69 4 3 4 676
0 70 4 1 17 676
0 71 4 3 22 676
0 72 4 4 20 676
0 74 4 2 14 676
0 75 4 1 9 676
0 76 4 4 24 676
0 77 4 3 20 676
0 78 4 3 24 676
0 79 4 3 6 676
0 80 4 5 4 676
0 82 4 1 23 676
0 84 4 2 20 676
0 87 4 3 10 676
0 91 4 5 3 676
0 92 4 5 23 676
0 93 4 4 16 676
0 95 4 3 23 676
0 96 4 5 21 676
0 97 4 5 7 676
0 98 4 3 13 676
0 99 4 2 8 676
1 0 1 4 19 904
1 2 1 2 13 904
1 5 1 2 23 904
1 8 1 5 17 904
1 9 1 1 8 904
1 14 1 1 5 904
1 15 1 4 6 904
1 16 1 2 5 904
1 18 1 5 17 904
1 22 1 3 11 904
1 23 1 3 22 904
1 24 1 3 12 904
1 25 1 1 4 904
1 26 1 4 21 904
1 28 1 2 21 904
1 29 1 4 25 904
1 30 1 2 6 904
1 31 1 1 11 904
1 32 1 4 1 904
1 33 1 4 11 904
1 34 1 2 22 904
1 41 1 1 2 904
1 42 1 4 19 904
1 44 1 2 7 904
1 45 1 3 22 904
1 46 1 2 17 904
1 48 1 1 8 904
1 49 1 5 11 904
1 55 1 5 25 904
1 57 1 4 25 904
1 58 1 3 11 904
1 60 1 1 11 904
1 61 1 1 25 904
1 65 1 5 17 904
1 66 1 2 4 904
1 67 1 3 24 904
1 68 1 1 11 904
1 69 1 3 20 904
1 70 1 1 3 904
1 72 1 4 10 904
1 75 1 1 2 904
1 77 1 3 11 904
1 79 1 3 12 904
1 80 1 5 17 904
1 81 1 5 1 904
1 82 1 1 8 904
1 83 1 4 6 904
1 86 1 3 17 904
1 87 1 3 13 904
1 88 1 4 3 904
1 90 1 2 10 904
1 91 1 5 13 904
1 92 1 5 7 904
1 93 1 4 2 904
1 94 1 1 21 904
1 97 1 5 4 904
1 99 1 2 19 904
2 0 2 4 9 468
2 1 2 1 13 468
2 3 2 1 22 468
2 4 2 1 25 468
2 5 2 2 15 468
2 6 2 5 18 468
2 10 2 3 11 468
2 12 2 3 7 468
2 13 2 1 7 468
2 15 2 4 2 468
2 17 2 4 5 468
2 19 2 3 18 468
2 20 2 1 20 468
2 22 2 3 14 468
2 23 2 3 23 468
2 28 2 2 16 468
2 29 2 4 20 468
2 30 2 2 6 468
2 31 2 1 13 468
2 36 2 5 23 468
2 37 2 5 18 468
2 38 2 3 7 468
2 42 2 4 7 468
2 43 2 1 18 468
2 44 2 2 15 468
2 45 2 3 14 468
2 46 2 2 8 468
2 47 2 4 11 468
2 48 2 1 23 468
2 51 2 3 2 468
2 52 2 3 19 468
2 53 2 3 6 468
2 58 2 3 3 468
2 60 2 1 5 468
2 62 2 1 19 468
2 63 2 1 12 468
2 69 2 3 8 468
2 72 2 4 11 468
2 73 2 4 14 468
2 74 2 2 11 468
2 77 2 3 19 468
2 78 2 3 23 468
2 81 2 5 25 468
2 82 2 1 19 468
2 87 2 3 22 468
2 90 2 2 16 468
2 92 2 5 3 468
2 93 2 4 1 468
2 94 2 1 17 468
2 95 2 3 23 468
2 96 2 5 5 468
2 99 2 2 11 468
3 2 1 2 22 129
3 6 1 5 4 129
3 7 1 2 5 129
3 8 1 5 22 129
3 9 1 1 19 129
3 10 1 3 21 129
3 13 1 1 21 129
3 17 1 4 13 129
3 18 1 5 3 129
3 23 1 3 19 129
3 25 1 1 3 129
3 28 1 2 10 129
3 30 1 2 5 129
3 32 1 4 24 129
3 35 1 3 8 129
3 36 1 5 22 129
3 39 1 1 19 129
3 42 1 4 13 129
3 43 1 1 1 129
3 45 1 3 20 129
3 48 1 1 2 129
3 49 1 5 18 129
3 52 1 3 11 129
3 53 1 3 21 129
3 56 1 2 16 129
3 57 1 4 8 129
3 59 1 4 17 129
3 60 1 1 3 129
3 61 1 1 24 129
3 62 1 1 7 129
3 64 1 5 15 129
3 66 1 2 2 129
3 67 1 3 10 129
3 68 1 1 20 129
3 71 1 3 20 129
3 73 1 4 10 129
3 74 1 2 15 129
3 75 1 1 13 129
3 78 1 3 16 129
3 79 1 3 20 129
3 83 1 4 23 129
3 86 1 3 22 129
3 92 1 5 5 129
3 93 1 4 22 129
3 95 1 3 11 129
4 0 1 4 4 56
4 2 1 2 25 56
4 5 1 2 21 56
4 7 1 2 13 56
4 8 1 5 6 56
4 10 1 3 21 56
4 11 1 1 21 56
4 12 1 3 23 56
4 13 1 1 7 56
4 15 1 4 2 56
4 16 1 2 6 56
4 17 1 4 8 56
4 18 1 5 7 56
4 19 1 3 15 56
4 21 1 1 17 56
4 22 1 3 8 56
4 23 1 3 11 56
4 24 1 3 14 56
4 26 1 4 8 56
4 28 1 2 1 56
4 29 1 4 6 56
4 31 1 1 9 56
4 37 1 5 2 56
4 38 1 3 10 56
4 39 1 1 14 56
4 41 1 1 10 56
4 42 1 4 10 56
4 44 1 2 14 56
4 46 1 2 11 56
4 47 1 4 19 56
4 48 1 1 14 56
4 50 1 5 11 56
4 51 1 3 12 56
4 53 1 3 1 56
4 55 1 5 12 56
4 61 1 1 11 56
4 62 1 1 21 56
4 63 1 1 4 56
4 65 1 5 11 56
4 66 1 2 18 56
4 68 1 1 14 56
4 69 1 3 1 56
4 77 1 3 21 56
4 78 1 3 25 56
4 79 1 3 22 56
4 80 1 5 9 56
4 81 1 5 20 56
4 82 1 1 11 56
4 83 1 4 18 56
4 85 1 2 21 56
4 88 1 4 22 56
4 89 1 4 12 56
4 91 1 5 14 56
4 92 1 5 23 56
4 93 1 4 2 56
4 98 1 3 9 56
5 1 2 1 23 114
5 2 2 2 15 114
5 4 2 1 21 114
5 6 2 5 3 114
5 10 2 3 10 114
5 14 2 1 9 114
5 15 2 4 21 114
5 16 2 2 20 114
5 17 2 4 14 114
5 18 2 5 13 114
5 19 2 3 5 114
5 20 2 1 5 114
5 21 2 1 5 114
5 22 2 3 13 114
5 23 2 3 9 114
5 25 2 1 22 114
5 26 2 4 20 114
5 31 2 1 13 114
5 32 2 4 2 114
5 33 2 4 24 114
5 34 2 2 1 114
5 37 2 5 8 114
5 38 2 3 12 114
5 40 2 4 12 114
5 41 2 1 2 114
5 43 2 1 9 114
5 48 2 1 18 114
5 49 2 5 22 114
5 51 2 3 6 114
5 52 2 3 6 114
5 55 2 5 8 114
5 56 2 2 13 114
5 57 2 4 8 114
5 58 2 3 6 114
5 60 2 1 25 114
5 61 2 1 19 114
5 64 2 5 22 114
5 65 2 5 1 114
5 67 2 3 17 114
5 68 2 1 1 114
5 70 2 1 7 114
5 71 2 3 12 114
5 72 2 4 14 114
5 75 2 1 20 114
5 77 2 3 11 114
5 78 2 3 21 114
5 80 2 5 25 114
5 83 2 4 24 114
5 84 2 2 10 114
5 85 2 2 13 114
5 86 2 3 14 114
5 87 2 3 8 114
5 88 2 4 13 114
5 92 2 5 2 114
5 93 2 4 9 114
5 96 2 5 12 114
5 99 2 2 18 114
6 2 5 2 18 606
6 3 5 1 4 606
6 5 5 2 3 606
6 7 5 2 21 606
6 8 5 5 8 606
6 9 5 1 2 606
6 10 5 3 24 606
6 11 5 1 19 606
6 15 5 4 20 606
6 16 5 2 2 606
6 18 5 5 14 606
6 20 5 1 20 606
6 22 5 3 13 606
6 23 5 3 10 606
6 24 5 3 13 606
6 25 5 1 12 606
6 26 5 4 6 606
6 29 5 4 5 606
6 32 5 4 17 606
6 34 5 2 4 606
6 37 5 5 25 606
6 44 5 2 24 606
6 45 5 3 21 606
6 46 5 2 16 606
6 49 5 5 19 606
6 51 5 3 8 606
6 53 5 3 14 606
6 54 5 4 6 606
6 56 5 2 14 606
6 57 5 4 23 606
6 59 5 4 15 606
6 60 5 1 12 606
6 62 5 1 2 606
6 63 5 1 10 606
6 66 5 2 24 606
6 68 5 1 7 606
6 70 5 1 19 606
6 71 5 3 4 606
6 74 5 2 8 606
6 75 5 1 16 606
6 76 5 4 16 606
6 80 5 5 25 606
6 83 5 4 23 606
6 84 5 2 6 606
6 85 5 2 19 606
6 91 5 5 4 606
6 93 5 4 8 606
6 94 5 1 24 606
6 96 5 5 6 606
6 97 5 5 20 606
6 98 5 3 15 606
7 3 2 1 5 680
7 4 2 1 13 680
7 6 2 5 21 680
7 11 2 1 12 680
7 12 2 3 8 680
7 13 2 1 7 680
7 14 2 1 5 680
7 15 2 4 24 680
7 16 2 2 3 680
7 20 2 1 21 680
7 23 2 3 16 680
7 27 2 2 7 680
7 29 2 4 6 680
7 30 2 2 3 680
7 32 2 4 1 680
7 34 2 2 7 680
7 35 2 3 17 680
7 37 2 5 24 680
7 41 2 1 24 680
7 42 2 4 23 680
7 43 2 1 23 680
7 44 2 2 13 680
7 45 2 3 6 680
7 49 2 5 23 680
7 52 2 3 24 680
7 53 2 3 13 680
7 54 2 4 8 680
7 58 2 3 23 680
7 60 2 1 20 680
7 61 2 1 20 680
7 65 2 5 5 680
7 67 2 3 5 680
7 68 2 1 21 680
7 69 2 3 21 680
7 72 2 4 4 680
7 74 2 2 14 680
7 77 2 3 12 680
7 78 2 3 20 680
7 80 2 5 19 680
7 82 2 1 21 680
7 83 2 4 18 680
7 86 2 3 2 680
7 89 2 4 2 680
7 91 2 5 3 680
7 92 2 5 1 680
8 1 5 1 17 840
8 3 5 1 22 840
8 4 5 1 6 840
8 6 5 5 8 840
8 9 5 1 16 840
8 10 5 3 8 840
8 14 5 1 24 840
8 16 5 2 18 840
8 17 5 4 6 840
8 24 5 3 22 840
8 25 5 1 20 840
8 30 5 2 2 840
8 31 5 1 22 840
8 34 5 2 11 840
8 35 5 3 12 840
8 37 5 5 2 840
8 38 5 3 8 840
8 43 5 1 15 840
8 45 5 3 24 840
8 47 5 4 11 840
8 48 5 1 20 840
8 49 5 5 9 840
8 55 5 5 16 840
8 63 5 1 9 840
8 64 5 5 25 840
8 65 5 5 25 840
8 67 5 3 19 840
8 71 5 3 7 840
8 72 5 4 4 840
8 74 5 2 24 840
8 79 5 3 16 840
8 80 5 5 8 840
8 87 5 3 16 840
8 88 5 4 5 840
8 89 5 4 2 840
8 91 5 5 16 840
8 93 5 4 2 840
8 94 5 1 5 840
8 95 5 3 1 840
8 96 5 5 17 840
8 97 5 5 9 840
9 1 1 1 8 447
9 3 1 1 19 447
9 6 1 5 2 447
9 8 1 5 16 447
9 10 1 3 10 447
9 11 1 1 6 447
9 13 1 1 1 447
9 16 1 2 5 447
9 17 1 4 12 447
9 18 1 5 2 447
9 19 1 3 18 447
9 21 1 1 13 447
9 22 1 3 17 447
9 23 1 3 15 447
9 24 1 3 4 447
9 25 1 1 20 447
9 28 1 2 3 447
9 29 1 4 20 447
9 30 1 2 15 447
9 31 1 1 9 447
9 33 1 4 17 447
9 34 1 2 16 447
9 35 1 3 25 447
9 39 1 1 5 447
9 40 1 4 13 447
9 43 1 1 17 447
9 44 1 2 25 447
9 45 1 3 10 447
9 46 1 2 18 447
9 48 1 1 21 447
9 49 1 5 25 447
9 50 1 5 4 447
9 52 1 3 8 447
9 53 1 3 22 447
9 56 1 2 6 447
9 57 1 4 21 447
9 58 1 3 23 447
9 61 1 1 23 447
9 69 1 3 23 447
9 70 1 1 25 447
9 71 1 3 24 447
9 72 1 4 14 447
9 75 1 1 14 447
9 76 1 4 1 447
9 77 1 3 2 447
9 78 1 3 23 447
9 81 1 5 23 447
9 85 1 2 18 447
9 87 1 3 24 447
9 91 1 5 24 447
9 93 1 4 11 447
9 94 1 1 24 447
9 95 1 3 19 447
9 96 1 5 1 447
9 97 1 5 16 447
9 99 1 2 13 447
10 2 3 2 11 436
10 3 3 1 21 436
10 4 3 1 21 436
10 5 3 2 10 436
10 6 3 5 24 436
10 8 3 5 8 436
10 9 3 1 10 436
10 14 3 1 20 436
10 18 3 5 19 436
10 19 3 3 15 436
10 24 3 3 9 436
10 25 3 1 10 436
10 28 3 2 1 436
10 32 3 4 25 436
10 34 3 2 17 436
10 35 3 3 19 436
10 37 3 5 7 436
10 39 3 1 12 436
10 40 3 4 15 436
10 41 3 1 11 436
10 43 3 1 7 436
10 47 3 4 5 436
10 48 3 1 23 436
10 50 3 5 9 436
10 51 3 3 20 436
10 52 3 3 15 436
10 53 3 3 20 436
10 54 3 4 25 436
10 59 3 4 22 436
10 69 3 3 1 436
10 70 3 1 8 436
10 71 3 3 20 436
10 73 3 4 4 436
10 75 3 1 21 436
10 76 3 4 8 436
10 77 3 3 22 436
10 78 3 3 13 436
10 80 3 5 4 436
10 83 3 4 23 436
10 86 3 3 5 436
10 90 3 2 2 436
10 94 3 1 5 436
10 96 3 5 8 436
10 97 3 5 19 436
10 98 3 3 1 436
10 99 3 2 7 436
11 0 1 4 23 135
11 4 1 1 21 135
11 6 1 5 19 135
11 7 1 2 12 135
11 9 1 1 6 135
11 12 1 3 12 135
11 15 1 4 16 135
11 16 1 2 13 135
11 17 1 4 24 135
11 19 1 3 15 135
11 20 1 1 12 135
11 22 1 3 25 135
11 23 1 3 20 135
11 25 1 1 10 135
11 27 1 2 17 135
11 29 1 4 2 135
11 30 1 2 24 135
11 31 1 1 4 135
11 34 1 2 11 135
11 41 1 1 24 135
11 42 1 4 25 135
11 44 1 2 11 135
11 45 1 3 4 135
11 46 1 2 5 135
11 48 1 1 1 135
11 51 1 3 6 135
11 55 1 5 22 135
11 59 1 4 4 135
11 62 1 1 12 135
11 63 1 1 10 135
11 64 1 5 24 135
11 65 1 5 11 135
11 66 1 2 24 135
11 68 1 1 4 135
11 70 1 1 2 135
11 72 1 4 14 135
11 74 1 2 15 135
11 75 1 1 24 135
11 77 1 3 22 135
11 81 1 5 17 135
11 82 1 1 19 135
11 86 1 3 18 135
11 87 1 3 9 135
11 89 1 4 3 135
11 90 1 2 25 135
11 91 1 5 20 135
11 92 1 5 21 135
11 95 1 3 23 135
11 96 1 5 20 135
11 97 1 5 10 135
11 98 1 3 25 135
11 99 1 2 23 135
12 0 3 4 21 858
12 2 3 2 7 858
12 4 3 1 23 858
12 7 3 2 8 858
12 11 3 1 12 858
12 18 3 5 25 858
12 20 3 1 8 858
12 21 3 1 16 858
12 22 3 3 2 858
12 24 3 3 17 858
12 25 3 1 25 858
12 26 3 4 19 858
12 27 3 2 1 858
12 30 3 2 19 858
12 31 3 1 11 858
12 34 3 2 1 858
12 36 3 5 19 858
12 37 3 5 16 858
12 38 3 3 24 858
12 39 3 1 22 858
12 40 3 4 7 858
12 42 3 4 23 858
12 44 3 2 3 858
12 45 3 3 1 858
12 46 3 2 5 858
12 52 3 3 8 858
12 54 3 4 20 858
12 55 3 5 19 858
12 56 3 2 2 858
12 61 3 1 13 858
12 62 3 1 16 858
12 65 3 5 8 858
12 66 3 2 21 858
12 71 3 3 11 858
12 73 3 4 13 858
12 76 3 4 4 858
12 77 3 3 17 858
12 79 3 3 20 858
12 80 3 5 23 858
12 81 3 5 6 858
12 82 3 1 18 858
12 83 3 4 6 858
12 89 3 4 15 858
12 90 3 2 9 858
12 91 3 5 6 858
12 93 3 4 1 858
12 94 3 1 12 858
12 95 3 3 9 858
12 98 3 3 8 858
13 0 1 4 10 95
13 2 1 2 7 95
13 3 1 1 21 95
13 4 1 1 7 95
13 7 1 2 7 95
13 9 1 1 1 95
13 14 1 1 16 95
13 15 1 4 15 95
13 17 1 4 20 95
13 20 1 1 20 95
13 21 1 1 17 95
13 23 1 3 16 95
13 24 1 3 20 95
13 25 1 1 8 95
13 26 1 4 3 95
13 27 1 2 13 95
13 30 1 2 6 95
13 32 1 4 20 95
13 36 1 5 2 95
13 37 1 5 1 95
13 38 1 3 8 95
13 40 1 4 20 95
13 41 1 1 7 95
13 44 1 2 15 95
13 46 1 2 21 95
13 47 1 4 25 95
13 50 1 5 1 95
13 51 1 3 7 95
13 52 1 3 13 95
13 53 1 3 2 95
13 55 1 5 13 95
13 56 1 2 19 95
13 57 1 4 4 95
13 60 1 1 17 95
13 64 1 5 6 95
13 65 1 5 20 95
13 69 1 3 20 95
13 70 1 1 10 95
13 71 1 3 21 95
13 72 1 4 16 95
13 74 1 2 4 95
13 75 1 1 4 95
13 77 1 3 20 95
13 78 1 3 24 95
13 80 1 5 24 95
13 82 1 1 13 95
13 84 1 2 11 95
13 86 1 3 10 95
13 89 1 4 18 95
13 90 1 2 21 95
13 91 1 5 4 95
13 93 1 4 13 95
13 95 1 3 11 95
13 96 1 5 16 95
13 98 1 3 1 95
13 99 1 2 18 95
14 0 1 4 16 950
14 1 1 1 5 950
14 5 1 2 9 950
14 7 1 2 5 950
14 8 1 5 24 950
14 10 1 3 20 950
14 13 1 1 16 950
14 16 1 2 7 950
14 17 1 4 10 950
14 18 1 5 2 950
14 19 1 3 12 950
14 20 1 1 22 950
14 24 1 3 23 950
14 26 1 4 19 950
14 28 1 2 12 950
14 31 1 1 23 950
14 32 1 4 11 950
14 35 1 3 18 950
14 37 1 5 1 950
14 38 1 3 4 950
14 39 1 1 2 950
14 40 1 4 5 950
14 42 1 4 6 950
14 43 1 1 2 950
14 51 1 3 8 950
14 55 1 5 24 950
14 56 1 2 13 950
14 57 1 4 15 950
14 59 1 4 24 950
14 61 1 1 6 950
14 64 1 5 12 950
14 67 1 3 15 950
14 68 1 1 22 950
14 70 1 1 22 950
14 71 1 3 8 950
14 73 1 4 11 950
14 74 1 2 17 950
14 75 1 1 1 950
14 81 1 5 3 950
14 82 1 1 15 950
14 84 1 2 6 950
14 85 1 2 12 950
14 91 1 5 20 950
14 95 1 3 13 950
14 96 1 5 7 950
14 97 1 5 23 950
15 0 4 4 7 418
15 1 4 1 6 418
15 2 4 2 2 418
15 4 4 1 2 418
15 5 4 2 21 418
15 6 4 5 20 418
15 7 4 2 24 418
15 11 4 1 16 418
15 13 4 1 15 418
15 17 4 4 20 418
15 18 4 5 14 418
15 19 4 3 24 418
15 20 4 1 8 418
15 21 4 1 16 418
15 24 4 3 15 418
15 25 4 1 24 418
15 26 4 4 15 418
15 28 4 2 16 418
15 29 4 4 6 418
15 30 4 2 10 418
15 37 4 5 14 418
15 43 4 1 4 418
15 46 4 2 16 418
15 47 4 4 18 418
15 49 4 5 2 418
15 50 4 5 16 418
15 51 4 3 11 418
15 53 4 3 10 418
15 54 4 4 8 418
15 55 4 5 25 418
15 57 4 4 7 418
15 59 4 4 6 418
15 60 4 1 10 418
15 61 4 1 15 418
15 67 4 3 3 418
15 68 4 1 18 418
15 69 4 3 23 418
15 71 4 3 5 418
15 73 4 4 1 418
15 74 4 2 4 418
15 75 4 1 1 418
15 78 4 3 7 418
15 81 4 5 17 418
15 82 4 1 22 418
15 85 4 2 25 418
15 86 4 3 15 418
15 88 4 4 2 418
15 95 4 3 16 418
15 96 4 5 9 418
16 1 2 1 5 770
16 4 2 1 6 770
16 5 2 2 20 770
16 6 2 5 2 770
16 7 2 2 3 770
16 8 2 5 18 770
16 9 2 1 5 770
16 11 2 1 13 770
16 14 2 1 7 770
16 17 2 4 24 770
16 18 2 5 7 770
16 21 2 1 5 770
16 23 2 3 15 770
16 24 2 3 2 770
16 25 2 1 17 770
16 29 2 4 7 770
16 30 2 2 3 770
16 34 2 2 24 770
16 36 2 5 18 770
16 37 2 5 7 770
16 40 2 4 3 770
16 45 2 3 16 770
16 47 2 4 17 770
16 48 2 1 18 770
16 49 2 5 12 770
16 51 2 3 8 770
16 52 2 3 17 770
16 54 2 4 2 770
16 55 2 5 9 770
16 57 2 4 19 770
16 58 2 3 22 770
16 60 2 1 10 770
16 62 2 1 9 770
16 66 2 2 21 770
16 68 2 1 6 770
16 71 2 3 14 770
16 72 2 4 6 770
16 74 2 2 15 770
16 75 2 1 9 770
16 76 2 4 22 770
16 79 2 3 20 770
16 80 2 5 16 770
16 81 2 5 18 770
16 82 2 1 17 770
16 83 2 4 13 770
16 84 2 2 14 770
16 85 2 2 19 770
16 86 2 3 24 770
16 87 2 3 3 770
16 88 2 4 13 770
16 94 2 1 22 770
16 96 2 5 3 770
16 97 2 5 11 770
16 99 2 2 1 770
17 0 4 4 20 94
17 2 4 2 5 94
17 3 4 1 13 94
17 4 4 1 8 94
17 5 4 2 14 94
17 8 4 5 6 94
17 9 4 1 12 94
17 11 4 1 24 94
17 13 4 1 20 94
17 14 4 1 10 94
17 15 4 4 20 94
17 16 4 2 24 94
17 20 4 1 21 94
17 21 4 1 19 94
17 22 4 3 18 94
17 23 4 3 15 94
17 26 4 4 15 94
17 30 4 2 14 94
17 32 4 4 4 94
17 35 4 3 18 94
17 36 4 5 6 94
17 39 4 1 1 94
17 40 4 4 1 94
17 41 4 1 17 94
17 43 4 1 2 94
17 45 4 3 14 94
17 47 4 4 13 94
17 48 4 1 17 94
17 56 4 2 20 94
17 60 4 1 25 94
17 61 4 1 7 94
17 62 4 1 23 94
17 64 4 5 15 94
17 65 4 5 5 94
17 69 4 3 3 94
17 70 4 1 2 94
17 71 4 3 1 94
17 72 4 4 9 94
17 73 4 4 7 94
17 77 4 3 5 94
17 78 4 3 8 94
17 79 4 3 21 94
17 82 4 1 8 94
17 83 4 4 18 94
17 84 4 2 5 94
17 86 4 3 22 94
17 89 4 4 23 94
17 91 4 5 8 94
17 92 4 5 8 94
17 93 4 4 18 94
17 95 4 3 4 94
17 96 4 5 21 94
17 97 4 5 5 94
17 99 4 2 24 94
18 0 5 4 10 223
18 1 5 1 17 223
18 3 5 1 3 223
18 4 5 1 7 223
18 5 5 2 13 223
18 6 5 5 14 223
18 9 5 1 2 223
18 10 5 3 19 223
18 12 5 3 25 223
18 14 5 1 2 223
18 15 5 4 14 223
18 16 5 2 7 223
18 23 5 3 19 223
18 24 5 3 7 223
18 25 5 1 16 223
18 29 5 4 7 223
18 37 5 5 3 223
18 38 5 3 10 223
18 39 5 1 19 223
18 40 5 4 4 223
18 42 5 4 10 223
18 43 5 1 3 223
18 44 5 2 3 223
18 47 5 4 13 223
18 52 5 3 15 223
18 56 5 2 5 223
18 57 5 4 19 223
18 59 5 4 25 223
18 63 5 1 10 223
18 65 5 5 5 223
18 68 5 1 2 223
18 70 5 1 24 223
18 72 5 4 18 223
18 73 5 4 2 223
18 75 5 1 15 223
18 77 5 3 9 223
18 79 5 3 23 223
18 80 5 5 7 223
18 84 5 2 14 223
18 86 5 3 24 223
18 88 5 4 10 223
18 89 5 4 3 223
18 90 5 2 18 223
18 93 5 4 9 223
18 94 5 1 6 223
18 95 5 3 12 223
18 98 5 3 24 223
19 0 3 4 17 425
19 2 3 2 18 425
19 4 3 1 15 425
19 5 3 2 5 425
19 9 3 1 18 425
19 10 3 3 15 425
19 11 3 1 15 425
19 14 3 1 12 425
19 15 3 4 24 425
19 21 3 1 16 425
19 22 3 3 15 425
19 27 3 2 21 425
19 28 3 2 16 425
19 30 3 2 6 425
19 33 3 4 16 425
19 34 3 2 13 425
19 35 3 3 19 425
19 36 3 5 3 425
19 41 3 1 2 425
19 43 3 1 12 425
19 45 3 3 10 425
19 46 3 2 10 425
19 47 3 4 7 425
19 48 3 1 19 425
19 51 3 3 17 425
19 54 3 4 4 425
19 55 3 5 2 425
19 56 3 2 1 425
19 57 3 4 17 425
19 58 3 3 7 425
19 59 3 4 21 425
19 62 3 1 13 425
19 63 3 1 4 425
19 65 3 5 4 425
19 66 3 2 12 425
19 67 3 3 6 425
19 72 3 4 8 425
19 74 3 2 9 425
19 76 3 4 12 425
19 77 3 3 17 425
19 79 3 3 9 425
19 83 3 4 9 425
19 86 3 3 6 425
19 88 3 4 15 425
19 90 3 2 15 425
19 94 3 1 15 425
19 95 3 3 21 425
19 97 3 5 20 425
19 98 3 3 25 425
20 0 1 4 22 885
20 2 1 2 20 885
20 5 1 2 5 885
20 6 1 5 20 885
20 7 1 2 21 885
20 11 1 1 12 885
20 12 1 3 8 885
20 13 1 1 20 885
20 14 1 1 22 885
20 15 1 4 8 885
20 17 1 4 21 885
20 21 1 1 10 885
20 22 1 3 14 885
20 23 1 3 5 885
20 24 1 3 22 885
20 28 1 2 9 885
20 29 1 4 13 885
20 30 1 2 19 885
20 33 1 4 16 885
20 37 1 5 15 885
20 38 1 3 11 885
20 39 1 1 17 885
20 42 1 4 3 885
20 44 1 2 12 885
20 45 1 3 16 885
20 46 1 2 25 885
20 47 1 4 5 885
20 48 1 1 20 885
20 52 1 3 22 885
20 55 1 5 5 885
20 58 1 3 20 885
20 59 1 4 25 885
20 62 1 1 14 885
20 65 1 5 18 885
20 67 1 3 3 885
20 70 1 1 24 885
20 72 1 4 25 885
20 73 1 4 25 885
20 74 1 2 15 885
20 76 1 4 9 885
20 77 1 3 16 885
20 78 1 3 24 885
20 79 1 3 5 885
20 80 1 5 4 885
20 82 1 1 9 885
20 84 1 2 2 885
20 85 1 2 9 885
20 87 1 3 13 885
20 90 1 2 12 885
20 93 1 4 13 885
20 95 1 3 24 885
20 97 1 5 22 885
20 98 1 3 19 885
21 4 1 1 17 269
21 5 1 2 5 269
21 9 1 1 13 269
21 12 1 3 16 269
21 13 1 1 17 269
21 15 1 4 16 269
21 16 1 2 5 269
21 17 1 4 19 269
21 19 1 3 16 269
21 20 1 1 10 269
21 22 1 3 19 269
21 23 1 3 5 269
21 25 1 1 1 269
21 29 1 4 8 269
21 30 1 2 15 269
21 31 1 1 22 269
21 32 1 4 4 269
21 35 1 3 5 269
21 40 1 4 2 269
21 41 1 1 1 269
21 44 1 2 15 269
21 45 1 3 22 269
21 49 1 5 23 269
21 50 1 5 19 269
21 52 1 3 8 269
21 53 1 3 18 269
21 54 1 4 8 269
21 56 1 2 23 269
21 57 1 4 4 269
21 58 1 3 6 269
21 59 1 4 1 269
21 61 1 1 21 269
21 62 1 1 16 269
21 64 1 5 19 269
21 65 1 5 16 269
21 67 1 3 21 269
21 68 1 1 21 269
21 72 1 4 6 269
21 73 1 4 22 269
21 74 1 2 18 269
21 76 1 4 1 269
21 77 1 3 9 269
21 79 1 3 19 269
21 82 1 1 5 269
21 83 1 4 14 269
21 86 1 3 7 269
21 87 1 3 18 269
21 88 1 4 21 269
21 89 1 4 25 269
21 93 1 4 2 269
21 95 1 3 12 269
21 97 1 5 21 269
21 98 1 3 18 269
21 99 1 2 20 269
22 1 3 1 11 100
22 2 3 2 14 100
22 4 3 1 8 100
22 5 3 2 13 100
22 6 3 5 13 100
22 9 3 1 17 100
22 11 3 1 25 100
22 12 3 3 2 100
22 17 3 4 18 100
22 19 3 3 15 100
22 20 3 1 14 100
22 21 3 1 19 100
22 24 3 3 7 100
22 25 3 1 22 100
22 26 3 4 8 100
22 27 3 2 17 100
22 29 3 4 10 100
22 34 3 2 14 100
22 35 3 3 11 100
22 36 3 5 14 100
22 37 3 5 22 100
22 40 3 4 22 100
22 42 3 4 5 100
22 44 3 2 8 100
22 45 3 3 14 100
22 48 3 1 15 100
22 49 3 5 5 100
22 50 3 5 10 100
22 55 3 5 19 100
22 63 3 1 2 100
22 64 3 5 1 100
22 66 3 2 22 100
22 67 3 3 16 100
22 70 3 1 24 100
22 71 3 3 1 100
22 72 3 4 10 100
22 73 3 4 1 100
22 75 3 1 14 100
22 76 3 4 22 100
22 78 3 3 6 100
22 79 3 3 16 100
22 80 3 5 21 100
22 86 3 3 25 100
22 88 3 4 24 100
22 90 3 2 16 100
22 95 3 3 14 100
22 96 3 5 4 100
22 97 3 5 8 100
22 98 3 3 4 100
23 1 3 1 22 896
23 2 3 2 23 896
23 3 3 1 19 896
23 4 3 1 11 896
23 5 3 2 9 896
23 6 3 5 10 896
23 7 3 2 16 896
23 9 3 1 15 896
23 11 3 1 20 896
23 13 3 1 16 896
23 16 3 2 15 896
23 17 3 4 15 896
23 18 3 5 19 896
23 20 3 1 5 896
23 21 3 1 5 896
23 24 3 3 22 896
23 26 3 4 9 896
23 27 3 2 14 896
23 28 3 2 19 896
23 33 3 4 20 896
23 34 3 2 10 896
23 36 3 5 25 896
23 37 3 5 7 896
23 41 3 1 23 896
23 42 3 4 11 896
23 43 3 1 3 896
23 44 3 2 20 896
23 46 3 2 18 896
23 50 3 5 10 896
23 53 3 3 12 896
23 55 3 5 8 896
23 58 3 3 20 896
23 63 3 1 2 896
23 65 3 5 3 896
23 68 3 1 11 896
23 71 3 3 24 896
23 72 3 4 21 896
23 73 3 4 1 896
23 74 3 2 2 896
23 75 3 1 17 896
23 79 3 3 21 896
23 81 3 5 12 896
23 82 3 1 21 896
23 84 3 2 6 896
23 86 3 3 12 896
23 88 3 4 20 896
23 91 3 5 8 896
23 93 3 4 1 896
23 94 3 1 16 896
23 97 3 5 8 896
23 98 3 3 7 896
24 1 3 1 12 558
24 4 3 1 14 558
24 6 3 5 13 558
24 8 3 5 22 558
24 9 3 1 4 558
24 10 3 3 9 558
24 12 3 3 17 558
24 13 3 1 20 558
24 14 3 1 23 558
24 15 3 4 15 558
24 16 3 2 2 558
24 18 3 5 7 558
24 20 3 1 22 558
24 22 3 3 7 558
24 23 3 3 22 558
24 28 3 2 4 558
24 29 3 4 12 558
24 32 3 4 19 558
24 34 3 2 24 558
24 37 3 5 20 558
24 42 3 4 20 558
24 43 3 1 21 558
24 44 3 2 14 558
24 45 3 3 4 558
24 46 3 2 3 558
24 47 3 4 11 558
24 49 3 5 12 558
24 51 3 3 4 558
24 53 3 3 6 558
24 54 3 4 12 558
24 56 3 2 24 558
24 60 3 1 9 558
24 63 3 1 18 558
24 68 3 1 21 558
24 69 3 3 13 558
24 71 3 3 23 558
24 73 3 4 21 558
24 75 3 1 14 558
24 78 3 3 5 558
24 79 3 3 1 558
24 80 3 5 22 558
24 82 3 1 15 558
24 83 3 4 9 558
24 84 3 2 23 558
24 87 3 3 10 558
24 88 3 4 19 558
24 89 3 4 3 558
24 90 3 2 6 558
24 92 3 5 20 558
24 93 3 4 3 558
24 94 3 1 24 558
24 96 3 5 17 558
24 98 3 3 18 558
24 99 3 2 1 558
25 0 1 4 10 293
25 1 1 1 4 293
25 3 1 1 3 293
25 5 1 2 22 293
25 6 1 5 12 293
25 8 1 5 20 293
25 9 1 1 20 293
25 10 1 3 10 293
25 11 1 1 10 293
25 12 1 3 25 293
25 13 1 1 8 293
25 15 1 4 24 293
25 16 1 2 17 293
25 18 1 5 16 293
25 21 1 1 1 293
25 22 1 3 22 293
25 26 1 4 22 293
25 29 1 4 16 293
25 32 1 4 16 293
25 33 1 4 19 293
25 35 1 3 24 293
25 36 1 5 13 293
25 37 1 5 22 293
25 39 1 1 12 293
25 45 1 3 10 293
25 48 1 1 17 293
25 49 1 5 3 293
25 51 1 3 3 293
25 59 1 4 23 293
25 60 1 1 21 293
25 61 1 1 15 293
25 62 1 1 10 293
25 63 1 1 20 293
25 67 1 3 16 293
25 70 1 1 24 293
25 71 1 3 18 293
25 72 1 4 10 293
25 73 1 4 16 293
25 74 1 2 18 293
25 75 1 1 18 293
25 78 1 3 20 293
25 81 1 5 12 293
25 82 1 1 8 293
25 85 1 2 15 293
25 87 1 3 3 293
25 89 1 4 2 293
25 91 1 5 17 293
25 92 1 5 2 293
25 93 1 4 16 293
25 95 1 3 11 293
25 97 1 5 13 293
25 98 1 3 19 293
26 1 4 1 21 95
26 4 4 1 8 95
26 5 4 2 20 95
26 6 4 5 6 95
26 12 4 3 19 95
26 13 4 1 3 95
26 14 4 1 19 95
26 15 4 4 15 95
26 17 4 4 15 95
26 22 4 3 8 95
26 23 4 3 9 95
26 25 4 1 22 95
26 27 4 2 20 95
26 28 4 2 16 95
26 29 4 4 7 95
26 30 4 2 12 95
26 31 4 1 3 95
26 32 4 4 15 95
26 33 4 4 21 95
26 34 4 2 12 95
26 37 4 5 12 95
26 38 4 3 16 95
26 45 4 3 11 95
26 46 4 2 24 95
26 48 4 1 23 95
26 52 4 3 1 95
26 57 4 4 5 95
26 58 4 3 5 95
26 59 4 4 23 95
26 60 4 1 1 95
26 67 4 3 22 95
26 71 4 3 1 95
26 73 4 4 20 95
26 75 4 1 21 95
26 76 4 4 7 95
26 77 4 3 13 95
26 82 4 1 7 95
26 87 4 3 15 95
26 88 4 4 24 95
26 89 4 4 3 95
26 91 4 5 15 95
26 92 4 5 7 95
26 93 4 4 23 95
26 94 4 1 5 95
26 95 4 3 25 95
26 96 4 5 10 95
27 0 2 4 8 777
27 7 2 2 7 777
27 11 2 1 17 777
27 12 2 3 1 777
27 13 2 1 13 777
27 19 2 3 21 777
27 22 2 3 17 777
27 23 2 3 14 777
27 26 2 4 20 777
27 29 2 4 6 777
27 32 2 4 17 777
27 33 2 4 15 777
27 35 2 3 1 777
27 38 2 3 5 777
27 39 2 1 2 777
27 43 2 1 21 777
27 46 2 2 12 777
27 48 2 1 23 777
27 49 2 5 7 777
27 50 2 5 6 777
27 54 2 4 4 777
27 55 2 5 2 777
27 56 2 2 19 777
27 58 2 3 2 777
27 59 2 4 6 777
27 61 2 1 2 777
27 64 2 5 15 777
27 65 2 5 18 777
27 66 2 2 24 777
27 68 2 1 15 777
27 69 2 3 19 777
27 73 2 4 19 777
27 76 2 4 7 777
27 77 2 3 16 777
27 78 2 3 9 777
27 80 2 5 20 777
27 83 2 4 15 777
27 85 2 2 6 777
27 86 2 3 2 777
27 87 2 3 12 777
27 88 2 4 5 777
27 89 2 4 23 777
27 91 2 5 21 777
27 93 2 4 20 777
27 97 2 5 11 777
27 98 2 3 17 777
27 99 2 2 8 777
28 0 2 4 10 341
28 1 2 1 21 341
28 2 2 2 16 341
28 3 2 1 10 341
28 4 2 1 1 341
28 9 2 1 3 341
28 10 2 3 1 341
28 14 2 1 12 341
28 15 2 4 16 341
28 19 2 3 16 341
28 20 2 1 9 341
28 23 2 3 19 341
28 24 2 3 4 341
28 26 2 4 16 341
28 29 2 4 21 341
28 33 2 4 22 341
28 35 2 3 5 341
28 36 2 5 10 341
28 37 2 5 10 341
28 39 2 1 4 341
28 40 2 4 7 341
28 41 2 1 12 341
28 42 2 4 9 341
28 43 2 1 9 341
28 48 2 1 17 341
28 49 2 5 2 341
28 52 2 3 14 341
28 53 2 3 8 341
28 55 2 5 8 341
28 61 2 1 2 341
28 63 2 1 13 341
28 64 2 5 24 341
28 66 2 2 1 341
28 67 2 3 14 341
28 68 2 1 11 341
28 71 2 3 17 341
28 72 2 4 22 341
28 73 2 4 9 341
28 74 2 2 21 341
28 75 2 1 25 341
28 79 2 3 19 341
28 80 2 5 10 341
28 81 2 5 23 341
28 83 2 4 23 341
28 84 2 2 9 341
28 85 2 2 23 341
28 86 2 3 23 341
28 91 2 5 12 341
28 93 2 4 7 341
28 94 2 1 9 341
28 95 2 3 3 341
28 96 2 5 20 341
29 1 4 1 25 464
29 2 4 2 20 464
29 4 4 1 6 464
29 6 4 5 5 464
29 7 4 2 6 464
29 9 4 1 20 464
29 11 4 1 2 464
29 15 4 4 6 464
29 16 4 2 7 464
29 18 4 5 7 464
29 20 4 1 13 464
29 21 4 1 8 464
29 22 4 3 10 464
29 24 4 3 12 464
29 25 4 1 16 464
29 26 4 4 7 464
29 27 4 2 6 464
29 28 4 2 21 464
29 30 4 2 8 464
29 32 4 4 3 464
29 33 4 4 23 464
29 34 4 2 5 464
29 39 4 1 9 464
29 41 4 1 24 464
29 42 4 4 21 464
29 43 4 1 21 464
29 44 4 2 21 464
29 45 4 3 21 464
29 47 4 4 21 464
29 50 4 5 15 464
29 51 4 3 13 464
29 54 4 4 20 464
29 56 4 2 15 464
29 57 4 4 3 464
29 58 4 3 17 464
29 62 4 1 8 464
29 71 4 3 10 464
29 73 4 4 15 464
29 74 4 2 1 464
29 76 4 4 23 464
29 77 4 3 17 464
29 80 4 5 5 464
29 81 4 5 6 464
29 82 4 1 22 464
29 84 4 2 15 464
29 85 4 2 14 464
29 94 4 1 14 464
29 97 4 5 22 464
29 99 4 2 10 464
30 1 2 1 6 334
30 2 2 2 6 334
30 3 2 1 5 334
30 7 2 2 3 334
30 8 2 5 2 334
30 9 2 1 15 334
30 11 2 1 24 334
30 12 2 3 19 334
30 13 2 1 6 334
30 15 2 4 10 334
30 16 2 2 3 334
30 17 2 4 14 334
30 19 2 3 6 334
30 20 2 1 19 334
30 21 2 1 15 334
30 26 2 4 12 334
30 29 2 4 8 334
30 33 2 4 5 334
30 35 2 3 9 334
30 36 2 5 2 334
30 40 2 4 2 334
30 41 2 1 13 334
30 43 2 1 13 334
30 44 2 2 11 334
30 46 2 2 22 334
30 47 2 4 8 334
30 48 2 1 13 334
30 49 2 5 25 334
30 50 2 5 17 334
30 56 2 2 7 334
30 61 2 1 8 334
30 62 2 1 5 334
30 72 2 4 19 334
30 75 2 1 11 334
30 78 2 3 5 334
30 79 2 3 13 334
30 83 2 4 4 334
30 84 2 2 22 334
30 85 2 2 22 334
30 86 2 3 15 334
30 87 2 3 15 334
30 92 2 5 7 334
30 94 2 1 23 334
30 95 2 3 12 334
30 98 2 3 20 334
31 1 1 1 11 296
31 2 1 2 13 296
31 4 1 1 9 296
31 5 1 2 13 296
31 8 1 5 22 296
31 9 1 1 9 296
31 11 1 1 4 296
31 12 1 3 11 296
31 14 1 1 23 296
31 21 1 1 22 296
31 26 1 4 3 296
31 34 1 2 14 296
31 36 1 5 19 296
31 37 1 5 10 296
31 39 1 1 17 296
31 41 1 1 1 296
31 42 1 4 17 296
31 47 1 4 19 296
31 50 1 5 9 296
31 52 1 3 5 296
31 55 1 5 19 296
31 56 1 2 4 296
31 57 1 4 8 296
31 58 1 3 2 296
31 64 1 5 21 296
31 65 1 5 4 296
31 68 1 1 24 296
31 69 1 3 14 296
31 71 1 3 14 296
31 73 1 4 6 296
31 75 1 1 18 296
31 79 1 3 2 296
31 80 1 5 25 296
31 81 1 5 12 296
31 82 1 1 2 296
31 85 1 2 1 296
31 87 1 3 22 296
31 92 1 5 9 296
31 95 1 3 16 296
31 96 1 5 23 296
31 97 1 5 22 296
32 0 4 4 15 150
32 1 4 1 1 150
32 3 4 1 24 150
32 5 4 2 2 150
32 6 4 5 17 150
32 7 4 2 1 150
32 10 4 3 25 150
32 13 4 1 20 150
32 14 4 1 11 150
32 17 4 4 4 150
32 21 4 1 4 150
32 24 4 3 19 150
32 25 4 1 16 150
32 26 4 4 15 150
32 27 4 2 17 150
32 29 4 4 3 150
32 33 4 4 23 150
32 34 4 2 4 150
32 36 4 5 11 150
32 38 4 3 6 150
32 42 4 4 23 150
32 49 4 5 22 150
32 51 4 3 17 150
32 52 4 3 4 150
32 53 4 3 12 150
32 54 4 4 10 150
32 56 4 2 12 150
32 58 4 3 11 150
32 59 4 4 3 150
32 62 4 1 12 150
32 65 4 5 8 150
32 66 4 2 22 150
32 68 4 1 4 150
32 69 4 3 21 150
32 71 4 3 8 150
32 79 4 3 16 150
32 83 4 4 6 150
32 84 4 2 9 150
32 85 4 2 12 150
32 86 4 3 23 150
32 87 4 3 17 150
32 89 4 4 13 150
32 93 4 4 6 150
32 94 4 1 11 150
32 95 4 3 16 150
32 97 4 5 12 150
32 98 4 3 22 150
33 1 4 1 11 975
33 5 4 2 24 975
33 9 4 1 17 975
33 19 4 3 16 975
33 20 4 1 16 975
33 23 4 3 20 975
33 25 4 1 19 975
33 26 4 4 21 975
33 27 4 2 15 975
33 28 4 2 22 975
33 29 4 4 23 975
33 30 4 2 5 975
33 32 4 4 23 975
33 34 4 2 7 975
33 37 4 5 23 975
33 43 4 1 12 975
33 46 4 2 15 975
33 47 4 4 23 975
33 48 4 1 3 975
33 49 4 5 24 975
33 52 4 3 6 975
33 53 4 3 15 975
33 57 4 4 6 975
33 61 4 1 23 975
33 62 4 1 18 975
33 63 4 1 2 975
33 67 4 3 12 975
33 70 4 1 4 975
33 71 4 3 16 975
33 72 4 4 10 975
33 73 4 4 11 975
33 74 4 2 17 975
33 75 4 1 18 975
33 76 4 4 4 975
33 77 4 3 19 975
33 78 4 3 2 975
33 79 4 3 8 975
33 82 4 1 8 975
33 83 4 4 18 975
33 84 4 2 23 975
33 86 4 3 10 975
33 88 4 4 17 975
33 89 4 4 17 975
33 91 4 5 16 975
33 96 4 5 21 975
34 0 2 4 5 586
34 1 2 1 22 586
34 5 2 2 1 586
34 6 2 5 4 586
34 7 2 2 7 586
34 8 2 5 11 586
34 9 2 1 16 586
34 10 2 3 17 586
34 11 2 1 11 586
34 12 2 3 1 586
34 16 2 2 24 586
34 19 2 3 13 586
34 22 2 3 14 586
34 23 2 3 10 586
34 24 2 3 24 586
34 26 2 4 12 586
34 29 2 4 5 586
34 31 2 1 14 586
34 32 2 4 4 586
34 33 2 4 7 586
34 37 2 5 9 586
34 38 2 3 3 586
34 39 2 1 25 586
34 41 2 1 16 586
34 43 2 1 11 586
34 44 2 2 21 586
34 47 2 4 4 586
34 52 2 3 16 586
34 53 2 3 7 586
34 54 2 4 11 586
34 55 2 5 1 586
34 56 2 2 1 586
34 59 2 4 18 586
34 67 2 3 5 586
34 68 2 1 1 586
34 69 2 3 6 586
34 70 2 1 20 586
34 73 2 4 12 586
34 76 2 4 23 586
34 77 2 3 3 586
34 79 2 3 11 586
34 82 2 1 25 586
34 84 2 2 16 586
34 86 2 3 21 586
34 90 2 2 9 586
34 91 2 5 23 586
34 92 2 5 8 586
34 95 2 3 10 586
34 98 2 3 16 586
35 3 3 1 8 628
35 7 3 2 17 628
35 8 3 5 12 628
35 9 3 1 25 628
35 10 3 3 19 628
35 14 3 1 18 628
35 17 3 4 18 628
35 19 3 3 19 628
35 21 3 1 5 628
35 22 3 3 11 628
35 25 3 1 24 628
35 27 3 2 1 628
35 28 3 2 5 628
35 30 3 2 9 628
35 37 3 5 13 628
35 38 3 3 25 628
35 44 3 2 5 628
35 45 3 3 22 628
35 47 3 4 7 628
35 48 3 1 25 628
35 52 3 3 17 628
35 53 3 3 10 628
35 54 3 4 21 628
35 55 3 5 17 628
35 56 3 2 19 628
35 58 3 3 4 628
35 59 3 4 10 628
35 60 3 1 21 628
35 64 3 5 2 628
35 67 3 3 22 628
35 68 3 1 5 628
35 70 3 1 23 628
35 71 3 3 10 628
35 73 3 4 13 628
35 74 3 2 9 628
35 76 3 4 9 628
35 78 3 3 18 628
35 83 3 4 6 628
35 84 3 2 1 628
35 88 3 4 13 628
35 89 3 4 9 628
35 90 3 2 17 628
35 91 3 5 19 628
35 92 3 5 8 628
35 94 3 1 4 628
36 2 5 2 23 938
36 3 5 1 22 938
36 12 5 3 19 938
36 13 5 1 2 938
36 16 5 2 18 938
36 17 5 4 6 938
36 19 5 3 3 938
36 22 5 3 14 938
36 23 5 3 25 938
36 25 5 1 13 938
36 28 5 2 10 938
36 30 5 2 2 938
36 31 5 1 19 938
36 32 5 4 11 938
36 38 5 3 16 938
36 39 5 1 9 938
36 41 5 1 22 938
36 46 5 2 16 938
36 47 5 4 23 938
36 48 5 1 21 938
36 49 5 5 8 938
36 51 5 3 21 938
36 53 5 3 1 938
36 54 5 4 21 938
36 56 5 2 12 938
36 58 5 3 23 938
36 61 5 1 23 938
36 67 5 3 21 938
36 68 5 1 24 938
36 69 5 3 17 938
36 73 5 4 17 938
36 74 5 2 11 938
36 77 5 3 7 938
36 78 5 3 7 938
36 79 5 3 25 938
36 80 5 5 25 938
36 81 5 5 9 938
36 83 5 4 4 938
36 84 5 2 11 938
36 85 5 2 13 938
36 86 5 3 1 938
36 87 5 3 20 938
36 88 5 4 22 938
36 89 5 4 9 938
36 91 5 5 24 938
36 97 5 5 25 938
36 98 5 3 6 938
36 99 5 2 23 938
37 2 5 2 18 521
37 4 5 1 2 521
37 5 5 2 8 521
37 6 5 5 25 521
37 7 5 2 24 521
37 8 5 5 2 521
37 10 5 3 7 521
37 12 5 3 16 521
37 13 5 1 1 521
37 14 5 1 1 521
37 15 5 4 14 521
37 16 5 2 7 521
37 18 5 5 3 521
37 20 5 1 15 521
37 22 5 3 22 521
37 23 5 3 7 521
37 24 5 3 20 521
37 25 5 1 22 521
37 26 5 4 12 521
37 28 5 2 10 521
37 31 5 1 10 521
37 33 5 4 23 521
37 34 5 2 9 521
37 35 5 3 13 521
37 38 5 3 9 521
37 39 5 1 24 521
37 42 5 4 4 521
37 43 5 1 22 521
37 46 5 2 9 521
37 48 5 1 9 521
37 49 5 5 9 521
37 50 5 5 11 521
37 55 5 5 17 521
37 56 5 2 8 521
37 58 5 3 22 521
37 59 5 4 20 521
37 63 5 1 21 521
37 65 5 5 23 521
37 66 5 2 9 521
37 67 5 3 24 521
37 68 5 1 17 521
37 69 5 3 3 521
37 72 5 4 7 521
37 80 5 5 23 521
37 81 5 5 3 521
37 86 5 3 17 521
37 87 5 3 3 521
37 88 5 4 4 521
37 90 5 2 3 521
37 92 5 5 12 521
37 93 5 4 5 521
37 94 5 1 20 521
37 99 5 2 4 521
38 2 3 2 7 910
38 4 3 1 10 910
38 5 3 2 12 910
38 8 3 5 8 910
38 12 3 3 24 910
38 13 3 1 8 910
38 14 3 1 4 910
38 18 3 5 10 910
38 20 3 1 11 910
38 26 3 4 16 910
38 27 3 2 5 910
38 32 3 4 6 910
38 34 3 2 3 910
38 35 3 3 25 910
38 36 3 5 16 910
38 37 3 5 9 910
38 42 3 4 11 910
38 43 3 1 12 910
38 45 3 3 1 910
38 47 3 4 16 910
38 51 3 3 3 910
38 53 3 3 6 910
38 54 3 4 25 910
38 55 3 5 11 910
38 56 3 2 18 910
38 58 3 3 25 910
38 59 3 4 25 910
38 62 3 1 21 910
38 63 3 1 22 910
38 64 3 5 21 910
38 66 3 2 25 910
38 67 3 3 23 910
38 68 3 1 8 910
38 70 3 1 11 910
38 74 3 2 5 910
38 77 3 3 20 910
38 78 3 3 4 910
38 81 3 5 7 910
38 83 3 4 10 910
38 85 3 2 19 910
38 87 3 3 8 910
38 88 3 4 20 910
38 90 3 2 6 910
38 92 3 5 21 910
38 93 3 4 15 910
38 94 3 1 2 910
38 95 3 3 9 910
38 96 3 5 8 910
38 97 3 5 1 910
38 99 3 2 5 910
39 3 1 1 19 59
39 4 1 1 14 59
39 9 1 1 5 59
39 10 1 3 12 59
39 12 1 3 22 59
39 14 1 1 2 59
39 17 1 4 1 59
39 18 1 5 19 59
39 20 1 1 17 59
39 25 1 1 12 59
39 27 1 2 2 59
39 28 1 2 4 59
39 29 1 4 9 59
39 31 1 1 17 59
39 34 1 2 25 59
39 36 1 5 9 59
39 37 1 5 24 59
39 41 1 1 17 59
39 43 1 1 8 59
39 46 1 2 24 59
39 47 1 4 16 59
39 49 1 5 6 59
39 51 1 3 19 59
39 52 1 3 10 59
39 53 1 3 24 59
39 55 1 5 14 59
39 58 1 3 2 59
39 59 1 4 15 59
39 60 1 1 7 59
39 61 1 1 1 59
39 63 1 1 15 59
39 64 1 5 22 59
39 65 1 5 13 59
39 66 1 2 25 59
39 67 1 3 3 59
39 69 1 3 8 59
39 73 1 4 18 59
39 77 1 3 19 59
39 78 1 3 20 59
39 80 1 5 21 59
39 81 1 5 25 59
39 83 1 4 19 59
39 85 1 2 8 59
39 86 1 3 23 59
39 89 1 4 12 59
39 92 1 5 9 59
39 97 1 5 4 59
39 98 1 3 14 59
40 0 4 4 4 926
40 5 4 2 12 926
40 9 4 1 13 926
40 10 4 3 15 926
40 12 4 3 7 926
40 13 4 1 20 926
40 14 4 1 5 926
40 16 4 2 3 926
40 17 4 4 1 926
40 18 4 5 4 926
40 21 4 1 2 926
40 22 4 3 22 926
40 28 4 2 7 926
40 30 4 2 2 926
40 41 4 1 9 926
40 45 4 3 13 926
40 46 4 2 6 926
40 48 4 1 12 926
40 49 4 5 19 926
40 50 4 5 5 926
40 51 4 3 6 926
40 56 4 2 18 926
40 58 4 3 17 926
40 62 4 1 6 926
40 68 4 1 6 926
40 69 4 3 5 926
40 70 4 1 17 926
40 73 4 4 12 926
40 74 4 2 5 926
40 75 4 1 5 926
40 78 4 3 25 926
40 79 4 3 12 926
40 80 4 5 13 926
40 82 4 1 3 926
40 84 4 2 23 926
40 92 4 5 14 926
40 94 4 1 21 926
40 96 4 5 9 926
40 98 4 3 6 926
40 99 4 2 25 926
41 0 1 4 3 824
41 1 1 1 2 824
41 4 1 1 10 824
41 5 1 2 2 824
41 7 1 2 24 824
41 10 1 3 11 824
41 11 1 1 24 824
41 13 1 1 7 824
41 17 1 4 17 824
41 19 1 3 2 824
41 21 1 1 1 824
41 23 1 3 23 824
41 28 1 2 12 824
41 29 1 4 24 824
41 30 1 2 13 824
41 31 1 1 1 824
41 34 1 2 16 824
41 36 1 5 22 824
41 39 1 1 17 824
41 40 1 4 9 824
41 44 1 2 9 824
41 45 1 3 17 824
41 46 1 2 20 824
41 48 1 1 10 824
41 52 1 3 15 824
41 53 1 3 22 824
41 54 1 4 7 824
41 55 1 5 1 824
41 58 1 3 10 824
41 59 1 4 10 824
41 61 1 1 7 824
41 64 1 5 6 824
41 68 1 1 8 824
41 70 1 1 13 824
41 74 1 2 11 824
41 75 1 1 12 824
41 76 1 4 12 824
41 77 1 3 18 824
41 78 1 3 14 824
41 80 1 5 10 824
41 81 1 5 5 824
41 82 1 1 25 824
41 83 1 4 12 824
41 85 1 2 18 824
41 86 1 3 17 824
41 87 1 3 11 824
41 89 1 4 24 824
41 93 1 4 19 824
41 96 1 5 25 824
41 99 1 2 7 824
42 0 4 4 9 805
42 1 4 1 19 805
42 2 4 2 7 805
42 3 4 1 13 805
42 4 4 1 10 805
42 7 4 2 23 805
42 11 4 1 25 805
42 12 4 3 23 805
42 14 4 1 6 805
42 18 4 5 10 805
42 20 4 1 3 805
42 22 4 3 5 805
42 23 4 3 11 805
42 24 4 3 20 805
42 28 4 2 9 805
42 29 4 4 21 805
42 31 4 1 17 805
42 32 4 4 23 805
42 37 4 5 4 805
42 38 4 3 11 805
42 43 4 1 11 805
42 46 4 2 20 805
42 49 4 5 13 805
42 51 4 3 24 805
42 52 4 3 9 805
42 53 4 3 3 805
42 56 4 2 24 805
42 58 4 3 4 805
42 60 4 1 22 805
42 61 4 1 2 805
42 62 4 1 14 805
42 65 4 5 21 805
42 66 4 2 20 805
42 67 4 3 3 805
42 68 4 1 5 805
42 70 4 1 1 805
42 71 4 3 14 805
42 72 4 4 6 805
42 73 4 4 6 805
42 74 4 2 22 805
42 75 4 1 16 805
42 80 4 5 25 805
42 81 4 5 23 805
42 84 4 2 24 805
42 85 4 2 11 805
42 86 4 3 24 805
42 88 4 4 3 805
42 92 4 5 25 805
42 94 4 1 13 805
42 95 4 3 18 805
42 96 4 5 24 805
42 97 4 5 7 805
42 99 4 2 18 805
43 0 1 4 13 767
43 2 1 2 18 767
43 3 1 1 1 767
43 5 1 2 9 767
43 7 1 2 23 767
43 8 1 5 15 767
43 9 1 1 17 767
43 10 1 3 7 767
43 14 1 1 2 767
43 15 1 4 4 767
43 17 1 4 2 767
43 18 1 5 3 767
43 19 1 3 12 767
43 23 1 3 3 767
43 24 1 3 21 767
43 27 1 2 21 767
43 28 1 2 9 767
43 29 1 4 21 767
43 30 1 2 13 767
43 33 1 4 12 767
43 34 1 2 11 767
43 37 1 5 22 767
43 38 1 3 12 767
43 39 1 1 8 767
43 42 1 4 11 767
43 44 1 2 18 767
43 46 1 2 23 767
43 47 1 4 10 767
43 48 1 1 21 767
43 50 1 5 9 767
43 56 1 2 17 767
43 57 1 4 3 767
43 59 1 4 12 767
43 60 1 1 9 767
43 61 1 1 17 767
43 62 1 1 6 767
43 64 1 5 7 767
43 69 1 3 14 767
43 84 1 2 14 767
43 86 1 3 11 767
43 89 1 4 2 767
43 90 1 2 6 767
43 91 1 5 2 767
43 93 1 4 19 767
43 94 1 1 21 767
43 95 1 3 22 767
43 96 1 5 20 767
43 99 1 2 14 767
44 1 2 1 7 473
44 2 2 2 15 473
44 4 2 1 14 473
44 6 2 5 24 473
44 7 2 2 13 473
44 9 2 1 25 473
44 11 2 1 11 473
44 12 2 3 3 473
44 13 2 1 15 473
44 18 2 5 3 473
44 20 2 1 12 473
44 21 2 1 15 473
44 22 2 3 8 473
44 23 2 3 20 473
44 24 2 3 14 473
44 29 2 4 21 473
44 30 2 2 11 473
44 34 2 2 21 473
44 35 2 3 5 473
44 41 2 1 9 473
44 43 2 1 18 473
44 46 2 2 11 473
44 49 2 5 8 473
44 50 2 5 3 473
44 51 2 3 13 473
44 53 2 3 18 473
44 55 2 5 8 473
44 56 2 2 13 473
44 57 2 4 21 473
44 58 2 3 7 473
44 60 2 1 10 473
44 61 2 1 6 473
44 63 2 1 17 473
44 65 2 5 20 473
44 70 2 1 24 473
44 73 2 4 10 473
44 75 2 1 21 473
44 78 2 3 8 473
44 80 2 5 13 473
44 81 2 5 15 473
44 82 2 1 17 473
44 83 2 4 6 473
44 87 2 3 6 473
44 93 2 4 6 473
44 96 2 5 22 473
45 1 3 1 22 163
45 2 3 2 14 163
45 3 3 1 20 163
45 6 3 5 21 163
45 7 3 2 6 163
45 8 3 5 24 163
45 9 3 1 10 163
45 11 3 1 4 163
45 12 3 3 1 163
45 16 3 2 16 163
45 17 3 4 14 163
45 19 3 3 10 163
45 20 3 1 16 163
45 21 3 1 22 163
45 22 3 3 14 163
45 24 3 3 4 163
45 25 3 1 10 163
45 26 3 4 11 163
45 29 3 4 21 163
45 35 3 3 22 163
45 38 3 3 1 163
45 40 3 4 13 163
45 41 3 1 17 163
45 46 3 2 14 163
45 47 3 4 12 163
45 49 3 5 17 163
45 51 3 3 22 163
45 54 3 4 22 163
45 57 3 4 9 163
45 59 3 4 14 163
45 60 3 1 12 163
45 61 3 1 5 163
45 63 3 1 17 163
45 64 3 5 18 163
45 65 3 5 22 163
45 67 3 3 22 163
45 68 3 1 21 163
45 72 3 4 12 163
45 76 3 4 23 163
45 78 3 3 7 163
45 84 3 2 10 163
45 90 3 2 13 163
45 92 3 5 24 163
45 96 3 5 25 163
46 0 2 4 19 483
46 1 2 1 17 483
46 2 2 2 8 483
46 4 2 1 11 483
46 6 2 5 16 483
46 9 2 1 18 483
46 11 2 1 5 483
46 12 2 3 5 483
46 13 2 1 21 483
46 15 2 4 16 483
46 19 2 3 10 483
46 20 2 1 25 483
46 23 2 3 18 483
46 24 2 3 3 483
46 26 2 4 24 483
46 27 2 2 12 483
46 30 2 2 22 483
46 33 2 4 15 483
46 36 2 5 16 483
46 37 2 5 9 483
46 39 2 1 24 483
46 40 2 4 6 483
46 41 2 1 20 483
46 42 2 4 20 483
46 43 2 1 23 483
46 44 2 2 11 483
46 45 2 3 14 483
46 47 2 4 12 483
46 48 2 1 18 483
46 49 2 5 20 483
46 50 2 5 10 483
46 52 2 3 23 483
46 54 2 4 16 483
46 55 2 5 21 483
46 56 2 2 7 483
46 63 2 1 21 483
46 64 2 5 8 483
46 66 2 2 9 483
46 73 2 4 18 483
46 74 2 2 23 483
46 76 2 4 7 483
46 77 2 3 12 483
46 80 2 5 19 483
46 86 2 3 12 483
46 87 2 3 17 483
46 88 2 4 1 483
46 90 2 2 9 483
46 92 2 5 3 483
46 93 2 4 7 483
46 94 2 1 20 483
46 96 2 5 23 483
47 2 4 2 11 817
47 4 4 1 19 817
47 8 4 5 11 817
47 10 4 3 5 817
47 13 4 1 25 817
47 15 4 4 18 817
47 16 4 2 17 817
47 17 4 4 13 817
47 18 4 5 13 817
47 19 4 3 7 817
47 20 4 1 5 817
47 24 4 3 11 817
47 29 4 4 21 817
47 30 4 2 8 817
47 31 4 1 19 817
47 33 4 4 23 817
47 34 4 2 4 817
47 35 4 3 7 817
47 36 4 5 23 817
47 38 4 3 16 817
47 39 4 1 16 817
47 43 4 1 10 817
47 45 4 3 12 817
47 46 4 2 12 817
47 48 4 1 21 817
47 49 4 5 6 817
47 52 4 3 11 817
47 54 4 4 1 817
47 59 4 4 19 817
47 60 4 1 3 817
47 64 4 5 15 817
47 66 4 2 10 817
47 69 4 3 14 817
47 71 4 3 4 817
47 81 4 5 20 817
47 83 4 4 9 817
47 84 4 2 10 817
47 86 4 3 5 817
47 89 4 4 3 817
47 90 4 2 16 817
47 93 4 4 18 817
47 98 4 3 16 817
48 0 1 4 1 803
48 1 1 1 8 803
48 2 1 2 23 803
48 3 1 1 2 803
48 4 1 1 14 803
48 5 1 2 18 803
48 8 1 5 20 803
48 9 1 1 21 803
48 10 1 3 23 803
48 11 1 1 1 803
48 16 1 2 18 803
48 17 1 4 17 803
48 19 1 3 19 803
48 20 1 1 20 803
48 22 1 3 15 803
48 25 1 1 17 803
48 26 1 4 23 803
48 27 1 2 23 803
48 28 1 2 17 803
48 30 1 2 13 803
48 33 1 4 3 803
48 35 1 3 25 803
48 36 1 5 21 803
48 37 1 5 9 803
48 40 1 4 12 803
48 41 1 1 10 803
48 43 1 1 21 803
48 46 1 2 18 803
48 47 1 4 21 803
48 49 1 5 17 803
48 50 1 5 15 803
48 52 1 3 4 803
48 53 1 3 1 803
48 54 1 4 21 803
48 55 1 5 20 803
48 57 1 4 11 803
48 59 1 4 13 803
48 64 1 5 9 803
48 67 1 3 23 803
48 69 1 3 7 803
48 70 1 1 2 803
48 72 1 4 13 803
48 73 1 4 8 803
48 74 1 2 2 803
48 75 1 1 5 803
48 76 1 4 2 803
48 78 1 3 21 803
48 79 1 3 2 803
48 81 1 5 8 803
48 82 1 1 8 803
48 85 1 2 19 803
48 87 1 3 6 803
48 90 1 2 6 803
48 93 1 4 17 803
48 94 1 1 3 803
48 96 1 5 7 803
48 99 1 2 25 803
49 0 5 4 21 284
49 1 5 1 11 284
49 3 5 1 18 284
49 5 5 2 22 284
49 6 5 5 19 284
49 7 5 2 23 284
49 8 5 5 9 284
49 9 5 1 25 284
49 15 5 4 2 284
49 16 5 2 12 284
49 21 5 1 23 284
49 22 5 3 5 284
49 24 5 3 12 284
49 25 5 1 3 284
49 27 5 2 7 284
49 28 5 2 2 284
49 30 5 2 25 284
49 32 5 4 22 284
49 33 5 4 24 284
49 36 5 5 8 284
49 37 5 5 9 284
49 39 5 1 6 284
49 40 5 4 19 284
49 42 5 4 13 284
49 44 5 2 8 284
49 45 5 3 17 284
49 46 5 2 20 284
49 47 5 4 6 284
49 48 5 1 17 284
49 51 5 3 3 284
49 53 5 3 23 284
49 55 5 5 21 284
49 56 5 2 8 284
49 57 5 4 25 284
49 61 5 1 4 284
49 62 5 1 3 284
49 63 5 1 16 284
49 65 5 5 4 284
49 67 5 3 25 284
49 69 5 3 2 284
49 72 5 4 12 284
49 73 5 4 15 284
49 74 5 2 11 284
49 75 5 1 5 284
49 76 5 4 15 284
49 77 5 3 7 284
49 80 5 5 23 284
49 81 5 5 17 284
49 84 5 2 6 284
49 87 5 3 23 284
49 89 5 4 8 284
49 90 5 2 24 284
49 91 5 5 18 284
49 92 5 5 17 284
49 93 5 4 19 284
49 95 5 3 6 284
49 96 5 5 16 284
49 97 5 5 15 284
50 0 5 4 3 406
50 4 5 1 11 406
50 9 5 1 4 406
50 10 5 3 9 406
50 13 5 1 1 406
50 15 5 4 16 406
50 21 5 1 19 406
50 22 5 3 10 406
50 23 5 3 10 406
50 27 5 2 6 406
50 29 5 4 15 406
50 30 5 2 17 406
50 31 5 1 9 406
50 37 5 5 11 406
50 40 5 4 5 406
50 43 5 1 9 406
50 44 5 2 3 406
50 46 5 2 10 406
50 48 5 1 15 406
50 51 5 3 8 406
50 54 5 4 6 406
50 55 5 5 13 406
50 62 5 1 19 406
50 63 5 1 1 406
50 64 5 5 21 406
50 65 5 5 24 406
50 66 5 2 25 406
50 73 5 4 15 406
50 74 5 2 23 406
50 75 5 1 19 406
50 77 5 3 5 406
50 83 5 4 8 406
50 87 5 3 23 406
50 93 5 4 2 406
50 95 5 3 14 406
50 97 5 5 25 406
50 99 5 2 6 406
51 0 3 4 8 58
51 2 3 2 2 58
51 4 3 1 12 58
51 5 3 2 6 58
51 6 3 5 8 58
51 10 3 3 20 58
51 11 3 1 6 58
51 13 3 1 7 58
51 14 3 1 8 58
51 15 3 4 11 58
51 16 3 2 8 58
51 19 3 3 17 58
51 24 3 3 4 58
51 25 3 1 3 58
51 29 3 4 13 58
51 32 3 4 17 58
51 36 3 5 21 58
51 38 3 3 3 58
51 39 3 1 19 58
51 40 3 4 6 58
51 42 3 4 24 58
51 44 3 2 13 58
51 45 3 3 22 58
51 49 3 5 3 58
51 50 3 5 8 58
51 53 3 3 17 58
51 54 3 4 19 58
51 56 3 2 22 58
51 59 3 4 21 58
51 60 3 1 8 58
51 62 3 1 10 58
51 63 3 1 23 58
51 64 3 5 2 58
51 66 3 2 19 58
51 67 3 3 9 58
51 68 3 1 17 58
51 72 3 4 17 58
51 76 3 4 9 58
51 77 3 3 15 58
51 78 3 3 24 58
51 81 3 5 11 58
51 84 3 2 18 58
51 87 3 3 19 58
51 88 3 4 7 58
51 93 3 4 24 58
51 98 3 3 18 58
51 99 3 2 11 58
52 2 3 2 19 119
52 3 3 1 11 119
52 5 3 2 6 119
52 7 3 2 24 119
52 9 3 1 8 119
52 10 3 3 15 119
52 12 3 3 8 119
52 13 3 1 13 119
52 16 3 2 17 119
52 18 3 5 15 119
52 20 3 1 22 119
52 21 3 1 8 119
52 26 3 4 1 119
52 28 3 2 14 119
52 31 3 1 5 119
52 32 3 4 4 119
52 33 3 4 6 119
52 34 3 2 16 119
52 35 3 3 17 119
52 39 3 1 10 119
52 41 3 1 15 119
52 42 3 4 9 119
52 46 3 2 23 119
52 47 3 4 11 119
52 48 3 1 4 119
52 53 3 3 17 119
52 56 3 2 17 119
52 58 3 3 9 119
52 59 3 4 4 119
52 60 3 1 8 119
52 63 3 1 10 119
52 64 3 5 7 119
52 65 3 5 14 119
52 70 3 1 1 119
52 71 3 3 13 119
52 78 3 3 19 119
52 80 3 5 22 119
52 81 3 5 8 119
52 86 3 3 1 119
52 87 3 3 11 119
52 88 3 4 6 119
52 89 3 4 4 119
52 90 3 2 2 119
52 93 3 4 24 119
52 95 3 3 22 119
52 96 3 5 4 119
52 97 3 5 6 119
53 2 3 2 6 62
53 3 3 1 21 62
53 4 3 1 1 62
53 6 3 5 14 62
53 7 3 2 13 62
53 9 3 1 22 62
53 10 3 3 20 62
53 13 3 1 2 62
53 15 3 4 10 62
53 21 3 1 18 62
53 23 3 3 12 62
53 24 3 3 6 62
53 28 3 2 8 62
53 32 3 4 12 62
53 33 3 4 15 62
53 34 3 2 7 62
53 35 3 3 10 62
53 36 3 5 1 62
53 38 3 3 6 62
53 39 3 1 24 62
53 41 3 1 22 62
53 42 3 4 3 62
53 44 3 2 18 62
53 48 3 1 1 62
53 49 3 5 23 62
53 51 3 3 17 62
53 52 3 3 17 62
53 55 3 5 22 62
53 56 3 2 15 62
53 57 3 4 24 62
53 59 3 4 20 62
53 61 3 1 24 62
53 62 3 1 3 62
53 64 3 5 12 62
53 70 3 1 10 62
53 71 3 3 4 62
53 72 3 4 11 62
53 74 3 2 17 62
53 76 3 4 9 62
53 79 3 3 8 62
53 80 3 5 10 62
53 82 3 1 25 62
53 83 3 4 21 62
53 84 3 2 16 62
53 86 3 3 9 62
53 87 3 3 8 62
53 88 3 4 1 62
53 89 3 4 16 62
53 90 3 2 13 62
53 94 3 1 15 62
53 96 3 5 2 62
53 97 3 5 6 62
54 6 4 5 6 357
54 7 4 2 8 357
54 10 4 3 25 357
54 12 4 3 20 357
54 15 4 4 8 357
54 16 4 2 2 357
54 19 4 3 4 357
54 21 4 1 8 357
54 24 4 3 12 357
54 27 4 2 4 357
54 29 4 4 20 357
54 32 4 4 10 357
54 34 4 2 11 357
54 35 4 3 21 357
54 36 4 5 21 357
54 38 4 3 25 357
54 41 4 1 7 357
54 45 4 3 22 357
54 46 4 2 16 357
54 47 4 4 1 357
54 48 4 1 21 357
54 50 4 5 6 357
54 51 4 3 19 357
54 56 4 2 15 357
54 57 4 4 7 357
54 60 4 1 22 357
54 61 4 1 19 357
54 62 4 1 4 357
54 63 4 1 7 357
54 65 4 5 4 357
54 66 4 2 15 357
54 69 4 3 4 357
54 70 4 1 11 357
54 75 4 1 6 357
54 76 4 4 20 357
54 78 4 3 6 357
54 79 4 3 11 357
54 81 4 5 6 357
54 83 4 4 15 357
54 84 4 2 1 357
54 85 4 2 9 357
54 87 4 3 16 357
54 89 4 4 19 357
54 90 4 2 6 357
54 92 4 5 6 357
54 96 4 5 13 357
55 1 5 1 25 329
55 4 5 1 12 329
55 5 5 2 8 329
55 8 5 5 16 329
55 11 5 1 22 329
55 12 5 3 19 329
55 13 5 1 13 329
55 14 5 1 24 329
55 15 5 4 25 329
55 16 5 2 9 329
55 19 5 3 2 329
55 20 5 1 5 329
55 22 5 3 19 329
55 23 5 3 8 329
55 27 5 2 2 329
55 28 5 2 8 329
55 31 5 1 19 329
55 34 5 2 1 329
55 35 5 3 17 329
55 37 5 5 17 329
55 38 5 3 11 329
55 39 5 1 14 329
55 41 5 1 1 329
55 44 5 2 8 329
55 46 5 2 21 329
55 48 5 1 20 329
55 49 5 5 21 329
55 50 5 5 13 329
55 53 5 3 22 329
55 57 5 4 8 329
55 58 5 3 25 329
55 60 5 1 17 329
55 62 5 1 9 329
55 63 5 1 3 329
55 66 5 2 8 329
55 67 5 3 19 329
55 71 5 3 23 329
55 74 5 2 10 329
55 75 5 1 10 329
55 76 5 4 18 329
55 77 5 3 5 329
55 78 5 3 8 329
55 80 5 5 5 329
55 82 5 1 11 329
55 87 5 3 12 329
55 88 5 4 15 329
55 90 5 2 2 329
55 94 5 1 8 329
55 95 5 3 11 329
55 96 5 5 6 329
55 99 5 2 12 329
56 0 2 4 7 323
56 3 2 1 16 323
56 5 2 2 13 323
56 6 2 5 14 323
56 9 2 1 6 323
56 12 2 3 2 323
56 13 2 1 19 323
56 14 2 1 13 323
56 17 2 4 20 323
56 18 2 5 5 323
56 19 2 3 1 323
56 21 2 1 23 323
56 24 2 3 24 323
56 27 2 2 19 323
56 29 2 4 15 323
56 30 2 2 7 323
56 31 2 1 4 323
56 32 2 4 12 323
56 34 2 2 1 323
56 35 2 3 19 323
56 36 2 5 12 323
56 37 2 5 8 323
56 38 2 3 18 323
56 40 2 4 18 323
56 42 2 4 24 323
56 43 2 1 17 323
56 44 2 2 13 323
56 46 2 2 7 323
56 49 2 5 8 323
56 51 2 3 22 323
56 52 2 3 17 323
56 53 2 3 15 323
56 54 2 4 15 323
56 57 2 4 15 323
56 62 2 1 7 323
56 63 2 1 18 323
56 64 2 5 5 323
56 66 2 2 21 323
56 67 2 3 6 323
56 68 2 1 20 323
56 69 2 3 17 323
56 71 2 3 5 323
56 72 2 4 19 323
56 73 2 4 7 323
56 74 2 2 20 323
56 79 2 3 6 323
56 82 2 1 24 323
56 83 2 4 5 323
56 85 2 2 24 323
56 86 2 3 20 323
56 87 2 3 9 323
56 90 2 2 21 323
56 91 2 5 21 323
56 93 2 4 7 323
56 94 2 1 16 323
56 96 2 5 15 323
56 97 2 5 13 323
56 99 2 2 10 323
57 1 4 1 25 642
57 3 4 1 8 642
57 5 4 2 8 642
57 6 4 5 23 642
57 9 4 1 21 642
57 13 4 1 4 642
57 14 4 1 15 642
57 15 4 4 7 642
57 16 4 2 19 642
57 18 4 5 19 642
57 19 4 3 17 642
57 21 4 1 4 642
57 26 4 4 5 642
57 29 4 4 3 642
57 31 4 1 8 642
57 33 4 4 6 642
57 43 4 1 3 642
57 44 4 2 21 642
57 45 4 3 9 642
57 48 4 1 11 642
57 49 4 5 25 642
57 53 4 3 24 642
57 54 4 4 7 642
57 55 4 5 8 642
57 56 4 2 15 642
57 59 4 4 23 642
57 60 4 1 5 642
57 61 4 1 2 642
57 63 4 1 11 642
57 64 4 5 6 642
57 65 4 5 2 642
57 67 4 3 18 642
57 72 4 4 24 642
57 73 4 4 3 642
57 75 4 1 8 642
57 76 4 4 8 642
57 79 4 3 21 642
57 81 4 5 9 642
57 83 4 4 20 642
57 84 4 2 9 642
57 85 4 2 14 642
57 86 4 3 21 642
57 89 4 4 23 642
57 90 4 2 11 642
57 92 4 5 14 642
57 94 4 1 16 642
57 98 4 3 23 642
58 1 3 1 11 726
58 2 3 2 3 726
58 5 3 2 6 726
58 7 3 2 23 726
58 9 3 1 23 726
58 16 3 2 22 726
58 19 3 3 7 726
58 20 3 1 20 726
58 21 3 1 6 726
58 23 3 3 20 726
58 26 3 4 5 726
58 27 3 2 2 726
58 29 3 4 17 726
58 31 3 1 2 726
58 32 3 4 11 726
58 35 3 3 4 726
58 36 3 5 23 726
58 37 3 5 22 726
58 38 3 3 25 726
58 39 3 1 2 726
58 40 3 4 17 726
58 41 3 1 10 726
58 42 3 4 4 726
58 44 3 2 7 726
58 52 3 3 9 726
58 55 3 5 25 726
58 59 3 4 22 726
58 61 3 1 22 726
58 65 3 5 14 726
58 68 3 1 15 726
58 69 3 3 12 726
58 73 3 4 13 726
58 74 3 2 2 726
58 75 3 1 11 726
58 77 3 3 15 726
58 79 3 3 4 726
58 81 3 5 10 726
58 82 3 1 1 726
58 83 3 4 10 726
58 84 3 2 17 726
58 87 3 3 17 726
58 92 3 5 4 726
58 95 3 3 16 726
58 96 3 5 15 726
58 97 3 5 3 726
58 99 3 2 4 726
59 0 4 4 25 717
59 3 4 1 17 717
59 6 4 5 15 717
59 10 4 3 22 717
59 11 4 1 4 717
59 14 4 1 24 717
59 15 4 4 6 717
59 18 4 5 25 717
59 19 4 3 21 717
59 20 4 1 25 717
59 21 4 1 1 717
59 25 4 1 23 717
59 26 4 4 23 717
59 27 4 2 6 717
59 32 4 4 3 717
59 34 4 2 18 717
59 35 4 3 10 717
59 37 4 5 20 717
59 38 4 3 25 717
59 39 4 1 15 717
59 41 4 1 10 717
59 43 4 1 12 717
59 45 4 3 14 717
59 47 4 4 19 717
59 48 4 1 13 717
59 51 4 3 21 717
59 52 4 3 4 717
59 53 4 3 20 717
59 57 4 4 23 717
59 58 4 3 22 717
59 60 4 1 17 717
59 62 4 1 8 717
59 63 4 1 3 717
59 66 4 2 11 717
59 68 4 1 22 717
59 69 4 3 10 717
59 70 4 1 24 717
59 73 4 4 13 717
59 74 4 2 8 717
59 75 4 1 23 717
59 76 4 4 17 717
59 78 4 3 8 717
59 79 4 3 15 717
59 81 4 5 16 717
59 82 4 1 16 717
59 83 4 4 5 717
59 84 4 2 8 717
59 86 4 3 11 717
59 87 4 3 10 717
59 89 4 4 23 717
59 90 4 2 2 717
59 92 4 5 2 717
59 94 4 1 8 717
59 95 4 3 18 717
59 96 4 5 9 717
59 98 4 3 11 717
59 99 4 2 5 717
60 1 1 1 11 502
60 2 1 2 5 502
60 3 1 1 3 502
60 5 1 2 25 502
60 6 1 5 12 502
60 7 1 2 20 502
60 13 1 1 17 502
60 15 1 4 10 502
60 16 1 2 10 502
60 17 1 4 25 502
60 24 1 3 9 502
60 25 1 1 21 502
60 26 1 4 1 502
60 35 1 3 21 502
60 39 1 1 7 502
60 42 1 4 22 502
60 43 1 1 9 502
60 44 1 2 10 502
60 45 1 3 12 502
60 47 1 4 3 502
60 51 1 3 8 502
60 52 1 3 8 502
60 54 1 4 22 502
60 55 1 5 17 502
60 57 1 4 5 502
60 59 1 4 17 502
60 66 1 2 4 502
60 67 1 3 24 502
60 68 1 1 25 502
60 69 1 3 18 502
60 71 1 3 25 502
60 73 1 4 1 502
60 74 1 2 7 502
60 81 1 5 7 502
60 84 1 2 19 502
60 87 1 3 16 502
60 88 1 4 9 502
60 98 1 3 11 502
61 0 1 4 24 658
61 1 1 1 25 658
61 3 1 1 24 658
61 4 1 1 11 658
61 5 1 2 19 658
61 7 1 2 20 658
61 9 1 1 23 658
61 12 1 3 13 658
61 14 1 1 6 658
61 15 1 4 15 658
61 17 1 4 7 658
61 21 1 1 21 658
61 25 1 1 15 658
61 27 1 2 2 658
61 28 1 2 2 658
61 30 1 2 8 658
61 33 1 4 23 658
61 36 1 5 23 658
61 39 1 1 1 658
61 41 1 1 7 658
61 42 1 4 2 658
61 43 1 1 17 658
61 44 1 2 6 658
61 45 1 3 5 658
61 49 1 5 4 658
61 53 1 3 24 658
61 54 1 4 19 658
61 57 1 4 2 658
61 58 1 3 22 658
61 66 1 2 8 658
61 67 1 3 5 658
61 68 1 1 2 658
61 74 1 2 5 658
61 79 1 3 12 658
61 82 1 1 19 658
61 83 1 4 9 658
61 88 1 4 10 658
61 91 1 5 10 658
61 92 1 5 5 658
61 93 1 4 15 658
61 96 1 5 14 658
61 98 1 3 17 658
61 99 1 2 15 658
62 0 1 4 2 191
62 2 1 2 19 191
62 3 1 1 7 191
62 4 1 1 21 191
62 6 1 5 2 191
62 11 1 1 12 191
62 12 1 3 16 191
62 16 1 2 9 191
62 17 1 4 23 191
62 19 1 3 13 191
62 20 1 1 14 191
62 21 1 1 16 191
62 25 1 1 10 191
62 29 1 4 8 191
62 30 1 2 5 191
62 32 1 4 12 191
62 33 1 4 18 191
62 38 1 3 21 191
62 40 1 4 6 191
62 42 1 4 14 191
62 43 1 1 6 191
62 49 1 5 3 191
62 50 1 5 19 191
62 51 1 3 10 191
62 53 1 3 3 191
62 54 1 4 4 191
62 55 1 5 9 191
62 56 1 2 7 191
62 59 1 4 8 191
62 63 1 1 18 191
62 65 1 5 12 191
62 66 1 2 9 191
62 67 1 3 15 191
62 68 1 1 25 191
62 69 1 3 11 191
62 71 1 3 2 191
62 72 1 4 23 191
62 74 1 2 7 191
62 76 1 4 20 191
62 79 1 3 22 191
62 82 1 1 21 191
62 83 1 4 4 191
62 88 1 4 22 191
62 90 1 2 19 191
62 91 1 5 6 191
62 93 1 4 4 191
62 95 1 3 1 191
62 96 1 5 2 191
62 97 1 5 20 191
62 98 1 3 10 191
62 99 1 2 23 191
63 2 1 2 12 211
63 4 1 1 4 211
63 6 1 5 10 211
63 8 1 5 9 211
63 11 1 1 10 211
63 18 1 5 10 211
63 19 1 3 4 211
63 22 1 3 2 211
63 23 1 3 2 211
63 24 1 3 18 211
63 25 1 1 20 211
63 28 1 2 13 211
63 33 1 4 2 211
63 37 1 5 21 211
63 38 1 3 22 211
63 39 1 1 15 211
63 44 1 2 17 211
63 45 1 3 17 211
63 46 1 2 21 211
63 49 1 5 16 211
63 50 1 5 1 211
63 51 1 3 23 211
63 52 1 3 10 211
63 54 1 4 7 211
63 55 1 5 3 211
63 56 1 2 18 211
63 57 1 4 11 211
63 59 1 4 3 211
63 62 1 1 18 211
63 65 1 5 4 211
63 69 1 3 1 211
63 70 1 1 3 211
63 72 1 4 21 211
63 74 1 2 8 211
63 75 1 1 5 211
63 78 1 3 23 211
63 80 1 5 8 211
63 82 1 1 7 211
63 83 1 4 2 211
63 87 1 3 21 211
63 92 1 5 14 211
63 96 1 5 20 211
63 97 1 5 1 211
64 0 5 4 4 203
64 3 5 1 15 203
64 5 5 2 22 203
64 8 5 5 25 203
64 11 5 1 24 203
64 13 5 1 6 203
64 14 5 1 12 203
64 17 5 4 15 203
64 21 5 1 19 203
64 22 5 3 1 203
64 27 5 2 15 203
64 28 5 2 24 203
64 31 5 1 21 203
64 35 5 3 2 203
64 38 5 3 21 203
64 39 5 1 22 203
64 41 5 1 6 203
64 43 5 1 7 203
64 45 5 3 18 203
64 46 5 2 8 203
64 47 5 4 15 203
64 48 5 1 9 203
64 50 5 5 21 203
64 51 5 3 2 203
64 52 5 3 7 203
64 53 5 3 12 203
64 56 5 2 5 203
64 57 5 4 6 203
64 66 5 2 12 203
64 67 5 3 24 203
64 68 5 1 20 203
64 69 5 3 6 203
64 70 5 1 9 203
64 73 5 4 20 203
64 75 5 1 17 203
64 77 5 3 19 203
64 78 5 3 18 203
64 80 5 5 1 203
64 81 5 5 4 203
64 82 5 1 6 203
64 85 5 2 3 203
64 89 5 4 24 203
64 90 5 2 25 203
64 94 5 1 25 203
64 95 5 3 7 203
64 99 5 2 2 203
65 0 5 4 25 167
65 1 5 1 17 167
65 4 5 1 11 167
65 5 5 2 1 167
65 7 5 2 5 167
65 8 5 5 25 167
65 11 5 1 11 167
65 12 5 3 8 167
65 13 5 1 20 167
65 17 5 4 5 167
65 18 5 5 5 167
65 19 5 3 4 167
65 20 5 1 18 167
65 21 5 1 16 167
65 23 5 3 3 167
65 27 5 2 18 167
65 31 5 1 4 167
65 32 5 4 8 167
65 37 5 5 23 167
65 39 5 1 13 167
65 42 5 4 21 167
65 44 5 2 20 167
65 45 5 3 22 167
65 49 5 5 4 167
65 50 5 5 24 167
65 52 5 3 14 167
65 54 5 4 4 167
65 57 5 4 2 167
65 58 5 3 14 167
65 62 5 1 12 167
65 63 5 1 4 167
65 69 5 3 15 167
65 70 5 1 5 167
65 74 5 2 9 167
65 75 5 1 25 167
65 77 5 3 1 167
65 79 5 3 16 167
65 80 5 5 14 167
65 81 5 5 23 167
65 83 5 4 5 167
65 84 5 2 11 167
65 85 5 2 16 167
65 86 5 3 22 167
65 89 5 4 11 167
65 91 5 5 9 167
65 93 5 4 14 167
65 96 5 5 22 167
65 97 5 5 23 167
65 98 5 3 12 167
66 1 2 1 4 545
66 3 2 1 2 545
66 4 2 1 18 545
66 6 2 5 24 545
66 11 2 1 24 545
66 12 2 3 21 545
66 16 2 2 21 545
66 19 2 3 12 545
66 22 2 3 22 545
66 27 2 2 24 545
66 28 2 2 1 545
66 32 2 4 22 545
66 37 2 5 9 545
66 38 2 3 25 545
66 39 2 1 25 545
66 42 2 4 20 545
66 46 2 2 9 545
66 47 2 4 10 545
66 50 2 5 25 545
66 51 2 3 19 545
66 54 2 4 15 545
66 55 2 5 8 545
66 56 2 2 21 545
66 59 2 4 11 545
66 60 2 1 4 545
66 61 2 1 8 545
66 62 2 1 9 545
66 64 2 5 12 545
66 67 2 3 7 545
66 68 2 1 9 545
66 72 2 4 15 545
66 74 2 2 14 545
66 75 2 1 1 545
66 76 2 4 20 545
66 78 2 3 2 545
66 79 2 3 8 545
66 80 2 5 5 545
66 81 2 5 19 545
66 84 2 2 1 545
66 88 2 4 21 545
66 91 2 5 14 545
66 93 2 4 4 545
66 94 2 1 6 545
66 96 2 5 22 545
67 0 3 4 3 310
67 1 3 1 24 310
67 3 3 1 10 310
67 5 3 2 17 310
67 7 3 2 5 310
67 8 3 5 19 310
67 14 3 1 15 310
67 15 3 4 3 310
67 19 3 3 6 310
67 20 3 1 3 310
67 21 3 1 21 310
67 22 3 3 16 310
67 25 3 1 16 310
67 26 3 4 22 310
67 28 3 2 14 310
67 33 3 4 12 310
67 34 3 2 5 310
67 35 3 3 22 310
67 36 3 5 21 310
67 37 3 5 24 310
67 38 3 3 23 310
67 39 3 1 3 310
67 42 3 4 3 310
67 45 3 3 22 310
67 48 3 1 23 310
67 49 3 5 25 310
67 51 3 3 9 310
67 55 3 5 19 310
67 56 3 2 6 310
67 57 3 4 18 310
67 60 3 1 24 310
67 61 3 1 5 310
67 62 3 1 15 310
67 64 3 5 24 310
67 66 3 2 7 310
67 68 3 1 4 310
67 69 3 3 13 310
67 72 3 4 18 310
67 73 3 4 5 310
67 74 3 2 25 310
67 75 3 1 9 310
67 77 3 3 2 310
67 81 3 5 4 310
67 82 3 1 14 310
67 83 3 4 12 310
67 84 3 2 4 310
67 85 3 2 5 310
67 86 3 3 18 310
67 90 3 2 17 310
67 91 3 5 17 310
67 95 3 3 10 310
67 99 3 2 14 310
68 0 1 4 12 987
68 1 1 1 11 987
68 3 1 1 20 987
68 4 1 1 14 987
68 5 1 2 1 987
68 6 1 5 7 987
68 7 1 2 21 987
68 11 1 1 4 987
68 14 1 1 22 987
68 15 1 4 18 987
68 16 1 2 6 987
68 18 1 5 2 987
68 21 1 1 21 987
68 23 1 3 11 987
68 24 1 3 21 987
68 27 1 2 15 987
68 28 1 2 11 987
68 31 1 1 24 987
68 32 1 4 4 987
68 34 1 2 1 987
68 35 1 3 5 987
68 36 1 5 24 987
68 37 1 5 17 987
68 38 1 3 8 987
68 40 1 4 6 987
68 41 1 1 8 987
68 42 1 4 5 987
68 45 1 3 21 987
68 51 1 3 17 987
68 56 1 2 20 987
68 58 1 3 15 987
68 59 1 4 22 987
68 60 1 1 25 987
68 61 1 1 2 987
68 62 1 1 25 987
68 64 1 5 20 987
68 66 1 2 9 987
68 67 1 3 4 987
68 70 1 1 21 987
68 71 1 3 2 987
68 72 1 4 18 987
68 74 1 2 6 987
68 75 1 1 24 987
68 76 1 4 6 987
68 77 1 3 22 987
68 78 1 3 22 987
68 81 1 5 19 987
68 82 1 1 18 987
68 84 1 2 11 987
68 85 1 2 18 987
68 89 1 4 1 987
68 90 1 2 25 987
68 91 1 5 20 987
68 92 1 5 20 987
68 95 1 3 20 987
68 97 1 5 15 987
69 0 3 4 4 213
69 1 3 1 20 213
69 2 3 2 8 213
69 4 3 1 1 213
69 7 3 2 21 213
69 9 3 1 23 213
69 10 3 3 1 213
69 13 3 1 20 213
69 15 3 4 23 213
69 17 3 4 3 213
69 24 3 3 13 213
69 27 3 2 19 213
69 31 3 1 14 213
69 32 3 4 21 213
69 34 3 2 6 213
69 36 3 5 17 213
69 37 3 5 3 213
69 39 3 1 8 213
69 40 3 4 5 213
69 43 3 1 14 213
69 47 3 4 14 213
69 48 3 1 7 213
69 49 3 5 2 213
69 54 3 4 4 213
69 56 3 2 17 213
69 58 3 3 12 213
69 59 3 4 10 213
69 60 3 1 18 213
69 62 3 1 11 213
69 63 3 1 1 213
69 64 3 5 6 213
69 65 3 5 15 213
69 67 3 3 13 213
69 70 3 1 16 213
69 71 3 3 17 213
69 73 3 4 20 213
69 75 3 1 9 213
69 81 3 5 17 213
69 83 3 4 7 213
69 88 3 4 20 213
69 89 3 4 21 213
69 92 3 5 7 213
69 93 3 4 21 213
69 94 3 1 16 213
69 95 3 3 11 213
69 97 3 5 7 213
69 98 3 3 10 213
69 99 3 2 13 213
70 0 1 4 17 418
70 1 1 1 3 418
70 5 1 2 7 418
70 6 1 5 19 418
70 9 1 1 25 418
70 10 1 3 8 418
70 11 1 1 2 418
70 13 1 1 10 418
70 14 1 1 22 418
70 17 1 4 2 418
70 18 1 5 24 418
70 20 1 1 24 418
70 22 1 3 24 418
70 25 1 1 24 418
70 33 1 4 4 418
70 34 1 2 20 418
70 35 1 3 23 418
70 38 1 3 11 418
70 40 1 4 17 418
70 41 1 1 13 418
70 42 1 4 1 418
70 44 1 2 24 418
70 48 1 1 2 418
70 52 1 3 1 418
70 53 1 3 10 418
70 54 1 4 11 418
70 59 1 4 24 418
70 63 1 1 3 418
70 64 1 5 9 418
70 65 1 5 5 418
70 68 1 1 21 418
70 69 1 3 16 418
70 71 1 3 3 418
70 72 1 4 18 418
70 76 1 4 16 418
70 79 1 3 25 418
70 80 1 5 12 418
70 82 1 1 25 418
70 83 1 4 1 418
70 90 1 2 5 418
70 92 1 5 17 418
70 93 1 4 22 418
70 94 1 1 8 418
70 98 1 3 12 418
71 0 3 4 22 936
71 3 3 1 20 936
71 5 3 2 12 936
71 6 3 5 4 936
71 8 3 5 7 936
71 9 3 1 24 936
71 10 3 3 20 936
71 12 3 3 11 936
71 13 3 1 21 936
71 14 3 1 8 936
71 15 3 4 5 936
71 16 3 2 14 936
71 17 3 4 1 936
71 22 3 3 1 936
71 23 3 3 24 936
71 24 3 3 23 936
71 25 3 1 18 936
71 26 3 4 1 936
71 28 3 2 17 936
71 29 3 4 10 936
71 31 3 1 14 936
71 32 3 4 8 936
71 33 3 4 16 936
71 35 3 3 10 936
71 42 3 4 14 936
71 47 3 4 4 936
71 52 3 3 13 936
71 53 3 3 4 936
71 55 3 5 23 936
71 56 3 2 5 936
71 60 3 1 25 936
71 62 3 1 2 936
71 68 3 1 2 936
71 69 3 3 17 936
71 70 3 1 3 936
71 73 3 4 11 936
71 74 3 2 8 936
71 75 3 1 8 936
71 80 3 5 17 936
71 82 3 1 5 936
71 86 3 3 12 936
71 91 3 5 22 936
71 96 3 5 19 936
72 0 4 4 20 591
72 1 4 1 10 591
72 2 4 2 11 591
72 5 4 2 14 591
72 7 4 2 4 591
72 8 4 5 4 591
72 9 4 1 14 591
72 11 4 1 14 591
72 13 4 1 16 591
72 16 4 2 6 591
72 17 4 4 9 591
72 18 4 5 18 591
72 19 4 3 8 591
72 20 4 1 25 591
72 21 4 1 6 591
72 22 4 3 10 591
72 23 4 3 21 591
72 25 4 1 10 591
72 28 4 2 22 591
72 30 4 2 19 591
72 33 4 4 10 591
72 37 4 5 7 591
72 42 4 4 6 591
72 45 4 3 12 591
72 48 4 1 13 591
72 49 4 5 12 591
72 51 4 3 17 591
72 53 4 3 11 591
72 56 4 2 19 591
72 57 4 4 24 591
72 62 4 1 23 591
72 63 4 1 21 591
72 66 4 2 15 591
72 67 4 3 18 591
72 68 4 1 18 591
72 70 4 1 18 591
72 73 4 4 1 591
72 74 4 2 7 591
72 78 4 3 1 591
72 79 4 3 23 591
72 81 4 5 4 591
72 82 4 1 1 591
72 84 4 2 6 591
72 85 4 2 24 591
72 86 4 3 17 591
72 88 4 4 6 591
72 95 4 3 13 591
72 96 4 5 14 591
72 97 4 5 14 591
72 98 4 3 13 591
73 2 4 2 14 580
73 3 4 1 10 580
73 10 4 3 4 580
73 12 4 3 13 580
73 14 4 1 11 580
73 15 4 4 1 580
73 17 4 4 7 580
73 18 4 5 2 580
73 20 4 1 25 580
73 21 4 1 22 580
73 22 4 3 1 580
73 23 4 3 1 580
73 24 4 3 21 580
73 25 4 1 16 580
73 26 4 4 20 580
73 27 4 2 19 580
73 28 4 2 9 580
73 29 4 4 15 580
73 31 4 1 6 580
73 33 4 4 11 580
73 34 4 2 12 580
73 35 4 3 13 580
73 36 4 5 17 580
73 39 4 1 18 580
73 40 4 4 12 580
73 42 4 4 6 580
73 44 4 2 10 580
73 46 4 2 18 580
73 48 4 1 8 580
73 49 4 5 15 580
73 50 4 5 15 580
73 56 4 2 7 580
73 57 4 4 3 580
73 58 4 3 13 580
73 59 4 4 13 580
73 60 4 1 1 580
73 64 4 5 20 580
73 67 4 3 5 580
73 69 4 3 20 580
73 71 4 3 11 580
73 72 4 4 1 580
73 76 4 4 13 580
73 78 4 3 16 580
73 79 4 3 18 580
73 83 4 4 3 580
73 85 4 2 5 580
73 86 4 3 1 580
73 88 4 4 8 580
73 90 4 2 8 580
73 92 4 5 14 580
73 93 4 4 3 580
73 95 4 3 21 580
73 98 4 3 2 580
73 99 4 2 3 580
74 0 2 4 14 800
74 2 2 2 11 800
74 3 2 1 15 800
74 6 2 5 8 800
74 7 2 2 14 800
74 8 2 5 24 800
74 11 2 1 15 800
74 13 2 1 4 800
74 14 2 1 17 800
74 15 2 4 4 800
74 16 2 2 15 800
74 19 2 3 9 800
74 20 2 1 15 800
74 21 2 1 18 800
74 23 2 3 2 800
74 25 2 1 18 800
74 28 2 2 21 800
74 29 2 4 1 800
74 33 2 4 17 800
74 35 2 3 9 800
74 36 2 5 11 800
74 38 2 3 5 800
74 40 2 4 5 800
74 41 2 1 11 800
74 42 2 4 22 800
74 46 2 2 23 800
74 48 2 1 2 800
74 49 2 5 11 800
74 50 2 5 23 800
74 53 2 3 17 800
74 55 2 5 10 800
74 56 2 2 20 800
74 58 2 3 2 800
74 59 2 4 8 800
74 60 2 1 7 800
74 61 2 1 5 800
74 62 2 1 7 800
74 63 2 1 8 800
74 65 2 5 9 800
74 66 2 2 14 800
74 67 2 3 25 800
74 68 2 1 6 800
74 71 2 3 8 800
74 72 2 4 7 800
74 83 2 4 1 800
74 84 2 2 16 800
74 86 2 3 3 800
74 90 2 2 11 800
74 93 2 4 3 800
74 96 2 5 17 800
75 0 1 4 9 281
75 1 1 1 2 281
75 3 1 1 13 281
75 5 1 2 20 281
75 6 1 5 16 281
75 9 1 1 14 281
75 10 1 3 21 281
75 11 1 1 24 281
75 13 1 1 4 281
75 14 1 1 1 281
75 15 1 4 1 281
75 16 1 2 9 281
75 18 1 5 15 281
75 22 1 3 14 281
75 23 1 3 17 281
75 24 1 3 14 281
75 25 1 1 18 281
75 26 1 4 21 281
75 28 1 2 25 281
75 30 1 2 11 281
75 31 1 1 18 281
75 33 1 4 18 281
75 40 1 4 5 281
75 41 1 1 12 281
75 42 1 4 16 281
75 44 1 2 21 281
75 48 1 1 5 281
75 49 1 5 5 281
75 50 1 5 19 281
75 54 1 4 6 281
75 55 1 5 10 281
75 57 1 4 8 281
75 58 1 3 11 281
75 59 1 4 23 281
75 63 1 1 5 281
75 64 1 5 17 281
75 65 1 5 25 281
75 66 1 2 1 281
75 67 1 3 9 281
75 68 1 1 24 281
75 69 1 3 9 281
75 71 1 3 8 281
75 76 1 4 12 281
75 77 1 3 14 281
75 80 1 5 24 281
75 81 1 5 12 281
75 82 1 1 6 281
75 83 1 4 24 281
75 84 1 2 23 281
75 85 1 2 10 281
75 87 1 3 10 281
75 88 1 4 21 281
75 89 1 4 11 281
75 90 1 2 5 281
75 93 1 4 22 281
75 96 1 5 24 281
75 97 1 5 7 281
75 99 1 2 9 281
76 0 4 4 24 936
76 6 4 5 16 936
76 9 4 1 1 936
76 10 4 3 8 936
76 12 4 3 4 936
76 16 4 2 22 936
76 19 4 3 12 936
76 20 4 1 9 936
76 21 4 1 1 936
76 22 4 3 22 936
76 26 4 4 7 936
76 27 4 2 7 936
76 29 4 4 23 936
76 33 4 4 4 936
76 34 4 2 23 936
76 35 4 3 9 936
76 41 4 1 12 936
76 45 4 3 23 936
76 46 4 2 7 936
76 48 4 1 2 936
76 49 4 5 15 936
76 51 4 3 9 936
76 53 4 3 9 936
76 54 4 4 20 936
76 55 4 5 18 936
76 57 4 4 8 936
76 59 4 4 17 936
76 62 4 1 20 936
76 66 4 2 20 936
76 68 4 1 6 936
76 70 4 1 16 936
76 73 4 4 13 936
76 75 4 1 12 936
76 81 4 5 9 936
76 82 4 1 10 936
76 83 4 4 6 936
76 84 4 2 4 936
76 85 4 2 23 936
76 88 4 4 5 936
76 90 4 2 25 936
76 91 4 5 13 936
76 95 4 3 14 936
76 97 4 5 24 936
76 98 4 3 23 936
76 99 4 2 10 936
77 0 3 4 20 792
77 1 3 1 11 792
77 2 3 2 19 792
77 4 3 1 21 792
77 5 3 2 11 792
77 7 3 2 12 792
77 9 3 1 2 792
77 10 3 3 22 792
77 11 3 1 22 792
77 12 3 3 17 792
77 13 3 1 20 792
77 17 3 4 5 792
77 18 3 5 9 792
77 19 3 3 17 792
77 20 3 1 16 792
77 21 3 1 9 792
77 26 3 4 13 792
77 27 3 2 16 792
77 29 3 4 17 792
77 33 3 4 19 792
77 34 3 2 3 792
77 36 3 5 7 792
77 38 3 3 20 792
77 39 3 1 19 792
77 41 3 1 18 792
77 46 3 2 12 792
77 49 3 5 7 792
77 50 3 5 5 792
77 51 3 3 15 792
77 55 3 5 5 792
77 58 3 3 15 792
77 64 3 5 19 792
77 65 3 5 1 792
77 67 3 3 2 792
77 68 3 1 22 792
77 75 3 1 14 792
77 78 3 3 12 792
77 80 3 5 18 792
77 81 3 5 17 792
77 89 3 4 24 792
77 92 3 5 18 792
77 98 3 3 18 792
78 0 3 4 24 766
78 2 3 2 23 766
78 3 3 1 16 766
78 4 3 1 25 766
78 5 3 2 21 766
78 7 3 2 20 766
78 9 3 1 23 766
78 10 3 3 13 766
78 13 3 1 24 766
78 15 3 4 7 766
78 17 3 4 8 766
78 20 3 1 24 766
78 22 3 3 6 766
78 24 3 3 5 766
78 25 3 1 20 766
78 27 3 2 9 766
78 30 3 2 5 766
78 33 3 4 2 766
78 35 3 3 18 766
78 36 3 5 7 766
78 38 3 3 4 766
78 39 3 1 20 766
78 40 3 4 25 766
78 41 3 1 14 766
78 44 3 2 8 766
78 45 3 3 7 766
78 48 3 1 21 766
78 51 3 3 24 766
78 52 3 3 19 766
78 54 3 4 6 766
78 55 3 5 8 766
78 59 3 4 8 766
78 63 3 1 23 766
78 64 3 5 18 766
78 66 3 2 2 766
78 68 3 1 22 766
78 72 3 4 1 766
78 73 3 4 16 766
78 77 3 3 12 766
78 79 3 3 1 766
78 81 3 5 9 766
78 83 3 4 3 766
78 84 3 2 21 766
78 85 3 2 6 766
78 86 3 3 19 766
78 87 3 3 25 766
78 89 3 4 7 766
78 92 3 5 20 766
78 96 3 5 17 766
79 0 3 4 6 990
79 1 3 1 12 990
79 3 3 1 20 990
79 4 3 1 22 990
79 8 3 5 16 990
79 12 3 3 20 990
79 16 3 2 20 990
79 17 3 4 21 990
79 18 3 5 23 990
79 19 3 3 9 990
79 20 3 1 5 990
79 21 3 1 19 990
79 22 3 3 16 990
79 23 3 3 21 990
79 24 3 3 1 990
79 28 3 2 19 990
79 30 3 2 13 990
79 31 3 1 2 990
79 32 3 4 16 990
79 33 3 4 8 990
79 34 3 2 11 990
79 36 3 5 25 990
79 40 3 4 12 990
79 48 3 1 2 990
79 53 3 3 8 990
79 54 3 4 11 990
79 56 3 2 6 990
79 57 3 4 21 990
79 58 3 3 4 990
79 59 3 4 15 990
79 61 3 1 12 990
79 62 3 1 22 990
79 65 3 5 16 990
79 66 3 2 8 990
79 70 3 1 25 990
79 72 3 4 23 990
79 73 3 4 18 990
79 78 3 3 1 990
79 80 3 5 17 990
79 81 3 5 13 990
79 83 3 4 3 990
79 84 3 2 12 990
79 85 3 2 21 990
79 86 3 3 3 990
79 87 3 3 18 990
79 89 3 4 7 990
79 91 3 5 22 990
79 92 3 5 8 990
79 94 3 1 6 990
79 95 3 3 1 990
79 97 3 5 9 990
79 98 3 3 1 990
80 0 5 4 4 427
80 1 5 1 17 427
80 4 5 1 9 427
80 5 5 2 25 427
80 6 5 5 25 427
80 7 5 2 19 427
80 8 5 5 8 427
80 10 5 3 4 427
80 12 5 3 23 427
80 13 5 1 24 427
80 16 5 2 16 427
80 18 5 5 7 427
80 20 5 1 4 427
80 22 5 3 21 427
80 24 5 3 22 427
80 27 5 2 20 427
80 28 5 2 10 427
80 29 5 4 5 427
80 31 5 1 25 427
80 36 5 5 25 427
80 37 5 5 23 427
80 39 5 1 21 427
80 40 5 4 13 427
80 41 5 1 10 427
80 42 5 4 25 427
80 44 5 2 13 427
80 46 5 2 19 427
80 49 5 5 23 427
80 52 5 3 22 427
80 53 5 3 10 427
80 55 5 5 5 427
80 63 5 1 8 427
80 64 5 5 1 427
80 65 5 5 14 427
80 66 5 2 5 427
80 70 5 1 12 427
80 71 5 3 17 427
80 75 5 1 24 427
80 77 5 3 18 427
80 79 5 3 17 427
80 82 5 1 25 427
80 85 5 2 15 427
80 86 5 3 24 427
80 88 5 4 15 427
80 89 5 4 3 427
80 94 5 1 6 427
80 99 5 2 7 427
81 1 5 1 1 212
81 2 5 2 25 212
81 4 5 1 20 212
81 9 5 1 23 212
81 11 5 1 17 212
81 12 5 3 6 212
81 14 5 1 3 212
81 15 5 4 17 212
81 16 5 2 18 212
81 23 5 3 12 212
81 25 5 1 12 212
81 28 5 2 23 212
81 29 5 4 6 212
81 31 5 1 12 212
81 36 5 5 9 212
81 37 5 5 3 212
81 38 5 3 7 212
81 39 5 1 25 212
81 41 5 1 5 212
81 42 5 4 23 212
81 44 5 2 15 212
81 47 5 4 20 212
81 48 5 1 8 212
81 49 5 5 17 212
81 51 5 3 11 212
81 52 5 3 8 212
81 54 5 4 6 212
81 57 5 4 9 212
81 58 5 3 10 212
81 59 5 4 16 212
81 60 5 1 7 212
81 64 5 5 4 212
81 65 5 5 23 212
81 66 5 2 19 212
81 67 5 3 4 212
81 68 5 1 19 212
81 69 5 3 17 212
81 72 5 4 4 212
81 75 5 1 12 212
81 76 5 4 9 212
81 77 5 3 17 212
81 78 5 3 9 212
81 79 5 3 13 212
81 84 5 2 17 212
81 85 5 2 22 212
81 88 5 4 10 212
81 89 5 4 17 212
81 91 5 5 15 212
81 93 5 4 17 212
81 95 5 3 23 212
81 97 5 5 13 212
82 0 1 4 23 85
82 1 1 1 8 85
82 2 1 2 19 85
82 4 1 1 11 85
82 7 1 2 21 85
82 11 1 1 19 85
82 12 1 3 18 85
82 13 1 1 13 85
82 14 1 1 15 85
82 15 1 4 22 85
82 16 1 2 17 85
82 17 1 4 8 85
82 20 1 1 9 85
82 21 1 1 5 85
82 23 1 3 21 85
82 24 1 3 15 85
82 25 1 1 8 85
82 26 1 4 7 85
82 29 1 4 22 85
82 31 1 1 2 85
82 33 1 4 8 85
82 34 1 2 25 85
82 40 1 4 3 85
82 41 1 1 25 85
82 44 1 2 17 85
82 48 1 1 8 85
82 53 1 3 25 85
82 55 1 5 11 85
82 56 1 2 24 85
82 58 1 3 1 85
82 59 1 4 16 85
82 61 1 1 19 85
82 62 1 1 21 85
82 63 1 1 7 85
82 64 1 5 6 85
82 67 1 3 14 85
82 68 1 1 18 85
82 70 1 1 25 85
82 71 1 3 5 85
82 72 1 4 1 85
82 75 1 1 6 85
82 76 1 4 10 85
82 80 1 5 25 85
82 83 1 4 19 85
82 84 1 2 11 85
82 85 1 2 13 85
82 86 1 3 15 85
82 87 1 3 2 85
82 90 1 2 24 85
82 91 1 5 19 85
82 93 1 4 4 85
82 94 1 1 6 85
82 95 1 3 21 85
82 96 1 5 12 85
83 1 4 1 6 937
83 3 4 1 23 937
83 4 4 1 18 937
83 5 4 2 24 937
83 6 4 5 23 937
83 7 4 2 18 937
83 10 4 3 23 937
83 12 4 3 6 937
83 16 4 2 13 937
83 17 4 4 18 937
83 19 4 3 9 937
83 21 4 1 14 937
83 24 4 3 9 937
83 27 4 2 15 937
83 28 4 2 23 937
83 30 4 2 4 937
83 32 4 4 6 937
83 33 4 4 18 937
83 35 4 3 6 937
83 36 4 5 4 937
83 38 4 3 10 937
83 39 4 1 19 937
83 41 4 1 12 937
83 44 4 2 6 937
83 47 4 4 9 937
83 50 4 5 8 937
83 53 4 3 21 937
83 54 4 4 15 937
83 56 4 2 5 937
83 57 4 4 20 937
83 58 4 3 10 937
83 59 4 4 5 937
83 61 4 1 9 937
83 62 4 1 4 937
83 63 4 1 2 937
83 65 4 5 5 937
83 67 4 3 12 937
83 69 4 3 7 937
83 70 4 1 1 937
83 73 4 4 3 937
83 74 4 2 1 937
83 75 4 1 24 937
83 76 4 4 6 937
83 78 4 3 3 937
83 79 4 3 3 937
83 82 4 1 19 937
83 84 4 2 16 937
83 85 4 2 6 937
83 86 4 3 4 937
83 87 4 3 15 937
83 89 4 4 18 937
83 91 4 5 11 937
83 92 4 5 7 937
83 99 4 2 7 937
84 0 2 4 20 248
84 5 2 2 10 248
84 6 2 5 6 248
84 13 2 1 11 248
84 14 2 1 6 248
84 16 2 2 14 248
84 17 2 4 5 248
84 18 2 5 14 248
84 20 2 1 2 248
84 23 2 3 6 248
84 24 2 3 23 248
84 28 2 2 9 248
84 29 2 4 15 248
84 30 2 2 22 248
84 32 2 4 9 248
84 33 2 4 23 248
84 34 2 2 16 248
84 35 2 3 1 248
84 36 2 5 11 248
84 40 2 4 23 248
84 42 2 4 24 248
84 43 2 1 14 248
84 45 2 3 10 248
84 47 2 4 10 248
84 49 2 5 6 248
84 51 2 3 18 248
84 53 2 3 16 248
84 54 2 4 1 248
84 57 2 4 9 248
84 58 2 3 17 248
84 59 2 4 8 248
84 60 2 1 19 248
84 65 2 5 11 248
84 66 2 2 1 248
84 67 2 3 4 248
84 68 2 1 11 248
84 72 2 4 6 248
84 74 2 2 16 248
84 75 2 1 23 248
84 76 2 4 4 248
84 78 2 3 21 248
84 79 2 3 12 248
84 81 2 5 17 248
84 82 2 1 11 248
84 83 2 4 16 248
84 85 2 2 12 248
84 86 2 3 16 248
84 87 2 3 5 248
84 89 2 4 19 248
84 92 2 5 11 248
84 96 2 5 17 248
84 97 2 5 14 248
85 4 2 1 21 289
85 5 2 2 13 289
85 6 2 5 19 289
85 9 2 1 18 289
85 14 2 1 12 289
85 15 2 4 25 289
85 16 2 2 19 289
85 20 2 1 9 289
85 25 2 1 15 289
85 27 2 2 6 289
85 28 2 2 23 289
85 29 2 4 14 289
85 30 2 2 22 289
85 31 2 1 1 289
85 32 2 4 12 289
85 36 2 5 13 289
85 38 2 3 19 289
85 39 2 1 8 289
85 41 2 1 18 289
85 42 2 4 11 289
85 48 2 1 19 289
85 54 2 4 9 289
85 56 2 2 24 289
85 57 2 4 14 289
85 64 2 5 3 289
85 65 2 5 16 289
85 67 2 3 5 289
85 68 2 1 18 289
85 72 2 4 24 289
85 73 2 4 5 289
85 75 2 1 10 289
85 76 2 4 23 289
85 78 2 3 6 289
85 79 2 3 21 289
85 80 2 5 15 289
85 81 2 5 22 289
85 82 2 1 13 289
85 83 2 4 6 289
85 84 2 2 12 289
85 87 2 3 11 289
85 88 2 4 24 289
85 92 2 5 14 289
85 94 2 1 5 289
85 95 2 3 10 289
85 97 2 5 12 289
86 1 3 1 17 890
86 3 3 1 22 890
86 5 3 2 14 890
86 7 3 2 2 890
86 10 3 3 5 890
86 11 3 1 18 890
86 13 3 1 10 890
86 15 3 4 15 890
86 16 3 2 24 890
86 17 3 4 22 890
86 18 3 5 24 890
86 19 3 3 6 890
86 21 3 1 7 890
86 22 3 3 25 890
86 23 3 3 12 890
86 27 3 2 2 890
86 28 3 2 23 890
86 30 3 2 15 890
86 32 3 4 23 890
86 33 3 4 10 890
86 34 3 2 21 890
86 36 3 5 1 890
86 37 3 5 17 890
86 39 3 1 23 890
86 41 3 1 17 890
86 42 3 4 24 890
86 43 3 1 11 890
86 46 3 2 12 890
86 47 3 4 5 890
86 52 3 3 1 890
86 53 3 3 9 890
86 56 3 2 20 890
86 57 3 4 21 890
86 59 3 4 11 890
86 65 3 5 22 890
86 67 3 3 18 890
86 71 3 3 12 890
86 72 3 4 17 890
86 73 3 4 1 890
86 74 3 2 3 890
86 78 3 3 19 890
86 79 3 3 3 890
86 80 3 5 24 890
86 82 3 1 15 890
86 83 3 4 4 890
86 84 3 2 16 890
86 90 3 2 1 890
86 92 3 5 4 890
86 93 3 4 3 890
86 94 3 1 6 890
86 96 3 5 4 890
86 97 3 5 17 890
86 98 3 3 23 890
86 99 3 2 19 890
87 0 3 4 10 407
87 1 3 1 13 407
87 2 3 2 22 407
87 5 3 2 8 407
87 8 3 5 16 407
87 9 3 1 24 407
87 11 3 1 9 407
87 16 3 2 3 407
87 20 3 1 13 407
87 21 3 1 18 407
87 24 3 3 10 407
87 25 3 1 3 407
87 26 3 4 15 407
87 27 3 2 12 407
87 30 3 2 15 407
87 31 3 1 22 407
87 32 3 4 17 407
87 36 3 5 20 407
87 37 3 5 3 407
87 38 3 3 8 407
87 41 3 1 11 407
87 44 3 2 6 407
87 46 3 2 17 407
87 48 3 1 6 407
87 49 3 5 23 407
87 50 3 5 23 407
87 51 3 3 19 407
87 52 3 3 11 407
87 53 3 3 8 407
87 54 3 4 16 407
87 55 3 5 12 407
87 56 3 2 9 407
87 58 3 3 17 407
87 59 3 4 10 407
87 60 3 1 16 407
87 63 3 1 21 407
87 75 3 1 10 407
87 78 3 3 25 407
87 79 3 3 18 407
87 82 3 1 2 407
87 83 3 4 15 407
87 84 3 2 5 407
87 85 3 2 11 407
87 88 3 4 1 407
87 89 3 4 8 407
87 92 3 5 24 407
87 93 3 4 6 407
87 95 3 3 3 407
87 98 3 3 8 407
87 99 3 2 15 407
88 1 4 1 3 681
88 4 4 1 22 681
88 5 4 2 13 681
88 8 4 5 5 681
88 15 4 4 2 681
88 16 4 2 13 681
88 18 4 5 10 681
88 19 4 3 15 681
88 21 4 1 21 681
88 22 4 3 24 681
88 23 4 3 20 681
88 24 4 3 19 681
88 26 4 4 24 681
88 27 4 2 5 681
88 33 4 4 17 681
88 35 4 3 13 681
88 36 4 5 22 681
88 37 4 5 4 681
88 38 4 3 20 681
88 42 4 4 3 681
88 46 4 2 1 681
88 51 4 3 7 681
88 52 4 3 6 681
88 53 4 3 1 681
88 55 4 5 15 681
88 60 4 1 9 681
88 61 4 1 10 681
88 62 4 1 22 681
88 66 4 2 21 681
88 69 4 3 20 681
88 72 4 4 6 681
88 73 4 4 8 681
88 75 4 1 21 681
88 76 4 4 5 681
88 80 4 5 15 681
88 81 4 5 10 681
88 85 4 2 24 681
88 87 4 3 1 681
88 90 4 2 22 681
88 92 4 5 8 681
88 93 4 4 19 681
88 95 4 3 18 681
88 97 4 5 22 681
88 98 4 3 10 681
89 4 4 1 12 939
89 7 4 2 2 939
89 8 4 5 2 939
89 11 4 1 3 939
89 12 4 3 15 939
89 13 4 1 18 939
89 17 4 4 23 939
89 18 4 5 3 939
89 21 4 1 25 939
89 24 4 3 3 939
89 25 4 1 2 939
89 26 4 4 3 939
89 27 4 2 23 939
89 32 4 4 13 939
89 33 4 4 17 939
89 35 4 3 9 939
89 36 4 5 9 939
89 39 4 1 12 939
89 41 4 1 24 939
89 43 4 1 2 939
89 47 4 4 3 939
89 49 4 5 8 939
89 52 4 3 4 939
89 53 4 3 16 939
89 54 4 4 19 939
89 57 4 4 23 939
89 59 4 4 23 939
89 64 4 5 24 939
89 65 4 5 11 939
89 68 4 1 1 939
89 69 4 3 21 939
89 75 4 1 11 939
89 77 4 3 24 939
89 78 4 3 7 939
89 79 4 3 7 939
89 80 4 5 3 939
89 81 4 5 17 939
89 83 4 4 18 939
89 84 4 2 19 939
89 87 4 3 8 939
89 90 4 2 4 939
89 91 4 5 13 939
89 92 4 5 2 939
89 94 4 1 18 939
90 1 2 1 10 369
90 2 2 2 16 369
90 10 2 3 2 369
90 11 2 1 25 369
90 12 2 3 9 369
90 13 2 1 21 369
90 18 2 5 18 369
90 19 2 3 15 369
90 20 2 1 12 369
90 22 2 3 16 369
90 24 2 3 6 369
90 34 2 2 9 369
90 35 2 3 17 369
90 37 2 5 3 369
90 38 2 3 6 369
90 43 2 1 6 369
90 45 2 3 13 369
90 46 2 2 9 369
90 47 2 4 16 369
90 48 2 1 6 369
90 49 2 5 24 369
90 52 2 3 2 369
90 53 2 3 13 369
90 54 2 4 6 369
90 55 2 5 2 369
90 56 2 2 21 369
90 57 2 4 11 369
90 59 2 4 2 369
90 62 2 1 19 369
90 64 2 5 25 369
90 67 2 3 17 369
90 68 2 1 25 369
90 70 2 1 5 369
90 73 2 4 8 369
90 74 2 2 11 369
90 75 2 1 5 369
90 76 2 4 25 369
90 82 2 1 24 369
90 86 2 3 1 369
90 88 2 4 22 369
90 89 2 4 4 369
90 91 2 5 22 369
90 92 2 5 14 369
90 93 2 4 1 369
90 94 2 1 15 369
90 99 2 2 3 369
91 0 5 4 3 271
91 1 5 1 13 271
91 4 5 1 14 271
91 6 5 5 4 271
91 7 5 2 3 271
91 8 5 5 16 271
91 9 5 1 24 271
91 11 5 1 20 271
91 12 5 3 6 271
91 13 5 1 4 271
91 14 5 1 20 271
91 17 5 4 8 271
91 23 5 3 8 271
91 25 5 1 17 271
91 26 5 4 15 271
91 27 5 2 21 271
91 28 5 2 12 271
91 33 5 4 16 271
91 34 5 2 23 271
91 35 5 3 19 271
91 36 5 5 24 271
91 43 5 1 2 271
91 49 5 5 18 271
91 56 5 2 21 271
91 61 5 1 10 271
91 62 5 1 6 271
91 65 5 5 9 271
91 66 5 2 14 271
91 67 5 3 17 271
91 68 5 1 20 271
91 71 5 3 22 271
91 76 5 4 13 271
91 79 5 3 22 271
91 81 5 5 15 271
91 82 5 1 19 271
91 83 5 4 11 271
91 89 5 4 13 271
91 90 5 2 22 271
91 96 5 5 22 271
91 97 5 5 10 271
92 0 5 4 23 909
92 1 5 1 7 909
92 2 5 2 3 909
92 3 5 1 5 909
92 4 5 1 23 909
92 5 5 2 2 909
92 7 5 2 1 909
92 11 5 1 21 909
92 17 5 4 8 909
92 24 5 3 20 909
92 25 5 1 2 909
92 26 5 4 7 909
92 30 5 2 7 909
92 31 5 1 9 909
92 34 5 2 8 909
92 35 5 3 8 909
92 37 5 5 12 909
92 38 5 3 21 909
92 39 5 1 9 909
92 40 5 4 14 909
92 42 5 4 25 909
92 45 5 3 24 909
92 46 5 2 3 909
92 49 5 5 17 909
92 54 5 4 6 909
92 57 5 4 14 909
92 58 5 3 4 909
92 59 5 4 2 909
92 61 5 1 5 909
92 63 5 1 14 909
92 68 5 1 20 909
92 69 5 3 7 909
92 70 5 1 17 909
92 73 5 4 14 909
92 77 5 3 18 909
92 78 5 3 20 909
92 79 5 3 8 909
92 83 5 4 7 909
92 84 5 2 11 909
92 85 5 2 14 909
92 86 5 3 4 909
92 87 5 3 24 909
92 88 5 4 8 909
92 89 5 4 2 909
92 90 5 2 14 909
92 93 5 4 12 909
93 0 4 4 16 174
93 1 4 1 2 174
93 2 4 2 1 174
93 3 4 1 22 174
93 4 4 1 2 174
93 5 4 2 9 174
93 6 4 5 8 174
93 8 4 5 2 174
93 9 4 1 11 174
93 12 4 3 1 174
93 13 4 1 13 174
93 17 4 4 18 174
93 18 4 5 9 174
93 20 4 1 13 174
93 21 4 1 2 174
93 23 4 3 1 174
93 24 4 3 3 174
93 25 4 1 16 174
93 26 4 4 23 174
93 27 4 2 20 174
93 28 4 2 7 174
93 32 4 4 6 174
93 37 4 5 5 174
93 38 4 3 15 174
93 41 4 1 19 174
93 43 4 1 19 174
93 44 4 2 6 174
93 46 4 2 7 174
93 47 4 4 18 174
93 48 4 1 17 174
93 49 4 5 19 174
93 50 4 5 2 174
93 51 4 3 24 174
93 52 4 3 24 174
93 56 4 2 7 174
93 61 4 1 15 174
93 62 4 1 4 174
93 65 4 5 14 174
93 66 4 2 4 174
93 69 4 3 21 174
93 70 4 1 22 174
93 73 4 4 3 174
93 74 4 2 3 174
93 75 4 1 22 174
93 81 4 5 17 174
93 82 4 1 4 174
93 86 4 3 3 174
93 87 4 3 6 174
93 88 4 4 19 174
93 90 4 2 1 174
93 92 4 5 12 174
94 1 1 1 21 466
94 2 1 2 17 466
94 6 1 5 24 466
94 8 1 5 5 466
94 9 1 1 24 466
94 10 1 3 5 466
94 12 1 3 12 466
94 16 1 2 22 466
94 18 1 5 6 466
94 19 1 3 15 466
94 23 1 3 16 466
94 24 1 3 24 466
94 26 1 4 5 466
94 28 1 2 9 466
94 29 1 4 14 466
94 30 1 2 23 466
94 32 1 4 11 466
94 35 1 3 4 466
94 37 1 5 20 466
94 38 1 3 2 466
94 40 1 4 21 466
94 42 1 4 13 466
94 43 1 1 21 466
94 46 1 2 20 466
94 48 1 1 3 466
94 53 1 3 15 466
94 55 1 5 8 466
94 56 1 2 16 466
94 57 1 4 16 466
94 59 1 4 8 466
94 64 1 5 25 466
94 66 1 2 6 466
94 69 1 3 16 466
94 70 1 1 8 466
94 79 1 3 6 466
94 80 1 5 6 466
94 82 1 1 6 466
94 85 1 2 5 466
94 86 1 3 6 466
94 89 1 4 18 466
94 90 1 2 15 466
94 96 1 5 2 466
94 99 1 2 2 466
95 0 3 4 23 98
95 2 3 2 23 98
95 3 3 1 11 98
95 8 3 5 1 98
95 9 3 1 19 98
95 11 3 1 23 98
95 12 3 3 9 98
95 13 3 1 11 98
95 14 3 1 13 98
95 15 3 4 16 98
95 17 3 4 4 98
95 18 3 5 12 98
95 19 3 3 21 98
95 20 3 1 24 98
95 21 3 1 12 98
95 22 3 3 14 98
95 25 3 1 11 98
95 26 3 4 25 98
95 28 3 2 3 98
95 30 3 2 12 98
95 31 3 1 16 98
95 32 3 4 16 98
95 34 3 2 10 98
95 38 3 3 9 98
95 42 3 4 18 98
95 43 3 1 22 98
95 49 3 5 6 98
95 50 3 5 14 98
95 52 3 3 22 98
95 55 3 5 11 98
95 58 3 3 16 98
95 59 3 4 18 98
95 62 3 1 1 98
95 64 3 5 7 98
95 67 3 3 10 98
95 68 3 1 20 98
95 69 3 3 11 98
95 72 3 4 13 98
95 73 3 4 21 98
95 76 3 4 14 98
95 79 3 3 1 98
95 81 3 5 23 98
95 82 3 1 21 98
95 85 3 2 10 98
95 87 3 3 3 98
95 88 3 4 18 98
95 98 3 3 1 98
96 0 5 4 21 265
96 2 5 2 5 265
96 5 5 2 12 265
96 6 5 5 6 265
96 8 5 5 17 265
96 9 5 1 1 265
96 10 5 3 8 265
96 11 5 1 20 265
96 13 5 1 16 265
96 14 5 1 7 265
96 15 5 4 9 265
96 16 5 2 3 265
96 17 5 4 21 265
96 22 5 3 4 265
96 24 5 3 17 265
96 26 5 4 10 265
96 28 5 2 20 265
96 31 5 1 23 265
96 33 5 4 21 265
96 38 5 3 8 265
96 40 5 4 9 265
96 41 5 1 25 265
96 42 5 4 24 265
96 43 5 1 20 265
96 44 5 2 22 265
96 45 5 3 25 265
96 46 5 2 23 265
96 48 5 1 7 265
96 49 5 5 16 265
96 52 5 3 4 265
96 53 5 3 2 265
96 54 5 4 13 265
96 55 5 5 6 265
96 56 5 2 15 265
96 58 5 3 15 265
96 59 5 4 9 265
96 61 5 1 14 265
96 62 5 1 2 265
96 63 5 1 20 265
96 65 5 5 22 265
96 66 5 2 22 265
96 71 5 3 19 265
96 72 5 4 14 265
96 74 5 2 17 265
96 75 5 1 24 265
96 78 5 3 17 265
96 82 5 1 12 265
96 84 5 2 17 265
96 86 5 3 4 265
96 91 5 5 22 265
96 94 5 1 2 265
96 97 5 5 14 265
97 0 5 4 7 393
97 1 5 1 4 393
97 6 5 5 20 393
97 8 5 5 9 393
97 9 5 1 16 393
97 10 5 3 19 393
97 11 5 1 10 393
97 14 5 1 23 393
97 16 5 2 11 393
97 17 5 4 5 393
97 19 5 3 20 393
97 20 5 1 22 393
97 21 5 1 21 393
97 22 5 3 8 393
97 23 5 3 8 393
97 25 5 1 13 393
97 27 5 2 11 393
97 29 5 4 22 393
97 31 5 1 22 393
97 32 5 4 12 393
97 36 5 5 25 393
97 38 5 3 1 393
97 39 5 1 4 393
97 42 5 4 7 393
97 49 5 5 15 393
97 50 5 5 25 393
97 52 5 3 6 393
97 53 5 3 6 393
97 56 5 2 13 393
97 58 5 3 3 393
97 62 5 1 20 393
97 63 5 1 1 393
97 65 5 5 23 393
97 68 5 1 15 393
97 69 5 3 7 393
97 72 5 4 14 393
97 75 5 1 7 393
97 76 5 4 24 393
97 79 5 3 9 393
97 81 5 5 13 393
97 84 5 2 14 393
97 85 5 2 12 393
97 86 5 3 17 393
97 88 5 4 22 393
97 91 5 5 10 393
97 96 5 5 14 393
97 98 5 3 16 393
97 99 5 2 3 393
98 0 3 4 13 676
98 4 3 1 9 676
98 6 3 5 15 676
98 10 3 3 1 676
98 11 3 1 25 676
98 12 3 3 8 676
98 13 3 1 1 676
98 18 3 5 24 676
98 19 3 3 25 676
98 20 3 1 19 676
98 21 3 1 18 676
98 22 3 3 4 676
98 23 3 3 7 676
98 24 3 3 18 676
98 25 3 1 19 676
98 27 3 2 17 676
98 30 3 2 20 676
98 32 3 4 22 676
98 34 3 2 16 676
98 36 3 5 6 676
98 39 3 1 14 676
98 40 3 4 6 676
98 47 3 4 16 676
98 51 3 3 18 676
98 57 3 4 23 676
98 59 3 4 11 676
98 60 3 1 11 676
98 61 3 1 17 676
98 62 3 1 10 676
98 65 3 5 12 676
98 69 3 3 10 676
98 70 3 1 12 676
98 72 3 4 13 676
98 73 3 4 2 676
98 76 3 4 23 676
98 77 3 3 18 676
98 79 3 3 1 676
98 86 3 3 23 676
98 87 3 3 8 676
98 88 3 4 10 676
98 95 3 3 1 676
98 97 3 5 16 676
99 0 2 4 8 877
99 1 2 1 19 877
99 2 2 2 11 877
99 5 2 2 18 877
99 9 2 1 13 877
99 10 2 3 7 877
99 11 2 1 23 877
99 13 2 1 18 877
99 16 2 2 1 877
99 17 2 4 24 877
99 21 2 1 20 877
99 24 2 3 1 877
99 27 2 2 8 877
99 29 2 4 10 877
99 36 2 5 23 877
99 37 2 5 4 877
99 38 2 3 5 877
99 40 2 4 25 877
99 41 2 1 7 877
99 42 2 4 18 877
99 43 2 1 14 877
99 48 2 1 25 877
99 50 2 5 6 877
99 51 2 3 11 877
99 55 2 5 12 877
99 56 2 2 10 877
99 58 2 3 4 877
99 59 2 4 5 877
99 61 2 1 15 877
99 62 2 1 23 877
99 64 2 5 2 877
99 67 2 3 14 877
99 69 2 3 13 877
99 73 2 4 3 877
99 75 2 1 9 877
99 76 2 4 10 877
99 80 2 5 7 877
99 83 2 4 7 877
99 86 2 3 19 877
99 87 2 3 15 877
99 90 2 2 3 877
99 94 2 1 2 877
99 97 2 5 3 877
