capacity  cost_by_node
nb_functions 10
13 84 73 51 53 16 95 47 62 29 45 42 98 34 17 93 26 40 69 32 30 93 95 91 45 18 11 86 87 24 26 19 77 11 24 85 32 72 36 88 67 45 56 84 55 23 51 90 100 19 52 
13 46 25 79 43 100 97 64 86 19 41 79 90 81 51 15 93 51 55 88 98 54 64 42 53 45 96 95 82 96 53 23 51 69 64 13 29 62 40 38 16 17 11 84 37 18 80 29 57 98 36 
18 37 25 20 87 94 73 18 77 99 38 10 15 91 83 22 51 88 42 67 36 48 28 72 36 25 67 94 40 42 86 36 52 70 16 85 63 73 27 56 10 61 68 84 89 17 90 77 88 67 63 
16 27 73 11 92 73 27 28 86 72 66 40 29 36 73 28 95 10 97 81 81 25 51 11 11 61 89 20 56 45 31 63 84 14 30 48 65 37 26 68 52 65 40 31 59 32 72 82 20 95 68 
12 63 98 47 13 25 93 76 51 27 64 61 97 86 62 38 69 64 76 12 28 49 65 99 29 34 56 67 31 10 78 18 72 18 68 54 72 11 63 11 46 56 33 43 64 18 28 30 24 36 53 
11 83 88 53 11 10 84 10 52 83 42 83 95 84 14 76 45 30 77 39 89 56 20 94 27 93 99 14 46 55 70 56 46 36 95 21 21 86 64 16 92 60 99 25 32 29 98 13 85 21 11 
16 67 10 31 99 41 28 93 90 56 40 87 98 98 26 35 25 59 59 87 22 70 46 53 40 18 21 18 81 100 41 12 72 82 87 12 68 89 69 90 87 54 63 46 20 51 34 34 94 78 11 
16 14 16 16 72 67 41 82 32 83 65 79 82 10 57 91 59 40 63 44 66 59 71 59 82 31 96 26 11 54 36 32 50 23 45 81 100 11 18 40 30 81 90 52 58 27 97 42 80 26 10 
10 65 86 69 56 92 10 29 45 30 68 53 21 80 90 96 57 34 17 87 84 78 71 54 61 11 32 65 52 56 54 46 21 81 36 28 25 67 27 33 74 72 71 35 20 54 26 71 54 72 97 
15 49 54 41 67 23 92 22 15 53 43 36 13 22 96 93 39 95 32 41 23 17 17 74 17 76 98 64 30 74 65 36 36 93 97 31 59 37 97 59 27 13 41 74 59 60 21 76 60 23 23 
