capacity  cost_by_node
nb_functions 8
17 61 28 98 30 61 21 67 85 58 24 91 66 13 69 78 82 94 87 40 88 40 85 100 35 35 
23 98 69 20 60 93 40 95 17 52 76 70 15 64 32 15 39 100 79 15 52 43 84 91 94 99 
21 31 71 49 36 37 68 96 76 77 98 49 43 31 61 89 33 45 63 58 81 68 48 93 56 23 
33 87 70 54 27 59 38 62 39 66 34 55 97 59 29 44 47 57 17 88 47 60 100 51 81 27 
18 12 74 98 26 19 91 86 15 56 78 56 14 42 52 90 47 50 40 12 14 79 88 55 75 51 
24 19 28 77 39 79 46 31 84 23 29 66 52 100 78 27 79 62 26 87 65 34 56 47 70 91 
31 80 48 93 44 29 31 63 27 29 44 88 84 98 19 19 33 57 51 71 49 49 58 36 86 40 
17 44 50 94 64 44 31 42 51 64 27 48 64 15 56 46 55 81 15 89 28 52 96 81 84 11 
