capacity  cost_by_node
nb_functions 8
19 35 26 40 13 39 72 43 40 25 97 17 76 66 55 13 13 58 89 10 17 54 55 34 29 20 
9 47 49 75 19 40 77 81 74 59 48 84 61 97 96 87 11 28 14 93 89 39 40 64 79 41 
9 75 92 41 15 99 64 82 24 87 49 80 87 83 79 16 93 63 88 18 44 37 10 54 45 12 
9 46 47 13 72 94 79 27 21 87 35 97 77 93 67 18 61 32 56 52 49 29 34 46 63 45 
15 27 96 80 23 52 32 72 81 94 51 20 43 94 62 46 27 66 85 100 79 20 97 49 60 53 
15 13 85 97 93 93 59 75 99 44 99 70 90 42 36 93 46 74 52 46 14 42 46 14 76 80 
17 63 60 90 26 66 69 22 21 25 88 62 93 25 73 61 70 35 14 27 95 91 45 61 56 61 
14 84 65 84 92 67 18 54 48 54 93 90 97 31 61 51 68 44 23 79 44 67 34 40 30 95 
