capacity  cost_by_node
nb_functions 8
23 58 100 59 51 76 85 16 96 82 95 28 71 97 46 13 79 70 98 67 57 100 31 15 39 17 
18 84 90 83 13 46 59 51 30 22 67 49 11 14 53 61 78 24 66 79 70 44 26 69 75 64 
18 64 78 25 55 16 68 36 88 77 29 21 21 79 82 27 34 18 28 38 67 17 58 81 97 43 
20 55 66 36 32 72 74 91 34 90 85 64 40 11 87 17 21 73 24 82 65 70 56 94 65 41 
21 47 49 66 27 63 45 77 86 90 91 19 40 14 97 29 38 47 14 54 68 36 96 34 100 39 
26 83 21 13 45 11 70 58 28 77 71 18 61 58 85 20 97 49 38 38 40 73 83 96 95 56 
24 92 62 55 52 66 54 14 16 88 27 26 68 56 50 29 45 61 16 39 47 92 74 45 31 28 
15 94 14 42 31 98 10 14 72 79 63 34 60 83 23 34 25 27 77 24 19 91 85 84 74 35 
