capacity  cost_by_node
nb_functions 8
19 12 85 91 40 78 25 18 24 72 14 16 87 98 30 71 91 75 43 55 97 77 18 52 69 54 31 28 20 21 31 10 78 85 16 70 21 53 13 95 20 26 11 73 39 32 98 57 69 19 29 
10 29 77 100 87 53 91 14 73 98 30 27 66 68 96 38 16 77 21 69 79 84 56 13 99 87 78 78 33 62 84 14 54 37 14 74 82 66 18 20 60 14 77 65 81 87 40 85 40 80 69 
11 61 23 28 26 35 35 34 82 33 92 61 20 54 100 40 96 51 87 49 75 94 13 81 49 37 19 24 11 82 14 50 34 80 75 37 78 35 60 34 23 52 43 86 46 74 53 82 100 49 73 
11 49 17 75 79 57 87 13 29 56 96 89 68 16 30 24 56 55 32 23 62 82 11 41 89 94 46 44 60 70 41 46 34 99 83 10 87 47 24 32 61 43 95 98 57 90 14 77 63 47 36 
19 63 60 25 15 23 44 30 31 53 22 53 43 60 19 67 52 25 19 89 38 48 14 33 86 89 37 93 78 81 40 15 61 55 13 78 94 96 78 76 34 72 39 17 51 71 78 72 24 27 86 
13 86 91 56 24 55 96 85 38 57 60 32 22 24 50 46 82 12 67 32 29 28 33 54 35 12 43 86 12 19 45 24 19 57 66 63 41 71 74 35 27 81 37 88 28 16 48 73 32 62 54 
20 84 62 93 10 93 72 99 74 82 52 42 20 15 35 63 32 17 12 40 40 73 59 86 38 92 47 86 53 19 53 22 34 65 83 11 30 28 72 43 66 57 11 61 37 31 46 22 94 37 88 
11 69 79 26 32 100 58 76 67 66 96 100 14 51 46 89 39 95 59 95 37 56 81 74 45 86 90 12 11 36 64 18 25 65 62 82 67 82 94 46 34 98 36 55 44 42 72 39 72 88 79 
