capacity  cost_by_node
nb_functions 10
10 16 15 79 11 71 94 90 94 48 62 46 74 55 60 24 87 94 72 34 98 16 12 91 50 95 68 88 59 70 76 78 84 64 88 61 99 26 71 74 29 84 23 60 76 36 76 66 53 58 33 
15 84 30 35 12 20 62 11 77 22 96 29 15 36 78 83 59 45 36 66 64 67 53 51 36 63 98 33 11 68 79 44 87 23 47 77 81 78 99 39 79 97 30 97 42 33 29 10 20 45 68 
19 92 62 37 40 90 40 72 31 76 53 62 84 46 61 41 84 88 26 58 100 33 97 44 15 26 13 45 25 88 82 38 64 79 66 86 57 36 63 27 61 18 74 77 46 11 20 45 59 26 19 
14 76 97 74 59 37 11 92 91 39 16 83 14 11 31 36 83 25 45 10 53 98 18 68 24 81 19 26 42 87 34 18 30 49 12 66 71 96 65 62 46 79 62 58 74 57 24 41 74 56 39 
17 25 52 60 53 98 86 87 60 29 46 22 67 35 41 68 31 52 53 53 53 73 86 62 83 88 42 25 68 31 23 73 75 52 95 43 30 53 87 57 66 88 34 61 88 33 88 39 57 56 32 
14 90 95 93 98 49 27 88 25 47 49 62 12 37 72 86 51 68 13 58 64 99 41 46 13 48 43 75 47 67 29 82 89 28 99 96 96 80 55 15 50 70 91 68 85 37 62 42 48 19 92 
10 41 71 36 93 53 24 14 15 87 14 71 91 85 58 19 57 28 30 93 85 80 26 83 78 94 22 68 23 34 65 42 70 46 73 46 62 29 35 28 23 58 97 88 56 12 99 93 58 49 43 
18 41 22 24 73 52 57 12 18 28 68 12 96 55 87 57 58 20 60 77 98 80 58 81 78 95 27 30 80 79 46 99 13 47 80 23 52 23 11 90 97 81 65 27 70 23 35 43 15 77 27 
14 91 60 76 55 81 55 56 48 55 64 94 87 94 29 10 57 54 88 44 96 55 77 46 12 100 12 17 63 88 60 41 85 42 50 63 48 23 89 67 24 63 98 97 84 57 25 10 37 17 89 
14 55 71 66 45 64 65 10 96 42 16 18 10 63 91 15 60 47 40 89 28 59 97 45 99 18 94 19 27 50 46 94 46 22 87 68 41 69 73 38 36 26 82 63 24 73 58 55 13 71 14 
