capacity  cost_by_node
nb_functions 8
12 59 55 68 63 69 52 78 43 40 84 26 73 89 50 41 92 70 82 29 77 73 64 90 58 10 34 20 77 41 38 73 76 71 10 96 94 81 48 46 61 80 37 86 51 37 82 48 62 11 64 
21 68 52 55 31 30 95 14 12 91 50 14 92 32 51 18 30 15 38 77 88 77 60 21 71 30 19 68 52 48 21 91 78 99 78 32 82 87 60 60 49 95 43 85 85 63 81 84 68 99 43 
14 28 30 36 92 63 23 29 55 24 51 80 26 30 33 77 37 19 38 87 36 70 14 60 87 20 80 25 92 74 35 48 23 92 32 60 45 53 27 61 10 98 48 72 73 58 36 10 96 90 84 
10 87 99 68 23 71 88 12 86 29 73 30 32 81 15 78 100 50 89 62 68 34 11 59 83 40 58 80 59 11 65 48 66 98 34 27 99 20 95 57 29 12 92 41 59 42 32 48 91 26 60 
15 93 27 26 67 58 33 71 100 47 80 80 55 86 55 50 13 75 12 85 95 22 54 66 56 25 26 32 42 47 56 64 76 99 43 70 46 89 83 80 99 70 51 36 67 94 89 78 60 17 17 
18 74 73 47 60 41 24 13 57 74 41 82 51 50 64 53 38 44 61 17 56 67 69 74 26 65 99 67 35 49 45 28 21 45 34 18 44 98 14 10 34 60 24 17 74 63 59 61 64 86 81 
21 36 53 98 68 37 28 19 14 27 100 70 32 98 75 81 58 52 11 47 35 29 94 99 91 30 53 14 40 59 86 63 99 50 93 63 73 28 95 67 13 26 19 44 79 97 33 25 83 16 11 
21 51 36 74 38 13 12 69 36 48 78 72 74 49 13 50 64 92 21 38 52 88 55 44 65 92 12 75 44 72 25 57 12 96 74 82 34 59 12 69 76 44 54 76 56 52 88 63 98 61 65 
