Node_1 Node_2 Capacity_node1 Capacity_node2 Latency_arc node_cost
nb_nodes 100
nb_arcs 4916
0 2 1 6 2 177
0 3 1 4 21 177
0 9 1 6 4 177
0 11 1 4 20 177
0 12 1 5 1 177
0 14 1 6 1 177
0 16 1 6 12 177
0 18 1 1 15 177
0 19 1 5 15 177
0 20 1 5 19 177
0 22 1 2 21 177
0 23 1 3 8 177
0 26 1 1 24 177
0 29 1 6 15 177
0 30 1 6 3 177
0 32 1 1 20 177
0 33 1 3 8 177
0 36 1 2 15 177
0 38 1 4 22 177
0 39 1 3 19 177
0 40 1 3 10 177
0 41 1 6 9 177
0 44 1 4 9 177
0 45 1 3 12 177
0 46 1 6 9 177
0 47 1 3 19 177
0 49 1 2 2 177
0 52 1 6 18 177
0 54 1 1 23 177
0 55 1 4 2 177
0 57 1 6 3 177
0 59 1 6 24 177
0 60 1 1 2 177
0 61 1 2 14 177
0 63 1 2 20 177
0 65 1 1 25 177
0 66 1 5 9 177
0 69 1 1 14 177
0 71 1 5 20 177
0 72 1 1 18 177
0 74 1 6 15 177
0 76 1 3 22 177
0 78 1 5 21 177
0 81 1 4 11 177
0 82 1 2 1 177
0 83 1 5 17 177
0 84 1 5 25 177
0 87 1 2 9 177
0 88 1 2 14 177
0 89 1 4 12 177
0 90 1 1 23 177
0 93 1 1 13 177
0 97 1 3 15 177
0 98 1 2 12 177
1 2 4 6 5 571
1 3 4 4 18 571
1 6 4 1 24 571
1 11 4 4 11 571
1 12 4 5 6 571
1 14 4 6 25 571
1 15 4 6 12 571
1 16 4 6 21 571
1 17 4 4 8 571
1 20 4 5 21 571
1 22 4 2 12 571
1 23 4 3 1 571
1 24 4 6 13 571
1 25 4 6 17 571
1 27 4 5 2 571
1 28 4 3 15 571
1 30 4 6 25 571
1 31 4 6 5 571
1 32 4 1 10 571
1 33 4 3 3 571
1 35 4 1 15 571
1 37 4 1 25 571
1 41 4 6 1 571
1 42 4 1 25 571
1 43 4 6 9 571
1 44 4 4 14 571
1 46 4 6 9 571
1 48 4 3 16 571
1 49 4 2 18 571
1 53 4 4 7 571
1 54 4 1 5 571
1 55 4 4 14 571
1 58 4 3 3 571
1 59 4 6 23 571
1 63 4 2 11 571
1 64 4 2 6 571
1 66 4 5 15 571
1 71 4 5 7 571
1 72 4 1 9 571
1 73 4 4 9 571
1 75 4 5 6 571
1 77 4 6 21 571
1 78 4 5 18 571
1 81 4 4 16 571
1 82 4 2 15 571
1 83 4 5 16 571
1 85 4 1 1 571
1 87 4 2 10 571
1 90 4 1 24 571
1 91 4 4 23 571
1 92 4 2 11 571
1 93 4 1 3 571
1 94 4 5 17 571
1 98 4 2 1 571
2 0 6 1 2 199
2 1 6 4 5 199
2 3 6 4 7 199
2 4 6 5 4 199
2 7 6 4 7 199
2 9 6 6 3 199
2 12 6 5 20 199
2 15 6 6 24 199
2 16 6 6 22 199
2 17 6 4 25 199
2 20 6 5 23 199
2 21 6 2 9 199
2 22 6 2 25 199
2 23 6 3 10 199
2 24 6 6 13 199
2 25 6 6 3 199
2 30 6 6 15 199
2 32 6 1 23 199
2 33 6 3 9 199
2 34 6 3 7 199
2 37 6 1 19 199
2 39 6 3 10 199
2 40 6 3 11 199
2 41 6 6 4 199
2 45 6 3 15 199
2 49 6 2 23 199
2 50 6 6 17 199
2 51 6 1 15 199
2 52 6 6 19 199
2 53 6 4 5 199
2 56 6 1 4 199
2 57 6 6 25 199
2 58 6 3 1 199
2 61 6 2 21 199
2 62 6 2 3 199
2 63 6 2 4 199
2 64 6 2 8 199
2 65 6 1 4 199
2 66 6 5 21 199
2 67 6 4 21 199
2 69 6 1 5 199
2 70 6 6 5 199
2 73 6 4 20 199
2 74 6 6 23 199
2 76 6 3 22 199
2 78 6 5 9 199
2 79 6 4 16 199
2 80 6 5 21 199
2 81 6 4 5 199
2 84 6 5 1 199
2 86 6 5 21 199
2 88 6 2 15 199
2 89 6 4 16 199
2 95 6 4 6 199
2 97 6 3 7 199
2 98 6 2 18 199
2 99 6 3 11 199
3 0 4 1 21 232
3 1 4 4 18 232
3 2 4 6 7 232
3 5 4 4 14 232
3 6 4 1 19 232
3 11 4 4 8 232
3 12 4 5 9 232
3 13 4 5 23 232
3 14 4 6 18 232
3 15 4 6 15 232
3 16 4 6 12 232
3 17 4 4 2 232
3 19 4 5 7 232
3 21 4 2 13 232
3 23 4 3 22 232
3 24 4 6 21 232
3 25 4 6 5 232
3 26 4 1 3 232
3 28 4 3 18 232
3 29 4 6 6 232
3 30 4 6 22 232
3 32 4 1 23 232
3 33 4 3 12 232
3 35 4 1 16 232
3 38 4 4 10 232
3 41 4 6 14 232
3 43 4 6 3 232
3 51 4 1 24 232
3 52 4 6 15 232
3 53 4 4 11 232
3 59 4 6 6 232
3 64 4 2 2 232
3 70 4 6 3 232
3 73 4 4 17 232
3 76 4 3 6 232
3 80 4 5 2 232
3 83 4 5 16 232
3 88 4 2 25 232
3 89 4 4 14 232
3 93 4 1 11 232
3 95 4 4 25 232
3 96 4 4 19 232
3 97 4 3 24 232
3 99 4 3 6 232
4 2 5 6 4 104
4 7 5 4 20 104
4 8 5 2 1 104
4 11 5 4 3 104
4 14 5 6 12 104
4 15 5 6 24 104
4 18 5 1 15 104
4 19 5 5 4 104
4 22 5 2 13 104
4 25 5 6 1 104
4 31 5 6 16 104
4 32 5 1 12 104
4 33 5 3 19 104
4 34 5 3 25 104
4 35 5 1 20 104
4 38 5 4 15 104
4 39 5 3 23 104
4 40 5 3 10 104
4 41 5 6 13 104
4 44 5 4 7 104
4 45 5 3 15 104
4 47 5 3 3 104
4 48 5 3 4 104
4 50 5 6 15 104
4 54 5 1 16 104
4 55 5 4 12 104
4 58 5 3 3 104
4 61 5 2 22 104
4 64 5 2 10 104
4 67 5 4 20 104
4 70 5 6 19 104
4 71 5 5 18 104
4 72 5 1 5 104
4 73 5 4 6 104
4 75 5 5 23 104
4 77 5 6 7 104
4 78 5 5 2 104
4 79 5 4 7 104
4 80 5 5 17 104
4 82 5 2 15 104
4 84 5 5 9 104
4 85 5 1 17 104
4 86 5 5 14 104
4 90 5 1 22 104
4 91 5 4 3 104
4 92 5 2 17 104
4 96 5 4 4 104
4 97 5 3 25 104
5 3 4 4 14 850
5 7 4 4 7 850
5 8 4 2 10 850
5 11 4 4 2 850
5 13 4 5 2 850
5 14 4 6 13 850
5 16 4 6 3 850
5 17 4 4 22 850
5 18 4 1 6 850
5 19 4 5 2 850
5 26 4 1 11 850
5 27 4 5 1 850
5 30 4 6 18 850
5 33 4 3 22 850
5 38 4 4 20 850
5 39 4 3 5 850
5 40 4 3 18 850
5 42 4 1 21 850
5 43 4 6 25 850
5 47 4 3 7 850
5 49 4 2 13 850
5 50 4 6 6 850
5 52 4 6 6 850
5 53 4 4 9 850
5 54 4 1 18 850
5 55 4 4 8 850
5 57 4 6 10 850
5 58 4 3 9 850
5 59 4 6 12 850
5 61 4 2 2 850
5 69 4 1 15 850
5 70 4 6 24 850
5 71 4 5 10 850
5 80 4 5 18 850
5 81 4 4 20 850
5 82 4 2 13 850
5 84 4 5 13 850
5 85 4 1 4 850
5 86 4 5 21 850
5 88 4 2 14 850
5 89 4 4 25 850
5 91 4 4 20 850
5 93 4 1 19 850
5 94 4 5 25 850
5 95 4 4 13 850
5 97 4 3 12 850
5 98 4 2 19 850
5 99 4 3 12 850
6 1 1 4 24 725
6 3 1 4 19 725
6 8 1 2 7 725
6 9 1 6 23 725
6 11 1 4 7 725
6 18 1 1 25 725
6 20 1 5 12 725
6 22 1 2 25 725
6 23 1 3 7 725
6 26 1 1 17 725
6 28 1 3 8 725
6 29 1 6 7 725
6 32 1 1 7 725
6 33 1 3 9 725
6 37 1 1 24 725
6 39 1 3 14 725
6 41 1 6 11 725
6 42 1 1 7 725
6 45 1 3 23 725
6 46 1 6 24 725
6 47 1 3 10 725
6 49 1 2 9 725
6 53 1 4 3 725
6 55 1 4 3 725
6 59 1 6 17 725
6 60 1 1 14 725
6 61 1 2 5 725
6 62 1 2 13 725
6 63 1 2 3 725
6 65 1 1 22 725
6 67 1 4 11 725
6 69 1 1 25 725
6 70 1 6 6 725
6 71 1 5 9 725
6 76 1 3 7 725
6 81 1 4 1 725
6 82 1 2 17 725
6 84 1 5 3 725
6 87 1 2 11 725
6 88 1 2 5 725
6 90 1 1 11 725
6 92 1 2 18 725
6 95 1 4 1 725
6 96 1 4 7 725
6 97 1 3 13 725
6 99 1 3 5 725
7 2 4 6 7 517
7 4 4 5 20 517
7 5 4 4 7 517
7 8 4 2 14 517
7 11 4 4 9 517
7 12 4 5 5 517
7 13 4 5 19 517
7 15 4 6 3 517
7 16 4 6 24 517
7 20 4 5 8 517
7 21 4 2 20 517
7 23 4 3 16 517
7 24 4 6 2 517
7 25 4 6 3 517
7 26 4 1 7 517
7 32 4 1 24 517
7 33 4 3 12 517
7 40 4 3 23 517
7 41 4 6 24 517
7 43 4 6 2 517
7 46 4 6 18 517
7 50 4 6 14 517
7 51 4 1 20 517
7 53 4 4 12 517
7 54 4 1 17 517
7 57 4 6 12 517
7 58 4 3 17 517
7 60 4 1 12 517
7 61 4 2 14 517
7 62 4 2 7 517
7 63 4 2 17 517
7 64 4 2 10 517
7 66 4 5 20 517
7 69 4 1 5 517
7 71 4 5 19 517
7 72 4 1 15 517
7 73 4 4 1 517
7 74 4 6 1 517
7 75 4 5 25 517
7 79 4 4 20 517
7 80 4 5 24 517
7 81 4 4 7 517
7 83 4 5 3 517
7 85 4 1 20 517
7 86 4 5 13 517
7 91 4 4 6 517
7 92 4 2 17 517
7 93 4 1 17 517
7 97 4 3 14 517
7 98 4 2 6 517
7 99 4 3 22 517
8 4 2 5 1 207
8 5 2 4 10 207
8 6 2 1 7 207
8 7 2 4 14 207
8 9 2 6 2 207
8 10 2 2 11 207
8 11 2 4 17 207
8 14 2 6 11 207
8 17 2 4 4 207
8 18 2 1 16 207
8 19 2 5 8 207
8 22 2 2 24 207
8 23 2 3 17 207
8 24 2 6 12 207
8 27 2 5 6 207
8 29 2 6 3 207
8 30 2 6 16 207
8 31 2 6 11 207
8 36 2 2 23 207
8 37 2 1 10 207
8 38 2 4 2 207
8 40 2 3 10 207
8 41 2 6 4 207
8 42 2 1 7 207
8 44 2 4 10 207
8 45 2 3 11 207
8 51 2 1 14 207
8 55 2 4 21 207
8 56 2 1 19 207
8 57 2 6 10 207
8 58 2 3 19 207
8 59 2 6 6 207
8 60 2 1 19 207
8 63 2 2 22 207
8 64 2 2 4 207
8 65 2 1 25 207
8 66 2 5 2 207
8 68 2 6 14 207
8 70 2 6 1 207
8 72 2 1 4 207
8 73 2 4 13 207
8 74 2 6 7 207
8 76 2 3 8 207
8 77 2 6 4 207
8 78 2 5 13 207
8 80 2 5 16 207
8 81 2 4 15 207
8 83 2 5 9 207
8 84 2 5 25 207
8 87 2 2 17 207
8 88 2 2 16 207
8 91 2 4 9 207
8 92 2 2 4 207
8 94 2 5 23 207
8 99 2 3 24 207
9 0 6 1 4 369
9 2 6 6 3 369
9 6 6 1 23 369
9 8 6 2 2 369
9 11 6 4 1 369
9 13 6 5 25 369
9 15 6 6 24 369
9 16 6 6 20 369
9 18 6 1 23 369
9 19 6 5 11 369
9 21 6 2 21 369
9 22 6 2 2 369
9 26 6 1 13 369
9 27 6 5 17 369
9 29 6 6 20 369
9 30 6 6 13 369
9 32 6 1 10 369
9 34 6 3 4 369
9 36 6 2 17 369
9 37 6 1 1 369
9 38 6 4 19 369
9 39 6 3 18 369
9 44 6 4 5 369
9 47 6 3 23 369
9 49 6 2 20 369
9 51 6 1 1 369
9 52 6 6 9 369
9 57 6 6 1 369
9 60 6 1 5 369
9 62 6 2 7 369
9 63 6 2 5 369
9 64 6 2 25 369
9 65 6 1 17 369
9 67 6 4 13 369
9 70 6 6 14 369
9 72 6 1 8 369
9 73 6 4 9 369
9 74 6 6 8 369
9 75 6 5 17 369
9 78 6 5 20 369
9 79 6 4 11 369
9 80 6 5 18 369
9 81 6 4 6 369
9 82 6 2 9 369
9 84 6 5 19 369
9 87 6 2 2 369
9 88 6 2 19 369
9 90 6 1 13 369
9 91 6 4 7 369
9 92 6 2 19 369
9 93 6 1 9 369
10 8 2 2 11 834
10 11 2 4 4 834
10 12 2 5 24 834
10 14 2 6 20 834
10 15 2 6 12 834
10 17 2 4 14 834
10 18 2 1 20 834
10 19 2 5 7 834
10 20 2 5 19 834
10 23 2 3 24 834
10 28 2 3 21 834
10 29 2 6 23 834
10 30 2 6 10 834
10 31 2 6 25 834
10 32 2 1 9 834
10 33 2 3 16 834
10 34 2 3 9 834
10 35 2 1 24 834
10 37 2 1 19 834
10 39 2 3 9 834
10 41 2 6 18 834
10 43 2 6 14 834
10 47 2 3 21 834
10 49 2 2 24 834
10 51 2 1 12 834
10 52 2 6 1 834
10 54 2 1 24 834
10 56 2 1 15 834
10 57 2 6 23 834
10 62 2 2 16 834
10 64 2 2 13 834
10 65 2 1 17 834
10 68 2 6 4 834
10 70 2 6 25 834
10 71 2 5 25 834
10 73 2 4 5 834
10 74 2 6 21 834
10 76 2 3 21 834
10 78 2 5 21 834
10 80 2 5 19 834
10 81 2 4 13 834
10 83 2 5 5 834
10 84 2 5 8 834
10 87 2 2 10 834
10 90 2 1 20 834
10 92 2 2 6 834
10 93 2 1 2 834
10 97 2 3 13 834
10 99 2 3 2 834
11 0 4 1 20 100
11 1 4 4 11 100
11 3 4 4 8 100
11 4 4 5 3 100
11 5 4 4 2 100
11 6 4 1 7 100
11 7 4 4 9 100
11 8 4 2 17 100
11 9 4 6 1 100
11 10 4 2 4 100
11 12 4 5 4 100
11 15 4 6 13 100
11 17 4 4 6 100
11 21 4 2 17 100
11 22 4 2 18 100
11 25 4 6 21 100
11 26 4 1 8 100
11 27 4 5 14 100
11 28 4 3 22 100
11 30 4 6 21 100
11 31 4 6 18 100
11 33 4 3 23 100
11 34 4 3 23 100
11 37 4 1 5 100
11 38 4 4 25 100
11 40 4 3 3 100
11 42 4 1 17 100
11 44 4 4 16 100
11 45 4 3 10 100
11 46 4 6 16 100
11 47 4 3 17 100
11 48 4 3 17 100
11 49 4 2 11 100
11 55 4 4 2 100
11 58 4 3 25 100
11 61 4 2 25 100
11 62 4 2 1 100
11 63 4 2 17 100
11 65 4 1 19 100
11 69 4 1 22 100
11 70 4 6 25 100
11 73 4 4 19 100
11 75 4 5 24 100
11 76 4 3 7 100
11 79 4 4 21 100
11 81 4 4 4 100
11 83 4 5 9 100
11 84 4 5 14 100
11 86 4 5 3 100
11 87 4 2 3 100
11 88 4 2 23 100
11 89 4 4 5 100
11 91 4 4 8 100
11 92 4 2 18 100
11 95 4 4 11 100
11 96 4 4 24 100
11 97 4 3 8 100
11 99 4 3 23 100
12 0 5 1 1 460
12 1 5 4 6 460
12 2 5 6 20 460
12 3 5 4 9 460
12 7 5 4 5 460
12 10 5 2 24 460
12 11 5 4 4 460
12 13 5 5 4 460
12 15 5 6 24 460
12 16 5 6 15 460
12 18 5 1 3 460
12 19 5 5 8 460
12 20 5 5 15 460
12 22 5 2 11 460
12 24 5 6 25 460
12 26 5 1 15 460
12 28 5 3 8 460
12 30 5 6 18 460
12 31 5 6 15 460
12 33 5 3 4 460
12 35 5 1 23 460
12 37 5 1 2 460
12 41 5 6 11 460
12 42 5 1 17 460
12 43 5 6 6 460
12 44 5 4 14 460
12 50 5 6 21 460
12 54 5 1 24 460
12 59 5 6 3 460
12 60 5 1 15 460
12 61 5 2 11 460
12 62 5 2 11 460
12 63 5 2 4 460
12 64 5 2 19 460
12 65 5 1 6 460
12 66 5 5 16 460
12 68 5 6 1 460
12 69 5 1 18 460
12 73 5 4 9 460
12 74 5 6 2 460
12 76 5 3 7 460
12 78 5 5 17 460
12 80 5 5 4 460
12 81 5 4 24 460
12 82 5 2 14 460
12 85 5 1 24 460
12 88 5 2 10 460
12 89 5 4 7 460
12 91 5 4 9 460
12 93 5 1 24 460
12 95 5 4 2 460
12 96 5 4 23 460
12 99 5 3 18 460
13 3 5 4 23 763
13 5 5 4 2 763
13 7 5 4 19 763
13 9 5 6 25 763
13 12 5 5 4 763
13 14 5 6 4 763
13 15 5 6 10 763
13 16 5 6 13 763
13 17 5 4 6 763
13 18 5 1 22 763
13 19 5 5 5 763
13 20 5 5 2 763
13 21 5 2 9 763
13 23 5 3 5 763
13 28 5 3 17 763
13 29 5 6 4 763
13 31 5 6 24 763
13 32 5 1 18 763
13 33 5 3 14 763
13 36 5 2 1 763
13 38 5 4 5 763
13 40 5 3 24 763
13 43 5 6 20 763
13 44 5 4 21 763
13 50 5 6 23 763
13 53 5 4 6 763
13 54 5 1 17 763
13 61 5 2 13 763
13 62 5 2 21 763
13 63 5 2 1 763
13 66 5 5 19 763
13 70 5 6 23 763
13 74 5 6 20 763
13 75 5 5 18 763
13 76 5 3 2 763
13 77 5 6 9 763
13 79 5 4 19 763
13 80 5 5 2 763
13 83 5 5 8 763
13 84 5 5 12 763
13 85 5 1 7 763
13 92 5 2 14 763
13 94 5 5 13 763
13 98 5 2 9 763
14 0 6 1 1 526
14 1 6 4 25 526
14 3 6 4 18 526
14 4 6 5 12 526
14 5 6 4 13 526
14 8 6 2 11 526
14 10 6 2 20 526
14 13 6 5 4 526
14 15 6 6 22 526
14 17 6 4 21 526
14 18 6 1 24 526
14 21 6 2 10 526
14 23 6 3 1 526
14 24 6 6 5 526
14 25 6 6 9 526
14 28 6 3 7 526
14 31 6 6 18 526
14 32 6 1 13 526
14 33 6 3 18 526
14 34 6 3 14 526
14 35 6 1 5 526
14 36 6 2 1 526
14 37 6 1 7 526
14 39 6 3 1 526
14 41 6 6 16 526
14 42 6 1 16 526
14 44 6 4 19 526
14 46 6 6 14 526
14 47 6 3 8 526
14 48 6 3 1 526
14 49 6 2 13 526
14 53 6 4 12 526
14 56 6 1 25 526
14 58 6 3 21 526
14 61 6 2 13 526
14 62 6 2 24 526
14 63 6 2 7 526
14 68 6 6 1 526
14 69 6 1 19 526
14 71 6 5 7 526
14 73 6 4 2 526
14 74 6 6 16 526
14 82 6 2 3 526
14 83 6 5 19 526
14 85 6 1 6 526
14 87 6 2 21 526
14 89 6 4 7 526
14 90 6 1 22 526
14 91 6 4 16 526
14 93 6 1 24 526
14 96 6 4 13 526
14 97 6 3 1 526
14 99 6 3 16 526
15 1 6 4 12 619
15 2 6 6 24 619
15 3 6 4 15 619
15 4 6 5 24 619
15 7 6 4 3 619
15 9 6 6 24 619
15 10 6 2 12 619
15 11 6 4 13 619
15 12 6 5 24 619
15 13 6 5 10 619
15 14 6 6 22 619
15 16 6 6 14 619
15 20 6 5 9 619
15 22 6 2 6 619
15 26 6 1 15 619
15 29 6 6 9 619
15 33 6 3 12 619
15 35 6 1 2 619
15 36 6 2 11 619
15 37 6 1 18 619
15 38 6 4 12 619
15 39 6 3 4 619
15 45 6 3 14 619
15 47 6 3 25 619
15 50 6 6 21 619
15 58 6 3 2 619
15 61 6 2 24 619
15 63 6 2 22 619
15 64 6 2 7 619
15 65 6 1 6 619
15 66 6 5 10 619
15 72 6 1 12 619
15 73 6 4 12 619
15 75 6 5 13 619
15 76 6 3 18 619
15 78 6 5 24 619
15 79 6 4 10 619
15 80 6 5 13 619
15 81 6 4 21 619
15 82 6 2 24 619
15 89 6 4 5 619
15 90 6 1 5 619
15 94 6 5 15 619
15 98 6 2 5 619
15 99 6 3 19 619
16 0 6 1 12 628
16 1 6 4 21 628
16 2 6 6 22 628
16 3 6 4 12 628
16 5 6 4 3 628
16 7 6 4 24 628
16 9 6 6 20 628
16 12 6 5 15 628
16 13 6 5 13 628
16 15 6 6 14 628
16 19 6 5 9 628
16 20 6 5 7 628
16 21 6 2 9 628
16 24 6 6 19 628
16 25 6 6 14 628
16 26 6 1 24 628
16 28 6 3 11 628
16 29 6 6 21 628
16 39 6 3 5 628
16 42 6 1 11 628
16 43 6 6 21 628
16 45 6 3 12 628
16 51 6 1 15 628
16 53 6 4 3 628
16 54 6 1 2 628
16 55 6 4 15 628
16 56 6 1 10 628
16 60 6 1 23 628
16 61 6 2 2 628
16 63 6 2 18 628
16 64 6 2 15 628
16 68 6 6 6 628
16 69 6 1 16 628
16 70 6 6 7 628
16 76 6 3 18 628
16 77 6 6 9 628
16 80 6 5 23 628
16 81 6 4 15 628
16 82 6 2 19 628
16 85 6 1 2 628
16 89 6 4 10 628
16 92 6 2 22 628
16 93 6 1 7 628
16 95 6 4 24 628
16 96 6 4 4 628
16 99 6 3 13 628
17 1 4 4 8 678
17 2 4 6 25 678
17 3 4 4 2 678
17 5 4 4 22 678
17 8 4 2 4 678
17 10 4 2 14 678
17 11 4 4 6 678
17 13 4 5 6 678
17 14 4 6 21 678
17 18 4 1 9 678
17 19 4 5 15 678
17 20 4 5 16 678
17 21 4 2 18 678
17 23 4 3 6 678
17 30 4 6 1 678
17 31 4 6 18 678
17 33 4 3 24 678
17 36 4 2 24 678
17 42 4 1 10 678
17 50 4 6 2 678
17 51 4 1 4 678
17 52 4 6 12 678
17 57 4 6 18 678
17 60 4 1 2 678
17 61 4 2 8 678
17 62 4 2 11 678
17 67 4 4 4 678
17 68 4 6 12 678
17 69 4 1 16 678
17 70 4 6 23 678
17 72 4 1 8 678
17 73 4 4 2 678
17 75 4 5 7 678
17 79 4 4 20 678
17 81 4 4 13 678
17 83 4 5 2 678
17 85 4 1 14 678
17 86 4 5 22 678
17 90 4 1 8 678
17 92 4 2 11 678
17 93 4 1 1 678
17 97 4 3 9 678
17 99 4 3 25 678
18 0 1 1 15 565
18 4 1 5 15 565
18 5 1 4 6 565
18 6 1 1 25 565
18 8 1 2 16 565
18 9 1 6 23 565
18 10 1 2 20 565
18 12 1 5 3 565
18 13 1 5 22 565
18 14 1 6 24 565
18 17 1 4 9 565
18 19 1 5 10 565
18 22 1 2 3 565
18 24 1 6 22 565
18 26 1 1 2 565
18 32 1 1 5 565
18 33 1 3 2 565
18 34 1 3 21 565
18 36 1 2 14 565
18 38 1 4 3 565
18 40 1 3 14 565
18 41 1 6 16 565
18 42 1 1 4 565
18 43 1 6 14 565
18 44 1 4 24 565
18 46 1 6 13 565
18 47 1 3 14 565
18 51 1 1 19 565
18 52 1 6 7 565
18 54 1 1 24 565
18 57 1 6 17 565
18 59 1 6 1 565
18 62 1 2 17 565
18 63 1 2 8 565
18 65 1 1 6 565
18 69 1 1 16 565
18 70 1 6 5 565
18 71 1 5 24 565
18 72 1 1 18 565
18 73 1 4 8 565
18 74 1 6 14 565
18 75 1 5 25 565
18 76 1 3 19 565
18 78 1 5 6 565
18 79 1 4 9 565
18 80 1 5 1 565
18 83 1 5 24 565
18 85 1 1 11 565
18 86 1 5 11 565
18 89 1 4 14 565
18 91 1 4 23 565
18 97 1 3 19 565
19 0 5 1 15 587
19 3 5 4 7 587
19 4 5 5 4 587
19 5 5 4 2 587
19 8 5 2 8 587
19 9 5 6 11 587
19 10 5 2 7 587
19 12 5 5 8 587
19 13 5 5 5 587
19 16 5 6 9 587
19 17 5 4 15 587
19 18 5 1 10 587
19 20 5 5 4 587
19 21 5 2 11 587
19 23 5 3 11 587
19 25 5 6 17 587
19 29 5 6 25 587
19 30 5 6 5 587
19 32 5 1 12 587
19 39 5 3 18 587
19 40 5 3 12 587
19 42 5 1 20 587
19 46 5 6 23 587
19 54 5 1 9 587
19 57 5 6 10 587
19 58 5 3 22 587
19 60 5 1 21 587
19 69 5 1 11 587
19 72 5 1 17 587
19 73 5 4 14 587
19 75 5 5 7 587
19 76 5 3 23 587
19 77 5 6 24 587
19 78 5 5 21 587
19 79 5 4 8 587
19 81 5 4 14 587
19 82 5 2 1 587
19 83 5 5 21 587
19 86 5 5 2 587
19 90 5 1 23 587
19 91 5 4 23 587
19 92 5 2 6 587
19 93 5 1 11 587
19 95 5 4 20 587
19 97 5 3 8 587
19 98 5 2 13 587
20 0 5 1 19 146
20 1 5 4 21 146
20 2 5 6 23 146
20 6 5 1 12 146
20 7 5 4 8 146
20 10 5 2 19 146
20 12 5 5 15 146
20 13 5 5 2 146
20 15 5 6 9 146
20 16 5 6 7 146
20 17 5 4 16 146
20 19 5 5 4 146
20 23 5 3 21 146
20 25 5 6 9 146
20 29 5 6 15 146
20 35 5 1 18 146
20 36 5 2 1 146
20 37 5 1 7 146
20 38 5 4 22 146
20 39 5 3 4 146
20 42 5 1 22 146
20 44 5 4 5 146
20 47 5 3 11 146
20 50 5 6 1 146
20 51 5 1 4 146
20 52 5 6 4 146
20 53 5 4 22 146
20 54 5 1 19 146
20 56 5 1 2 146
20 58 5 3 18 146
20 60 5 1 1 146
20 68 5 6 16 146
20 69 5 1 18 146
20 70 5 6 7 146
20 71 5 5 2 146
20 72 5 1 5 146
20 76 5 3 17 146
20 77 5 6 9 146
20 78 5 5 3 146
20 79 5 4 17 146
20 84 5 5 1 146
20 86 5 5 11 146
20 87 5 2 2 146
20 88 5 2 24 146
20 90 5 1 11 146
20 91 5 4 9 146
20 96 5 4 18 146
20 97 5 3 4 146
21 2 2 6 9 168
21 3 2 4 13 168
21 7 2 4 20 168
21 9 2 6 21 168
21 11 2 4 17 168
21 13 2 5 9 168
21 14 2 6 10 168
21 16 2 6 9 168
21 17 2 4 18 168
21 19 2 5 11 168
21 24 2 6 20 168
21 25 2 6 15 168
21 26 2 1 21 168
21 27 2 5 19 168
21 31 2 6 22 168
21 32 2 1 1 168
21 33 2 3 12 168
21 34 2 3 1 168
21 39 2 3 25 168
21 40 2 3 25 168
21 41 2 6 8 168
21 43 2 6 18 168
21 47 2 3 10 168
21 49 2 2 5 168
21 50 2 6 24 168
21 51 2 1 6 168
21 54 2 1 22 168
21 55 2 4 25 168
21 59 2 6 3 168
21 62 2 2 11 168
21 64 2 2 1 168
21 67 2 4 11 168
21 68 2 6 10 168
21 69 2 1 13 168
21 70 2 6 19 168
21 71 2 5 16 168
21 74 2 6 6 168
21 77 2 6 10 168
21 79 2 4 20 168
21 81 2 4 4 168
21 82 2 2 19 168
21 84 2 5 10 168
21 85 2 1 2 168
21 91 2 4 8 168
21 93 2 1 1 168
21 94 2 5 10 168
21 96 2 4 10 168
21 99 2 3 19 168
22 0 2 1 21 731
22 1 2 4 12 731
22 2 2 6 25 731
22 4 2 5 13 731
22 6 2 1 25 731
22 8 2 2 24 731
22 9 2 6 2 731
22 11 2 4 18 731
22 12 2 5 11 731
22 15 2 6 6 731
22 18 2 1 3 731
22 23 2 3 6 731
22 26 2 1 14 731
22 29 2 6 7 731
22 30 2 6 2 731
22 31 2 6 12 731
22 33 2 3 9 731
22 35 2 1 21 731
22 38 2 4 22 731
22 39 2 3 24 731
22 42 2 1 25 731
22 43 2 6 17 731
22 44 2 4 9 731
22 46 2 6 18 731
22 47 2 3 10 731
22 48 2 3 5 731
22 49 2 2 5 731
22 50 2 6 9 731
22 55 2 4 19 731
22 56 2 1 8 731
22 58 2 3 18 731
22 60 2 1 17 731
22 61 2 2 23 731
22 63 2 2 4 731
22 64 2 2 19 731
22 65 2 1 13 731
22 66 2 5 22 731
22 67 2 4 11 731
22 68 2 6 18 731
22 70 2 6 20 731
22 74 2 6 13 731
22 75 2 5 18 731
22 78 2 5 15 731
22 80 2 5 23 731
22 81 2 4 16 731
22 83 2 5 9 731
22 86 2 5 18 731
22 87 2 2 7 731
22 88 2 2 9 731
22 90 2 1 8 731
22 94 2 5 23 731
22 95 2 4 17 731
23 0 3 1 8 501
23 1 3 4 1 501
23 2 3 6 10 501
23 3 3 4 22 501
23 6 3 1 7 501
23 7 3 4 16 501
23 8 3 2 17 501
23 10 3 2 24 501
23 13 3 5 5 501
23 14 3 6 1 501
23 17 3 4 6 501
23 19 3 5 11 501
23 20 3 5 21 501
23 22 3 2 6 501
23 26 3 1 5 501
23 27 3 5 2 501
23 29 3 6 25 501
23 30 3 6 24 501
23 31 3 6 5 501
23 35 3 1 20 501
23 36 3 2 10 501
23 37 3 1 3 501
23 38 3 4 19 501
23 39 3 3 25 501
23 41 3 6 10 501
23 42 3 1 14 501
23 43 3 6 5 501
23 44 3 4 7 501
23 45 3 3 13 501
23 46 3 6 12 501
23 47 3 3 15 501
23 48 3 3 17 501
23 53 3 4 16 501
23 54 3 1 20 501
23 56 3 1 19 501
23 59 3 6 2 501
23 60 3 1 22 501
23 64 3 2 13 501
23 66 3 5 14 501
23 68 3 6 3 501
23 71 3 5 10 501
23 72 3 1 1 501
23 76 3 3 14 501
23 77 3 6 18 501
23 80 3 5 4 501
23 82 3 2 20 501
23 83 3 5 8 501
23 85 3 1 25 501
23 93 3 1 15 501
23 95 3 4 11 501
23 96 3 4 14 501
23 98 3 2 4 501
23 99 3 3 13 501
24 1 6 4 13 204
24 2 6 6 13 204
24 3 6 4 21 204
24 7 6 4 2 204
24 8 6 2 12 204
24 12 6 5 25 204
24 14 6 6 5 204
24 16 6 6 19 204
24 18 6 1 22 204
24 21 6 2 20 204
24 25 6 6 2 204
24 26 6 1 16 204
24 28 6 3 4 204
24 31 6 6 25 204
24 39 6 3 11 204
24 40 6 3 10 204
24 42 6 1 24 204
24 44 6 4 4 204
24 45 6 3 21 204
24 47 6 3 20 204
24 48 6 3 2 204
24 50 6 6 14 204
24 53 6 4 14 204
24 55 6 4 19 204
24 56 6 1 11 204
24 64 6 2 25 204
24 66 6 5 12 204
24 67 6 4 2 204
24 68 6 6 20 204
24 69 6 1 19 204
24 78 6 5 3 204
24 79 6 4 2 204
24 84 6 5 23 204
24 85 6 1 10 204
24 86 6 5 11 204
24 88 6 2 21 204
24 89 6 4 5 204
24 92 6 2 21 204
24 93 6 1 3 204
24 99 6 3 17 204
25 1 6 4 17 234
25 2 6 6 3 234
25 3 6 4 5 234
25 4 6 5 1 234
25 7 6 4 3 234
25 11 6 4 21 234
25 14 6 6 9 234
25 16 6 6 14 234
25 19 6 5 17 234
25 20 6 5 9 234
25 21 6 2 15 234
25 24 6 6 2 234
25 28 6 3 19 234
25 31 6 6 17 234
25 32 6 1 4 234
25 33 6 3 12 234
25 34 6 3 8 234
25 35 6 1 11 234
25 36 6 2 2 234
25 37 6 1 1 234
25 39 6 3 14 234
25 42 6 1 10 234
25 43 6 6 8 234
25 45 6 3 12 234
25 47 6 3 18 234
25 48 6 3 21 234
25 50 6 6 2 234
25 53 6 4 17 234
25 54 6 1 11 234
25 57 6 6 18 234
25 58 6 3 16 234
25 59 6 6 9 234
25 60 6 1 22 234
25 62 6 2 22 234
25 64 6 2 24 234
25 67 6 4 4 234
25 68 6 6 9 234
25 70 6 6 13 234
25 72 6 1 8 234
25 73 6 4 8 234
25 75 6 5 19 234
25 79 6 4 6 234
25 80 6 5 5 234
25 82 6 2 16 234
25 83 6 5 22 234
25 84 6 5 24 234
25 85 6 1 14 234
25 88 6 2 17 234
25 90 6 1 17 234
25 91 6 4 14 234
25 93 6 1 22 234
25 96 6 4 3 234
25 97 6 3 11 234
26 0 1 1 24 475
26 3 1 4 3 475
26 5 1 4 11 475
26 6 1 1 17 475
26 7 1 4 7 475
26 9 1 6 13 475
26 11 1 4 8 475
26 12 1 5 15 475
26 15 1 6 15 475
26 16 1 6 24 475
26 18 1 1 2 475
26 21 1 2 21 475
26 22 1 2 14 475
26 23 1 3 5 475
26 24 1 6 16 475
26 28 1 3 11 475
26 29 1 6 1 475
26 31 1 6 6 475
26 32 1 1 5 475
26 36 1 2 25 475
26 37 1 1 13 475
26 43 1 6 8 475
26 44 1 4 12 475
26 47 1 3 9 475
26 48 1 3 6 475
26 52 1 6 13 475
26 54 1 1 22 475
26 55 1 4 6 475
26 58 1 3 7 475
26 62 1 2 4 475
26 65 1 1 7 475
26 68 1 6 21 475
26 70 1 6 13 475
26 71 1 5 3 475
26 72 1 1 18 475
26 75 1 5 4 475
26 76 1 3 2 475
26 77 1 6 12 475
26 79 1 4 18 475
26 81 1 4 7 475
26 83 1 5 21 475
26 86 1 5 2 475
26 89 1 4 15 475
26 90 1 1 25 475
26 93 1 1 23 475
26 95 1 4 9 475
26 96 1 4 1 475
26 97 1 3 13 475
26 98 1 2 21 475
27 1 5 4 2 162
27 5 5 4 1 162
27 8 5 2 6 162
27 9 5 6 17 162
27 11 5 4 14 162
27 21 5 2 19 162
27 23 5 3 2 162
27 28 5 3 20 162
27 30 5 6 20 162
27 32 5 1 11 162
27 34 5 3 25 162
27 38 5 4 16 162
27 40 5 3 4 162
27 42 5 1 18 162
27 43 5 6 6 162
27 44 5 4 2 162
27 45 5 3 24 162
27 47 5 3 22 162
27 48 5 3 15 162
27 49 5 2 25 162
27 51 5 1 22 162
27 52 5 6 17 162
27 54 5 1 14 162
27 55 5 4 7 162
27 57 5 6 19 162
27 58 5 3 13 162
27 59 5 6 19 162
27 60 5 1 17 162
27 65 5 1 7 162
27 68 5 6 5 162
27 70 5 6 14 162
27 71 5 5 18 162
27 72 5 1 18 162
27 77 5 6 10 162
27 79 5 4 20 162
27 81 5 4 22 162
27 87 5 2 5 162
27 88 5 2 3 162
27 89 5 4 11 162
27 90 5 1 15 162
27 91 5 4 23 162
27 94 5 5 14 162
27 96 5 4 19 162
27 97 5 3 2 162
28 1 3 4 15 672
28 3 3 4 18 672
28 6 3 1 8 672
28 10 3 2 21 672
28 11 3 4 22 672
28 12 3 5 8 672
28 13 3 5 17 672
28 14 3 6 7 672
28 16 3 6 11 672
28 24 3 6 4 672
28 25 3 6 19 672
28 26 3 1 11 672
28 27 3 5 20 672
28 35 3 1 5 672
28 36 3 2 9 672
28 37 3 1 7 672
28 40 3 3 11 672
28 43 3 6 23 672
28 44 3 4 10 672
28 45 3 3 21 672
28 47 3 3 17 672
28 49 3 2 19 672
28 50 3 6 1 672
28 51 3 1 9 672
28 53 3 4 18 672
28 55 3 4 25 672
28 56 3 1 12 672
28 57 3 6 19 672
28 60 3 1 3 672
28 61 3 2 11 672
28 62 3 2 20 672
28 64 3 2 24 672
28 65 3 1 23 672
28 66 3 5 20 672
28 69 3 1 6 672
28 72 3 1 15 672
28 75 3 5 21 672
28 77 3 6 9 672
28 78 3 5 8 672
28 79 3 4 12 672
28 80 3 5 10 672
28 81 3 4 25 672
28 84 3 5 3 672
28 87 3 2 1 672
28 88 3 2 8 672
28 89 3 4 6 672
28 91 3 4 8 672
28 92 3 2 21 672
28 96 3 4 20 672
28 98 3 2 13 672
28 99 3 3 6 672
29 0 6 1 15 929
29 3 6 4 6 929
29 6 6 1 7 929
29 8 6 2 3 929
29 9 6 6 20 929
29 10 6 2 23 929
29 13 6 5 4 929
29 15 6 6 9 929
29 16 6 6 21 929
29 19 6 5 25 929
29 20 6 5 15 929
29 22 6 2 7 929
29 23 6 3 25 929
29 26 6 1 1 929
29 32 6 1 18 929
29 34 6 3 4 929
29 35 6 1 3 929
29 37 6 1 24 929
29 38 6 4 19 929
29 39 6 3 15 929
29 40 6 3 11 929
29 44 6 4 9 929
29 45 6 3 10 929
29 47 6 3 15 929
29 48 6 3 6 929
29 49 6 2 5 929
29 51 6 1 2 929
29 54 6 1 2 929
29 55 6 4 17 929
29 57 6 6 25 929
29 60 6 1 13 929
29 62 6 2 22 929
29 64 6 2 16 929
29 66 6 5 7 929
29 68 6 6 10 929
29 69 6 1 18 929
29 72 6 1 18 929
29 73 6 4 15 929
29 74 6 6 12 929
29 75 6 5 13 929
29 76 6 3 3 929
29 79 6 4 14 929
29 82 6 2 7 929
29 83 6 5 17 929
29 85 6 1 6 929
29 90 6 1 21 929
29 91 6 4 16 929
29 93 6 1 1 929
29 96 6 4 17 929
29 99 6 3 15 929
30 0 6 1 3 179
30 1 6 4 25 179
30 2 6 6 15 179
30 3 6 4 22 179
30 5 6 4 18 179
30 8 6 2 16 179
30 9 6 6 13 179
30 10 6 2 10 179
30 11 6 4 21 179
30 12 6 5 18 179
30 17 6 4 1 179
30 19 6 5 5 179
30 22 6 2 2 179
30 23 6 3 24 179
30 27 6 5 20 179
30 31 6 6 7 179
30 32 6 1 6 179
30 39 6 3 19 179
30 40 6 3 14 179
30 43 6 6 24 179
30 44 6 4 1 179
30 52 6 6 14 179
30 54 6 1 18 179
30 56 6 1 5 179
30 58 6 3 16 179
30 59 6 6 23 179
30 63 6 2 3 179
30 64 6 2 25 179
30 65 6 1 18 179
30 69 6 1 23 179
30 70 6 6 1 179
30 72 6 1 18 179
30 76 6 3 7 179
30 77 6 6 14 179
30 80 6 5 19 179
30 83 6 5 2 179
30 86 6 5 11 179
30 89 6 4 13 179
30 91 6 4 21 179
30 93 6 1 4 179
30 94 6 5 19 179
30 98 6 2 17 179
31 1 6 4 5 771
31 4 6 5 16 771
31 8 6 2 11 771
31 10 6 2 25 771
31 11 6 4 18 771
31 12 6 5 15 771
31 13 6 5 24 771
31 14 6 6 18 771
31 17 6 4 18 771
31 21 6 2 22 771
31 22 6 2 12 771
31 23 6 3 5 771
31 24 6 6 25 771
31 25 6 6 17 771
31 26 6 1 6 771
31 30 6 6 7 771
31 33 6 3 11 771
31 34 6 3 7 771
31 35 6 1 5 771
31 37 6 1 22 771
31 38 6 4 25 771
31 39 6 3 5 771
31 42 6 1 16 771
31 46 6 6 18 771
31 48 6 3 3 771
31 50 6 6 18 771
31 51 6 1 23 771
31 53 6 4 13 771
31 55 6 4 19 771
31 59 6 6 8 771
31 60 6 1 11 771
31 61 6 2 18 771
31 62 6 2 7 771
31 65 6 1 22 771
31 66 6 5 9 771
31 68 6 6 14 771
31 69 6 1 1 771
31 71 6 5 2 771
31 72 6 1 1 771
31 73 6 4 12 771
31 74 6 6 13 771
31 75 6 5 9 771
31 76 6 3 23 771
31 80 6 5 10 771
31 82 6 2 1 771
31 83 6 5 5 771
31 84 6 5 12 771
31 86 6 5 23 771
31 87 6 2 23 771
31 88 6 2 17 771
31 90 6 1 25 771
31 91 6 4 10 771
31 92 6 2 1 771
31 93 6 1 16 771
31 94 6 5 3 771
31 95 6 4 24 771
31 96 6 4 15 771
31 98 6 2 20 771
32 0 1 1 20 350
32 1 1 4 10 350
32 2 1 6 23 350
32 3 1 4 23 350
32 4 1 5 12 350
32 6 1 1 7 350
32 7 1 4 24 350
32 9 1 6 10 350
32 10 1 2 9 350
32 13 1 5 18 350
32 14 1 6 13 350
32 18 1 1 5 350
32 19 1 5 12 350
32 21 1 2 1 350
32 25 1 6 4 350
32 26 1 1 5 350
32 27 1 5 11 350
32 29 1 6 18 350
32 30 1 6 6 350
32 33 1 3 7 350
32 35 1 1 8 350
32 36 1 2 1 350
32 38 1 4 3 350
32 39 1 3 11 350
32 41 1 6 7 350
32 43 1 6 3 350
32 45 1 3 6 350
32 49 1 2 10 350
32 50 1 6 1 350
32 51 1 1 21 350
32 53 1 4 5 350
32 54 1 1 7 350
32 56 1 1 11 350
32 60 1 1 25 350
32 65 1 1 1 350
32 66 1 5 25 350
32 67 1 4 4 350
32 70 1 6 17 350
32 74 1 6 6 350
32 76 1 3 20 350
32 77 1 6 7 350
32 79 1 4 9 350
32 80 1 5 9 350
32 82 1 2 11 350
32 83 1 5 14 350
32 85 1 1 20 350
32 88 1 2 20 350
32 90 1 1 5 350
32 92 1 2 14 350
32 94 1 5 15 350
32 95 1 4 4 350
32 99 1 3 24 350
33 0 3 1 8 861
33 1 3 4 3 861
33 2 3 6 9 861
33 3 3 4 12 861
33 4 3 5 19 861
33 5 3 4 22 861
33 6 3 1 9 861
33 7 3 4 12 861
33 10 3 2 16 861
33 11 3 4 23 861
33 12 3 5 4 861
33 13 3 5 14 861
33 14 3 6 18 861
33 15 3 6 12 861
33 17 3 4 24 861
33 18 3 1 2 861
33 21 3 2 12 861
33 22 3 2 9 861
33 25 3 6 12 861
33 31 3 6 11 861
33 32 3 1 7 861
33 34 3 3 14 861
33 35 3 1 15 861
33 36 3 2 24 861
33 39 3 3 17 861
33 41 3 6 3 861
33 42 3 1 5 861
33 44 3 4 21 861
33 45 3 3 8 861
33 48 3 3 3 861
33 49 3 2 10 861
33 53 3 4 12 861
33 54 3 1 9 861
33 55 3 4 7 861
33 56 3 1 8 861
33 57 3 6 4 861
33 59 3 6 2 861
33 60 3 1 3 861
33 61 3 2 9 861
33 62 3 2 21 861
33 63 3 2 2 861
33 64 3 2 5 861
33 65 3 1 24 861
33 69 3 1 6 861
33 72 3 1 25 861
33 78 3 5 15 861
33 79 3 4 9 861
33 81 3 4 11 861
33 83 3 5 14 861
33 84 3 5 7 861
33 85 3 1 16 861
33 86 3 5 25 861
33 88 3 2 20 861
33 91 3 4 12 861
33 93 3 1 16 861
33 94 3 5 21 861
33 95 3 4 23 861
33 96 3 4 10 861
33 97 3 3 9 861
33 98 3 2 13 861
34 2 3 6 7 457
34 4 3 5 25 457
34 9 3 6 4 457
34 10 3 2 9 457
34 11 3 4 23 457
34 14 3 6 14 457
34 18 3 1 21 457
34 21 3 2 1 457
34 25 3 6 8 457
34 27 3 5 25 457
34 29 3 6 4 457
34 31 3 6 7 457
34 33 3 3 14 457
34 35 3 1 7 457
34 37 3 1 15 457
34 38 3 4 3 457
34 39 3 3 14 457
34 40 3 3 4 457
34 41 3 6 15 457
34 42 3 1 13 457
34 43 3 6 23 457
34 45 3 3 13 457
34 48 3 3 9 457
34 51 3 1 5 457
34 57 3 6 6 457
34 59 3 6 22 457
34 61 3 2 21 457
34 65 3 1 6 457
34 66 3 5 11 457
34 68 3 6 25 457
34 70 3 6 1 457
34 72 3 1 15 457
34 74 3 6 20 457
34 75 3 5 22 457
34 77 3 6 9 457
34 80 3 5 18 457
34 81 3 4 5 457
34 82 3 2 5 457
34 84 3 5 22 457
34 85 3 1 7 457
34 89 3 4 11 457
34 90 3 1 9 457
34 91 3 4 15 457
34 93 3 1 22 457
34 97 3 3 4 457
34 98 3 2 7 457
35 1 1 4 15 331
35 3 1 4 16 331
35 4 1 5 20 331
35 10 1 2 24 331
35 12 1 5 23 331
35 14 1 6 5 331
35 15 1 6 2 331
35 20 1 5 18 331
35 22 1 2 21 331
35 23 1 3 20 331
35 25 1 6 11 331
35 28 1 3 5 331
35 29 1 6 3 331
35 31 1 6 5 331
35 32 1 1 8 331
35 33 1 3 15 331
35 34 1 3 7 331
35 37 1 1 5 331
35 39 1 3 6 331
35 42 1 1 22 331
35 45 1 3 18 331
35 47 1 3 20 331
35 48 1 3 4 331
35 50 1 6 14 331
35 53 1 4 4 331
35 55 1 4 1 331
35 58 1 3 18 331
35 59 1 6 1 331
35 60 1 1 20 331
35 62 1 2 14 331
35 64 1 2 3 331
35 67 1 4 12 331
35 68 1 6 4 331
35 69 1 1 19 331
35 71 1 5 6 331
35 72 1 1 23 331
35 74 1 6 25 331
35 79 1 4 5 331
35 80 1 5 25 331
35 81 1 4 15 331
35 82 1 2 25 331
35 83 1 5 18 331
35 86 1 5 20 331
35 87 1 2 6 331
35 88 1 2 18 331
35 89 1 4 8 331
35 90 1 1 19 331
35 93 1 1 17 331
35 94 1 5 21 331
35 97 1 3 10 331
35 98 1 2 16 331
36 0 2 1 15 480
36 8 2 2 23 480
36 9 2 6 17 480
36 13 2 5 1 480
36 14 2 6 1 480
36 15 2 6 11 480
36 17 2 4 24 480
36 18 2 1 14 480
36 20 2 5 1 480
36 23 2 3 10 480
36 25 2 6 2 480
36 26 2 1 25 480
36 28 2 3 9 480
36 32 2 1 1 480
36 33 2 3 24 480
36 37 2 1 18 480
36 39 2 3 25 480
36 40 2 3 9 480
36 42 2 1 4 480
36 45 2 3 25 480
36 46 2 6 3 480
36 47 2 3 8 480
36 48 2 3 21 480
36 50 2 6 23 480
36 52 2 6 21 480
36 54 2 1 13 480
36 57 2 6 2 480
36 60 2 1 11 480
36 61 2 2 24 480
36 63 2 2 23 480
36 66 2 5 23 480
36 68 2 6 23 480
36 70 2 6 19 480
36 72 2 1 23 480
36 73 2 4 15 480
36 76 2 3 24 480
36 77 2 6 17 480
36 80 2 5 4 480
36 81 2 4 15 480
36 83 2 5 19 480
36 84 2 5 4 480
36 85 2 1 11 480
36 86 2 5 19 480
36 87 2 2 14 480
36 89 2 4 7 480
36 90 2 1 6 480
36 91 2 4 15 480
36 92 2 2 22 480
36 93 2 1 5 480
36 97 2 3 9 480
36 98 2 2 10 480
37 1 1 4 25 384
37 2 1 6 19 384
37 6 1 1 24 384
37 8 1 2 10 384
37 9 1 6 1 384
37 10 1 2 19 384
37 11 1 4 5 384
37 12 1 5 2 384
37 14 1 6 7 384
37 15 1 6 18 384
37 20 1 5 7 384
37 23 1 3 3 384
37 25 1 6 1 384
37 26 1 1 13 384
37 28 1 3 7 384
37 29 1 6 24 384
37 31 1 6 22 384
37 34 1 3 15 384
37 35 1 1 5 384
37 36 1 2 18 384
37 38 1 4 4 384
37 42 1 1 13 384
37 43 1 6 14 384
37 45 1 3 19 384
37 46 1 6 21 384
37 50 1 6 15 384
37 51 1 1 10 384
37 52 1 6 21 384
37 54 1 1 12 384
37 55 1 4 13 384
37 58 1 3 2 384
37 60 1 1 10 384
37 62 1 2 17 384
37 63 1 2 5 384
37 65 1 1 22 384
37 66 1 5 7 384
37 67 1 4 3 384
37 70 1 6 8 384
37 71 1 5 18 384
37 76 1 3 18 384
37 77 1 6 9 384
37 78 1 5 7 384
37 79 1 4 13 384
37 80 1 5 5 384
37 82 1 2 24 384
37 83 1 5 23 384
37 86 1 5 16 384
37 87 1 2 20 384
37 90 1 1 20 384
37 93 1 1 22 384
37 94 1 5 23 384
37 96 1 4 4 384
37 99 1 3 1 384
38 0 4 1 22 213
38 3 4 4 10 213
38 4 4 5 15 213
38 5 4 4 20 213
38 8 4 2 2 213
38 9 4 6 19 213
38 11 4 4 25 213
38 13 4 5 5 213
38 15 4 6 12 213
38 18 4 1 3 213
38 20 4 5 22 213
38 22 4 2 22 213
38 23 4 3 19 213
38 27 4 5 16 213
38 29 4 6 19 213
38 31 4 6 25 213
38 32 4 1 3 213
38 34 4 3 3 213
38 37 4 1 4 213
38 41 4 6 23 213
38 42 4 1 12 213
38 43 4 6 20 213
38 44 4 4 4 213
38 45 4 3 12 213
38 47 4 3 6 213
38 48 4 3 23 213
38 49 4 2 1 213
38 52 4 6 6 213
38 54 4 1 17 213
38 55 4 4 6 213
38 56 4 1 24 213
38 57 4 6 7 213
38 58 4 3 6 213
38 59 4 6 5 213
38 60 4 1 21 213
38 63 4 2 17 213
38 65 4 1 7 213
38 67 4 4 24 213
38 68 4 6 1 213
38 69 4 1 10 213
38 71 4 5 14 213
38 72 4 1 11 213
38 77 4 6 23 213
38 78 4 5 3 213
38 81 4 4 10 213
38 82 4 2 8 213
38 83 4 5 18 213
38 86 4 5 18 213
38 87 4 2 20 213
38 90 4 1 9 213
38 92 4 2 23 213
38 94 4 5 20 213
38 96 4 4 24 213
38 97 4 3 5 213
38 98 4 2 18 213
38 99 4 3 7 213
39 0 3 1 19 285
39 2 3 6 10 285
39 4 3 5 23 285
39 5 3 4 5 285
39 6 3 1 14 285
39 9 3 6 18 285
39 10 3 2 9 285
39 14 3 6 1 285
39 15 3 6 4 285
39 16 3 6 5 285
39 19 3 5 18 285
39 20 3 5 4 285
39 21 3 2 25 285
39 22 3 2 24 285
39 23 3 3 25 285
39 24 3 6 11 285
39 25 3 6 14 285
39 29 3 6 15 285
39 30 3 6 19 285
39 31 3 6 5 285
39 32 3 1 11 285
39 33 3 3 17 285
39 34 3 3 14 285
39 35 3 1 6 285
39 36 3 2 25 285
39 40 3 3 20 285
39 41 3 6 4 285
39 42 3 1 2 285
39 43 3 6 12 285
39 44 3 4 1 285
39 45 3 3 17 285
39 49 3 2 20 285
39 50 3 6 24 285
39 53 3 4 5 285
39 55 3 4 12 285
39 56 3 1 19 285
39 60 3 1 5 285
39 64 3 2 24 285
39 66 3 5 24 285
39 68 3 6 5 285
39 70 3 6 8 285
39 71 3 5 22 285
39 80 3 5 20 285
39 81 3 4 16 285
39 82 3 2 5 285
39 83 3 5 12 285
39 85 3 1 9 285
39 89 3 4 1 285
39 90 3 1 21 285
39 91 3 4 1 285
39 93 3 1 12 285
39 94 3 5 24 285
39 95 3 4 12 285
39 96 3 4 25 285
39 97 3 3 10 285
39 99 3 3 23 285
40 0 3 1 10 625
40 2 3 6 11 625
40 4 3 5 10 625
40 5 3 4 18 625
40 7 3 4 23 625
40 8 3 2 10 625
40 11 3 4 3 625
40 13 3 5 24 625
40 18 3 1 14 625
40 19 3 5 12 625
40 21 3 2 25 625
40 24 3 6 10 625
40 27 3 5 4 625
40 28 3 3 11 625
40 29 3 6 11 625
40 30 3 6 14 625
40 34 3 3 4 625
40 36 3 2 9 625
40 39 3 3 20 625
40 41 3 6 6 625
40 43 3 6 17 625
40 46 3 6 13 625
40 50 3 6 4 625
40 55 3 4 25 625
40 56 3 1 1 625
40 57 3 6 3 625
40 59 3 6 17 625
40 62 3 2 22 625
40 63 3 2 15 625
40 64 3 2 9 625
40 66 3 5 3 625
40 68 3 6 23 625
40 69 3 1 17 625
40 70 3 6 6 625
40 73 3 4 12 625
40 74 3 6 3 625
40 76 3 3 5 625
40 78 3 5 1 625
40 82 3 2 18 625
40 83 3 5 11 625
40 84 3 5 22 625
40 85 3 1 12 625
40 86 3 5 1 625
40 87 3 2 13 625
40 88 3 2 12 625
40 90 3 1 15 625
40 92 3 2 18 625
40 94 3 5 13 625
40 95 3 4 25 625
40 96 3 4 18 625
40 97 3 3 19 625
40 98 3 2 1 625
40 99 3 3 6 625
41 0 6 1 9 698
41 1 6 4 1 698
41 2 6 6 4 698
41 3 6 4 14 698
41 4 6 5 13 698
41 6 6 1 11 698
41 7 6 4 24 698
41 8 6 2 4 698
41 10 6 2 18 698
41 12 6 5 11 698
41 14 6 6 16 698
41 18 6 1 16 698
41 21 6 2 8 698
41 23 6 3 10 698
41 32 6 1 7 698
41 33 6 3 3 698
41 34 6 3 15 698
41 38 6 4 23 698
41 39 6 3 4 698
41 40 6 3 6 698
41 42 6 1 13 698
41 43 6 6 25 698
41 45 6 3 6 698
41 47 6 3 6 698
41 48 6 3 5 698
41 49 6 2 16 698
41 50 6 6 7 698
41 51 6 1 12 698
41 52 6 6 12 698
41 54 6 1 11 698
41 57 6 6 24 698
41 60 6 1 23 698
41 62 6 2 5 698
41 63 6 2 7 698
41 64 6 2 25 698
41 67 6 4 3 698
41 69 6 1 3 698
41 72 6 1 10 698
41 74 6 6 20 698
41 76 6 3 16 698
41 78 6 5 19 698
41 80 6 5 15 698
41 84 6 5 7 698
41 85 6 1 7 698
41 86 6 5 6 698
41 90 6 1 14 698
41 91 6 4 13 698
41 92 6 2 1 698
41 96 6 4 19 698
41 98 6 2 16 698
41 99 6 3 6 698
42 1 1 4 25 105
42 5 1 4 21 105
42 6 1 1 7 105
42 8 1 2 7 105
42 11 1 4 17 105
42 12 1 5 17 105
42 14 1 6 16 105
42 16 1 6 11 105
42 17 1 4 10 105
42 18 1 1 4 105
42 19 1 5 20 105
42 20 1 5 22 105
42 22 1 2 25 105
42 23 1 3 14 105
42 24 1 6 24 105
42 25 1 6 10 105
42 27 1 5 18 105
42 31 1 6 16 105
42 33 1 3 5 105
42 34 1 3 13 105
42 35 1 1 22 105
42 36 1 2 4 105
42 37 1 1 13 105
42 38 1 4 12 105
42 39 1 3 2 105
42 41 1 6 13 105
42 43 1 6 4 105
42 45 1 3 8 105
42 46 1 6 19 105
42 55 1 4 21 105
42 56 1 1 20 105
42 57 1 6 1 105
42 58 1 3 9 105
42 59 1 6 20 105
42 62 1 2 23 105
42 67 1 4 5 105
42 68 1 6 25 105
42 70 1 6 11 105
42 72 1 1 1 105
42 77 1 6 19 105
42 78 1 5 8 105
42 80 1 5 15 105
42 81 1 4 4 105
42 84 1 5 21 105
42 85 1 1 25 105
42 86 1 5 2 105
42 88 1 2 17 105
42 89 1 4 19 105
42 90 1 1 20 105
42 92 1 2 18 105
42 97 1 3 18 105
43 1 6 4 9 927
43 3 6 4 3 927
43 5 6 4 25 927
43 7 6 4 2 927
43 10 6 2 14 927
43 12 6 5 6 927
43 13 6 5 20 927
43 16 6 6 21 927
43 18 6 1 14 927
43 21 6 2 18 927
43 22 6 2 17 927
43 23 6 3 5 927
43 25 6 6 8 927
43 26 6 1 8 927
43 27 6 5 6 927
43 28 6 3 23 927
43 30 6 6 24 927
43 32 6 1 3 927
43 34 6 3 23 927
43 37 6 1 14 927
43 38 6 4 20 927
43 39 6 3 12 927
43 40 6 3 17 927
43 41 6 6 25 927
43 42 6 1 4 927
43 50 6 6 24 927
43 54 6 1 9 927
43 57 6 6 7 927
43 58 6 3 1 927
43 59 6 6 25 927
43 68 6 6 17 927
43 69 6 1 12 927
43 70 6 6 7 927
43 71 6 5 13 927
43 72 6 1 4 927
43 74 6 6 3 927
43 76 6 3 9 927
43 78 6 5 19 927
43 80 6 5 15 927
43 81 6 4 13 927
43 82 6 2 21 927
43 86 6 5 18 927
43 87 6 2 12 927
43 88 6 2 22 927
43 89 6 4 9 927
43 91 6 4 1 927
43 92 6 2 3 927
43 94 6 5 9 927
43 97 6 3 7 927
43 98 6 2 1 927
44 0 4 1 9 545
44 1 4 4 14 545
44 4 4 5 7 545
44 8 4 2 10 545
44 9 4 6 5 545
44 11 4 4 16 545
44 12 4 5 14 545
44 13 4 5 21 545
44 14 4 6 19 545
44 18 4 1 24 545
44 20 4 5 5 545
44 22 4 2 9 545
44 23 4 3 7 545
44 24 4 6 4 545
44 26 4 1 12 545
44 27 4 5 2 545
44 28 4 3 10 545
44 29 4 6 9 545
44 30 4 6 1 545
44 33 4 3 21 545
44 38 4 4 4 545
44 39 4 3 1 545
44 46 4 6 6 545
44 47 4 3 21 545
44 50 4 6 16 545
44 51 4 1 22 545
44 54 4 1 23 545
44 55 4 4 18 545
44 56 4 1 15 545
44 61 4 2 1 545
44 62 4 2 5 545
44 63 4 2 22 545
44 65 4 1 6 545
44 66 4 5 16 545
44 68 4 6 12 545
44 69 4 1 19 545
44 71 4 5 10 545
44 74 4 6 2 545
44 77 4 6 24 545
44 78 4 5 11 545
44 79 4 4 7 545
44 82 4 2 8 545
44 84 4 5 22 545
44 86 4 5 19 545
44 87 4 2 20 545
44 88 4 2 20 545
44 89 4 4 2 545
44 90 4 1 18 545
44 92 4 2 25 545
44 93 4 1 7 545
44 99 4 3 24 545
45 0 3 1 12 837
45 2 3 6 15 837
45 4 3 5 15 837
45 6 3 1 23 837
45 8 3 2 11 837
45 11 3 4 10 837
45 15 3 6 14 837
45 16 3 6 12 837
45 23 3 3 13 837
45 24 3 6 21 837
45 25 3 6 12 837
45 27 3 5 24 837
45 28 3 3 21 837
45 29 3 6 10 837
45 32 3 1 6 837
45 33 3 3 8 837
45 34 3 3 13 837
45 35 3 1 18 837
45 36 3 2 25 837
45 37 3 1 19 837
45 38 3 4 12 837
45 39 3 3 17 837
45 41 3 6 6 837
45 42 3 1 8 837
45 47 3 3 16 837
45 49 3 2 25 837
45 50 3 6 21 837
45 51 3 1 9 837
45 55 3 4 22 837
45 57 3 6 25 837
45 59 3 6 2 837
45 65 3 1 5 837
45 67 3 4 3 837
45 68 3 6 6 837
45 72 3 1 22 837
45 73 3 4 8 837
45 74 3 6 15 837
45 75 3 5 23 837
45 76 3 3 17 837
45 78 3 5 3 837
45 80 3 5 22 837
45 81 3 4 15 837
45 86 3 5 1 837
45 87 3 2 23 837
45 88 3 2 6 837
45 89 3 4 3 837
45 92 3 2 23 837
45 93 3 1 9 837
45 94 3 5 14 837
45 95 3 4 12 837
45 97 3 3 3 837
45 98 3 2 25 837
45 99 3 3 1 837
46 0 6 1 9 628
46 1 6 4 9 628
46 6 6 1 24 628
46 7 6 4 18 628
46 11 6 4 16 628
46 14 6 6 14 628
46 18 6 1 13 628
46 19 6 5 23 628
46 22 6 2 18 628
46 23 6 3 12 628
46 31 6 6 18 628
46 36 6 2 3 628
46 37 6 1 21 628
46 40 6 3 13 628
46 42 6 1 19 628
46 44 6 4 6 628
46 48 6 3 22 628
46 49 6 2 25 628
46 50 6 6 22 628
46 52 6 6 10 628
46 53 6 4 15 628
46 55 6 4 7 628
46 59 6 6 23 628
46 60 6 1 15 628
46 62 6 2 15 628
46 64 6 2 18 628
46 65 6 1 1 628
46 67 6 4 21 628
46 68 6 6 11 628
46 70 6 6 12 628
46 76 6 3 12 628
46 78 6 5 22 628
46 81 6 4 14 628
46 82 6 2 23 628
46 83 6 5 12 628
46 85 6 1 23 628
46 86 6 5 2 628
46 88 6 2 24 628
46 89 6 4 20 628
46 92 6 2 14 628
46 94 6 5 4 628
46 95 6 4 10 628
46 96 6 4 24 628
47 0 3 1 19 248
47 4 3 5 3 248
47 5 3 4 7 248
47 6 3 1 10 248
47 9 3 6 23 248
47 10 3 2 21 248
47 11 3 4 17 248
47 14 3 6 8 248
47 15 3 6 25 248
47 18 3 1 14 248
47 20 3 5 11 248
47 21 3 2 10 248
47 22 3 2 10 248
47 23 3 3 15 248
47 24 3 6 20 248
47 25 3 6 18 248
47 26 3 1 9 248
47 27 3 5 22 248
47 28 3 3 17 248
47 29 3 6 15 248
47 35 3 1 20 248
47 36 3 2 8 248
47 38 3 4 6 248
47 41 3 6 6 248
47 44 3 4 21 248
47 45 3 3 16 248
47 51 3 1 17 248
47 53 3 4 15 248
47 54 3 1 21 248
47 56 3 1 15 248
47 60 3 1 14 248
47 61 3 2 16 248
47 62 3 2 19 248
47 64 3 2 3 248
47 65 3 1 2 248
47 66 3 5 14 248
47 68 3 6 22 248
47 69 3 1 22 248
47 70 3 6 6 248
47 71 3 5 12 248
47 72 3 1 13 248
47 75 3 5 25 248
47 77 3 6 16 248
47 78 3 5 21 248
47 81 3 4 19 248
47 83 3 5 2 248
47 86 3 5 1 248
47 97 3 3 18 248
47 98 3 2 5 248
48 1 3 4 16 663
48 4 3 5 4 663
48 11 3 4 17 663
48 14 3 6 1 663
48 22 3 2 5 663
48 23 3 3 17 663
48 24 3 6 2 663
48 25 3 6 21 663
48 26 3 1 6 663
48 27 3 5 15 663
48 29 3 6 6 663
48 31 3 6 3 663
48 33 3 3 3 663
48 34 3 3 9 663
48 35 3 1 4 663
48 36 3 2 21 663
48 38 3 4 23 663
48 41 3 6 5 663
48 46 3 6 22 663
48 50 3 6 18 663
48 51 3 1 19 663
48 53 3 4 9 663
48 54 3 1 2 663
48 55 3 4 20 663
48 56 3 1 14 663
48 60 3 1 24 663
48 62 3 2 5 663
48 66 3 5 13 663
48 68 3 6 25 663
48 69 3 1 21 663
48 77 3 6 21 663
48 78 3 5 12 663
48 82 3 2 19 663
48 84 3 5 3 663
48 85 3 1 16 663
48 87 3 2 14 663
48 88 3 2 3 663
48 91 3 4 5 663
48 94 3 5 19 663
48 98 3 2 18 663
48 99 3 3 25 663
49 0 2 1 2 836
49 1 2 4 18 836
49 2 2 6 23 836
49 5 2 4 13 836
49 6 2 1 9 836
49 9 2 6 20 836
49 10 2 2 24 836
49 11 2 4 11 836
49 14 2 6 13 836
49 21 2 2 5 836
49 22 2 2 5 836
49 27 2 5 25 836
49 28 2 3 19 836
49 29 2 6 5 836
49 32 2 1 10 836
49 33 2 3 10 836
49 38 2 4 1 836
49 39 2 3 20 836
49 41 2 6 16 836
49 45 2 3 25 836
49 46 2 6 25 836
49 50 2 6 1 836
49 52 2 6 20 836
49 53 2 4 23 836
49 54 2 1 25 836
49 55 2 4 21 836
49 57 2 6 15 836
49 59 2 6 8 836
49 60 2 1 16 836
49 61 2 2 20 836
49 62 2 2 17 836
49 63 2 2 1 836
49 65 2 1 12 836
49 70 2 6 17 836
49 78 2 5 6 836
49 79 2 4 8 836
49 81 2 4 13 836
49 84 2 5 22 836
49 85 2 1 4 836
49 86 2 5 16 836
49 87 2 2 10 836
49 89 2 4 1 836
49 91 2 4 23 836
49 92 2 2 13 836
49 99 2 3 3 836
50 2 6 6 17 320
50 4 6 5 15 320
50 5 6 4 6 320
50 7 6 4 14 320
50 12 6 5 21 320
50 13 6 5 23 320
50 15 6 6 21 320
50 17 6 4 2 320
50 20 6 5 1 320
50 21 6 2 24 320
50 22 6 2 9 320
50 24 6 6 14 320
50 25 6 6 2 320
50 28 6 3 1 320
50 31 6 6 18 320
50 32 6 1 1 320
50 35 6 1 14 320
50 36 6 2 23 320
50 37 6 1 15 320
50 39 6 3 24 320
50 40 6 3 4 320
50 41 6 6 7 320
50 43 6 6 24 320
50 44 6 4 16 320
50 45 6 3 21 320
50 46 6 6 22 320
50 48 6 3 18 320
50 49 6 2 1 320
50 54 6 1 20 320
50 58 6 3 8 320
50 61 6 2 7 320
50 65 6 1 17 320
50 67 6 4 16 320
50 69 6 1 2 320
50 74 6 6 3 320
50 76 6 3 17 320
50 77 6 6 3 320
50 80 6 5 23 320
50 84 6 5 25 320
50 85 6 1 25 320
50 86 6 5 19 320
50 89 6 4 1 320
50 94 6 5 18 320
50 97 6 3 9 320
50 98 6 2 7 320
51 2 1 6 15 424
51 3 1 4 24 424
51 7 1 4 20 424
51 8 1 2 14 424
51 9 1 6 1 424
51 10 1 2 12 424
51 16 1 6 15 424
51 17 1 4 4 424
51 18 1 1 19 424
51 20 1 5 4 424
51 21 1 2 6 424
51 27 1 5 22 424
51 28 1 3 9 424
51 29 1 6 2 424
51 31 1 6 23 424
51 32 1 1 21 424
51 34 1 3 5 424
51 37 1 1 10 424
51 41 1 6 12 424
51 44 1 4 22 424
51 45 1 3 9 424
51 47 1 3 17 424
51 48 1 3 19 424
51 53 1 4 18 424
51 54 1 1 1 424
51 59 1 6 21 424
51 60 1 1 24 424
51 64 1 2 12 424
51 65 1 1 1 424
51 67 1 4 1 424
51 70 1 6 12 424
51 71 1 5 22 424
51 76 1 3 23 424
51 77 1 6 24 424
51 78 1 5 2 424
51 79 1 4 13 424
51 81 1 4 11 424
51 82 1 2 7 424
51 83 1 5 11 424
51 85 1 1 25 424
51 88 1 2 6 424
51 90 1 1 22 424
51 92 1 2 19 424
51 96 1 4 13 424
52 0 6 1 18 599
52 2 6 6 19 599
52 3 6 4 15 599
52 5 6 4 6 599
52 9 6 6 9 599
52 10 6 2 1 599
52 17 6 4 12 599
52 18 6 1 7 599
52 20 6 5 4 599
52 26 6 1 13 599
52 27 6 5 17 599
52 30 6 6 14 599
52 36 6 2 21 599
52 37 6 1 21 599
52 38 6 4 6 599
52 41 6 6 12 599
52 46 6 6 10 599
52 49 6 2 20 599
52 56 6 1 5 599
52 59 6 6 11 599
52 60 6 1 25 599
52 61 6 2 12 599
52 63 6 2 4 599
52 64 6 2 9 599
52 65 6 1 25 599
52 67 6 4 23 599
52 71 6 5 4 599
52 72 6 1 6 599
52 73 6 4 2 599
52 74 6 6 18 599
52 75 6 5 10 599
52 77 6 6 20 599
52 80 6 5 19 599
52 85 6 1 6 599
52 86 6 5 21 599
52 87 6 2 14 599
52 88 6 2 2 599
52 89 6 4 22 599
52 95 6 4 5 599
52 97 6 3 16 599
52 98 6 2 1 599
53 1 4 4 7 621
53 2 4 6 5 621
53 3 4 4 11 621
53 5 4 4 9 621
53 6 4 1 3 621
53 7 4 4 12 621
53 13 4 5 6 621
53 14 4 6 12 621
53 16 4 6 3 621
53 20 4 5 22 621
53 23 4 3 16 621
53 24 4 6 14 621
53 25 4 6 17 621
53 28 4 3 18 621
53 31 4 6 13 621
53 32 4 1 5 621
53 33 4 3 12 621
53 35 4 1 4 621
53 39 4 3 5 621
53 46 4 6 15 621
53 47 4 3 15 621
53 48 4 3 9 621
53 49 4 2 23 621
53 51 4 1 18 621
53 56 4 1 7 621
53 57 4 6 20 621
53 58 4 3 4 621
53 59 4 6 20 621
53 68 4 6 18 621
53 69 4 1 12 621
53 76 4 3 4 621
53 82 4 2 8 621
53 84 4 5 17 621
53 86 4 5 1 621
53 87 4 2 8 621
53 89 4 4 3 621
53 90 4 1 2 621
53 91 4 4 9 621
53 94 4 5 4 621
53 96 4 4 9 621
54 0 1 1 23 679
54 1 1 4 5 679
54 4 1 5 16 679
54 5 1 4 18 679
54 7 1 4 17 679
54 10 1 2 24 679
54 12 1 5 24 679
54 13 1 5 17 679
54 16 1 6 2 679
54 18 1 1 24 679
54 19 1 5 9 679
54 20 1 5 19 679
54 21 1 2 22 679
54 23 1 3 20 679
54 25 1 6 11 679
54 26 1 1 22 679
54 27 1 5 14 679
54 29 1 6 2 679
54 30 1 6 18 679
54 32 1 1 7 679
54 33 1 3 9 679
54 36 1 2 13 679
54 37 1 1 12 679
54 38 1 4 17 679
54 41 1 6 11 679
54 43 1 6 9 679
54 44 1 4 23 679
54 47 1 3 21 679
54 48 1 3 2 679
54 49 1 2 25 679
54 50 1 6 20 679
54 51 1 1 1 679
54 55 1 4 4 679
54 57 1 6 24 679
54 59 1 6 18 679
54 62 1 2 16 679
54 63 1 2 12 679
54 65 1 1 11 679
54 66 1 5 24 679
54 69 1 1 6 679
54 72 1 1 13 679
54 77 1 6 11 679
54 79 1 4 12 679
54 81 1 4 3 679
54 83 1 5 18 679
54 84 1 5 8 679
54 88 1 2 5 679
54 91 1 4 4 679
54 92 1 2 19 679
54 95 1 4 18 679
54 96 1 4 23 679
54 98 1 2 16 679
54 99 1 3 21 679
55 0 4 1 2 473
55 1 4 4 14 473
55 4 4 5 12 473
55 5 4 4 8 473
55 6 4 1 3 473
55 8 4 2 21 473
55 11 4 4 2 473
55 16 4 6 15 473
55 21 4 2 25 473
55 22 4 2 19 473
55 24 4 6 19 473
55 26 4 1 6 473
55 27 4 5 7 473
55 28 4 3 25 473
55 29 4 6 17 473
55 31 4 6 19 473
55 33 4 3 7 473
55 35 4 1 1 473
55 37 4 1 13 473
55 38 4 4 6 473
55 39 4 3 12 473
55 40 4 3 25 473
55 42 4 1 21 473
55 44 4 4 18 473
55 45 4 3 22 473
55 46 4 6 7 473
55 48 4 3 20 473
55 49 4 2 21 473
55 54 4 1 4 473
55 56 4 1 10 473
55 60 4 1 23 473
55 65 4 1 15 473
55 71 4 5 12 473
55 75 4 5 17 473
55 77 4 6 17 473
55 79 4 4 18 473
55 81 4 4 22 473
55 84 4 5 3 473
55 85 4 1 7 473
55 86 4 5 12 473
55 89 4 4 14 473
55 91 4 4 21 473
55 92 4 2 10 473
55 93 4 1 10 473
55 95 4 4 7 473
55 98 4 2 10 473
56 2 1 6 4 478
56 8 1 2 19 478
56 10 1 2 15 478
56 14 1 6 25 478
56 16 1 6 10 478
56 20 1 5 2 478
56 22 1 2 8 478
56 23 1 3 19 478
56 24 1 6 11 478
56 28 1 3 12 478
56 30 1 6 5 478
56 32 1 1 11 478
56 33 1 3 8 478
56 38 1 4 24 478
56 39 1 3 19 478
56 40 1 3 1 478
56 42 1 1 20 478
56 44 1 4 15 478
56 47 1 3 15 478
56 48 1 3 14 478
56 52 1 6 5 478
56 53 1 4 7 478
56 55 1 4 10 478
56 57 1 6 18 478
56 58 1 3 6 478
56 62 1 2 16 478
56 66 1 5 13 478
56 67 1 4 24 478
56 68 1 6 7 478
56 69 1 1 5 478
56 70 1 6 8 478
56 71 1 5 16 478
56 74 1 6 20 478
56 76 1 3 7 478
56 77 1 6 13 478
56 78 1 5 18 478
56 80 1 5 22 478
56 81 1 4 19 478
56 82 1 2 4 478
56 83 1 5 4 478
56 84 1 5 7 478
56 86 1 5 19 478
56 88 1 2 17 478
56 89 1 4 19 478
56 91 1 4 12 478
56 92 1 2 20 478
56 93 1 1 2 478
56 95 1 4 14 478
56 96 1 4 3 478
57 0 6 1 3 113
57 2 6 6 25 113
57 5 6 4 10 113
57 7 6 4 12 113
57 8 6 2 10 113
57 9 6 6 1 113
57 10 6 2 23 113
57 17 6 4 18 113
57 18 6 1 17 113
57 19 6 5 10 113
57 25 6 6 18 113
57 27 6 5 19 113
57 28 6 3 19 113
57 29 6 6 25 113
57 33 6 3 4 113
57 34 6 3 6 113
57 36 6 2 2 113
57 38 6 4 7 113
57 40 6 3 3 113
57 41 6 6 24 113
57 42 6 1 1 113
57 43 6 6 7 113
57 45 6 3 25 113
57 49 6 2 15 113
57 53 6 4 20 113
57 54 6 1 24 113
57 56 6 1 18 113
57 59 6 6 25 113
57 60 6 1 9 113
57 62 6 2 2 113
57 63 6 2 11 113
57 64 6 2 7 113
57 65 6 1 20 113
57 66 6 5 10 113
57 68 6 6 17 113
57 71 6 5 20 113
57 72 6 1 24 113
57 75 6 5 19 113
57 80 6 5 12 113
57 81 6 4 7 113
57 83 6 5 3 113
57 85 6 1 14 113
57 90 6 1 25 113
57 91 6 4 13 113
57 92 6 2 7 113
57 93 6 1 20 113
57 97 6 3 1 113
57 98 6 2 11 113
57 99 6 3 21 113
58 1 3 4 3 106
58 2 3 6 1 106
58 4 3 5 3 106
58 5 3 4 9 106
58 7 3 4 17 106
58 8 3 2 19 106
58 11 3 4 25 106
58 14 3 6 21 106
58 15 3 6 2 106
58 19 3 5 22 106
58 20 3 5 18 106
58 22 3 2 18 106
58 25 3 6 16 106
58 26 3 1 7 106
58 27 3 5 13 106
58 30 3 6 16 106
58 35 3 1 18 106
58 37 3 1 2 106
58 38 3 4 6 106
58 42 3 1 9 106
58 43 3 6 1 106
58 50 3 6 8 106
58 53 3 4 4 106
58 56 3 1 6 106
58 62 3 2 3 106
58 63 3 2 4 106
58 65 3 1 10 106
58 70 3 6 2 106
58 72 3 1 1 106
58 73 3 4 8 106
58 76 3 3 8 106
58 82 3 2 13 106
58 85 3 1 25 106
58 87 3 2 3 106
58 88 3 2 5 106
58 90 3 1 21 106
58 91 3 4 24 106
58 93 3 1 11 106
58 94 3 5 8 106
58 96 3 4 6 106
58 97 3 3 23 106
58 98 3 2 21 106
59 0 6 1 24 88
59 1 6 4 23 88
59 3 6 4 6 88
59 5 6 4 12 88
59 6 6 1 17 88
59 8 6 2 6 88
59 12 6 5 3 88
59 18 6 1 1 88
59 21 6 2 3 88
59 23 6 3 2 88
59 25 6 6 9 88
59 27 6 5 19 88
59 30 6 6 23 88
59 31 6 6 8 88
59 33 6 3 2 88
59 34 6 3 22 88
59 35 6 1 1 88
59 38 6 4 5 88
59 40 6 3 17 88
59 42 6 1 20 88
59 43 6 6 25 88
59 45 6 3 2 88
59 46 6 6 23 88
59 49 6 2 8 88
59 51 6 1 21 88
59 52 6 6 11 88
59 53 6 4 20 88
59 54 6 1 18 88
59 57 6 6 25 88
59 60 6 1 21 88
59 70 6 6 24 88
59 73 6 4 15 88
59 74 6 6 5 88
59 75 6 5 20 88
59 76 6 3 2 88
59 78 6 5 22 88
59 83 6 5 3 88
59 87 6 2 3 88
59 90 6 1 16 88
59 91 6 4 17 88
59 92 6 2 23 88
59 93 6 1 4 88
59 95 6 4 13 88
59 96 6 4 19 88
59 97 6 3 3 88
59 98 6 2 2 88
59 99 6 3 23 88
60 0 1 1 2 120
60 6 1 1 14 120
60 7 1 4 12 120
60 8 1 2 19 120
60 9 1 6 5 120
60 12 1 5 15 120
60 16 1 6 23 120
60 17 1 4 2 120
60 19 1 5 21 120
60 20 1 5 1 120
60 22 1 2 17 120
60 23 1 3 22 120
60 25 1 6 22 120
60 27 1 5 17 120
60 28 1 3 3 120
60 29 1 6 13 120
60 31 1 6 11 120
60 32 1 1 25 120
60 33 1 3 3 120
60 35 1 1 20 120
60 36 1 2 11 120
60 37 1 1 10 120
60 38 1 4 21 120
60 39 1 3 5 120
60 41 1 6 23 120
60 46 1 6 15 120
60 47 1 3 14 120
60 48 1 3 24 120
60 49 1 2 16 120
60 51 1 1 24 120
60 52 1 6 25 120
60 55 1 4 23 120
60 57 1 6 9 120
60 59 1 6 21 120
60 65 1 1 22 120
60 66 1 5 19 120
60 67 1 4 1 120
60 70 1 6 11 120
60 71 1 5 20 120
60 72 1 1 20 120
60 74 1 6 24 120
60 75 1 5 4 120
60 76 1 3 6 120
60 77 1 6 17 120
60 79 1 4 23 120
60 80 1 5 18 120
60 83 1 5 25 120
60 84 1 5 25 120
60 86 1 5 8 120
60 87 1 2 5 120
60 91 1 4 9 120
60 92 1 2 6 120
60 93 1 1 10 120
60 94 1 5 14 120
60 95 1 4 18 120
60 96 1 4 6 120
60 97 1 3 18 120
60 99 1 3 14 120
61 0 2 1 14 819
61 2 2 6 21 819
61 4 2 5 22 819
61 5 2 4 2 819
61 6 2 1 5 819
61 7 2 4 14 819
61 11 2 4 25 819
61 12 2 5 11 819
61 13 2 5 13 819
61 14 2 6 13 819
61 15 2 6 24 819
61 16 2 6 2 819
61 17 2 4 8 819
61 22 2 2 23 819
61 28 2 3 11 819
61 31 2 6 18 819
61 33 2 3 9 819
61 34 2 3 21 819
61 36 2 2 24 819
61 44 2 4 1 819
61 47 2 3 16 819
61 49 2 2 20 819
61 50 2 6 7 819
61 52 2 6 12 819
61 63 2 2 7 819
61 64 2 2 15 819
61 69 2 1 5 819
61 70 2 6 8 819
61 71 2 5 18 819
61 72 2 1 4 819
61 75 2 5 1 819
61 76 2 3 25 819
61 79 2 4 3 819
61 82 2 2 20 819
61 84 2 5 7 819
61 86 2 5 3 819
61 90 2 1 21 819
61 92 2 2 17 819
61 94 2 5 4 819
61 95 2 4 9 819
61 96 2 4 5 819
61 97 2 3 23 819
62 2 2 6 3 407
62 6 2 1 13 407
62 7 2 4 7 407
62 9 2 6 7 407
62 10 2 2 16 407
62 11 2 4 1 407
62 12 2 5 11 407
62 13 2 5 21 407
62 14 2 6 24 407
62 17 2 4 11 407
62 18 2 1 17 407
62 21 2 2 11 407
62 25 2 6 22 407
62 26 2 1 4 407
62 28 2 3 20 407
62 29 2 6 22 407
62 31 2 6 7 407
62 33 2 3 21 407
62 35 2 1 14 407
62 37 2 1 17 407
62 40 2 3 22 407
62 41 2 6 5 407
62 42 2 1 23 407
62 44 2 4 5 407
62 46 2 6 15 407
62 47 2 3 19 407
62 48 2 3 5 407
62 49 2 2 17 407
62 54 2 1 16 407
62 56 2 1 16 407
62 57 2 6 2 407
62 58 2 3 3 407
62 65 2 1 12 407
62 66 2 5 25 407
62 71 2 5 9 407
62 73 2 4 8 407
62 74 2 6 10 407
62 75 2 5 14 407
62 76 2 3 10 407
62 77 2 6 9 407
62 79 2 4 3 407
62 81 2 4 5 407
62 82 2 2 9 407
62 85 2 1 20 407
62 86 2 5 7 407
62 88 2 2 21 407
62 90 2 1 22 407
62 91 2 4 10 407
62 96 2 4 12 407
62 99 2 3 3 407
63 0 2 1 20 156
63 1 2 4 11 156
63 2 2 6 4 156
63 6 2 1 3 156
63 7 2 4 17 156
63 8 2 2 22 156
63 9 2 6 5 156
63 11 2 4 17 156
63 12 2 5 4 156
63 13 2 5 1 156
63 14 2 6 7 156
63 15 2 6 22 156
63 16 2 6 18 156
63 18 2 1 8 156
63 22 2 2 4 156
63 30 2 6 3 156
63 33 2 3 2 156
63 36 2 2 23 156
63 37 2 1 5 156
63 38 2 4 17 156
63 40 2 3 15 156
63 41 2 6 7 156
63 44 2 4 22 156
63 49 2 2 1 156
63 52 2 6 4 156
63 54 2 1 12 156
63 57 2 6 11 156
63 58 2 3 4 156
63 61 2 2 7 156
63 65 2 1 18 156
63 66 2 5 12 156
63 68 2 6 12 156
63 69 2 1 19 156
63 72 2 1 17 156
63 75 2 5 22 156
63 78 2 5 7 156
63 86 2 5 14 156
63 87 2 2 6 156
63 89 2 4 8 156
63 91 2 4 15 156
63 94 2 5 17 156
63 95 2 4 24 156
63 97 2 3 6 156
63 99 2 3 4 156
64 1 2 4 6 219
64 2 2 6 8 219
64 3 2 4 2 219
64 4 2 5 10 219
64 7 2 4 10 219
64 8 2 2 4 219
64 9 2 6 25 219
64 10 2 2 13 219
64 12 2 5 19 219
64 15 2 6 7 219
64 16 2 6 15 219
64 21 2 2 1 219
64 22 2 2 19 219
64 23 2 3 13 219
64 24 2 6 25 219
64 25 2 6 24 219
64 28 2 3 24 219
64 29 2 6 16 219
64 30 2 6 25 219
64 33 2 3 5 219
64 35 2 1 3 219
64 39 2 3 24 219
64 40 2 3 9 219
64 41 2 6 25 219
64 46 2 6 18 219
64 47 2 3 3 219
64 51 2 1 12 219
64 52 2 6 9 219
64 57 2 6 7 219
64 61 2 2 15 219
64 66 2 5 13 219
64 67 2 4 2 219
64 68 2 6 17 219
64 70 2 6 8 219
64 73 2 4 5 219
64 74 2 6 5 219
64 79 2 4 24 219
64 80 2 5 11 219
64 90 2 1 19 219
64 92 2 2 20 219
64 96 2 4 8 219
64 98 2 2 4 219
64 99 2 3 17 219
65 0 1 1 25 845
65 2 1 6 4 845
65 6 1 1 22 845
65 8 1 2 25 845
65 9 1 6 17 845
65 10 1 2 17 845
65 11 1 4 19 845
65 12 1 5 6 845
65 15 1 6 6 845
65 18 1 1 6 845
65 22 1 2 13 845
65 26 1 1 7 845
65 27 1 5 7 845
65 28 1 3 23 845
65 30 1 6 18 845
65 31 1 6 22 845
65 32 1 1 1 845
65 33 1 3 24 845
65 34 1 3 6 845
65 37 1 1 22 845
65 38 1 4 7 845
65 44 1 4 6 845
65 45 1 3 5 845
65 46 1 6 1 845
65 47 1 3 2 845
65 49 1 2 12 845
65 50 1 6 17 845
65 51 1 1 1 845
65 52 1 6 25 845
65 54 1 1 11 845
65 55 1 4 15 845
65 57 1 6 20 845
65 58 1 3 10 845
65 60 1 1 22 845
65 62 1 2 12 845
65 63 1 2 18 845
65 67 1 4 12 845
65 68 1 6 2 845
65 69 1 1 20 845
65 71 1 5 6 845
65 73 1 4 14 845
65 74 1 6 11 845
65 75 1 5 1 845
65 80 1 5 5 845
65 82 1 2 17 845
65 86 1 5 5 845
65 87 1 2 11 845
65 89 1 4 18 845
65 90 1 1 11 845
65 92 1 2 21 845
65 93 1 1 21 845
65 95 1 4 10 845
65 96 1 4 21 845
65 97 1 3 16 845
65 98 1 2 4 845
65 99 1 3 13 845
66 0 5 1 9 880
66 1 5 4 15 880
66 2 5 6 21 880
66 7 5 4 20 880
66 8 5 2 2 880
66 12 5 5 16 880
66 13 5 5 19 880
66 15 5 6 10 880
66 22 5 2 22 880
66 23 5 3 14 880
66 24 5 6 12 880
66 28 5 3 20 880
66 29 5 6 7 880
66 31 5 6 9 880
66 32 5 1 25 880
66 34 5 3 11 880
66 36 5 2 23 880
66 37 5 1 7 880
66 39 5 3 24 880
66 40 5 3 3 880
66 44 5 4 16 880
66 47 5 3 14 880
66 48 5 3 13 880
66 54 5 1 24 880
66 56 5 1 13 880
66 57 5 6 10 880
66 60 5 1 19 880
66 62 5 2 25 880
66 63 5 2 12 880
66 64 5 2 13 880
66 67 5 4 15 880
66 68 5 6 13 880
66 70 5 6 12 880
66 71 5 5 25 880
66 78 5 5 20 880
66 81 5 4 11 880
66 83 5 5 19 880
66 84 5 5 3 880
66 85 5 1 23 880
66 89 5 4 8 880
66 92 5 2 13 880
66 93 5 1 7 880
66 94 5 5 24 880
66 97 5 3 1 880
67 2 4 6 21 466
67 4 4 5 20 466
67 6 4 1 11 466
67 9 4 6 13 466
67 17 4 4 4 466
67 21 4 2 11 466
67 22 4 2 11 466
67 24 4 6 2 466
67 25 4 6 4 466
67 32 4 1 4 466
67 35 4 1 12 466
67 37 4 1 3 466
67 38 4 4 24 466
67 41 4 6 3 466
67 42 4 1 5 466
67 45 4 3 3 466
67 46 4 6 21 466
67 50 4 6 16 466
67 51 4 1 1 466
67 52 4 6 23 466
67 56 4 1 24 466
67 60 4 1 1 466
67 64 4 2 2 466
67 65 4 1 12 466
67 66 4 5 15 466
67 68 4 6 5 466
67 69 4 1 23 466
67 74 4 6 19 466
67 76 4 3 5 466
67 77 4 6 8 466
67 82 4 2 10 466
67 84 4 5 2 466
67 87 4 2 1 466
67 88 4 2 9 466
67 90 4 1 25 466
67 92 4 2 25 466
67 95 4 4 18 466
67 96 4 4 14 466
67 97 4 3 11 466
67 98 4 2 9 466
67 99 4 3 20 466
68 8 6 2 14 967
68 10 6 2 4 967
68 12 6 5 1 967
68 14 6 6 1 967
68 16 6 6 6 967
68 17 6 4 12 967
68 20 6 5 16 967
68 21 6 2 10 967
68 22 6 2 18 967
68 23 6 3 3 967
68 24 6 6 20 967
68 25 6 6 9 967
68 26 6 1 21 967
68 27 6 5 5 967
68 29 6 6 10 967
68 31 6 6 14 967
68 34 6 3 25 967
68 35 6 1 4 967
68 36 6 2 23 967
68 38 6 4 1 967
68 39 6 3 5 967
68 40 6 3 23 967
68 42 6 1 25 967
68 43 6 6 17 967
68 44 6 4 12 967
68 45 6 3 6 967
68 46 6 6 11 967
68 47 6 3 22 967
68 48 6 3 25 967
68 53 6 4 18 967
68 56 6 1 7 967
68 57 6 6 17 967
68 63 6 2 12 967
68 64 6 2 17 967
68 65 6 1 2 967
68 66 6 5 13 967
68 67 6 4 5 967
68 70 6 6 20 967
68 71 6 5 19 967
68 72 6 1 3 967
68 73 6 4 18 967
68 74 6 6 13 967
68 76 6 3 10 967
68 78 6 5 10 967
68 79 6 4 25 967
68 81 6 4 21 967
68 82 6 2 20 967
68 84 6 5 25 967
68 85 6 1 14 967
68 86 6 5 20 967
68 88 6 2 7 967
68 89 6 4 8 967
68 92 6 2 4 967
68 93 6 1 16 967
68 95 6 4 3 967
68 96 6 4 17 967
68 98 6 2 2 967
68 99 6 3 11 967
69 0 1 1 14 297
69 2 1 6 5 297
69 5 1 4 15 297
69 6 1 1 25 297
69 7 1 4 5 297
69 11 1 4 22 297
69 12 1 5 18 297
69 14 1 6 19 297
69 16 1 6 16 297
69 17 1 4 16 297
69 18 1 1 16 297
69 19 1 5 11 297
69 20 1 5 18 297
69 21 1 2 13 297
69 24 1 6 19 297
69 28 1 3 6 297
69 29 1 6 18 297
69 30 1 6 23 297
69 31 1 6 1 297
69 33 1 3 6 297
69 35 1 1 19 297
69 38 1 4 10 297
69 40 1 3 17 297
69 41 1 6 3 297
69 43 1 6 12 297
69 44 1 4 19 297
69 47 1 3 22 297
69 48 1 3 21 297
69 50 1 6 2 297
69 53 1 4 12 297
69 54 1 1 6 297
69 56 1 1 5 297
69 61 1 2 5 297
69 63 1 2 19 297
69 65 1 1 20 297
69 67 1 4 23 297
69 70 1 6 6 297
69 71 1 5 16 297
69 78 1 5 9 297
69 79 1 4 14 297
69 81 1 4 3 297
69 84 1 5 9 297
69 92 1 2 3 297
69 93 1 1 3 297
70 2 6 6 5 493
70 3 6 4 3 493
70 4 6 5 19 493
70 5 6 4 24 493
70 6 6 1 6 493
70 8 6 2 1 493
70 9 6 6 14 493
70 10 6 2 25 493
70 11 6 4 25 493
70 13 6 5 23 493
70 16 6 6 7 493
70 17 6 4 23 493
70 18 6 1 5 493
70 20 6 5 7 493
70 21 6 2 19 493
70 22 6 2 20 493
70 25 6 6 13 493
70 26 6 1 13 493
70 27 6 5 14 493
70 30 6 6 1 493
70 32 6 1 17 493
70 34 6 3 1 493
70 36 6 2 19 493
70 37 6 1 8 493
70 39 6 3 8 493
70 40 6 3 6 493
70 42 6 1 11 493
70 43 6 6 7 493
70 46 6 6 12 493
70 47 6 3 6 493
70 49 6 2 17 493
70 51 6 1 12 493
70 56 6 1 8 493
70 58 6 3 2 493
70 59 6 6 24 493
70 60 6 1 11 493
70 61 6 2 8 493
70 64 6 2 8 493
70 66 6 5 12 493
70 68 6 6 20 493
70 69 6 1 6 493
70 71 6 5 5 493
70 72 6 1 23 493
70 73 6 4 8 493
70 75 6 5 2 493
70 79 6 4 8 493
70 82 6 2 15 493
70 84 6 5 11 493
70 85 6 1 11 493
70 86 6 5 18 493
70 87 6 2 18 493
70 91 6 4 2 493
70 94 6 5 18 493
70 98 6 2 23 493
71 0 5 1 20 352
71 1 5 4 7 352
71 4 5 5 18 352
71 5 5 4 10 352
71 6 5 1 9 352
71 7 5 4 19 352
71 10 5 2 25 352
71 14 5 6 7 352
71 18 5 1 24 352
71 20 5 5 2 352
71 21 5 2 16 352
71 23 5 3 10 352
71 26 5 1 3 352
71 27 5 5 18 352
71 31 5 6 2 352
71 35 5 1 6 352
71 37 5 1 18 352
71 38 5 4 14 352
71 39 5 3 22 352
71 43 5 6 13 352
71 44 5 4 10 352
71 47 5 3 12 352
71 51 5 1 22 352
71 52 5 6 4 352
71 55 5 4 12 352
71 56 5 1 16 352
71 57 5 6 20 352
71 60 5 1 20 352
71 61 5 2 18 352
71 62 5 2 9 352
71 65 5 1 6 352
71 66 5 5 25 352
71 68 5 6 19 352
71 69 5 1 16 352
71 70 5 6 5 352
71 72 5 1 24 352
71 73 5 4 2 352
71 76 5 3 4 352
71 77 5 6 7 352
71 78 5 5 22 352
71 79 5 4 5 352
71 83 5 5 8 352
71 86 5 5 1 352
71 90 5 1 16 352
71 92 5 2 9 352
71 94 5 5 5 352
71 97 5 3 20 352
71 99 5 3 19 352
72 0 1 1 18 831
72 1 1 4 9 831
72 4 1 5 5 831
72 7 1 4 15 831
72 8 1 2 4 831
72 9 1 6 8 831
72 15 1 6 12 831
72 17 1 4 8 831
72 18 1 1 18 831
72 19 1 5 17 831
72 20 1 5 5 831
72 23 1 3 1 831
72 25 1 6 8 831
72 26 1 1 18 831
72 27 1 5 18 831
72 28 1 3 15 831
72 29 1 6 18 831
72 30 1 6 18 831
72 31 1 6 1 831
72 33 1 3 25 831
72 34 1 3 15 831
72 35 1 1 23 831
72 36 1 2 23 831
72 38 1 4 11 831
72 41 1 6 10 831
72 42 1 1 1 831
72 43 1 6 4 831
72 45 1 3 22 831
72 47 1 3 13 831
72 52 1 6 6 831
72 54 1 1 13 831
72 57 1 6 24 831
72 58 1 3 1 831
72 60 1 1 20 831
72 61 1 2 4 831
72 63 1 2 17 831
72 68 1 6 3 831
72 70 1 6 23 831
72 71 1 5 24 831
72 75 1 5 2 831
72 76 1 3 24 831
72 79 1 4 18 831
72 81 1 4 22 831
72 82 1 2 19 831
72 83 1 5 19 831
72 84 1 5 9 831
72 88 1 2 9 831
72 90 1 1 11 831
72 94 1 5 21 831
72 96 1 4 8 831
72 98 1 2 18 831
73 1 4 4 9 64
73 2 4 6 20 64
73 3 4 4 17 64
73 4 4 5 6 64
73 7 4 4 1 64
73 8 4 2 13 64
73 9 4 6 9 64
73 10 4 2 5 64
73 11 4 4 19 64
73 12 4 5 9 64
73 14 4 6 2 64
73 15 4 6 12 64
73 17 4 4 2 64
73 18 4 1 8 64
73 19 4 5 14 64
73 25 4 6 8 64
73 29 4 6 15 64
73 31 4 6 12 64
73 36 4 2 15 64
73 40 4 3 12 64
73 45 4 3 8 64
73 52 4 6 2 64
73 58 4 3 8 64
73 59 4 6 15 64
73 62 4 2 8 64
73 64 4 2 5 64
73 65 4 1 14 64
73 68 4 6 18 64
73 70 4 6 8 64
73 71 4 5 2 64
73 77 4 6 15 64
73 81 4 4 22 64
73 82 4 2 16 64
73 83 4 5 23 64
73 84 4 5 18 64
73 86 4 5 4 64
73 89 4 4 8 64
73 90 4 1 4 64
73 91 4 4 18 64
73 93 4 1 4 64
73 94 4 5 10 64
73 95 4 4 1 64
73 96 4 4 13 64
73 99 4 3 1 64
74 0 6 1 15 778
74 2 6 6 23 778
74 7 6 4 1 778
74 8 6 2 7 778
74 9 6 6 8 778
74 10 6 2 21 778
74 12 6 5 2 778
74 13 6 5 20 778
74 14 6 6 16 778
74 18 6 1 14 778
74 21 6 2 6 778
74 22 6 2 13 778
74 29 6 6 12 778
74 31 6 6 13 778
74 32 6 1 6 778
74 34 6 3 20 778
74 35 6 1 25 778
74 40 6 3 3 778
74 41 6 6 20 778
74 43 6 6 3 778
74 44 6 4 2 778
74 45 6 3 15 778
74 50 6 6 3 778
74 52 6 6 18 778
74 56 6 1 20 778
74 59 6 6 5 778
74 60 6 1 24 778
74 62 6 2 10 778
74 64 6 2 5 778
74 65 6 1 11 778
74 67 6 4 19 778
74 68 6 6 13 778
74 76 6 3 6 778
74 79 6 4 9 778
74 82 6 2 22 778
74 87 6 2 6 778
74 88 6 2 12 778
74 89 6 4 11 778
74 91 6 4 10 778
74 92 6 2 8 778
74 93 6 1 7 778
74 94 6 5 8 778
74 97 6 3 9 778
74 98 6 2 18 778
75 1 5 4 6 462
75 4 5 5 23 462
75 7 5 4 25 462
75 9 5 6 17 462
75 11 5 4 24 462
75 13 5 5 18 462
75 15 5 6 13 462
75 17 5 4 7 462
75 18 5 1 25 462
75 19 5 5 7 462
75 22 5 2 18 462
75 25 5 6 19 462
75 26 5 1 4 462
75 28 5 3 21 462
75 29 5 6 13 462
75 31 5 6 9 462
75 34 5 3 22 462
75 45 5 3 23 462
75 47 5 3 25 462
75 52 5 6 10 462
75 55 5 4 17 462
75 57 5 6 19 462
75 59 5 6 20 462
75 60 5 1 4 462
75 61 5 2 1 462
75 62 5 2 14 462
75 63 5 2 22 462
75 65 5 1 1 462
75 70 5 6 2 462
75 72 5 1 2 462
75 77 5 6 23 462
75 79 5 4 10 462
75 80 5 5 14 462
75 83 5 5 17 462
75 84 5 5 13 462
75 85 5 1 15 462
75 87 5 2 16 462
75 89 5 4 5 462
75 90 5 1 10 462
75 92 5 2 8 462
75 93 5 1 20 462
75 94 5 5 16 462
75 95 5 4 23 462
75 96 5 4 8 462
75 97 5 3 5 462
76 0 3 1 22 430
76 2 3 6 22 430
76 3 3 4 6 430
76 6 3 1 7 430
76 8 3 2 8 430
76 10 3 2 21 430
76 11 3 4 7 430
76 12 3 5 7 430
76 13 3 5 2 430
76 15 3 6 18 430
76 16 3 6 18 430
76 18 3 1 19 430
76 19 3 5 23 430
76 20 3 5 17 430
76 23 3 3 14 430
76 26 3 1 2 430
76 29 3 6 3 430
76 30 3 6 7 430
76 31 3 6 23 430
76 32 3 1 20 430
76 36 3 2 24 430
76 37 3 1 18 430
76 40 3 3 5 430
76 41 3 6 16 430
76 43 3 6 9 430
76 45 3 3 17 430
76 46 3 6 12 430
76 50 3 6 17 430
76 51 3 1 23 430
76 53 3 4 4 430
76 56 3 1 7 430
76 58 3 3 8 430
76 59 3 6 2 430
76 60 3 1 6 430
76 61 3 2 25 430
76 62 3 2 10 430
76 67 3 4 5 430
76 68 3 6 10 430
76 71 3 5 4 430
76 72 3 1 24 430
76 74 3 6 6 430
76 78 3 5 25 430
76 79 3 4 13 430
76 82 3 2 16 430
76 83 3 5 25 430
76 84 3 5 21 430
76 88 3 2 17 430
76 90 3 1 23 430
76 91 3 4 13 430
76 92 3 2 9 430
76 94 3 5 13 430
77 1 6 4 21 230
77 4 6 5 7 230
77 8 6 2 4 230
77 13 6 5 9 230
77 16 6 6 9 230
77 19 6 5 24 230
77 20 6 5 9 230
77 21 6 2 10 230
77 23 6 3 18 230
77 26 6 1 12 230
77 27 6 5 10 230
77 28 6 3 9 230
77 30 6 6 14 230
77 32 6 1 7 230
77 34 6 3 9 230
77 36 6 2 17 230
77 37 6 1 9 230
77 38 6 4 23 230
77 42 6 1 19 230
77 44 6 4 24 230
77 47 6 3 16 230
77 48 6 3 21 230
77 50 6 6 3 230
77 51 6 1 24 230
77 52 6 6 20 230
77 54 6 1 11 230
77 55 6 4 17 230
77 56 6 1 13 230
77 60 6 1 17 230
77 62 6 2 9 230
77 67 6 4 8 230
77 71 6 5 7 230
77 73 6 4 15 230
77 75 6 5 23 230
77 78 6 5 23 230
77 79 6 4 16 230
77 80 6 5 6 230
77 81 6 4 19 230
77 83 6 5 8 230
77 84 6 5 14 230
77 85 6 1 12 230
77 88 6 2 17 230
77 90 6 1 3 230
77 94 6 5 14 230
77 97 6 3 13 230
77 98 6 2 18 230
78 0 5 1 21 300
78 1 5 4 18 300
78 2 5 6 9 300
78 4 5 5 2 300
78 8 5 2 13 300
78 9 5 6 20 300
78 10 5 2 21 300
78 12 5 5 17 300
78 15 5 6 24 300
78 18 5 1 6 300
78 19 5 5 21 300
78 20 5 5 3 300
78 22 5 2 15 300
78 24 5 6 3 300
78 28 5 3 8 300
78 33 5 3 15 300
78 37 5 1 7 300
78 38 5 4 3 300
78 40 5 3 1 300
78 41 5 6 19 300
78 42 5 1 8 300
78 43 5 6 19 300
78 44 5 4 11 300
78 45 5 3 3 300
78 46 5 6 22 300
78 47 5 3 21 300
78 48 5 3 12 300
78 49 5 2 6 300
78 51 5 1 2 300
78 56 5 1 18 300
78 59 5 6 22 300
78 63 5 2 7 300
78 66 5 5 20 300
78 68 5 6 10 300
78 69 5 1 9 300
78 71 5 5 22 300
78 76 5 3 25 300
78 77 5 6 23 300
78 79 5 4 1 300
78 80 5 5 9 300
78 81 5 4 8 300
78 82 5 2 12 300
78 83 5 5 25 300
78 85 5 1 13 300
78 87 5 2 16 300
78 88 5 2 11 300
78 89 5 4 1 300
78 90 5 1 6 300
78 92 5 2 2 300
79 2 4 6 16 517
79 4 4 5 7 517
79 7 4 4 20 517
79 9 4 6 11 517
79 11 4 4 21 517
79 13 4 5 19 517
79 15 4 6 10 517
79 17 4 4 20 517
79 18 4 1 9 517
79 19 4 5 8 517
79 20 4 5 17 517
79 21 4 2 20 517
79 24 4 6 2 517
79 25 4 6 6 517
79 26 4 1 18 517
79 27 4 5 20 517
79 28 4 3 12 517
79 29 4 6 14 517
79 32 4 1 9 517
79 33 4 3 9 517
79 35 4 1 5 517
79 37 4 1 13 517
79 44 4 4 7 517
79 49 4 2 8 517
79 51 4 1 13 517
79 54 4 1 12 517
79 55 4 4 18 517
79 60 4 1 23 517
79 61 4 2 3 517
79 62 4 2 3 517
79 64 4 2 24 517
79 68 4 6 25 517
79 69 4 1 14 517
79 70 4 6 8 517
79 71 4 5 5 517
79 72 4 1 18 517
79 74 4 6 9 517
79 75 4 5 10 517
79 76 4 3 13 517
79 77 4 6 16 517
79 78 4 5 1 517
79 80 4 5 17 517
79 81 4 4 23 517
79 84 4 5 21 517
79 86 4 5 18 517
79 90 4 1 20 517
79 91 4 4 3 517
79 93 4 1 14 517
79 97 4 3 16 517
79 98 4 2 20 517
80 2 5 6 21 50
80 3 5 4 2 50
80 4 5 5 17 50
80 5 5 4 18 50
80 7 5 4 24 50
80 8 5 2 16 50
80 9 5 6 18 50
80 10 5 2 19 50
80 12 5 5 4 50
80 13 5 5 2 50
80 15 5 6 13 50
80 16 5 6 23 50
80 18 5 1 1 50
80 22 5 2 23 50
80 23 5 3 4 50
80 25 5 6 5 50
80 28 5 3 10 50
80 30 5 6 19 50
80 31 5 6 10 50
80 32 5 1 9 50
80 34 5 3 18 50
80 35 5 1 25 50
80 36 5 2 4 50
80 37 5 1 5 50
80 39 5 3 20 50
80 41 5 6 15 50
80 42 5 1 15 50
80 43 5 6 15 50
80 45 5 3 22 50
80 50 5 6 23 50
80 52 5 6 19 50
80 56 5 1 22 50
80 57 5 6 12 50
80 60 5 1 18 50
80 64 5 2 11 50
80 65 5 1 5 50
80 75 5 5 14 50
80 77 5 6 6 50
80 78 5 5 9 50
80 79 5 4 17 50
80 81 5 4 23 50
80 90 5 1 12 50
80 91 5 4 9 50
80 94 5 5 18 50
80 95 5 4 25 50
80 99 5 3 3 50
81 0 4 1 11 952
81 1 4 4 16 952
81 2 4 6 5 952
81 5 4 4 20 952
81 6 4 1 1 952
81 7 4 4 7 952
81 8 4 2 15 952
81 9 4 6 6 952
81 10 4 2 13 952
81 11 4 4 4 952
81 12 4 5 24 952
81 15 4 6 21 952
81 16 4 6 15 952
81 17 4 4 13 952
81 19 4 5 14 952
81 21 4 2 4 952
81 22 4 2 16 952
81 26 4 1 7 952
81 27 4 5 22 952
81 28 4 3 25 952
81 33 4 3 11 952
81 34 4 3 5 952
81 35 4 1 15 952
81 36 4 2 15 952
81 38 4 4 10 952
81 39 4 3 16 952
81 42 4 1 4 952
81 43 4 6 13 952
81 45 4 3 15 952
81 46 4 6 14 952
81 47 4 3 19 952
81 49 4 2 13 952
81 51 4 1 11 952
81 54 4 1 3 952
81 55 4 4 22 952
81 56 4 1 19 952
81 57 4 6 7 952
81 62 4 2 5 952
81 66 4 5 11 952
81 68 4 6 21 952
81 69 4 1 3 952
81 72 4 1 22 952
81 73 4 4 22 952
81 77 4 6 19 952
81 78 4 5 8 952
81 79 4 4 23 952
81 80 4 5 23 952
81 82 4 2 21 952
81 83 4 5 15 952
81 84 4 5 23 952
81 86 4 5 12 952
81 87 4 2 12 952
81 89 4 4 7 952
81 91 4 4 4 952
81 99 4 3 19 952
82 0 2 1 1 522
82 1 2 4 15 522
82 4 2 5 15 522
82 5 2 4 13 522
82 6 2 1 17 522
82 9 2 6 9 522
82 12 2 5 14 522
82 14 2 6 3 522
82 15 2 6 24 522
82 16 2 6 19 522
82 19 2 5 1 522
82 21 2 2 19 522
82 23 2 3 20 522
82 25 2 6 16 522
82 29 2 6 7 522
82 31 2 6 1 522
82 32 2 1 11 522
82 34 2 3 5 522
82 35 2 1 25 522
82 37 2 1 24 522
82 38 2 4 8 522
82 39 2 3 5 522
82 40 2 3 18 522
82 43 2 6 21 522
82 44 2 4 8 522
82 46 2 6 23 522
82 48 2 3 19 522
82 51 2 1 7 522
82 53 2 4 8 522
82 56 2 1 4 522
82 58 2 3 13 522
82 61 2 2 20 522
82 62 2 2 9 522
82 65 2 1 17 522
82 67 2 4 10 522
82 68 2 6 20 522
82 70 2 6 15 522
82 72 2 1 19 522
82 73 2 4 16 522
82 74 2 6 22 522
82 76 2 3 16 522
82 78 2 5 12 522
82 81 2 4 21 522
82 87 2 2 15 522
82 89 2 4 25 522
82 91 2 4 13 522
82 92 2 2 1 522
82 94 2 5 1 522
82 96 2 4 21 522
82 97 2 3 3 522
82 99 2 3 20 522
83 0 5 1 17 821
83 1 5 4 16 821
83 3 5 4 16 821
83 7 5 4 3 821
83 8 5 2 9 821
83 10 5 2 5 821
83 11 5 4 9 821
83 13 5 5 8 821
83 14 5 6 19 821
83 17 5 4 2 821
83 18 5 1 24 821
83 19 5 5 21 821
83 22 5 2 9 821
83 23 5 3 8 821
83 25 5 6 22 821
83 26 5 1 21 821
83 29 5 6 17 821
83 30 5 6 2 821
83 31 5 6 5 821
83 32 5 1 14 821
83 33 5 3 14 821
83 35 5 1 18 821
83 36 5 2 19 821
83 37 5 1 23 821
83 38 5 4 18 821
83 39 5 3 12 821
83 40 5 3 11 821
83 46 5 6 12 821
83 47 5 3 2 821
83 51 5 1 11 821
83 54 5 1 18 821
83 56 5 1 4 821
83 57 5 6 3 821
83 59 5 6 3 821
83 60 5 1 25 821
83 66 5 5 19 821
83 71 5 5 8 821
83 72 5 1 19 821
83 73 5 4 23 821
83 75 5 5 17 821
83 76 5 3 25 821
83 77 5 6 8 821
83 78 5 5 25 821
83 81 5 4 15 821
83 84 5 5 16 821
83 87 5 2 19 821
83 88 5 2 9 821
83 89 5 4 20 821
83 93 5 1 21 821
83 94 5 5 18 821
83 97 5 3 25 821
83 99 5 3 24 821
84 0 5 1 25 321
84 2 5 6 1 321
84 4 5 5 9 321
84 5 5 4 13 321
84 6 5 1 3 321
84 8 5 2 25 321
84 9 5 6 19 321
84 10 5 2 8 321
84 11 5 4 14 321
84 13 5 5 12 321
84 20 5 5 1 321
84 21 5 2 10 321
84 24 5 6 23 321
84 25 5 6 24 321
84 28 5 3 3 321
84 31 5 6 12 321
84 33 5 3 7 321
84 34 5 3 22 321
84 36 5 2 4 321
84 40 5 3 22 321
84 41 5 6 7 321
84 42 5 1 21 321
84 44 5 4 22 321
84 48 5 3 3 321
84 49 5 2 22 321
84 50 5 6 25 321
84 53 5 4 17 321
84 54 5 1 8 321
84 55 5 4 3 321
84 56 5 1 7 321
84 60 5 1 25 321
84 61 5 2 7 321
84 66 5 5 3 321
84 67 5 4 2 321
84 68 5 6 25 321
84 69 5 1 9 321
84 70 5 6 11 321
84 72 5 1 9 321
84 73 5 4 18 321
84 75 5 5 13 321
84 76 5 3 21 321
84 77 5 6 14 321
84 79 5 4 21 321
84 81 5 4 23 321
84 83 5 5 16 321
84 85 5 1 24 321
84 90 5 1 13 321
84 91 5 4 20 321
84 92 5 2 8 321
84 93 5 1 25 321
85 1 1 4 1 259
85 4 1 5 17 259
85 5 1 4 4 259
85 7 1 4 20 259
85 12 1 5 24 259
85 13 1 5 7 259
85 14 1 6 6 259
85 16 1 6 2 259
85 17 1 4 14 259
85 18 1 1 11 259
85 21 1 2 2 259
85 23 1 3 25 259
85 24 1 6 10 259
85 25 1 6 14 259
85 29 1 6 6 259
85 32 1 1 20 259
85 33 1 3 16 259
85 34 1 3 7 259
85 36 1 2 11 259
85 39 1 3 9 259
85 40 1 3 12 259
85 41 1 6 7 259
85 42 1 1 25 259
85 46 1 6 23 259
85 48 1 3 16 259
85 49 1 2 4 259
85 50 1 6 25 259
85 51 1 1 25 259
85 52 1 6 6 259
85 55 1 4 7 259
85 57 1 6 14 259
85 58 1 3 25 259
85 62 1 2 20 259
85 66 1 5 23 259
85 68 1 6 14 259
85 70 1 6 11 259
85 75 1 5 15 259
85 77 1 6 12 259
85 78 1 5 13 259
85 84 1 5 24 259
85 88 1 2 20 259
85 91 1 4 13 259
85 92 1 2 13 259
85 97 1 3 4 259
85 98 1 2 9 259
85 99 1 3 4 259
86 2 5 6 21 87
86 4 5 5 14 87
86 5 5 4 21 87
86 7 5 4 13 87
86 11 5 4 3 87
86 17 5 4 22 87
86 18 5 1 11 87
86 19 5 5 2 87
86 20 5 5 11 87
86 22 5 2 18 87
86 24 5 6 11 87
86 26 5 1 2 87
86 30 5 6 11 87
86 31 5 6 23 87
86 33 5 3 25 87
86 35 5 1 20 87
86 36 5 2 19 87
86 37 5 1 16 87
86 38 5 4 18 87
86 40 5 3 1 87
86 41 5 6 6 87
86 42 5 1 2 87
86 43 5 6 18 87
86 44 5 4 19 87
86 45 5 3 1 87
86 46 5 6 2 87
86 47 5 3 1 87
86 49 5 2 16 87
86 50 5 6 19 87
86 52 5 6 21 87
86 53 5 4 1 87
86 55 5 4 12 87
86 56 5 1 19 87
86 60 5 1 8 87
86 61 5 2 3 87
86 62 5 2 7 87
86 63 5 2 14 87
86 65 5 1 5 87
86 68 5 6 20 87
86 70 5 6 18 87
86 71 5 5 1 87
86 73 5 4 4 87
86 79 5 4 18 87
86 81 5 4 12 87
86 90 5 1 16 87
86 91 5 4 25 87
86 92 5 2 18 87
86 94 5 5 4 87
86 95 5 4 11 87
86 96 5 4 22 87
86 97 5 3 19 87
87 0 2 1 9 822
87 1 2 4 10 822
87 6 2 1 11 822
87 8 2 2 17 822
87 9 2 6 2 822
87 10 2 2 10 822
87 11 2 4 3 822
87 14 2 6 21 822
87 20 2 5 2 822
87 22 2 2 7 822
87 27 2 5 5 822
87 28 2 3 1 822
87 31 2 6 23 822
87 35 2 1 6 822
87 36 2 2 14 822
87 37 2 1 20 822
87 38 2 4 20 822
87 40 2 3 13 822
87 43 2 6 12 822
87 44 2 4 20 822
87 45 2 3 23 822
87 48 2 3 14 822
87 49 2 2 10 822
87 52 2 6 14 822
87 53 2 4 8 822
87 58 2 3 3 822
87 59 2 6 3 822
87 60 2 1 5 822
87 63 2 2 6 822
87 65 2 1 11 822
87 67 2 4 1 822
87 70 2 6 18 822
87 74 2 6 6 822
87 75 2 5 16 822
87 78 2 5 16 822
87 81 2 4 12 822
87 82 2 2 15 822
87 83 2 5 19 822
87 88 2 2 20 822
87 89 2 4 24 822
87 91 2 4 23 822
87 92 2 2 6 822
87 95 2 4 4 822
87 96 2 4 8 822
88 0 2 1 14 489
88 2 2 6 15 489
88 3 2 4 25 489
88 5 2 4 14 489
88 6 2 1 5 489
88 8 2 2 16 489
88 9 2 6 19 489
88 11 2 4 23 489
88 12 2 5 10 489
88 20 2 5 24 489
88 22 2 2 9 489
88 24 2 6 21 489
88 25 2 6 17 489
88 27 2 5 3 489
88 28 2 3 8 489
88 31 2 6 17 489
88 32 2 1 20 489
88 33 2 3 20 489
88 35 2 1 18 489
88 40 2 3 12 489
88 42 2 1 17 489
88 43 2 6 22 489
88 44 2 4 20 489
88 45 2 3 6 489
88 46 2 6 24 489
88 48 2 3 3 489
88 51 2 1 6 489
88 52 2 6 2 489
88 54 2 1 5 489
88 56 2 1 17 489
88 58 2 3 5 489
88 62 2 2 21 489
88 67 2 4 9 489
88 68 2 6 7 489
88 72 2 1 9 489
88 74 2 6 12 489
88 76 2 3 17 489
88 77 2 6 17 489
88 78 2 5 11 489
88 83 2 5 9 489
88 85 2 1 20 489
88 87 2 2 20 489
88 89 2 4 20 489
88 90 2 1 16 489
88 91 2 4 21 489
88 94 2 5 8 489
88 95 2 4 13 489
88 97 2 3 11 489
88 98 2 2 22 489
88 99 2 3 17 489
89 0 4 1 12 682
89 2 4 6 16 682
89 3 4 4 14 682
89 5 4 4 25 682
89 11 4 4 5 682
89 12 4 5 7 682
89 14 4 6 7 682
89 15 4 6 5 682
89 16 4 6 10 682
89 18 4 1 14 682
89 24 4 6 5 682
89 26 4 1 15 682
89 27 4 5 11 682
89 28 4 3 6 682
89 30 4 6 13 682
89 34 4 3 11 682
89 35 4 1 8 682
89 36 4 2 7 682
89 39 4 3 1 682
89 42 4 1 19 682
89 43 4 6 9 682
89 44 4 4 2 682
89 45 4 3 3 682
89 46 4 6 20 682
89 49 4 2 1 682
89 50 4 6 1 682
89 52 4 6 22 682
89 53 4 4 3 682
89 55 4 4 14 682
89 56 4 1 19 682
89 63 4 2 8 682
89 65 4 1 18 682
89 66 4 5 8 682
89 68 4 6 8 682
89 73 4 4 8 682
89 74 4 6 11 682
89 75 4 5 5 682
89 78 4 5 1 682
89 81 4 4 7 682
89 82 4 2 25 682
89 83 4 5 20 682
89 87 4 2 24 682
89 88 4 2 20 682
89 90 4 1 23 682
89 91 4 4 9 682
89 92 4 2 6 682
89 95 4 4 1 682
89 97 4 3 25 682
89 98 4 2 4 682
90 0 1 1 23 284
90 1 1 4 24 284
90 4 1 5 22 284
90 6 1 1 11 284
90 9 1 6 13 284
90 10 1 2 20 284
90 14 1 6 22 284
90 15 1 6 5 284
90 17 1 4 8 284
90 19 1 5 23 284
90 20 1 5 11 284
90 22 1 2 8 284
90 25 1 6 17 284
90 26 1 1 25 284
90 27 1 5 15 284
90 29 1 6 21 284
90 31 1 6 25 284
90 32 1 1 5 284
90 34 1 3 9 284
90 35 1 1 19 284
90 36 1 2 6 284
90 37 1 1 20 284
90 38 1 4 9 284
90 39 1 3 21 284
90 40 1 3 15 284
90 41 1 6 14 284
90 42 1 1 20 284
90 44 1 4 18 284
90 51 1 1 22 284
90 53 1 4 2 284
90 57 1 6 25 284
90 58 1 3 21 284
90 59 1 6 16 284
90 61 1 2 21 284
90 62 1 2 22 284
90 64 1 2 19 284
90 65 1 1 11 284
90 67 1 4 25 284
90 71 1 5 16 284
90 72 1 1 11 284
90 73 1 4 4 284
90 75 1 5 10 284
90 76 1 3 23 284
90 77 1 6 3 284
90 78 1 5 6 284
90 79 1 4 20 284
90 80 1 5 12 284
90 84 1 5 13 284
90 86 1 5 16 284
90 88 1 2 16 284
90 89 1 4 23 284
90 93 1 1 25 284
90 94 1 5 19 284
90 96 1 4 7 284
90 97 1 3 6 284
90 98 1 2 2 284
91 1 4 4 23 553
91 4 4 5 3 553
91 5 4 4 20 553
91 7 4 4 6 553
91 8 4 2 9 553
91 9 4 6 7 553
91 11 4 4 8 553
91 12 4 5 9 553
91 14 4 6 16 553
91 18 4 1 23 553
91 19 4 5 23 553
91 20 4 5 9 553
91 21 4 2 8 553
91 25 4 6 14 553
91 27 4 5 23 553
91 28 4 3 8 553
91 29 4 6 16 553
91 30 4 6 21 553
91 31 4 6 10 553
91 33 4 3 12 553
91 34 4 3 15 553
91 36 4 2 15 553
91 39 4 3 1 553
91 41 4 6 13 553
91 43 4 6 1 553
91 48 4 3 5 553
91 49 4 2 23 553
91 53 4 4 9 553
91 54 4 1 4 553
91 55 4 4 21 553
91 56 4 1 12 553
91 57 4 6 13 553
91 58 4 3 24 553
91 59 4 6 17 553
91 60 4 1 9 553
91 62 4 2 10 553
91 63 4 2 15 553
91 70 4 6 2 553
91 73 4 4 18 553
91 74 4 6 10 553
91 76 4 3 13 553
91 79 4 4 3 553
91 80 4 5 9 553
91 81 4 4 4 553
91 82 4 2 13 553
91 84 4 5 20 553
91 85 4 1 13 553
91 86 4 5 25 553
91 87 4 2 23 553
91 88 4 2 21 553
91 89 4 4 9 553
91 95 4 4 6 553
91 96 4 4 1 553
91 97 4 3 4 553
91 99 4 3 17 553
92 1 2 4 11 214
92 4 2 5 17 214
92 6 2 1 18 214
92 7 2 4 17 214
92 8 2 2 4 214
92 9 2 6 19 214
92 10 2 2 6 214
92 11 2 4 18 214
92 13 2 5 14 214
92 16 2 6 22 214
92 17 2 4 11 214
92 19 2 5 6 214
92 24 2 6 21 214
92 28 2 3 21 214
92 31 2 6 1 214
92 32 2 1 14 214
92 36 2 2 22 214
92 38 2 4 23 214
92 40 2 3 18 214
92 41 2 6 1 214
92 42 2 1 18 214
92 43 2 6 3 214
92 44 2 4 25 214
92 45 2 3 23 214
92 46 2 6 14 214
92 49 2 2 13 214
92 51 2 1 19 214
92 54 2 1 19 214
92 55 2 4 10 214
92 56 2 1 20 214
92 57 2 6 7 214
92 59 2 6 23 214
92 60 2 1 6 214
92 61 2 2 17 214
92 64 2 2 20 214
92 65 2 1 21 214
92 66 2 5 13 214
92 67 2 4 25 214
92 68 2 6 4 214
92 69 2 1 3 214
92 71 2 5 9 214
92 74 2 6 8 214
92 75 2 5 8 214
92 76 2 3 9 214
92 78 2 5 2 214
92 82 2 2 1 214
92 84 2 5 8 214
92 85 2 1 13 214
92 86 2 5 18 214
92 87 2 2 6 214
92 89 2 4 6 214
92 93 2 1 14 214
92 94 2 5 20 214
92 95 2 4 15 214
93 0 1 1 13 879
93 1 1 4 3 879
93 3 1 4 11 879
93 5 1 4 19 879
93 7 1 4 17 879
93 9 1 6 9 879
93 10 1 2 2 879
93 12 1 5 24 879
93 14 1 6 24 879
93 16 1 6 7 879
93 17 1 4 1 879
93 19 1 5 11 879
93 21 1 2 1 879
93 23 1 3 15 879
93 24 1 6 3 879
93 25 1 6 22 879
93 26 1 1 23 879
93 29 1 6 1 879
93 30 1 6 4 879
93 31 1 6 16 879
93 33 1 3 16 879
93 34 1 3 22 879
93 35 1 1 17 879
93 36 1 2 5 879
93 37 1 1 22 879
93 39 1 3 12 879
93 44 1 4 7 879
93 45 1 3 9 879
93 55 1 4 10 879
93 56 1 1 2 879
93 57 1 6 20 879
93 58 1 3 11 879
93 59 1 6 4 879
93 60 1 1 10 879
93 65 1 1 21 879
93 66 1 5 7 879
93 68 1 6 16 879
93 69 1 1 3 879
93 73 1 4 4 879
93 74 1 6 7 879
93 75 1 5 20 879
93 79 1 4 14 879
93 83 1 5 21 879
93 84 1 5 25 879
93 90 1 1 25 879
93 92 1 2 14 879
93 94 1 5 16 879
93 95 1 4 11 879
93 96 1 4 14 879
93 98 1 2 25 879
94 1 5 4 17 406
94 5 5 4 25 406
94 8 5 2 23 406
94 13 5 5 13 406
94 15 5 6 15 406
94 21 5 2 10 406
94 22 5 2 23 406
94 27 5 5 14 406
94 30 5 6 19 406
94 31 5 6 3 406
94 32 5 1 15 406
94 33 5 3 21 406
94 35 5 1 21 406
94 37 5 1 23 406
94 38 5 4 20 406
94 39 5 3 24 406
94 40 5 3 13 406
94 43 5 6 9 406
94 45 5 3 14 406
94 46 5 6 4 406
94 48 5 3 19 406
94 50 5 6 18 406
94 53 5 4 4 406
94 58 5 3 8 406
94 60 5 1 14 406
94 61 5 2 4 406
94 63 5 2 17 406
94 66 5 5 24 406
94 70 5 6 18 406
94 71 5 5 5 406
94 72 5 1 21 406
94 73 5 4 10 406
94 74 5 6 8 406
94 75 5 5 16 406
94 76 5 3 13 406
94 77 5 6 14 406
94 80 5 5 18 406
94 82 5 2 1 406
94 83 5 5 18 406
94 86 5 5 4 406
94 88 5 2 8 406
94 90 5 1 19 406
94 92 5 2 20 406
94 93 5 1 16 406
94 95 5 4 1 406
94 98 5 2 24 406
94 99 5 3 11 406
95 2 4 6 6 563
95 3 4 4 25 563
95 5 4 4 13 563
95 6 4 1 1 563
95 11 4 4 11 563
95 12 4 5 2 563
95 16 4 6 24 563
95 19 4 5 20 563
95 22 4 2 17 563
95 23 4 3 11 563
95 26 4 1 9 563
95 31 4 6 24 563
95 32 4 1 4 563
95 33 4 3 23 563
95 39 4 3 12 563
95 40 4 3 25 563
95 45 4 3 12 563
95 46 4 6 10 563
95 52 4 6 5 563
95 54 4 1 18 563
95 55 4 4 7 563
95 56 4 1 14 563
95 59 4 6 13 563
95 60 4 1 18 563
95 61 4 2 9 563
95 63 4 2 24 563
95 65 4 1 10 563
95 67 4 4 18 563
95 68 4 6 3 563
95 73 4 4 1 563
95 75 4 5 23 563
95 80 4 5 25 563
95 86 4 5 11 563
95 87 4 2 4 563
95 88 4 2 13 563
95 89 4 4 1 563
95 91 4 4 6 563
95 92 4 2 15 563
95 93 4 1 11 563
95 94 4 5 1 563
95 96 4 4 21 563
95 97 4 3 13 563
95 99 4 3 5 563
96 3 4 4 19 804
96 4 4 5 4 804
96 6 4 1 7 804
96 11 4 4 24 804
96 12 4 5 23 804
96 14 4 6 13 804
96 16 4 6 4 804
96 20 4 5 18 804
96 21 4 2 10 804
96 23 4 3 14 804
96 25 4 6 3 804
96 26 4 1 1 804
96 27 4 5 19 804
96 28 4 3 20 804
96 29 4 6 17 804
96 31 4 6 15 804
96 33 4 3 10 804
96 37 4 1 4 804
96 38 4 4 24 804
96 39 4 3 25 804
96 40 4 3 18 804
96 41 4 6 19 804
96 46 4 6 24 804
96 51 4 1 13 804
96 53 4 4 9 804
96 54 4 1 23 804
96 56 4 1 3 804
96 58 4 3 6 804
96 59 4 6 19 804
96 60 4 1 6 804
96 61 4 2 5 804
96 62 4 2 12 804
96 64 4 2 8 804
96 65 4 1 21 804
96 67 4 4 14 804
96 68 4 6 17 804
96 72 4 1 8 804
96 73 4 4 13 804
96 75 4 5 8 804
96 82 4 2 21 804
96 86 4 5 22 804
96 87 4 2 8 804
96 90 4 1 7 804
96 91 4 4 1 804
96 93 4 1 14 804
96 95 4 4 21 804
96 97 4 3 3 804
96 99 4 3 5 804
97 0 3 1 15 507
97 2 3 6 7 507
97 3 3 4 24 507
97 4 3 5 25 507
97 5 3 4 12 507
97 6 3 1 13 507
97 7 3 4 14 507
97 10 3 2 13 507
97 11 3 4 8 507
97 14 3 6 1 507
97 17 3 4 9 507
97 18 3 1 19 507
97 19 3 5 8 507
97 20 3 5 4 507
97 25 3 6 11 507
97 26 3 1 13 507
97 27 3 5 2 507
97 33 3 3 9 507
97 34 3 3 4 507
97 35 3 1 10 507
97 36 3 2 9 507
97 38 3 4 5 507
97 39 3 3 10 507
97 40 3 3 19 507
97 42 3 1 18 507
97 43 3 6 7 507
97 45 3 3 3 507
97 47 3 3 18 507
97 50 3 6 9 507
97 52 3 6 16 507
97 57 3 6 1 507
97 58 3 3 23 507
97 59 3 6 3 507
97 60 3 1 18 507
97 61 3 2 23 507
97 63 3 2 6 507
97 65 3 1 16 507
97 66 3 5 1 507
97 67 3 4 11 507
97 71 3 5 20 507
97 74 3 6 9 507
97 75 3 5 5 507
97 77 3 6 13 507
97 79 3 4 16 507
97 82 3 2 3 507
97 83 3 5 25 507
97 85 3 1 4 507
97 86 3 5 19 507
97 88 3 2 11 507
97 89 3 4 25 507
97 90 3 1 6 507
97 91 3 4 4 507
97 95 3 4 13 507
97 96 3 4 3 507
97 98 3 2 18 507
98 0 2 1 12 134
98 1 2 4 1 134
98 2 2 6 18 134
98 5 2 4 19 134
98 7 2 4 6 134
98 13 2 5 9 134
98 15 2 6 5 134
98 19 2 5 13 134
98 23 2 3 4 134
98 26 2 1 21 134
98 28 2 3 13 134
98 30 2 6 17 134
98 31 2 6 20 134
98 33 2 3 13 134
98 34 2 3 7 134
98 35 2 1 16 134
98 36 2 2 10 134
98 38 2 4 18 134
98 40 2 3 1 134
98 41 2 6 16 134
98 43 2 6 1 134
98 45 2 3 25 134
98 47 2 3 5 134
98 48 2 3 18 134
98 50 2 6 7 134
98 52 2 6 1 134
98 54 2 1 16 134
98 55 2 4 10 134
98 57 2 6 11 134
98 58 2 3 21 134
98 59 2 6 2 134
98 64 2 2 4 134
98 65 2 1 4 134
98 67 2 4 9 134
98 68 2 6 2 134
98 70 2 6 23 134
98 72 2 1 18 134
98 74 2 6 18 134
98 77 2 6 18 134
98 79 2 4 20 134
98 85 2 1 9 134
98 88 2 2 22 134
98 89 2 4 4 134
98 90 2 1 2 134
98 93 2 1 25 134
98 94 2 5 24 134
98 97 2 3 18 134
98 99 2 3 11 134
99 2 3 6 11 96
99 3 3 4 6 96
99 5 3 4 12 96
99 6 3 1 5 96
99 7 3 4 22 96
99 8 3 2 24 96
99 10 3 2 2 96
99 11 3 4 23 96
99 12 3 5 18 96
99 14 3 6 16 96
99 15 3 6 19 96
99 16 3 6 13 96
99 17 3 4 25 96
99 21 3 2 19 96
99 23 3 3 13 96
99 24 3 6 17 96
99 28 3 3 6 96
99 29 3 6 15 96
99 32 3 1 24 96
99 37 3 1 1 96
99 38 3 4 7 96
99 39 3 3 23 96
99 40 3 3 6 96
99 41 3 6 6 96
99 44 3 4 24 96
99 45 3 3 1 96
99 48 3 3 25 96
99 49 3 2 3 96
99 54 3 1 21 96
99 57 3 6 21 96
99 59 3 6 23 96
99 60 3 1 14 96
99 62 3 2 3 96
99 63 3 2 4 96
99 64 3 2 17 96
99 65 3 1 13 96
99 67 3 4 20 96
99 68 3 6 11 96
99 71 3 5 19 96
99 73 3 4 1 96
99 80 3 5 3 96
99 81 3 4 19 96
99 82 3 2 20 96
99 83 3 5 24 96
99 85 3 1 4 96
99 88 3 2 17 96
99 91 3 4 17 96
99 94 3 5 11 96
99 95 3 4 5 96
99 96 3 4 5 96
99 98 3 2 11 96
