capacity  cost_by_node
nb_functions 10
16 57 93 47 39 100 43 70 26 73 21 63 95 58 86 70 73 23 86 97 91 92 21 99 24 50 81 38 63 17 83 63 65 98 34 65 76 94 95 73 65 44 98 88 40 60 95 23 78 13 85 80 50 78 84 28 33 28 69 18 74 78 83 37 85 97 95 34 11 27 79 31 36 100 69 68 100 80 88 37 83 37 68 58 91 12 45 11 79 85 30 61 41 14 89 54 31 24 72 21 46 
15 24 24 37 65 80 43 35 61 27 80 12 56 34 66 51 14 16 41 17 81 70 92 55 54 92 59 95 60 90 61 98 98 40 29 33 11 89 28 28 75 16 38 25 44 41 31 25 66 58 96 67 54 91 50 24 54 43 44 100 38 96 36 18 38 21 88 17 91 52 63 97 22 14 71 27 98 100 84 93 62 62 63 74 43 45 64 23 60 73 63 97 48 53 47 87 10 24 27 69 75 
16 66 31 81 59 49 76 98 62 42 50 76 55 79 11 44 13 95 47 40 64 74 60 62 20 68 67 39 50 55 16 11 63 31 46 86 21 95 56 52 32 41 15 90 76 30 21 50 75 50 61 40 19 92 83 45 92 78 45 22 95 76 72 65 56 62 84 47 100 45 59 28 46 91 76 75 58 54 65 49 34 15 60 47 92 35 73 70 99 70 52 85 50 15 40 94 68 39 26 21 30 
11 18 30 32 45 40 82 95 33 96 52 58 25 43 18 90 36 22 76 53 94 63 41 30 64 10 96 97 63 43 74 41 57 48 18 95 58 21 58 42 46 89 50 73 82 70 57 95 61 73 13 54 73 16 94 99 46 19 29 33 54 64 93 53 22 87 84 74 99 47 17 78 15 79 17 77 84 74 46 62 93 50 16 62 53 19 93 21 41 55 11 46 34 30 25 89 98 74 88 18 66 
18 56 10 60 73 97 22 60 41 17 56 53 10 75 84 100 66 60 97 13 87 72 96 94 93 46 78 46 88 17 13 18 38 97 20 82 87 26 57 47 22 50 65 23 36 31 13 72 57 99 73 57 47 57 53 35 60 80 15 75 47 82 18 88 59 60 26 57 55 85 73 40 26 83 92 68 63 66 95 58 97 92 27 67 15 98 20 78 83 46 42 86 11 16 12 14 41 59 34 79 45 
10 75 32 70 41 50 38 49 58 60 90 81 81 40 58 69 100 96 13 26 91 28 53 33 88 42 87 49 53 51 71 60 98 64 80 74 43 66 84 28 16 42 93 32 38 28 93 85 22 83 69 36 88 59 36 39 95 35 39 71 55 46 36 82 36 71 98 30 93 32 97 70 53 10 26 35 48 27 70 21 54 46 16 94 28 35 89 31 21 89 18 89 35 14 96 23 50 95 61 90 16 
9 65 26 75 27 89 47 38 92 23 41 76 83 86 16 98 36 87 90 82 25 20 77 58 48 99 33 90 15 65 66 87 59 31 51 60 99 14 20 62 54 93 55 69 93 60 32 34 83 10 90 22 74 77 13 26 78 72 12 48 80 100 52 73 50 10 70 11 89 41 98 59 53 66 66 80 70 44 10 38 56 46 46 78 43 23 63 73 92 72 87 32 61 62 31 66 71 99 76 61 68 
10 59 55 61 99 20 100 100 65 94 14 73 28 66 62 68 60 45 25 57 77 93 89 10 25 28 74 37 41 44 39 46 59 63 89 43 42 56 18 27 66 95 43 76 93 45 21 66 51 79 12 76 43 85 79 19 49 54 92 35 30 22 27 68 98 11 29 56 72 93 73 77 53 15 36 20 34 39 75 28 39 32 38 58 64 51 43 67 69 61 53 13 22 97 70 27 73 26 52 69 19 
14 57 91 85 15 12 86 57 33 69 60 54 38 53 23 36 92 18 88 84 97 78 28 32 25 50 62 78 31 17 44 21 54 22 13 99 92 73 58 13 99 92 15 23 16 26 34 62 40 86 56 54 54 45 41 45 38 68 14 97 71 64 98 59 98 75 66 32 15 89 33 53 61 72 38 31 54 13 76 50 77 10 27 40 56 36 61 32 99 25 11 46 99 62 84 33 19 83 43 86 62 
9 54 12 67 30 26 36 15 71 40 73 37 93 21 64 27 96 10 45 65 67 69 61 54 75 43 79 97 12 65 15 87 78 28 62 96 72 19 46 37 14 42 61 36 73 100 35 76 93 31 65 15 73 52 40 33 11 16 85 51 47 45 40 60 94 19 28 69 20 33 57 79 99 61 97 65 37 36 63 60 88 83 83 55 61 88 76 44 40 87 61 56 32 69 64 25 70 19 64 13 28 
