capacity  cost_by_node
nb_functions 10
33 23 96 17 52 69 52 51 14 59 59 89 30 42 22 75 62 25 62 19 18 61 20 85 44 76 88 13 38 66 67 37 56 83 12 34 40 18 79 90 39 77 70 39 98 14 98 64 11 86 29 41 64 34 71 95 96 72 14 82 66 24 35 50 84 32 54 23 70 67 51 52 13 36 35 64 72 82 63 71 83 96 44 14 81 57 31 89 42 27 16 36 99 27 84 18 10 91 17 12 65 
20 71 90 96 51 82 26 27 42 17 98 47 60 92 43 63 53 17 98 19 31 80 31 99 67 96 71 16 58 17 22 21 78 38 47 92 80 12 18 47 67 23 42 56 21 38 98 84 22 49 54 90 53 33 48 100 18 79 48 39 81 29 83 17 98 65 75 100 21 60 35 50 72 96 11 100 79 86 16 41 23 32 97 26 67 80 88 40 27 46 40 40 48 29 29 94 23 89 36 63 33 
27 20 75 93 58 47 78 52 28 78 34 73 22 28 94 62 30 100 21 97 39 45 93 67 47 21 54 37 44 66 56 12 44 21 27 64 41 63 54 48 73 67 58 84 14 40 36 17 16 10 26 45 98 34 12 68 90 29 49 21 53 77 47 21 49 46 58 34 60 50 72 11 17 63 97 64 70 75 11 86 94 28 37 56 17 95 46 71 96 75 40 92 14 69 62 89 64 35 59 53 34 
26 60 65 23 53 46 12 77 96 57 99 100 89 57 39 29 28 44 57 62 98 28 11 39 17 98 26 10 38 62 36 81 94 81 81 28 34 31 76 81 23 96 77 39 25 15 61 66 20 34 74 29 13 54 90 80 78 48 15 65 55 70 29 17 74 42 57 87 53 45 59 95 38 48 48 95 17 100 90 24 59 11 55 43 39 57 82 73 41 39 35 26 84 56 21 75 57 52 27 60 27 
19 100 90 36 28 88 18 90 88 32 44 92 24 60 63 82 22 25 94 85 77 34 12 37 45 69 93 67 51 38 18 47 61 24 16 82 24 11 74 54 12 74 66 89 100 23 75 68 20 61 71 14 32 62 93 22 44 77 98 28 38 59 32 59 89 78 57 92 46 17 75 55 48 75 42 43 12 84 24 96 25 62 54 46 34 43 89 50 56 39 76 74 31 63 35 40 14 27 82 36 56 
26 43 60 28 98 78 60 83 22 24 34 13 86 61 60 89 52 66 47 11 85 12 15 74 95 71 17 59 76 82 52 62 98 94 65 19 78 100 76 59 61 89 24 85 34 82 58 70 70 41 51 44 82 53 94 48 37 28 69 74 84 91 95 62 74 59 47 15 75 89 50 31 20 93 75 79 48 48 85 46 48 74 31 36 17 76 14 46 91 71 96 46 18 58 62 96 51 72 57 69 17 
29 56 13 57 59 46 13 22 95 20 14 21 38 27 37 29 45 43 89 98 64 98 52 11 72 12 42 95 52 32 55 63 58 48 72 14 66 59 89 94 17 25 29 62 11 72 37 69 93 80 28 14 81 10 76 11 47 17 79 87 87 72 67 69 40 41 75 66 81 76 95 49 83 56 61 40 26 15 84 59 42 35 30 86 16 50 81 32 17 59 67 49 11 11 21 21 17 93 76 99 51 
26 19 16 99 66 78 52 98 37 80 78 13 23 81 12 33 91 72 16 96 45 40 21 87 60 95 71 93 58 84 19 29 23 23 98 83 24 80 26 12 48 49 60 65 98 25 57 90 13 24 74 78 93 23 17 92 54 12 63 15 35 74 51 51 13 64 62 31 66 66 37 67 30 79 15 56 39 34 60 31 54 88 74 59 57 64 72 19 81 35 18 64 13 47 96 91 67 38 36 95 83 
26 89 81 15 96 28 61 39 96 56 40 47 20 42 77 88 20 81 53 41 76 76 72 61 95 14 40 33 23 38 43 87 32 97 17 35 47 99 99 50 76 82 76 42 91 20 88 63 94 69 61 90 33 41 15 82 73 13 96 19 29 50 28 88 72 40 97 63 54 58 26 51 67 23 41 80 43 24 83 71 20 80 37 38 96 50 66 65 97 58 41 57 61 61 97 48 62 58 25 16 32 
16 47 96 69 79 19 54 77 87 35 96 47 43 93 78 47 95 73 36 29 15 82 64 95 90 38 20 64 16 65 32 40 78 29 99 89 50 81 45 10 64 82 44 85 48 21 24 64 70 72 40 66 21 58 47 41 28 60 47 51 74 32 65 13 89 47 47 87 79 27 22 54 51 64 43 69 75 23 51 28 24 42 33 99 18 69 22 69 82 69 41 64 63 86 82 68 77 35 36 23 50 
