capacity  cost_by_node
nb_functions 8
16 75 18 21 28 71 81 70 26 70 48 78 49 71 100 96 97 71 63 95 43 41 55 20 86 22 
16 52 97 96 39 55 31 42 98 14 67 88 69 15 12 43 79 75 13 65 71 35 40 40 16 16 
17 67 81 87 19 56 40 85 47 59 73 62 70 79 60 90 14 49 21 12 67 10 13 11 76 75 
23 71 16 14 13 72 34 77 85 46 23 99 86 90 95 64 14 96 41 52 65 42 38 62 95 94 
29 66 83 67 100 88 89 61 29 15 76 14 97 19 28 20 11 86 35 16 27 37 77 55 15 29 
27 30 95 35 45 67 62 52 57 71 43 80 10 64 45 78 79 77 31 32 85 45 96 28 93 74 
33 22 63 68 43 19 36 35 60 43 12 15 57 70 85 21 48 75 38 84 86 42 63 67 13 80 
16 45 65 17 76 63 83 81 23 74 84 24 45 91 22 77 28 16 88 47 86 52 56 52 63 47 
