capacity  cost_by_node
nb_functions 8
30 75 39 60 67 15 72 36 46 82 30 69 40 61 39 22 53 73 34 26 41 48 83 45 41 24 61 37 46 23 19 31 64 54 95 23 63 56 56 11 55 25 15 50 86 95 54 66 89 80 67 29 12 26 20 52 45 19 24 93 31 83 51 41 60 57 56 91 46 12 57 28 19 22 28 77 67 98 97 68 59 12 70 34 18 84 29 67 76 34 68 29 75 11 86 52 67 99 97 24 24 
29 33 55 24 67 61 45 73 78 48 93 36 80 34 64 78 95 93 73 99 73 30 40 30 76 68 46 85 23 17 85 19 20 90 20 61 46 32 49 55 99 46 72 33 26 29 28 80 21 26 30 50 41 30 37 95 56 82 33 89 40 100 63 17 86 20 15 31 71 32 30 20 39 37 16 81 70 90 31 26 75 19 87 33 78 50 72 85 47 91 36 50 29 37 79 23 48 23 100 50 25 
27 53 46 92 67 71 22 78 79 18 61 18 70 72 34 88 72 80 39 68 69 43 40 26 20 55 89 78 94 54 54 41 96 13 32 84 66 59 80 68 56 48 24 27 81 66 90 38 46 33 47 34 24 63 31 89 27 10 83 30 77 29 49 18 79 35 20 86 47 97 62 62 98 83 58 43 82 98 77 72 48 63 70 51 32 22 38 41 32 98 93 35 80 12 32 83 61 60 35 92 12 
35 48 67 12 51 20 86 51 83 34 43 20 47 21 57 21 94 80 53 95 10 39 34 99 31 62 84 48 94 57 64 84 40 70 76 93 49 11 47 15 51 29 68 66 79 62 12 92 49 18 66 79 16 97 52 76 54 92 23 47 91 10 53 14 52 76 59 69 11 33 62 18 54 60 40 77 16 14 98 21 68 96 100 73 12 73 91 20 37 56 87 98 92 54 62 42 92 46 51 37 88 
28 29 19 94 98 31 25 72 45 72 86 37 49 98 13 21 99 54 73 25 22 53 48 56 35 39 55 51 63 38 85 67 41 27 25 14 60 64 31 94 18 72 34 57 99 50 73 61 57 32 66 39 56 90 24 83 65 19 82 27 31 58 70 98 46 44 44 68 15 34 30 67 11 18 62 98 99 71 33 26 14 59 19 95 78 39 35 50 56 76 21 36 33 48 23 83 14 65 82 27 77 
33 11 12 18 86 92 20 38 93 37 66 60 94 11 44 98 77 39 64 48 60 84 61 100 22 44 25 82 18 68 25 99 15 70 78 19 89 90 96 30 51 72 11 87 43 43 16 13 69 69 42 16 64 62 79 44 52 69 18 55 94 25 94 72 29 36 71 14 40 37 68 86 88 36 50 81 36 44 54 88 92 78 78 24 83 99 72 96 95 54 33 63 50 21 45 90 17 15 56 74 54 
33 28 32 84 16 19 43 60 51 88 73 97 58 99 52 82 25 57 55 93 33 66 44 81 74 83 89 48 52 90 31 15 55 17 52 18 31 31 70 22 59 82 32 61 40 18 61 48 86 63 10 48 92 84 80 91 34 87 78 100 16 96 39 36 71 18 32 73 27 51 43 94 12 27 69 19 74 18 75 11 35 95 96 72 46 21 21 62 93 58 70 89 74 64 97 33 45 79 17 66 54 
36 11 86 91 90 90 67 33 38 12 43 38 11 93 64 68 25 53 68 85 30 77 60 27 92 12 17 71 75 95 19 45 29 41 11 72 44 33 93 29 28 43 90 52 85 63 91 52 50 75 57 55 63 75 10 63 79 88 100 12 93 81 71 38 62 16 39 97 43 43 82 30 76 42 93 96 83 81 89 45 43 27 18 50 18 43 75 38 33 51 34 27 85 61 84 27 25 43 93 61 74 
