Node_1 Node_2 Capacity_node1 Capacity_node2 Latency_arc node_cost
nb_nodes 100
nb_arcs 4896
0 5 3 1 7 933
0 7 3 3 2 933
0 10 3 2 9 933
0 11 3 4 22 933
0 14 3 3 24 933
0 15 3 2 21 933
0 16 3 4 12 933
0 18 3 2 6 933
0 20 3 1 18 933
0 24 3 1 4 933
0 26 3 4 21 933
0 28 3 2 9 933
0 31 3 3 24 933
0 32 3 1 8 933
0 33 3 2 12 933
0 36 3 4 22 933
0 40 3 3 18 933
0 41 3 1 20 933
0 43 3 3 2 933
0 46 3 1 25 933
0 47 3 3 14 933
0 50 3 1 16 933
0 57 3 4 6 933
0 58 3 4 18 933
0 59 3 3 4 933
0 61 3 3 9 933
0 67 3 1 20 933
0 71 3 1 8 933
0 73 3 2 12 933
0 74 3 1 10 933
0 78 3 3 23 933
0 79 3 2 20 933
0 81 3 4 7 933
0 82 3 4 22 933
0 84 3 4 25 933
0 85 3 3 10 933
0 87 3 1 2 933
0 88 3 4 11 933
0 89 3 2 3 933
0 90 3 2 21 933
0 91 3 2 21 933
0 92 3 2 22 933
0 95 3 1 19 933
1 2 3 1 23 793
1 8 3 3 7 793
1 9 3 4 10 793
1 10 3 2 13 793
1 12 3 3 16 793
1 15 3 2 13 793
1 16 3 4 12 793
1 17 3 3 16 793
1 18 3 2 2 793
1 20 3 1 17 793
1 21 3 2 7 793
1 22 3 1 6 793
1 23 3 2 11 793
1 24 3 1 2 793
1 28 3 2 1 793
1 32 3 1 24 793
1 33 3 2 14 793
1 34 3 1 24 793
1 37 3 3 19 793
1 40 3 3 8 793
1 41 3 1 18 793
1 43 3 3 25 793
1 44 3 3 4 793
1 46 3 1 17 793
1 47 3 3 7 793
1 49 3 4 17 793
1 50 3 1 11 793
1 52 3 2 21 793
1 53 3 3 15 793
1 55 3 4 22 793
1 56 3 3 4 793
1 58 3 4 1 793
1 59 3 3 1 793
1 61 3 3 13 793
1 64 3 4 6 793
1 65 3 1 2 793
1 66 3 2 2 793
1 67 3 1 10 793
1 68 3 1 9 793
1 69 3 2 16 793
1 70 3 3 8 793
1 72 3 4 7 793
1 73 3 2 2 793
1 76 3 3 9 793
1 77 3 2 21 793
1 78 3 3 6 793
1 79 3 2 2 793
1 80 3 2 9 793
1 82 3 4 20 793
1 84 3 4 14 793
1 85 3 3 9 793
1 86 3 2 13 793
1 87 3 1 23 793
1 92 3 2 6 793
1 93 3 4 5 793
1 94 3 2 11 793
1 96 3 1 18 793
1 97 3 1 3 793
1 98 3 3 14 793
1 99 3 3 11 793
2 1 1 3 23 439
2 3 1 3 22 439
2 9 1 4 19 439
2 10 1 2 13 439
2 14 1 3 18 439
2 20 1 1 11 439
2 22 1 1 7 439
2 23 1 2 19 439
2 24 1 1 17 439
2 26 1 4 16 439
2 27 1 1 12 439
2 28 1 2 7 439
2 29 1 3 11 439
2 30 1 3 18 439
2 31 1 3 14 439
2 32 1 1 16 439
2 36 1 4 25 439
2 37 1 3 9 439
2 39 1 1 15 439
2 40 1 3 16 439
2 45 1 4 23 439
2 46 1 1 21 439
2 47 1 3 24 439
2 48 1 2 23 439
2 50 1 1 25 439
2 52 1 2 25 439
2 53 1 3 3 439
2 57 1 4 21 439
2 59 1 3 2 439
2 61 1 3 10 439
2 62 1 2 15 439
2 66 1 2 22 439
2 68 1 1 17 439
2 69 1 2 20 439
2 70 1 3 11 439
2 71 1 1 7 439
2 72 1 4 6 439
2 73 1 2 3 439
2 76 1 3 12 439
2 81 1 4 21 439
2 82 1 4 10 439
2 85 1 3 2 439
2 88 1 4 3 439
2 90 1 2 19 439
2 91 1 2 9 439
2 94 1 2 17 439
2 96 1 1 22 439
2 98 1 3 10 439
2 99 1 3 22 439
3 2 3 1 22 852
3 4 3 4 14 852
3 5 3 1 5 852
3 6 3 1 12 852
3 7 3 3 23 852
3 9 3 4 10 852
3 10 3 2 18 852
3 12 3 3 21 852
3 14 3 3 11 852
3 19 3 2 1 852
3 20 3 1 1 852
3 23 3 2 2 852
3 25 3 3 19 852
3 26 3 4 12 852
3 28 3 2 19 852
3 30 3 3 4 852
3 32 3 1 7 852
3 33 3 2 2 852
3 35 3 4 4 852
3 36 3 4 18 852
3 38 3 1 3 852
3 41 3 1 12 852
3 42 3 2 16 852
3 43 3 3 19 852
3 44 3 3 8 852
3 46 3 1 25 852
3 52 3 2 1 852
3 54 3 2 1 852
3 56 3 3 3 852
3 57 3 4 14 852
3 58 3 4 6 852
3 60 3 3 2 852
3 62 3 2 7 852
3 63 3 3 21 852
3 66 3 2 12 852
3 67 3 1 14 852
3 68 3 1 19 852
3 69 3 2 12 852
3 70 3 3 20 852
3 72 3 4 23 852
3 75 3 4 4 852
3 77 3 2 10 852
3 78 3 3 12 852
3 83 3 4 8 852
3 85 3 3 6 852
3 86 3 2 17 852
3 87 3 1 10 852
3 91 3 2 24 852
3 92 3 2 18 852
3 94 3 2 7 852
3 96 3 1 3 852
3 98 3 3 19 852
3 99 3 3 4 852
4 3 4 3 14 603
4 7 4 3 12 603
4 8 4 3 21 603
4 9 4 4 24 603
4 10 4 2 16 603
4 11 4 4 19 603
4 16 4 4 10 603
4 17 4 3 8 603
4 19 4 2 10 603
4 21 4 2 17 603
4 23 4 2 10 603
4 24 4 1 19 603
4 25 4 3 15 603
4 28 4 2 20 603
4 29 4 3 14 603
4 33 4 2 4 603
4 34 4 1 5 603
4 37 4 3 1 603
4 38 4 1 11 603
4 39 4 1 25 603
4 40 4 3 12 603
4 42 4 2 19 603
4 45 4 4 8 603
4 49 4 4 21 603
4 50 4 1 12 603
4 52 4 2 3 603
4 55 4 4 4 603
4 56 4 3 9 603
4 60 4 3 12 603
4 61 4 3 18 603
4 62 4 2 19 603
4 65 4 1 17 603
4 67 4 1 17 603
4 68 4 1 15 603
4 71 4 1 8 603
4 73 4 2 20 603
4 76 4 3 13 603
4 78 4 3 23 603
4 80 4 2 9 603
4 81 4 4 10 603
4 82 4 4 21 603
4 83 4 4 13 603
4 85 4 3 9 603
4 90 4 2 9 603
4 92 4 2 13 603
4 93 4 4 16 603
4 94 4 2 24 603
4 95 4 1 7 603
4 97 4 1 6 603
4 98 4 3 17 603
5 0 1 3 7 512
5 3 1 3 5 512
5 7 1 3 8 512
5 8 1 3 16 512
5 9 1 4 7 512
5 10 1 2 18 512
5 14 1 3 10 512
5 15 1 2 8 512
5 16 1 4 2 512
5 17 1 3 2 512
5 25 1 3 15 512
5 26 1 4 3 512
5 27 1 1 15 512
5 31 1 3 12 512
5 33 1 2 13 512
5 34 1 1 7 512
5 35 1 4 23 512
5 39 1 1 16 512
5 41 1 1 13 512
5 42 1 2 11 512
5 43 1 3 14 512
5 44 1 3 24 512
5 46 1 1 3 512
5 48 1 2 8 512
5 49 1 4 13 512
5 50 1 1 15 512
5 52 1 2 25 512
5 56 1 3 20 512
5 57 1 4 3 512
5 58 1 4 13 512
5 59 1 3 17 512
5 63 1 3 19 512
5 64 1 4 19 512
5 67 1 1 7 512
5 68 1 1 9 512
5 69 1 2 20 512
5 73 1 2 22 512
5 77 1 2 9 512
5 78 1 3 19 512
5 81 1 4 2 512
5 83 1 4 2 512
5 85 1 3 23 512
5 89 1 2 1 512
5 91 1 2 13 512
5 93 1 4 18 512
5 95 1 1 15 512
5 96 1 1 2 512
5 97 1 1 1 512
5 98 1 3 9 512
5 99 1 3 2 512
6 3 1 3 12 505
6 7 1 3 25 505
6 10 1 2 3 505
6 14 1 3 3 505
6 15 1 2 24 505
6 16 1 4 11 505
6 17 1 3 21 505
6 18 1 2 18 505
6 20 1 1 22 505
6 22 1 1 18 505
6 23 1 2 5 505
6 26 1 4 19 505
6 31 1 3 6 505
6 32 1 1 24 505
6 35 1 4 11 505
6 36 1 4 21 505
6 37 1 3 16 505
6 38 1 1 18 505
6 42 1 2 3 505
6 43 1 3 5 505
6 44 1 3 4 505
6 46 1 1 3 505
6 48 1 2 20 505
6 49 1 4 10 505
6 52 1 2 13 505
6 53 1 3 17 505
6 54 1 2 6 505
6 55 1 4 10 505
6 60 1 3 15 505
6 62 1 2 4 505
6 65 1 1 23 505
6 66 1 2 2 505
6 67 1 1 25 505
6 70 1 3 2 505
6 71 1 1 16 505
6 72 1 4 18 505
6 81 1 4 16 505
6 93 1 4 10 505
6 94 1 2 1 505
6 95 1 1 24 505
6 96 1 1 21 505
6 97 1 1 14 505
7 0 3 3 2 737
7 3 3 3 23 737
7 4 3 4 12 737
7 5 3 1 8 737
7 6 3 1 25 737
7 8 3 3 25 737
7 9 3 4 1 737
7 11 3 4 12 737
7 12 3 3 19 737
7 15 3 2 2 737
7 16 3 4 15 737
7 19 3 2 4 737
7 23 3 2 11 737
7 24 3 1 8 737
7 26 3 4 24 737
7 27 3 1 1 737
7 28 3 2 4 737
7 30 3 3 6 737
7 31 3 3 10 737
7 34 3 1 11 737
7 35 3 4 15 737
7 38 3 1 10 737
7 43 3 3 19 737
7 47 3 3 20 737
7 51 3 1 11 737
7 53 3 3 19 737
7 54 3 2 20 737
7 55 3 4 18 737
7 58 3 4 18 737
7 59 3 3 17 737
7 61 3 3 20 737
7 62 3 2 6 737
7 63 3 3 12 737
7 65 3 1 4 737
7 66 3 2 12 737
7 67 3 1 11 737
7 68 3 1 13 737
7 70 3 3 22 737
7 71 3 1 5 737
7 73 3 2 3 737
7 74 3 1 23 737
7 75 3 4 22 737
7 76 3 3 11 737
7 78 3 3 1 737
7 80 3 2 6 737
7 85 3 3 16 737
7 86 3 2 19 737
7 89 3 2 6 737
7 90 3 2 7 737
7 91 3 2 15 737
7 95 3 1 15 737
7 97 3 1 4 737
7 98 3 3 15 737
7 99 3 3 2 737
8 1 3 3 7 877
8 4 3 4 21 877
8 5 3 1 16 877
8 7 3 3 25 877
8 10 3 2 11 877
8 11 3 4 18 877
8 12 3 3 3 877
8 13 3 3 22 877
8 15 3 2 4 877
8 17 3 3 17 877
8 18 3 2 11 877
8 20 3 1 3 877
8 22 3 1 19 877
8 24 3 1 25 877
8 25 3 3 21 877
8 27 3 1 3 877
8 28 3 2 6 877
8 31 3 3 16 877
8 34 3 1 2 877
8 35 3 4 13 877
8 36 3 4 12 877
8 39 3 1 25 877
8 41 3 1 10 877
8 42 3 2 4 877
8 46 3 1 19 877
8 47 3 3 8 877
8 50 3 1 20 877
8 51 3 1 7 877
8 55 3 4 2 877
8 56 3 3 14 877
8 57 3 4 6 877
8 58 3 4 12 877
8 62 3 2 1 877
8 65 3 1 9 877
8 68 3 1 22 877
8 69 3 2 7 877
8 70 3 3 8 877
8 71 3 1 20 877
8 73 3 2 6 877
8 74 3 1 15 877
8 75 3 4 20 877
8 81 3 4 21 877
8 82 3 4 22 877
8 85 3 3 24 877
8 86 3 2 11 877
8 87 3 1 6 877
8 89 3 2 11 877
8 93 3 4 1 877
8 95 3 1 23 877
8 99 3 3 11 877
9 1 4 3 10 869
9 2 4 1 19 869
9 3 4 3 10 869
9 4 4 4 24 869
9 5 4 1 7 869
9 7 4 3 1 869
9 10 4 2 18 869
9 18 4 2 8 869
9 19 4 2 15 869
9 20 4 1 18 869
9 25 4 3 7 869
9 26 4 4 2 869
9 31 4 3 9 869
9 32 4 1 18 869
9 35 4 4 1 869
9 37 4 3 15 869
9 38 4 1 6 869
9 40 4 3 20 869
9 42 4 2 12 869
9 43 4 3 25 869
9 44 4 3 21 869
9 45 4 4 22 869
9 47 4 3 1 869
9 49 4 4 22 869
9 50 4 1 16 869
9 51 4 1 3 869
9 52 4 2 4 869
9 56 4 3 13 869
9 57 4 4 1 869
9 60 4 3 25 869
9 61 4 3 16 869
9 65 4 1 2 869
9 66 4 2 6 869
9 68 4 1 7 869
9 69 4 2 4 869
9 76 4 3 9 869
9 77 4 2 2 869
9 81 4 4 7 869
9 82 4 4 19 869
9 85 4 3 7 869
9 86 4 2 15 869
9 90 4 2 8 869
9 91 4 2 17 869
9 94 4 2 17 869
9 96 4 1 23 869
9 97 4 1 25 869
10 0 2 3 9 644
10 1 2 3 13 644
10 2 2 1 13 644
10 3 2 3 18 644
10 4 2 4 16 644
10 5 2 1 18 644
10 6 2 1 3 644
10 8 2 3 11 644
10 9 2 4 18 644
10 12 2 3 17 644
10 15 2 2 20 644
10 17 2 3 21 644
10 19 2 2 18 644
10 20 2 1 22 644
10 22 2 1 10 644
10 24 2 1 13 644
10 25 2 3 16 644
10 27 2 1 12 644
10 29 2 3 6 644
10 31 2 3 18 644
10 32 2 1 10 644
10 33 2 2 13 644
10 34 2 1 17 644
10 35 2 4 18 644
10 37 2 3 6 644
10 42 2 2 25 644
10 43 2 3 9 644
10 44 2 3 5 644
10 45 2 4 24 644
10 46 2 1 15 644
10 47 2 3 16 644
10 48 2 2 6 644
10 51 2 1 19 644
10 52 2 2 1 644
10 55 2 4 2 644
10 56 2 3 18 644
10 58 2 4 1 644
10 60 2 3 5 644
10 65 2 1 11 644
10 66 2 2 14 644
10 67 2 1 25 644
10 68 2 1 5 644
10 73 2 2 24 644
10 75 2 4 6 644
10 76 2 3 24 644
10 77 2 2 18 644
10 78 2 3 22 644
10 81 2 4 2 644
10 85 2 3 15 644
10 89 2 2 14 644
10 93 2 4 19 644
10 98 2 3 4 644
10 99 2 3 14 644
11 0 4 3 22 622
11 4 4 4 19 622
11 7 4 3 12 622
11 8 4 3 18 622
11 13 4 3 5 622
11 16 4 4 6 622
11 17 4 3 22 622
11 18 4 2 14 622
11 21 4 2 18 622
11 22 4 1 19 622
11 25 4 3 22 622
11 29 4 3 14 622
11 31 4 3 9 622
11 32 4 1 23 622
11 33 4 2 21 622
11 34 4 1 1 622
11 35 4 4 8 622
11 36 4 4 3 622
11 37 4 3 6 622
11 40 4 3 3 622
11 42 4 2 5 622
11 43 4 3 20 622
11 44 4 3 3 622
11 46 4 1 17 622
11 47 4 3 2 622
11 48 4 2 18 622
11 52 4 2 19 622
11 56 4 3 1 622
11 58 4 4 13 622
11 59 4 3 4 622
11 62 4 2 15 622
11 65 4 1 18 622
11 67 4 1 21 622
11 68 4 1 15 622
11 71 4 1 24 622
11 72 4 4 25 622
11 75 4 4 14 622
11 76 4 3 13 622
11 77 4 2 23 622
11 78 4 3 7 622
11 83 4 4 14 622
11 86 4 2 4 622
11 91 4 2 7 622
11 93 4 4 8 622
11 98 4 3 8 622
11 99 4 3 9 622
12 1 3 3 16 623
12 3 3 3 21 623
12 7 3 3 19 623
12 8 3 3 3 623
12 10 3 2 17 623
12 13 3 3 18 623
12 15 3 2 16 623
12 18 3 2 24 623
12 21 3 2 13 623
12 22 3 1 10 623
12 23 3 2 5 623
12 24 3 1 22 623
12 25 3 3 1 623
12 26 3 4 19 623
12 29 3 3 7 623
12 30 3 3 16 623
12 31 3 3 7 623
12 33 3 2 23 623
12 41 3 1 5 623
12 44 3 3 17 623
12 46 3 1 21 623
12 47 3 3 2 623
12 50 3 1 17 623
12 52 3 2 7 623
12 53 3 3 12 623
12 54 3 2 18 623
12 55 3 4 23 623
12 56 3 3 12 623
12 58 3 4 24 623
12 59 3 3 7 623
12 60 3 3 10 623
12 63 3 3 21 623
12 64 3 4 8 623
12 66 3 2 7 623
12 69 3 2 24 623
12 72 3 4 21 623
12 73 3 2 23 623
12 74 3 1 2 623
12 77 3 2 24 623
12 79 3 2 13 623
12 80 3 2 2 623
12 81 3 4 5 623
12 83 3 4 12 623
12 85 3 3 3 623
12 89 3 2 2 623
12 92 3 2 16 623
12 94 3 2 22 623
13 8 3 3 22 680
13 11 3 4 5 680
13 12 3 3 18 680
13 15 3 2 6 680
13 17 3 3 2 680
13 18 3 2 20 680
13 19 3 2 7 680
13 21 3 2 5 680
13 23 3 2 5 680
13 24 3 1 22 680
13 25 3 3 18 680
13 26 3 4 8 680
13 27 3 1 1 680
13 28 3 2 18 680
13 32 3 1 6 680
13 33 3 2 8 680
13 34 3 1 4 680
13 39 3 1 21 680
13 41 3 1 10 680
13 42 3 2 23 680
13 46 3 1 19 680
13 47 3 3 7 680
13 50 3 1 4 680
13 52 3 2 7 680
13 53 3 3 21 680
13 54 3 2 16 680
13 57 3 4 4 680
13 58 3 4 17 680
13 59 3 3 10 680
13 63 3 3 9 680
13 65 3 1 6 680
13 68 3 1 11 680
13 69 3 2 21 680
13 70 3 3 13 680
13 79 3 2 7 680
13 83 3 4 1 680
13 84 3 4 25 680
13 85 3 3 8 680
13 87 3 1 23 680
13 89 3 2 10 680
13 92 3 2 25 680
13 93 3 4 3 680
13 94 3 2 7 680
13 96 3 1 20 680
13 98 3 3 17 680
14 0 3 3 24 414
14 2 3 1 18 414
14 3 3 3 11 414
14 5 3 1 10 414
14 6 3 1 3 414
14 15 3 2 8 414
14 16 3 4 5 414
14 19 3 2 24 414
14 20 3 1 19 414
14 21 3 2 11 414
14 27 3 1 19 414
14 28 3 2 14 414
14 29 3 3 5 414
14 30 3 3 20 414
14 31 3 3 9 414
14 33 3 2 21 414
14 35 3 4 10 414
14 36 3 4 17 414
14 40 3 3 15 414
14 41 3 1 23 414
14 47 3 3 25 414
14 49 3 4 6 414
14 50 3 1 20 414
14 51 3 1 11 414
14 54 3 2 3 414
14 56 3 3 11 414
14 58 3 4 13 414
14 60 3 3 23 414
14 61 3 3 22 414
14 67 3 1 23 414
14 71 3 1 10 414
14 72 3 4 10 414
14 73 3 2 6 414
14 76 3 3 16 414
14 77 3 2 23 414
14 78 3 3 16 414
14 79 3 2 22 414
14 80 3 2 6 414
14 81 3 4 7 414
14 84 3 4 8 414
14 86 3 2 16 414
14 87 3 1 3 414
14 88 3 4 8 414
14 89 3 2 8 414
14 91 3 2 16 414
14 94 3 2 6 414
14 95 3 1 20 414
14 99 3 3 4 414
15 0 2 3 21 568
15 1 2 3 13 568
15 5 2 1 8 568
15 6 2 1 24 568
15 7 2 3 2 568
15 8 2 3 4 568
15 10 2 2 20 568
15 12 2 3 16 568
15 13 2 3 6 568
15 14 2 3 8 568
15 20 2 1 22 568
15 21 2 2 14 568
15 24 2 1 15 568
15 25 2 3 24 568
15 26 2 4 13 568
15 28 2 2 18 568
15 31 2 3 20 568
15 32 2 1 6 568
15 33 2 2 23 568
15 35 2 4 11 568
15 36 2 4 16 568
15 39 2 1 15 568
15 40 2 3 4 568
15 41 2 1 13 568
15 43 2 3 2 568
15 44 2 3 17 568
15 46 2 1 16 568
15 47 2 3 20 568
15 48 2 2 7 568
15 51 2 1 9 568
15 54 2 2 2 568
15 56 2 3 18 568
15 57 2 4 19 568
15 59 2 3 17 568
15 63 2 3 8 568
15 64 2 4 13 568
15 66 2 2 24 568
15 67 2 1 2 568
15 72 2 4 17 568
15 77 2 2 25 568
15 79 2 2 24 568
15 80 2 2 4 568
15 81 2 4 16 568
15 83 2 4 23 568
15 85 2 3 23 568
15 89 2 2 25 568
15 90 2 2 17 568
15 91 2 2 5 568
15 93 2 4 8 568
15 95 2 1 1 568
15 96 2 1 17 568
15 97 2 1 24 568
16 0 4 3 12 736
16 1 4 3 12 736
16 4 4 4 10 736
16 5 4 1 2 736
16 6 4 1 11 736
16 7 4 3 15 736
16 11 4 4 6 736
16 14 4 3 5 736
16 17 4 3 16 736
16 18 4 2 7 736
16 20 4 1 6 736
16 21 4 2 23 736
16 22 4 1 18 736
16 23 4 2 6 736
16 25 4 3 24 736
16 28 4 2 21 736
16 31 4 3 9 736
16 32 4 1 21 736
16 34 4 1 23 736
16 35 4 4 25 736
16 36 4 4 6 736
16 37 4 3 12 736
16 38 4 1 16 736
16 40 4 3 16 736
16 41 4 1 18 736
16 42 4 2 2 736
16 48 4 2 9 736
16 50 4 1 5 736
16 53 4 3 21 736
16 56 4 3 19 736
16 58 4 4 17 736
16 60 4 3 13 736
16 61 4 3 7 736
16 64 4 4 13 736
16 67 4 1 2 736
16 68 4 1 8 736
16 69 4 2 9 736
16 70 4 3 13 736
16 71 4 1 12 736
16 73 4 2 18 736
16 77 4 2 20 736
16 79 4 2 7 736
16 80 4 2 17 736
16 82 4 4 3 736
16 83 4 4 10 736
16 85 4 3 3 736
16 87 4 1 22 736
16 93 4 4 7 736
16 94 4 2 18 736
17 1 3 3 16 827
17 4 3 4 8 827
17 5 3 1 2 827
17 6 3 1 21 827
17 8 3 3 17 827
17 10 3 2 21 827
17 11 3 4 22 827
17 13 3 3 2 827
17 16 3 4 16 827
17 19 3 2 23 827
17 23 3 2 25 827
17 25 3 3 17 827
17 27 3 1 13 827
17 28 3 2 12 827
17 32 3 1 14 827
17 36 3 4 19 827
17 38 3 1 21 827
17 40 3 3 9 827
17 42 3 2 1 827
17 44 3 3 18 827
17 47 3 3 8 827
17 50 3 1 9 827
17 51 3 1 19 827
17 55 3 4 17 827
17 57 3 4 22 827
17 62 3 2 18 827
17 66 3 2 8 827
17 67 3 1 1 827
17 68 3 1 11 827
17 69 3 2 18 827
17 70 3 3 21 827
17 71 3 1 4 827
17 72 3 4 6 827
17 73 3 2 5 827
17 74 3 1 4 827
17 75 3 4 20 827
17 76 3 3 14 827
17 77 3 2 9 827
17 80 3 2 10 827
17 81 3 4 18 827
17 83 3 4 9 827
17 84 3 4 18 827
17 90 3 2 22 827
17 91 3 2 16 827
17 92 3 2 16 827
17 93 3 4 21 827
17 95 3 1 15 827
17 97 3 1 16 827
17 99 3 3 5 827
18 0 2 3 6 694
18 1 2 3 2 694
18 6 2 1 18 694
18 8 2 3 11 694
18 9 2 4 8 694
18 11 2 4 14 694
18 12 2 3 24 694
18 13 2 3 20 694
18 16 2 4 7 694
18 21 2 2 6 694
18 23 2 2 9 694
18 24 2 1 12 694
18 25 2 3 13 694
18 26 2 4 7 694
18 27 2 1 3 694
18 29 2 3 21 694
18 31 2 3 1 694
18 32 2 1 24 694
18 34 2 1 23 694
18 36 2 4 24 694
18 39 2 1 23 694
18 40 2 3 12 694
18 46 2 1 5 694
18 47 2 3 2 694
18 48 2 2 12 694
18 49 2 4 25 694
18 50 2 1 19 694
18 52 2 2 3 694
18 53 2 3 14 694
18 55 2 4 5 694
18 57 2 4 4 694
18 59 2 3 22 694
18 60 2 3 6 694
18 62 2 2 21 694
18 64 2 4 21 694
18 67 2 1 4 694
18 69 2 2 25 694
18 70 2 3 9 694
18 76 2 3 15 694
18 77 2 2 9 694
18 79 2 2 18 694
18 80 2 2 24 694
18 82 2 4 8 694
18 84 2 4 12 694
18 85 2 3 6 694
18 87 2 1 18 694
18 88 2 4 11 694
18 89 2 2 6 694
18 90 2 2 2 694
18 91 2 2 12 694
18 93 2 4 16 694
18 94 2 2 14 694
18 96 2 1 22 694
18 97 2 1 19 694
18 98 2 3 17 694
18 99 2 3 24 694
19 3 2 3 1 167
19 4 2 4 10 167
19 7 2 3 4 167
19 9 2 4 15 167
19 10 2 2 18 167
19 13 2 3 7 167
19 14 2 3 24 167
19 17 2 3 23 167
19 21 2 2 16 167
19 24 2 1 13 167
19 25 2 3 1 167
19 28 2 2 4 167
19 29 2 3 19 167
19 30 2 3 17 167
19 34 2 1 5 167
19 36 2 4 6 167
19 37 2 3 10 167
19 38 2 1 13 167
19 41 2 1 23 167
19 43 2 3 10 167
19 44 2 3 8 167
19 48 2 2 24 167
19 49 2 4 11 167
19 53 2 3 10 167
19 54 2 2 24 167
19 55 2 4 13 167
19 57 2 4 11 167
19 60 2 3 20 167
19 63 2 3 25 167
19 66 2 2 22 167
19 68 2 1 20 167
19 70 2 3 15 167
19 74 2 1 24 167
19 76 2 3 8 167
19 77 2 2 7 167
19 80 2 2 14 167
19 81 2 4 25 167
19 82 2 4 19 167
19 84 2 4 17 167
19 85 2 3 22 167
19 88 2 4 9 167
19 89 2 2 18 167
19 90 2 2 24 167
19 92 2 2 22 167
19 93 2 4 3 167
19 95 2 1 25 167
19 98 2 3 13 167
20 0 1 3 18 812
20 1 1 3 17 812
20 2 1 1 11 812
20 3 1 3 1 812
20 6 1 1 22 812
20 8 1 3 3 812
20 9 1 4 18 812
20 10 1 2 22 812
20 14 1 3 19 812
20 15 1 2 22 812
20 16 1 4 6 812
20 21 1 2 15 812
20 22 1 1 20 812
20 23 1 2 6 812
20 27 1 1 13 812
20 28 1 2 3 812
20 29 1 3 22 812
20 32 1 1 23 812
20 34 1 1 25 812
20 36 1 4 21 812
20 37 1 3 24 812
20 41 1 1 14 812
20 46 1 1 15 812
20 49 1 4 22 812
20 52 1 2 1 812
20 53 1 3 14 812
20 58 1 4 17 812
20 59 1 3 22 812
20 62 1 2 3 812
20 63 1 3 2 812
20 64 1 4 24 812
20 67 1 1 4 812
20 68 1 1 2 812
20 70 1 3 4 812
20 73 1 2 13 812
20 74 1 1 22 812
20 75 1 4 25 812
20 76 1 3 17 812
20 79 1 2 13 812
20 81 1 4 16 812
20 84 1 4 11 812
20 86 1 2 21 812
20 89 1 2 17 812
20 91 1 2 8 812
20 93 1 4 19 812
20 94 1 2 10 812
20 96 1 1 12 812
20 99 1 3 18 812
21 1 2 3 7 704
21 4 2 4 17 704
21 11 2 4 18 704
21 12 2 3 13 704
21 13 2 3 5 704
21 14 2 3 11 704
21 15 2 2 14 704
21 16 2 4 23 704
21 18 2 2 6 704
21 19 2 2 16 704
21 20 2 1 15 704
21 22 2 1 14 704
21 26 2 4 3 704
21 30 2 3 15 704
21 35 2 4 17 704
21 38 2 1 22 704
21 41 2 1 14 704
21 43 2 3 25 704
21 46 2 1 24 704
21 47 2 3 11 704
21 48 2 2 21 704
21 51 2 1 14 704
21 52 2 2 15 704
21 53 2 3 7 704
21 54 2 2 10 704
21 55 2 4 4 704
21 56 2 3 25 704
21 59 2 3 3 704
21 61 2 3 1 704
21 65 2 1 13 704
21 66 2 2 14 704
21 68 2 1 22 704
21 69 2 2 18 704
21 70 2 3 10 704
21 71 2 1 9 704
21 74 2 1 7 704
21 77 2 2 25 704
21 78 2 3 5 704
21 79 2 2 18 704
21 81 2 4 22 704
21 84 2 4 17 704
21 85 2 3 23 704
21 87 2 1 14 704
21 88 2 4 15 704
21 89 2 2 14 704
21 90 2 2 8 704
21 93 2 4 25 704
21 94 2 2 24 704
21 97 2 1 20 704
21 98 2 3 19 704
21 99 2 3 16 704
22 1 1 3 6 756
22 2 1 1 7 756
22 6 1 1 18 756
22 8 1 3 19 756
22 10 1 2 10 756
22 11 1 4 19 756
22 12 1 3 10 756
22 16 1 4 18 756
22 20 1 1 20 756
22 21 1 2 14 756
22 24 1 1 18 756
22 25 1 3 22 756
22 26 1 4 1 756
22 27 1 1 14 756
22 33 1 2 5 756
22 34 1 1 22 756
22 35 1 4 21 756
22 36 1 4 6 756
22 37 1 3 7 756
22 40 1 3 24 756
22 44 1 3 13 756
22 46 1 1 6 756
22 47 1 3 6 756
22 49 1 4 13 756
22 50 1 1 2 756
22 51 1 1 24 756
22 52 1 2 12 756
22 54 1 2 18 756
22 55 1 4 25 756
22 56 1 3 14 756
22 58 1 4 9 756
22 59 1 3 25 756
22 60 1 3 25 756
22 61 1 3 15 756
22 63 1 3 19 756
22 65 1 1 1 756
22 66 1 2 11 756
22 72 1 4 12 756
22 74 1 1 8 756
22 75 1 4 11 756
22 76 1 3 20 756
22 80 1 2 18 756
22 87 1 1 3 756
22 88 1 4 3 756
22 90 1 2 24 756
22 91 1 2 13 756
22 93 1 4 24 756
22 94 1 2 17 756
22 95 1 1 8 756
22 96 1 1 10 756
22 97 1 1 5 756
22 98 1 3 22 756
22 99 1 3 4 756
23 1 2 3 11 276
23 2 2 1 19 276
23 3 2 3 2 276
23 4 2 4 10 276
23 6 2 1 5 276
23 7 2 3 11 276
23 12 2 3 5 276
23 13 2 3 5 276
23 16 2 4 6 276
23 17 2 3 25 276
23 18 2 2 9 276
23 20 2 1 6 276
23 24 2 1 6 276
23 27 2 1 15 276
23 31 2 3 20 276
23 34 2 1 10 276
23 38 2 1 24 276
23 40 2 3 25 276
23 44 2 3 6 276
23 46 2 1 19 276
23 47 2 3 16 276
23 49 2 4 14 276
23 58 2 4 8 276
23 60 2 3 7 276
23 63 2 3 14 276
23 64 2 4 16 276
23 65 2 1 13 276
23 67 2 1 24 276
23 68 2 1 11 276
23 70 2 3 23 276
23 72 2 4 12 276
23 80 2 2 4 276
23 81 2 4 8 276
23 82 2 4 10 276
23 88 2 4 23 276
23 90 2 2 20 276
23 91 2 2 10 276
23 92 2 2 25 276
23 95 2 1 21 276
23 96 2 1 12 276
24 0 1 3 4 496
24 1 1 3 2 496
24 2 1 1 17 496
24 4 1 4 19 496
24 7 1 3 8 496
24 8 1 3 25 496
24 10 1 2 13 496
24 12 1 3 22 496
24 13 1 3 22 496
24 15 1 2 15 496
24 18 1 2 12 496
24 19 1 2 13 496
24 22 1 1 18 496
24 23 1 2 6 496
24 33 1 2 25 496
24 34 1 1 14 496
24 37 1 3 21 496
24 39 1 1 10 496
24 43 1 3 4 496
24 45 1 4 12 496
24 46 1 1 21 496
24 47 1 3 8 496
24 49 1 4 8 496
24 54 1 2 25 496
24 55 1 4 3 496
24 57 1 4 14 496
24 58 1 4 1 496
24 60 1 3 20 496
24 65 1 1 21 496
24 69 1 2 4 496
24 70 1 3 16 496
24 73 1 2 10 496
24 74 1 1 9 496
24 78 1 3 15 496
24 83 1 4 3 496
24 84 1 4 4 496
24 91 1 2 1 496
24 92 1 2 22 496
24 94 1 2 5 496
24 96 1 1 9 496
24 97 1 1 20 496
24 98 1 3 16 496
25 3 3 3 19 845
25 4 3 4 15 845
25 5 3 1 15 845
25 8 3 3 21 845
25 9 3 4 7 845
25 10 3 2 16 845
25 11 3 4 22 845
25 12 3 3 1 845
25 13 3 3 18 845
25 15 3 2 24 845
25 16 3 4 24 845
25 17 3 3 17 845
25 18 3 2 13 845
25 19 3 2 1 845
25 22 3 1 22 845
25 26 3 4 7 845
25 28 3 2 21 845
25 30 3 3 21 845
25 32 3 1 21 845
25 36 3 4 22 845
25 37 3 3 23 845
25 39 3 1 1 845
25 43 3 3 20 845
25 46 3 1 5 845
25 49 3 4 20 845
25 51 3 1 18 845
25 52 3 2 16 845
25 53 3 3 4 845
25 56 3 3 11 845
25 57 3 4 8 845
25 59 3 3 20 845
25 60 3 3 15 845
25 61 3 3 20 845
25 62 3 2 20 845
25 63 3 3 6 845
25 64 3 4 10 845
25 66 3 2 8 845
25 67 3 1 9 845
25 68 3 1 14 845
25 69 3 2 16 845
25 70 3 3 15 845
25 71 3 1 21 845
25 72 3 4 13 845
25 74 3 1 21 845
25 75 3 4 17 845
25 77 3 2 20 845
25 80 3 2 23 845
25 81 3 4 24 845
25 82 3 4 18 845
25 83 3 4 11 845
25 84 3 4 23 845
25 85 3 3 12 845
25 86 3 2 16 845
25 89 3 2 14 845
25 90 3 2 23 845
25 91 3 2 13 845
25 92 3 2 22 845
25 94 3 2 10 845
25 97 3 1 1 845
25 98 3 3 19 845
26 0 4 3 21 134
26 2 4 1 16 134
26 3 4 3 12 134
26 5 4 1 3 134
26 6 4 1 19 134
26 7 4 3 24 134
26 9 4 4 2 134
26 12 4 3 19 134
26 13 4 3 8 134
26 15 4 2 13 134
26 18 4 2 7 134
26 21 4 2 3 134
26 22 4 1 1 134
26 25 4 3 7 134
26 27 4 1 23 134
26 30 4 3 24 134
26 32 4 1 17 134
26 33 4 2 21 134
26 36 4 4 24 134
26 38 4 1 20 134
26 39 4 1 10 134
26 40 4 3 8 134
26 44 4 3 24 134
26 46 4 1 15 134
26 48 4 2 9 134
26 50 4 1 3 134
26 52 4 2 12 134
26 57 4 4 2 134
26 58 4 4 4 134
26 59 4 3 22 134
26 60 4 3 24 134
26 62 4 2 8 134
26 63 4 3 1 134
26 67 4 1 15 134
26 71 4 1 17 134
26 74 4 1 4 134
26 78 4 3 18 134
26 79 4 2 19 134
26 82 4 4 9 134
26 83 4 4 12 134
26 84 4 4 25 134
26 87 4 1 18 134
26 88 4 4 25 134
26 91 4 2 11 134
26 94 4 2 12 134
26 97 4 1 2 134
26 99 4 3 18 134
27 2 1 1 12 687
27 5 1 1 15 687
27 7 1 3 1 687
27 8 1 3 3 687
27 10 1 2 12 687
27 13 1 3 1 687
27 14 1 3 19 687
27 17 1 3 13 687
27 18 1 2 3 687
27 20 1 1 13 687
27 22 1 1 14 687
27 23 1 2 15 687
27 26 1 4 23 687
27 28 1 2 21 687
27 31 1 3 2 687
27 33 1 2 22 687
27 35 1 4 21 687
27 36 1 4 7 687
27 37 1 3 20 687
27 38 1 1 7 687
27 40 1 3 17 687
27 42 1 2 12 687
27 44 1 3 6 687
27 45 1 4 12 687
27 48 1 2 24 687
27 52 1 2 7 687
27 53 1 3 7 687
27 55 1 4 19 687
27 58 1 4 21 687
27 60 1 3 18 687
27 62 1 2 20 687
27 65 1 1 21 687
27 66 1 2 11 687
27 67 1 1 5 687
27 69 1 2 15 687
27 73 1 2 25 687
27 74 1 1 24 687
27 75 1 4 17 687
27 76 1 3 24 687
27 79 1 2 2 687
27 80 1 2 19 687
27 81 1 4 8 687
27 84 1 4 24 687
27 86 1 2 12 687
27 89 1 2 1 687
27 91 1 2 12 687
27 92 1 2 22 687
27 93 1 4 20 687
27 95 1 1 20 687
27 96 1 1 21 687
27 97 1 1 19 687
28 0 2 3 9 442
28 1 2 3 1 442
28 2 2 1 7 442
28 3 2 3 19 442
28 4 2 4 20 442
28 7 2 3 4 442
28 8 2 3 6 442
28 13 2 3 18 442
28 14 2 3 14 442
28 15 2 2 18 442
28 16 2 4 21 442
28 17 2 3 12 442
28 19 2 2 4 442
28 20 2 1 3 442
28 25 2 3 21 442
28 27 2 1 21 442
28 35 2 4 7 442
28 36 2 4 18 442
28 37 2 3 18 442
28 38 2 1 2 442
28 40 2 3 15 442
28 41 2 1 14 442
28 44 2 3 23 442
28 45 2 4 17 442
28 47 2 3 9 442
28 48 2 2 15 442
28 50 2 1 1 442
28 51 2 1 18 442
28 56 2 3 4 442
28 58 2 4 12 442
28 59 2 3 23 442
28 60 2 3 24 442
28 64 2 4 6 442
28 65 2 1 2 442
28 68 2 1 18 442
28 69 2 2 3 442
28 72 2 4 15 442
28 73 2 2 25 442
28 74 2 1 5 442
28 75 2 4 2 442
28 76 2 3 15 442
28 77 2 2 4 442
28 78 2 3 18 442
28 80 2 2 1 442
28 82 2 4 23 442
28 88 2 4 22 442
28 91 2 2 22 442
28 96 2 1 6 442
28 97 2 1 20 442
29 2 3 1 11 908
29 4 3 4 14 908
29 10 3 2 6 908
29 11 3 4 14 908
29 12 3 3 7 908
29 14 3 3 5 908
29 18 3 2 21 908
29 19 3 2 19 908
29 20 3 1 22 908
29 30 3 3 12 908
29 33 3 2 21 908
29 35 3 4 16 908
29 36 3 4 25 908
29 37 3 3 20 908
29 38 3 1 7 908
29 39 3 1 5 908
29 40 3 3 24 908
29 41 3 1 7 908
29 50 3 1 3 908
29 52 3 2 2 908
29 53 3 3 3 908
29 54 3 2 6 908
29 56 3 3 8 908
29 57 3 4 14 908
29 59 3 3 3 908
29 60 3 3 15 908
29 64 3 4 4 908
29 67 3 1 16 908
29 68 3 1 10 908
29 69 3 2 14 908
29 73 3 2 17 908
29 76 3 3 24 908
29 77 3 2 16 908
29 78 3 3 13 908
29 79 3 2 21 908
29 80 3 2 25 908
29 82 3 4 15 908
29 83 3 4 20 908
29 85 3 3 6 908
29 86 3 2 10 908
29 87 3 1 11 908
29 88 3 4 16 908
29 90 3 2 16 908
29 94 3 2 15 908
29 97 3 1 11 908
30 2 3 1 18 688
30 3 3 3 4 688
30 7 3 3 6 688
30 12 3 3 16 688
30 14 3 3 20 688
30 19 3 2 17 688
30 21 3 2 15 688
30 25 3 3 21 688
30 26 3 4 24 688
30 29 3 3 12 688
30 35 3 4 7 688
30 37 3 3 11 688
30 38 3 1 12 688
30 39 3 1 15 688
30 42 3 2 8 688
30 43 3 3 18 688
30 50 3 1 24 688
30 51 3 1 2 688
30 52 3 2 11 688
30 53 3 3 16 688
30 56 3 3 1 688
30 64 3 4 25 688
30 68 3 1 12 688
30 70 3 3 5 688
30 73 3 2 4 688
30 74 3 1 21 688
30 77 3 2 23 688
30 80 3 2 14 688
30 83 3 4 5 688
30 84 3 4 13 688
30 85 3 3 13 688
30 86 3 2 15 688
30 87 3 1 20 688
30 89 3 2 5 688
30 90 3 2 10 688
30 91 3 2 20 688
30 92 3 2 11 688
30 93 3 4 2 688
30 98 3 3 18 688
30 99 3 3 4 688
31 0 3 3 24 677
31 2 3 1 14 677
31 5 3 1 12 677
31 6 3 1 6 677
31 7 3 3 10 677
31 8 3 3 16 677
31 9 3 4 9 677
31 10 3 2 18 677
31 11 3 4 9 677
31 12 3 3 7 677
31 14 3 3 9 677
31 15 3 2 20 677
31 16 3 4 9 677
31 18 3 2 1 677
31 23 3 2 20 677
31 27 3 1 2 677
31 32 3 1 3 677
31 33 3 2 18 677
31 35 3 4 18 677
31 37 3 3 13 677
31 40 3 3 3 677
31 42 3 2 14 677
31 43 3 3 10 677
31 44 3 3 8 677
31 46 3 1 1 677
31 47 3 3 24 677
31 49 3 4 25 677
31 50 3 1 10 677
31 51 3 1 18 677
31 52 3 2 15 677
31 56 3 3 22 677
31 57 3 4 22 677
31 60 3 3 11 677
31 61 3 3 20 677
31 63 3 3 10 677
31 64 3 4 13 677
31 65 3 1 14 677
31 66 3 2 20 677
31 69 3 2 23 677
31 71 3 1 9 677
31 72 3 4 16 677
31 74 3 1 13 677
31 75 3 4 12 677
31 77 3 2 21 677
31 78 3 3 9 677
31 79 3 2 17 677
31 81 3 4 9 677
31 82 3 4 24 677
31 83 3 4 11 677
31 84 3 4 9 677
31 88 3 4 8 677
31 92 3 2 23 677
31 94 3 2 20 677
31 97 3 1 21 677
32 0 1 3 8 66
32 1 1 3 24 66
32 2 1 1 16 66
32 3 1 3 7 66
32 6 1 1 24 66
32 9 1 4 18 66
32 10 1 2 10 66
32 11 1 4 23 66
32 13 1 3 6 66
32 15 1 2 6 66
32 16 1 4 21 66
32 17 1 3 14 66
32 18 1 2 24 66
32 20 1 1 23 66
32 25 1 3 21 66
32 26 1 4 17 66
32 31 1 3 3 66
32 33 1 2 7 66
32 34 1 1 20 66
32 36 1 4 1 66
32 37 1 3 4 66
32 38 1 1 6 66
32 39 1 1 9 66
32 41 1 1 8 66
32 47 1 3 3 66
32 52 1 2 10 66
32 53 1 3 19 66
32 54 1 2 11 66
32 55 1 4 24 66
32 57 1 4 19 66
32 59 1 3 7 66
32 62 1 2 3 66
32 63 1 3 2 66
32 65 1 1 9 66
32 67 1 1 7 66
32 68 1 1 22 66
32 69 1 2 2 66
32 70 1 3 16 66
32 73 1 2 15 66
32 79 1 2 8 66
32 80 1 2 2 66
32 81 1 4 23 66
32 82 1 4 14 66
32 84 1 4 17 66
32 85 1 3 17 66
32 86 1 2 15 66
32 88 1 4 11 66
32 92 1 2 23 66
32 95 1 1 19 66
32 98 1 3 1 66
33 0 2 3 12 763
33 1 2 3 14 763
33 3 2 3 2 763
33 4 2 4 4 763
33 5 2 1 13 763
33 10 2 2 13 763
33 11 2 4 21 763
33 12 2 3 23 763
33 13 2 3 8 763
33 14 2 3 21 763
33 15 2 2 23 763
33 22 2 1 5 763
33 24 2 1 25 763
33 26 2 4 21 763
33 27 2 1 22 763
33 29 2 3 21 763
33 31 2 3 18 763
33 32 2 1 7 763
33 34 2 1 1 763
33 38 2 1 4 763
33 39 2 1 18 763
33 43 2 3 13 763
33 44 2 3 16 763
33 45 2 4 15 763
33 46 2 1 12 763
33 47 2 3 21 763
33 49 2 4 15 763
33 50 2 1 11 763
33 51 2 1 6 763
33 52 2 2 19 763
33 56 2 3 11 763
33 58 2 4 12 763
33 59 2 3 17 763
33 60 2 3 15 763
33 62 2 2 2 763
33 63 2 3 11 763
33 65 2 1 19 763
33 68 2 1 16 763
33 72 2 4 16 763
33 74 2 1 24 763
33 78 2 3 14 763
33 80 2 2 20 763
33 84 2 4 22 763
33 87 2 1 8 763
33 88 2 4 23 763
33 89 2 2 17 763
33 91 2 2 13 763
33 94 2 2 22 763
34 1 1 3 24 151
34 4 1 4 5 151
34 5 1 1 7 151
34 7 1 3 11 151
34 8 1 3 2 151
34 10 1 2 17 151
34 11 1 4 1 151
34 13 1 3 4 151
34 16 1 4 23 151
34 18 1 2 23 151
34 19 1 2 5 151
34 20 1 1 25 151
34 22 1 1 22 151
34 23 1 2 10 151
34 24 1 1 14 151
34 32 1 1 20 151
34 33 1 2 1 151
34 35 1 4 6 151
34 40 1 3 9 151
34 42 1 2 3 151
34 45 1 4 11 151
34 46 1 1 23 151
34 47 1 3 23 151
34 50 1 1 10 151
34 51 1 1 15 151
34 52 1 2 25 151
34 54 1 2 11 151
34 57 1 4 22 151
34 58 1 4 20 151
34 60 1 3 14 151
34 61 1 3 6 151
34 63 1 3 13 151
34 68 1 1 4 151
34 70 1 3 19 151
34 72 1 4 7 151
34 74 1 1 14 151
34 75 1 4 19 151
34 80 1 2 17 151
34 82 1 4 5 151
34 83 1 4 15 151
34 84 1 4 17 151
34 85 1 3 7 151
34 86 1 2 10 151
34 87 1 1 18 151
34 89 1 2 17 151
34 91 1 2 16 151
34 93 1 4 16 151
34 97 1 1 9 151
34 98 1 3 21 151
35 3 4 3 4 658
35 5 4 1 23 658
35 6 4 1 11 658
35 7 4 3 15 658
35 8 4 3 13 658
35 9 4 4 1 658
35 10 4 2 18 658
35 11 4 4 8 658
35 14 4 3 10 658
35 15 4 2 11 658
35 16 4 4 25 658
35 21 4 2 17 658
35 22 4 1 21 658
35 27 4 1 21 658
35 28 4 2 7 658
35 29 4 3 16 658
35 30 4 3 7 658
35 31 4 3 18 658
35 34 4 1 6 658
35 37 4 3 9 658
35 38 4 1 12 658
35 40 4 3 12 658
35 43 4 3 2 658
35 44 4 3 12 658
35 45 4 4 1 658
35 46 4 1 25 658
35 47 4 3 19 658
35 48 4 2 16 658
35 49 4 4 22 658
35 50 4 1 14 658
35 53 4 3 5 658
35 54 4 2 21 658
35 55 4 4 16 658
35 57 4 4 3 658
35 58 4 4 5 658
35 59 4 3 12 658
35 60 4 3 10 658
35 63 4 3 6 658
35 65 4 1 6 658
35 66 4 2 25 658
35 68 4 1 1 658
35 69 4 2 6 658
35 70 4 3 1 658
35 72 4 4 5 658
35 73 4 2 24 658
35 74 4 1 4 658
35 76 4 3 10 658
35 79 4 2 24 658
35 80 4 2 13 658
35 82 4 4 18 658
35 86 4 2 18 658
35 87 4 1 24 658
35 88 4 4 6 658
35 90 4 2 25 658
35 91 4 2 18 658
35 92 4 2 4 658
35 94 4 2 10 658
35 95 4 1 19 658
35 97 4 1 22 658
36 0 4 3 22 518
36 2 4 1 25 518
36 3 4 3 18 518
36 6 4 1 21 518
36 8 4 3 12 518
36 11 4 4 3 518
36 14 4 3 17 518
36 15 4 2 16 518
36 16 4 4 6 518
36 17 4 3 19 518
36 18 4 2 24 518
36 19 4 2 6 518
36 20 4 1 21 518
36 22 4 1 6 518
36 25 4 3 22 518
36 26 4 4 24 518
36 27 4 1 7 518
36 28 4 2 18 518
36 29 4 3 25 518
36 32 4 1 1 518
36 37 4 3 23 518
36 38 4 1 14 518
36 40 4 3 18 518
36 42 4 2 7 518
36 44 4 3 18 518
36 46 4 1 21 518
36 48 4 2 13 518
36 49 4 4 1 518
36 54 4 2 7 518
36 62 4 2 4 518
36 63 4 3 19 518
36 64 4 4 1 518
36 68 4 1 4 518
36 69 4 2 8 518
36 70 4 3 19 518
36 71 4 1 9 518
36 75 4 4 17 518
36 76 4 3 21 518
36 78 4 3 19 518
36 83 4 4 21 518
36 84 4 4 6 518
36 87 4 1 25 518
36 88 4 4 20 518
36 89 4 2 11 518
36 91 4 2 4 518
36 92 4 2 14 518
36 93 4 4 3 518
36 94 4 2 3 518
36 95 4 1 20 518
36 99 4 3 22 518
37 1 3 3 19 953
37 2 3 1 9 953
37 4 3 4 1 953
37 6 3 1 16 953
37 9 3 4 15 953
37 10 3 2 6 953
37 11 3 4 6 953
37 16 3 4 12 953
37 19 3 2 10 953
37 20 3 1 24 953
37 22 3 1 7 953
37 24 3 1 21 953
37 25 3 3 23 953
37 27 3 1 20 953
37 28 3 2 18 953
37 29 3 3 20 953
37 30 3 3 11 953
37 31 3 3 13 953
37 32 3 1 4 953
37 35 3 4 9 953
37 36 3 4 23 953
37 38 3 1 6 953
37 40 3 3 8 953
37 43 3 3 2 953
37 46 3 1 25 953
37 47 3 3 15 953
37 48 3 2 18 953
37 49 3 4 3 953
37 52 3 2 6 953
37 55 3 4 3 953
37 56 3 3 12 953
37 57 3 4 9 953
37 58 3 4 18 953
37 59 3 3 21 953
37 60 3 3 16 953
37 63 3 3 10 953
37 64 3 4 2 953
37 65 3 1 7 953
37 67 3 1 17 953
37 68 3 1 6 953
37 69 3 2 6 953
37 71 3 1 21 953
37 72 3 4 22 953
37 73 3 2 17 953
37 75 3 4 18 953
37 79 3 2 10 953
37 82 3 4 23 953
37 84 3 4 14 953
37 87 3 1 8 953
37 88 3 4 18 953
37 89 3 2 19 953
37 91 3 2 11 953
37 93 3 4 22 953
37 97 3 1 1 953
37 98 3 3 2 953
37 99 3 3 8 953
38 3 1 3 3 512
38 4 1 4 11 512
38 6 1 1 18 512
38 7 1 3 10 512
38 9 1 4 6 512
38 16 1 4 16 512
38 17 1 3 21 512
38 19 1 2 13 512
38 21 1 2 22 512
38 23 1 2 24 512
38 26 1 4 20 512
38 27 1 1 7 512
38 28 1 2 2 512
38 29 1 3 7 512
38 30 1 3 12 512
38 32 1 1 6 512
38 33 1 2 4 512
38 35 1 4 12 512
38 36 1 4 14 512
38 37 1 3 6 512
38 45 1 4 1 512
38 47 1 3 24 512
38 48 1 2 11 512
38 50 1 1 16 512
38 51 1 1 10 512
38 53 1 3 25 512
38 54 1 2 22 512
38 55 1 4 13 512
38 57 1 4 15 512
38 59 1 3 4 512
38 60 1 3 9 512
38 63 1 3 14 512
38 64 1 4 1 512
38 70 1 3 5 512
38 71 1 1 11 512
38 72 1 4 14 512
38 73 1 2 21 512
38 74 1 1 21 512
38 78 1 3 1 512
38 79 1 2 18 512
38 80 1 2 2 512
38 83 1 4 24 512
38 84 1 4 10 512
38 87 1 1 19 512
38 90 1 2 9 512
38 92 1 2 13 512
38 93 1 4 7 512
38 95 1 1 24 512
39 2 1 1 15 90
39 4 1 4 25 90
39 5 1 1 16 90
39 8 1 3 25 90
39 13 1 3 21 90
39 15 1 2 15 90
39 18 1 2 23 90
39 24 1 1 10 90
39 25 1 3 1 90
39 26 1 4 10 90
39 29 1 3 5 90
39 30 1 3 15 90
39 32 1 1 9 90
39 33 1 2 18 90
39 40 1 3 21 90
39 43 1 3 2 90
39 47 1 3 14 90
39 48 1 2 24 90
39 49 1 4 10 90
39 50 1 1 13 90
39 51 1 1 24 90
39 52 1 2 18 90
39 53 1 3 7 90
39 55 1 4 2 90
39 56 1 3 17 90
39 60 1 3 22 90
39 61 1 3 15 90
39 66 1 2 15 90
39 68 1 1 10 90
39 74 1 1 4 90
39 76 1 3 21 90
39 78 1 3 9 90
39 81 1 4 9 90
39 85 1 3 20 90
39 86 1 2 14 90
39 87 1 1 4 90
39 88 1 4 8 90
39 91 1 2 4 90
39 93 1 4 2 90
39 96 1 1 20 90
39 97 1 1 2 90
40 0 3 3 18 786
40 1 3 3 8 786
40 2 3 1 16 786
40 4 3 4 12 786
40 9 3 4 20 786
40 11 3 4 3 786
40 14 3 3 15 786
40 15 3 2 4 786
40 16 3 4 16 786
40 17 3 3 9 786
40 18 3 2 12 786
40 22 3 1 24 786
40 23 3 2 25 786
40 26 3 4 8 786
40 27 3 1 17 786
40 28 3 2 15 786
40 29 3 3 24 786
40 31 3 3 3 786
40 34 3 1 9 786
40 35 3 4 12 786
40 36 3 4 18 786
40 37 3 3 8 786
40 39 3 1 21 786
40 41 3 1 25 786
40 43 3 3 16 786
40 44 3 3 23 786
40 45 3 4 4 786
40 48 3 2 2 786
40 53 3 3 6 786
40 55 3 4 1 786
40 56 3 3 14 786
40 58 3 4 23 786
40 62 3 2 8 786
40 66 3 2 10 786
40 67 3 1 9 786
40 68 3 1 1 786
40 72 3 4 22 786
40 73 3 2 10 786
40 74 3 1 6 786
40 77 3 2 20 786
40 78 3 3 18 786
40 79 3 2 14 786
40 80 3 2 21 786
40 84 3 4 3 786
40 85 3 3 17 786
40 87 3 1 21 786
40 88 3 4 2 786
40 89 3 2 20 786
40 90 3 2 23 786
40 91 3 2 2 786
40 92 3 2 9 786
40 93 3 4 22 786
40 95 3 1 15 786
40 96 3 1 9 786
40 98 3 3 10 786
41 0 1 3 20 604
41 1 1 3 18 604
41 3 1 3 12 604
41 5 1 1 13 604
41 8 1 3 10 604
41 12 1 3 5 604
41 13 1 3 10 604
41 14 1 3 23 604
41 15 1 2 13 604
41 16 1 4 18 604
41 19 1 2 23 604
41 20 1 1 14 604
41 21 1 2 14 604
41 28 1 2 14 604
41 29 1 3 7 604
41 32 1 1 8 604
41 40 1 3 25 604
41 42 1 2 6 604
41 43 1 3 13 604
41 44 1 3 5 604
41 45 1 4 21 604
41 47 1 3 23 604
41 48 1 2 25 604
41 49 1 4 5 604
41 50 1 1 23 604
41 52 1 2 7 604
41 58 1 4 24 604
41 62 1 2 16 604
41 63 1 3 8 604
41 64 1 4 24 604
41 67 1 1 2 604
41 68 1 1 14 604
41 70 1 3 22 604
41 71 1 1 24 604
41 73 1 2 5 604
41 74 1 1 16 604
41 78 1 3 4 604
41 80 1 2 16 604
41 82 1 4 16 604
41 84 1 4 14 604
41 87 1 1 12 604
41 89 1 2 6 604
41 93 1 4 4 604
41 94 1 2 24 604
41 97 1 1 25 604
41 98 1 3 11 604
42 3 2 3 16 794
42 4 2 4 19 794
42 5 2 1 11 794
42 6 2 1 3 794
42 8 2 3 4 794
42 9 2 4 12 794
42 10 2 2 25 794
42 11 2 4 5 794
42 13 2 3 23 794
42 16 2 4 2 794
42 17 2 3 1 794
42 27 2 1 12 794
42 30 2 3 8 794
42 31 2 3 14 794
42 34 2 1 3 794
42 36 2 4 7 794
42 41 2 1 6 794
42 44 2 3 15 794
42 48 2 2 3 794
42 49 2 4 7 794
42 50 2 1 25 794
42 51 2 1 4 794
42 53 2 3 13 794
42 57 2 4 3 794
42 63 2 3 19 794
42 64 2 4 8 794
42 66 2 2 20 794
42 68 2 1 15 794
42 69 2 2 16 794
42 70 2 3 6 794
42 71 2 1 11 794
42 75 2 4 9 794
42 76 2 3 22 794
42 77 2 2 2 794
42 78 2 3 25 794
42 80 2 2 1 794
42 81 2 4 5 794
42 85 2 3 12 794
42 88 2 4 15 794
42 89 2 2 11 794
42 91 2 2 21 794
42 93 2 4 18 794
42 95 2 1 4 794
42 97 2 1 22 794
42 99 2 3 24 794
43 0 3 3 2 874
43 1 3 3 25 874
43 3 3 3 19 874
43 5 3 1 14 874
43 6 3 1 5 874
43 7 3 3 19 874
43 9 3 4 25 874
43 10 3 2 9 874
43 11 3 4 20 874
43 15 3 2 2 874
43 19 3 2 10 874
43 21 3 2 25 874
43 24 3 1 4 874
43 25 3 3 20 874
43 30 3 3 18 874
43 31 3 3 10 874
43 33 3 2 13 874
43 35 3 4 2 874
43 37 3 3 2 874
43 39 3 1 2 874
43 40 3 3 16 874
43 41 3 1 13 874
43 44 3 3 13 874
43 45 3 4 2 874
43 47 3 3 13 874
43 48 3 2 12 874
43 49 3 4 19 874
43 50 3 1 9 874
43 51 3 1 11 874
43 53 3 3 19 874
43 54 3 2 20 874
43 55 3 4 3 874
43 57 3 4 22 874
43 60 3 3 5 874
43 61 3 3 3 874
43 63 3 3 7 874
43 67 3 1 19 874
43 68 3 1 18 874
43 69 3 2 6 874
43 71 3 1 4 874
43 73 3 2 12 874
43 74 3 1 20 874
43 77 3 2 23 874
43 79 3 2 17 874
43 82 3 4 18 874
43 83 3 4 3 874
43 84 3 4 13 874
43 85 3 3 15 874
43 86 3 2 11 874
43 94 3 2 25 874
43 95 3 1 17 874
43 97 3 1 5 874
44 1 3 3 4 422
44 3 3 3 8 422
44 5 3 1 24 422
44 6 3 1 4 422
44 9 3 4 21 422
44 10 3 2 5 422
44 11 3 4 3 422
44 12 3 3 17 422
44 15 3 2 17 422
44 17 3 3 18 422
44 19 3 2 8 422
44 22 3 1 13 422
44 23 3 2 6 422
44 26 3 4 24 422
44 27 3 1 6 422
44 28 3 2 23 422
44 31 3 3 8 422
44 33 3 2 16 422
44 35 3 4 12 422
44 36 3 4 18 422
44 40 3 3 23 422
44 41 3 1 5 422
44 42 3 2 15 422
44 43 3 3 13 422
44 51 3 1 11 422
44 52 3 2 5 422
44 53 3 3 14 422
44 54 3 2 15 422
44 55 3 4 22 422
44 56 3 3 4 422
44 59 3 3 5 422
44 60 3 3 10 422
44 61 3 3 13 422
44 64 3 4 5 422
44 67 3 1 9 422
44 68 3 1 14 422
44 71 3 1 24 422
44 72 3 4 13 422
44 74 3 1 12 422
44 77 3 2 10 422
44 78 3 3 12 422
44 79 3 2 2 422
44 80 3 2 5 422
44 81 3 4 15 422
44 83 3 4 17 422
44 88 3 4 9 422
44 89 3 2 17 422
44 91 3 2 2 422
44 92 3 2 11 422
44 94 3 2 6 422
44 95 3 1 15 422
44 96 3 1 2 422
44 97 3 1 7 422
44 99 3 3 20 422
45 2 4 1 23 939
45 4 4 4 8 939
45 9 4 4 22 939
45 10 4 2 24 939
45 24 4 1 12 939
45 27 4 1 12 939
45 28 4 2 17 939
45 33 4 2 15 939
45 34 4 1 11 939
45 35 4 4 1 939
45 38 4 1 1 939
45 40 4 3 4 939
45 41 4 1 21 939
45 43 4 3 2 939
45 47 4 3 3 939
45 51 4 1 22 939
45 52 4 2 19 939
45 53 4 3 9 939
45 60 4 3 8 939
45 61 4 3 23 939
45 62 4 2 8 939
45 63 4 3 1 939
45 67 4 1 13 939
45 68 4 1 1 939
45 69 4 2 2 939
45 72 4 4 10 939
45 75 4 4 9 939
45 76 4 3 23 939
45 77 4 2 3 939
45 79 4 2 17 939
45 80 4 2 9 939
45 82 4 4 14 939
45 87 4 1 9 939
45 90 4 2 21 939
45 93 4 4 1 939
45 95 4 1 1 939
45 96 4 1 5 939
45 97 4 1 23 939
45 98 4 3 13 939
45 99 4 3 13 939
46 0 1 3 25 506
46 1 1 3 17 506
46 2 1 1 21 506
46 3 1 3 25 506
46 5 1 1 3 506
46 6 1 1 3 506
46 8 1 3 19 506
46 10 1 2 15 506
46 11 1 4 17 506
46 12 1 3 21 506
46 13 1 3 19 506
46 15 1 2 16 506
46 18 1 2 5 506
46 20 1 1 15 506
46 21 1 2 24 506
46 22 1 1 6 506
46 23 1 2 19 506
46 24 1 1 21 506
46 25 1 3 5 506
46 26 1 4 15 506
46 31 1 3 1 506
46 33 1 2 12 506
46 34 1 1 23 506
46 35 1 4 25 506
46 36 1 4 21 506
46 37 1 3 25 506
46 49 1 4 25 506
46 50 1 1 8 506
46 57 1 4 13 506
46 59 1 3 9 506
46 60 1 3 5 506
46 61 1 3 12 506
46 64 1 4 24 506
46 66 1 2 15 506
46 68 1 1 22 506
46 72 1 4 8 506
46 73 1 2 9 506
46 74 1 1 18 506
46 77 1 2 24 506
46 85 1 3 9 506
46 87 1 1 19 506
46 89 1 2 24 506
46 91 1 2 8 506
46 94 1 2 6 506
46 98 1 3 10 506
46 99 1 3 25 506
47 0 3 3 14 837
47 1 3 3 7 837
47 2 3 1 24 837
47 7 3 3 20 837
47 8 3 3 8 837
47 9 3 4 1 837
47 10 3 2 16 837
47 11 3 4 2 837
47 12 3 3 2 837
47 13 3 3 7 837
47 14 3 3 25 837
47 15 3 2 20 837
47 17 3 3 8 837
47 18 3 2 2 837
47 21 3 2 11 837
47 22 3 1 6 837
47 23 3 2 16 837
47 24 3 1 8 837
47 28 3 2 9 837
47 31 3 3 24 837
47 32 3 1 3 837
47 33 3 2 21 837
47 34 3 1 23 837
47 35 3 4 19 837
47 37 3 3 15 837
47 38 3 1 24 837
47 39 3 1 14 837
47 41 3 1 23 837
47 43 3 3 13 837
47 45 3 4 3 837
47 48 3 2 7 837
47 49 3 4 24 837
47 55 3 4 3 837
47 56 3 3 18 837
47 58 3 4 16 837
47 60 3 3 9 837
47 62 3 2 2 837
47 64 3 4 18 837
47 66 3 2 22 837
47 67 3 1 2 837
47 68 3 1 20 837
47 70 3 3 24 837
47 71 3 1 20 837
47 72 3 4 14 837
47 73 3 2 2 837
47 76 3 3 15 837
47 77 3 2 17 837
47 81 3 4 18 837
47 82 3 4 16 837
47 84 3 4 9 837
47 90 3 2 21 837
47 91 3 2 13 837
47 92 3 2 24 837
47 95 3 1 1 837
47 96 3 1 20 837
47 97 3 1 13 837
48 2 2 1 23 992
48 5 2 1 8 992
48 6 2 1 20 992
48 10 2 2 6 992
48 11 2 4 18 992
48 15 2 2 7 992
48 16 2 4 9 992
48 18 2 2 12 992
48 19 2 2 24 992
48 21 2 2 21 992
48 26 2 4 9 992
48 27 2 1 24 992
48 28 2 2 15 992
48 35 2 4 16 992
48 36 2 4 13 992
48 37 2 3 18 992
48 38 2 1 11 992
48 39 2 1 24 992
48 40 2 3 2 992
48 41 2 1 25 992
48 42 2 2 3 992
48 43 2 3 12 992
48 47 2 3 7 992
48 51 2 1 1 992
48 53 2 3 19 992
48 54 2 2 18 992
48 55 2 4 19 992
48 56 2 3 16 992
48 58 2 4 25 992
48 61 2 3 10 992
48 63 2 3 11 992
48 66 2 2 4 992
48 68 2 1 4 992
48 69 2 2 25 992
48 71 2 1 4 992
48 72 2 4 2 992
48 73 2 2 3 992
48 74 2 1 24 992
48 75 2 4 4 992
48 78 2 3 9 992
48 80 2 2 5 992
48 81 2 4 5 992
48 85 2 3 22 992
48 86 2 2 18 992
48 88 2 4 1 992
48 90 2 2 11 992
48 94 2 2 12 992
48 96 2 1 22 992
48 98 2 3 5 992
48 99 2 3 1 992
49 1 4 3 17 863
49 4 4 4 21 863
49 5 4 1 13 863
49 6 4 1 10 863
49 9 4 4 22 863
49 14 4 3 6 863
49 18 4 2 25 863
49 19 4 2 11 863
49 20 4 1 22 863
49 22 4 1 13 863
49 23 4 2 14 863
49 24 4 1 8 863
49 25 4 3 20 863
49 31 4 3 25 863
49 33 4 2 15 863
49 35 4 4 22 863
49 36 4 4 1 863
49 37 4 3 3 863
49 39 4 1 10 863
49 41 4 1 5 863
49 42 4 2 7 863
49 43 4 3 19 863
49 46 4 1 25 863
49 47 4 3 24 863
49 50 4 1 18 863
49 52 4 2 24 863
49 54 4 2 11 863
49 56 4 3 15 863
49 57 4 4 21 863
49 58 4 4 9 863
49 62 4 2 12 863
49 63 4 3 23 863
49 64 4 4 8 863
49 65 4 1 21 863
49 66 4 2 16 863
49 69 4 2 5 863
49 71 4 1 10 863
49 73 4 2 5 863
49 74 4 1 23 863
49 75 4 4 19 863
49 80 4 2 14 863
49 83 4 4 14 863
49 86 4 2 15 863
49 88 4 4 13 863
49 90 4 2 4 863
49 91 4 2 23 863
49 94 4 2 11 863
49 95 4 1 18 863
49 96 4 1 12 863
49 99 4 3 25 863
50 0 1 3 16 92
50 1 1 3 11 92
50 2 1 1 25 92
50 4 1 4 12 92
50 5 1 1 15 92
50 8 1 3 20 92
50 9 1 4 16 92
50 12 1 3 17 92
50 13 1 3 4 92
50 14 1 3 20 92
50 16 1 4 5 92
50 17 1 3 9 92
50 18 1 2 19 92
50 22 1 1 2 92
50 26 1 4 3 92
50 28 1 2 1 92
50 29 1 3 3 92
50 30 1 3 24 92
50 31 1 3 10 92
50 33 1 2 11 92
50 34 1 1 10 92
50 35 1 4 14 92
50 38 1 1 16 92
50 39 1 1 13 92
50 41 1 1 23 92
50 42 1 2 25 92
50 43 1 3 9 92
50 46 1 1 8 92
50 49 1 4 18 92
50 51 1 1 4 92
50 53 1 3 7 92
50 54 1 2 15 92
50 55 1 4 9 92
50 56 1 3 16 92
50 58 1 4 17 92
50 60 1 3 8 92
50 61 1 3 24 92
50 62 1 2 4 92
50 67 1 1 12 92
50 70 1 3 17 92
50 71 1 1 23 92
50 73 1 2 9 92
50 75 1 4 7 92
50 77 1 2 9 92
50 80 1 2 5 92
50 81 1 4 22 92
50 82 1 4 24 92
50 83 1 4 24 92
50 84 1 4 4 92
50 85 1 3 11 92
50 86 1 2 22 92
50 90 1 2 10 92
50 92 1 2 18 92
50 96 1 1 10 92
50 97 1 1 23 92
50 99 1 3 10 92
51 7 1 3 11 631
51 8 1 3 7 631
51 9 1 4 3 631
51 10 1 2 19 631
51 14 1 3 11 631
51 15 1 2 9 631
51 17 1 3 19 631
51 21 1 2 14 631
51 22 1 1 24 631
51 25 1 3 18 631
51 28 1 2 18 631
51 30 1 3 2 631
51 31 1 3 18 631
51 33 1 2 6 631
51 34 1 1 15 631
51 38 1 1 10 631
51 39 1 1 24 631
51 42 1 2 4 631
51 43 1 3 11 631
51 44 1 3 11 631
51 45 1 4 22 631
51 48 1 2 1 631
51 50 1 1 4 631
51 55 1 4 24 631
51 57 1 4 14 631
51 59 1 3 23 631
51 66 1 2 4 631
51 67 1 1 8 631
51 68 1 1 16 631
51 69 1 2 24 631
51 70 1 3 5 631
51 71 1 1 25 631
51 72 1 4 15 631
51 73 1 2 4 631
51 75 1 4 20 631
51 76 1 3 5 631
51 77 1 2 2 631
51 79 1 2 22 631
51 80 1 2 4 631
51 84 1 4 8 631
51 85 1 3 5 631
51 90 1 2 1 631
51 95 1 1 12 631
51 96 1 1 10 631
51 97 1 1 21 631
51 98 1 3 19 631
52 1 2 3 21 948
52 2 2 1 25 948
52 3 2 3 1 948
52 4 2 4 3 948
52 5 2 1 25 948
52 6 2 1 13 948
52 9 2 4 4 948
52 10 2 2 1 948
52 11 2 4 19 948
52 12 2 3 7 948
52 13 2 3 7 948
52 18 2 2 3 948
52 20 2 1 1 948
52 21 2 2 15 948
52 22 2 1 12 948
52 25 2 3 16 948
52 26 2 4 12 948
52 27 2 1 7 948
52 29 2 3 2 948
52 30 2 3 11 948
52 31 2 3 15 948
52 32 2 1 10 948
52 33 2 2 19 948
52 34 2 1 25 948
52 37 2 3 6 948
52 39 2 1 18 948
52 41 2 1 7 948
52 44 2 3 5 948
52 45 2 4 19 948
52 49 2 4 24 948
52 53 2 3 12 948
52 55 2 4 3 948
52 57 2 4 23 948
52 58 2 4 25 948
52 62 2 2 24 948
52 63 2 3 22 948
52 65 2 1 19 948
52 66 2 2 12 948
52 69 2 2 2 948
52 70 2 3 20 948
52 71 2 1 3 948
52 73 2 2 23 948
52 74 2 1 2 948
52 76 2 3 9 948
52 81 2 4 7 948
52 83 2 4 11 948
52 84 2 4 18 948
52 86 2 2 10 948
52 87 2 1 10 948
52 88 2 4 6 948
52 90 2 2 14 948
52 92 2 2 2 948
52 93 2 4 10 948
52 94 2 2 20 948
52 95 2 1 5 948
52 97 2 1 9 948
52 99 2 3 13 948
53 1 3 3 15 832
53 2 3 1 3 832
53 6 3 1 17 832
53 7 3 3 19 832
53 12 3 3 12 832
53 13 3 3 21 832
53 16 3 4 21 832
53 18 3 2 14 832
53 19 3 2 10 832
53 20 3 1 14 832
53 21 3 2 7 832
53 25 3 3 4 832
53 27 3 1 7 832
53 29 3 3 3 832
53 30 3 3 16 832
53 32 3 1 19 832
53 35 3 4 5 832
53 38 3 1 25 832
53 39 3 1 7 832
53 40 3 3 6 832
53 42 3 2 13 832
53 43 3 3 19 832
53 44 3 3 14 832
53 45 3 4 9 832
53 48 3 2 19 832
53 50 3 1 7 832
53 52 3 2 12 832
53 54 3 2 12 832
53 56 3 3 6 832
53 57 3 4 6 832
53 58 3 4 2 832
53 60 3 3 25 832
53 63 3 3 3 832
53 64 3 4 21 832
53 65 3 1 21 832
53 66 3 2 8 832
53 67 3 1 5 832
53 69 3 2 5 832
53 70 3 3 6 832
53 72 3 4 20 832
53 75 3 4 25 832
53 77 3 2 10 832
53 79 3 2 6 832
53 82 3 4 6 832
53 84 3 4 21 832
53 85 3 3 9 832
53 86 3 2 25 832
53 89 3 2 22 832
53 90 3 2 8 832
53 92 3 2 4 832
53 93 3 4 20 832
53 94 3 2 5 832
53 95 3 1 9 832
53 96 3 1 10 832
53 97 3 1 10 832
53 99 3 3 4 832
54 3 2 3 1 996
54 6 2 1 6 996
54 7 2 3 20 996
54 12 2 3 18 996
54 13 2 3 16 996
54 14 2 3 3 996
54 15 2 2 2 996
54 19 2 2 24 996
54 21 2 2 10 996
54 22 2 1 18 996
54 24 2 1 25 996
54 29 2 3 6 996
54 32 2 1 11 996
54 34 2 1 11 996
54 35 2 4 21 996
54 36 2 4 7 996
54 38 2 1 22 996
54 43 2 3 20 996
54 44 2 3 15 996
54 48 2 2 18 996
54 49 2 4 11 996
54 50 2 1 15 996
54 53 2 3 12 996
54 55 2 4 14 996
54 56 2 3 24 996
54 60 2 3 6 996
54 62 2 2 18 996
54 63 2 3 9 996
54 65 2 1 17 996
54 66 2 2 2 996
54 69 2 2 4 996
54 71 2 1 23 996
54 72 2 4 20 996
54 74 2 1 10 996
54 75 2 4 17 996
54 81 2 4 23 996
54 87 2 1 25 996
54 94 2 2 4 996
54 98 2 3 22 996
54 99 2 3 3 996
55 1 4 3 22 699
55 4 4 4 4 699
55 6 4 1 10 699
55 7 4 3 18 699
55 8 4 3 2 699
55 10 4 2 2 699
55 12 4 3 23 699
55 17 4 3 17 699
55 18 4 2 5 699
55 19 4 2 13 699
55 21 4 2 4 699
55 22 4 1 25 699
55 24 4 1 3 699
55 27 4 1 19 699
55 32 4 1 24 699
55 35 4 4 16 699
55 37 4 3 3 699
55 38 4 1 13 699
55 39 4 1 2 699
55 40 4 3 1 699
55 43 4 3 3 699
55 44 4 3 22 699
55 47 4 3 3 699
55 48 4 2 19 699
55 50 4 1 9 699
55 51 4 1 24 699
55 52 4 2 3 699
55 54 4 2 14 699
55 56 4 3 20 699
55 57 4 4 9 699
55 62 4 2 22 699
55 64 4 4 3 699
55 67 4 1 20 699
55 68 4 1 5 699
55 69 4 2 11 699
55 72 4 4 17 699
55 73 4 2 11 699
55 74 4 1 16 699
55 76 4 3 13 699
55 78 4 3 17 699
55 80 4 2 13 699
55 82 4 4 23 699
55 84 4 4 19 699
55 85 4 3 23 699
55 86 4 2 1 699
55 87 4 1 22 699
55 92 4 2 13 699
55 95 4 1 4 699
55 97 4 1 24 699
55 98 4 3 13 699
55 99 4 3 23 699
56 1 3 3 4 131
56 3 3 3 3 131
56 4 3 4 9 131
56 5 3 1 20 131
56 8 3 3 14 131
56 9 3 4 13 131
56 10 3 2 18 131
56 11 3 4 1 131
56 12 3 3 12 131
56 14 3 3 11 131
56 15 3 2 18 131
56 16 3 4 19 131
56 21 3 2 25 131
56 22 3 1 14 131
56 25 3 3 11 131
56 28 3 2 4 131
56 29 3 3 8 131
56 30 3 3 1 131
56 31 3 3 22 131
56 33 3 2 11 131
56 37 3 3 12 131
56 39 3 1 17 131
56 40 3 3 14 131
56 44 3 3 4 131
56 47 3 3 18 131
56 48 3 2 16 131
56 49 3 4 15 131
56 50 3 1 16 131
56 53 3 3 6 131
56 54 3 2 24 131
56 55 3 4 20 131
56 61 3 3 4 131
56 63 3 3 7 131
56 64 3 4 20 131
56 66 3 2 1 131
56 67 3 1 22 131
56 68 3 1 17 131
56 69 3 2 10 131
56 70 3 3 19 131
56 71 3 1 6 131
56 73 3 2 20 131
56 74 3 1 16 131
56 75 3 4 15 131
56 78 3 3 17 131
56 79 3 2 23 131
56 81 3 4 15 131
56 82 3 4 10 131
56 85 3 3 7 131
56 87 3 1 16 131
56 89 3 2 3 131
56 90 3 2 8 131
56 91 3 2 21 131
56 92 3 2 14 131
56 93 3 4 11 131
56 94 3 2 10 131
56 96 3 1 12 131
56 98 3 3 22 131
56 99 3 3 4 131
57 0 4 3 6 92
57 2 4 1 21 92
57 3 4 3 14 92
57 5 4 1 3 92
57 8 4 3 6 92
57 9 4 4 1 92
57 13 4 3 4 92
57 15 4 2 19 92
57 17 4 3 22 92
57 18 4 2 4 92
57 19 4 2 11 92
57 24 4 1 14 92
57 25 4 3 8 92
57 26 4 4 2 92
57 29 4 3 14 92
57 31 4 3 22 92
57 32 4 1 19 92
57 34 4 1 22 92
57 35 4 4 3 92
57 37 4 3 9 92
57 38 4 1 15 92
57 42 4 2 3 92
57 43 4 3 22 92
57 46 4 1 13 92
57 49 4 4 21 92
57 51 4 1 14 92
57 52 4 2 23 92
57 53 4 3 6 92
57 55 4 4 9 92
57 58 4 4 8 92
57 61 4 3 14 92
57 63 4 3 15 92
57 64 4 4 11 92
57 65 4 1 25 92
57 66 4 2 12 92
57 67 4 1 10 92
57 69 4 2 16 92
57 71 4 1 3 92
57 78 4 3 12 92
57 81 4 4 23 92
57 82 4 4 21 92
57 83 4 4 17 92
57 87 4 1 3 92
57 90 4 2 22 92
57 96 4 1 14 92
57 98 4 3 13 92
57 99 4 3 15 92
58 0 4 3 18 442
58 1 4 3 1 442
58 3 4 3 6 442
58 5 4 1 13 442
58 7 4 3 18 442
58 8 4 3 12 442
58 10 4 2 1 442
58 11 4 4 13 442
58 12 4 3 24 442
58 13 4 3 17 442
58 14 4 3 13 442
58 16 4 4 17 442
58 20 4 1 17 442
58 22 4 1 9 442
58 23 4 2 8 442
58 24 4 1 1 442
58 26 4 4 4 442
58 27 4 1 21 442
58 28 4 2 12 442
58 33 4 2 12 442
58 34 4 1 20 442
58 35 4 4 5 442
58 37 4 3 18 442
58 40 4 3 23 442
58 41 4 1 24 442
58 47 4 3 16 442
58 48 4 2 25 442
58 49 4 4 9 442
58 50 4 1 17 442
58 52 4 2 25 442
58 53 4 3 2 442
58 57 4 4 8 442
58 64 4 4 19 442
58 69 4 2 11 442
58 70 4 3 15 442
58 72 4 4 25 442
58 74 4 1 19 442
58 75 4 4 3 442
58 77 4 2 14 442
58 78 4 3 11 442
58 81 4 4 22 442
58 83 4 4 12 442
58 85 4 3 22 442
58 86 4 2 13 442
58 87 4 1 20 442
58 89 4 2 12 442
58 90 4 2 20 442
58 91 4 2 13 442
58 92 4 2 4 442
58 99 4 3 9 442
59 0 3 3 4 291
59 1 3 3 1 291
59 2 3 1 2 291
59 5 3 1 17 291
59 7 3 3 17 291
59 11 3 4 4 291
59 12 3 3 7 291
59 13 3 3 10 291
59 15 3 2 17 291
59 18 3 2 22 291
59 20 3 1 22 291
59 21 3 2 3 291
59 22 3 1 25 291
59 25 3 3 20 291
59 26 3 4 22 291
59 28 3 2 23 291
59 29 3 3 3 291
59 32 3 1 7 291
59 33 3 2 17 291
59 35 3 4 12 291
59 37 3 3 21 291
59 38 3 1 4 291
59 44 3 3 5 291
59 46 3 1 9 291
59 51 3 1 23 291
59 60 3 3 10 291
59 63 3 3 16 291
59 64 3 4 1 291
59 65 3 1 20 291
59 70 3 3 22 291
59 74 3 1 9 291
59 78 3 3 17 291
59 81 3 4 20 291
59 83 3 4 5 291
59 86 3 2 13 291
59 89 3 2 11 291
59 90 3 2 3 291
59 93 3 4 11 291
59 96 3 1 13 291
59 97 3 1 15 291
59 99 3 3 4 291
60 3 3 3 2 298
60 4 3 4 12 298
60 6 3 1 15 298
60 9 3 4 25 298
60 10 3 2 5 298
60 12 3 3 10 298
60 14 3 3 23 298
60 16 3 4 13 298
60 18 3 2 6 298
60 19 3 2 20 298
60 22 3 1 25 298
60 23 3 2 7 298
60 24 3 1 20 298
60 25 3 3 15 298
60 26 3 4 24 298
60 27 3 1 18 298
60 28 3 2 24 298
60 29 3 3 15 298
60 31 3 3 11 298
60 33 3 2 15 298
60 34 3 1 14 298
60 35 3 4 10 298
60 37 3 3 16 298
60 38 3 1 9 298
60 39 3 1 22 298
60 43 3 3 5 298
60 44 3 3 10 298
60 45 3 4 8 298
60 46 3 1 5 298
60 47 3 3 9 298
60 50 3 1 8 298
60 53 3 3 25 298
60 54 3 2 6 298
60 59 3 3 10 298
60 69 3 2 14 298
60 70 3 3 9 298
60 72 3 4 17 298
60 73 3 2 9 298
60 74 3 1 15 298
60 75 3 4 24 298
60 77 3 2 17 298
60 78 3 3 22 298
60 79 3 2 12 298
60 84 3 4 24 298
60 89 3 2 10 298
60 90 3 2 6 298
60 91 3 2 9 298
60 95 3 1 12 298
60 96 3 1 25 298
60 99 3 3 24 298
61 0 3 3 9 186
61 1 3 3 13 186
61 2 3 1 10 186
61 4 3 4 18 186
61 7 3 3 20 186
61 9 3 4 16 186
61 14 3 3 22 186
61 16 3 4 7 186
61 21 3 2 1 186
61 22 3 1 15 186
61 25 3 3 20 186
61 31 3 3 20 186
61 34 3 1 6 186
61 39 3 1 15 186
61 43 3 3 3 186
61 44 3 3 13 186
61 45 3 4 23 186
61 46 3 1 12 186
61 48 3 2 10 186
61 50 3 1 24 186
61 56 3 3 4 186
61 57 3 4 14 186
61 62 3 2 20 186
61 64 3 4 18 186
61 65 3 1 24 186
61 66 3 2 14 186
61 68 3 1 16 186
61 69 3 2 19 186
61 70 3 3 10 186
61 74 3 1 11 186
61 75 3 4 24 186
61 78 3 3 24 186
61 81 3 4 14 186
61 85 3 3 3 186
61 86 3 2 22 186
61 89 3 2 19 186
61 92 3 2 10 186
61 95 3 1 7 186
61 97 3 1 14 186
61 98 3 3 24 186
61 99 3 3 16 186
62 2 2 1 15 448
62 3 2 3 7 448
62 4 2 4 19 448
62 6 2 1 4 448
62 7 2 3 6 448
62 8 2 3 1 448
62 11 2 4 15 448
62 17 2 3 18 448
62 18 2 2 21 448
62 20 2 1 3 448
62 25 2 3 20 448
62 26 2 4 8 448
62 27 2 1 20 448
62 32 2 1 3 448
62 33 2 2 2 448
62 36 2 4 4 448
62 40 2 3 8 448
62 41 2 1 16 448
62 45 2 4 8 448
62 47 2 3 2 448
62 49 2 4 12 448
62 50 2 1 4 448
62 52 2 2 24 448
62 54 2 2 18 448
62 55 2 4 22 448
62 61 2 3 20 448
62 66 2 2 5 448
62 68 2 1 21 448
62 74 2 1 6 448
62 75 2 4 25 448
62 76 2 3 16 448
62 80 2 2 9 448
62 83 2 4 15 448
62 84 2 4 2 448
62 85 2 3 4 448
62 86 2 2 8 448
62 87 2 1 25 448
62 89 2 2 13 448
62 90 2 2 14 448
62 92 2 2 2 448
62 93 2 4 14 448
62 96 2 1 17 448
62 98 2 3 2 448
62 99 2 3 10 448
63 3 3 3 21 546
63 5 3 1 19 546
63 7 3 3 12 546
63 12 3 3 21 546
63 13 3 3 9 546
63 15 3 2 8 546
63 19 3 2 25 546
63 20 3 1 2 546
63 22 3 1 19 546
63 23 3 2 14 546
63 25 3 3 6 546
63 26 3 4 1 546
63 31 3 3 10 546
63 32 3 1 2 546
63 33 3 2 11 546
63 34 3 1 13 546
63 35 3 4 6 546
63 36 3 4 19 546
63 37 3 3 10 546
63 38 3 1 14 546
63 41 3 1 8 546
63 42 3 2 19 546
63 43 3 3 7 546
63 45 3 4 1 546
63 48 3 2 11 546
63 49 3 4 23 546
63 52 3 2 22 546
63 53 3 3 3 546
63 54 3 2 9 546
63 56 3 3 7 546
63 57 3 4 15 546
63 59 3 3 16 546
63 67 3 1 22 546
63 69 3 2 12 546
63 74 3 1 8 546
63 76 3 3 4 546
63 78 3 3 14 546
63 79 3 2 2 546
63 80 3 2 15 546
63 81 3 4 6 546
63 83 3 4 24 546
63 84 3 4 12 546
63 85 3 3 11 546
63 88 3 4 13 546
63 89 3 2 14 546
63 92 3 2 24 546
63 98 3 3 16 546
63 99 3 3 5 546
64 1 4 3 6 713
64 5 4 1 19 713
64 12 4 3 8 713
64 15 4 2 13 713
64 16 4 4 13 713
64 18 4 2 21 713
64 20 4 1 24 713
64 23 4 2 16 713
64 25 4 3 10 713
64 28 4 2 6 713
64 29 4 3 4 713
64 30 4 3 25 713
64 31 4 3 13 713
64 36 4 4 1 713
64 37 4 3 2 713
64 38 4 1 1 713
64 41 4 1 24 713
64 42 4 2 8 713
64 44 4 3 5 713
64 46 4 1 24 713
64 47 4 3 18 713
64 49 4 4 8 713
64 53 4 3 21 713
64 55 4 4 3 713
64 56 4 3 20 713
64 57 4 4 11 713
64 58 4 4 19 713
64 59 4 3 1 713
64 61 4 3 18 713
64 67 4 1 25 713
64 71 4 1 10 713
64 76 4 3 21 713
64 79 4 2 21 713
64 82 4 4 4 713
64 88 4 4 2 713
64 89 4 2 3 713
64 90 4 2 2 713
64 94 4 2 9 713
64 98 4 3 20 713
65 1 1 3 2 378
65 4 1 4 17 378
65 6 1 1 23 378
65 7 1 3 4 378
65 8 1 3 9 378
65 9 1 4 2 378
65 10 1 2 11 378
65 11 1 4 18 378
65 13 1 3 6 378
65 21 1 2 13 378
65 22 1 1 1 378
65 23 1 2 13 378
65 24 1 1 21 378
65 27 1 1 21 378
65 28 1 2 2 378
65 31 1 3 14 378
65 32 1 1 9 378
65 33 1 2 19 378
65 35 1 4 6 378
65 37 1 3 7 378
65 49 1 4 21 378
65 52 1 2 19 378
65 53 1 3 21 378
65 54 1 2 17 378
65 57 1 4 25 378
65 59 1 3 20 378
65 61 1 3 24 378
65 68 1 1 1 378
65 69 1 2 12 378
65 72 1 4 22 378
65 75 1 4 6 378
65 77 1 2 5 378
65 79 1 2 3 378
65 80 1 2 7 378
65 81 1 4 22 378
65 82 1 4 14 378
65 83 1 4 21 378
65 84 1 4 16 378
65 87 1 1 10 378
65 88 1 4 13 378
65 89 1 2 9 378
65 90 1 2 8 378
65 93 1 4 13 378
65 97 1 1 1 378
66 1 2 3 2 955
66 2 2 1 22 955
66 3 2 3 12 955
66 6 2 1 2 955
66 7 2 3 12 955
66 9 2 4 6 955
66 10 2 2 14 955
66 12 2 3 7 955
66 15 2 2 24 955
66 17 2 3 8 955
66 19 2 2 22 955
66 21 2 2 14 955
66 22 2 1 11 955
66 25 2 3 8 955
66 27 2 1 11 955
66 31 2 3 20 955
66 35 2 4 25 955
66 39 2 1 15 955
66 40 2 3 10 955
66 42 2 2 20 955
66 46 2 1 15 955
66 47 2 3 22 955
66 48 2 2 4 955
66 49 2 4 16 955
66 51 2 1 4 955
66 52 2 2 12 955
66 53 2 3 8 955
66 54 2 2 2 955
66 56 2 3 1 955
66 57 2 4 12 955
66 61 2 3 14 955
66 62 2 2 5 955
66 68 2 1 16 955
66 71 2 1 3 955
66 72 2 4 12 955
66 73 2 2 7 955
66 76 2 3 13 955
66 77 2 2 11 955
66 82 2 4 7 955
66 85 2 3 3 955
66 86 2 2 12 955
66 88 2 4 6 955
66 92 2 2 10 955
66 94 2 2 11 955
66 96 2 1 2 955
66 99 2 3 8 955
67 0 1 3 20 970
67 1 1 3 10 970
67 3 1 3 14 970
67 4 1 4 17 970
67 5 1 1 7 970
67 6 1 1 25 970
67 7 1 3 11 970
67 10 1 2 25 970
67 11 1 4 21 970
67 14 1 3 23 970
67 15 1 2 2 970
67 16 1 4 2 970
67 17 1 3 1 970
67 18 1 2 4 970
67 20 1 1 4 970
67 23 1 2 24 970
67 25 1 3 9 970
67 26 1 4 15 970
67 27 1 1 5 970
67 29 1 3 16 970
67 32 1 1 7 970
67 37 1 3 17 970
67 40 1 3 9 970
67 41 1 1 2 970
67 43 1 3 19 970
67 44 1 3 9 970
67 45 1 4 13 970
67 47 1 3 2 970
67 50 1 1 12 970
67 51 1 1 8 970
67 53 1 3 5 970
67 55 1 4 20 970
67 56 1 3 22 970
67 57 1 4 10 970
67 63 1 3 22 970
67 64 1 4 25 970
67 68 1 1 22 970
67 69 1 2 21 970
67 70 1 3 7 970
67 74 1 1 11 970
67 76 1 3 7 970
67 77 1 2 10 970
67 78 1 3 20 970
67 80 1 2 7 970
67 81 1 4 21 970
67 82 1 4 2 970
67 84 1 4 9 970
67 86 1 2 18 970
67 90 1 2 21 970
67 92 1 2 16 970
67 96 1 1 4 970
67 97 1 1 17 970
67 99 1 3 19 970
68 1 1 3 9 880
68 2 1 1 17 880
68 3 1 3 19 880
68 4 1 4 15 880
68 5 1 1 9 880
68 7 1 3 13 880
68 8 1 3 22 880
68 9 1 4 7 880
68 10 1 2 5 880
68 11 1 4 15 880
68 13 1 3 11 880
68 16 1 4 8 880
68 17 1 3 11 880
68 19 1 2 20 880
68 20 1 1 2 880
68 21 1 2 22 880
68 23 1 2 11 880
68 25 1 3 14 880
68 28 1 2 18 880
68 29 1 3 10 880
68 30 1 3 12 880
68 32 1 1 22 880
68 33 1 2 16 880
68 34 1 1 4 880
68 35 1 4 1 880
68 36 1 4 4 880
68 37 1 3 6 880
68 39 1 1 10 880
68 40 1 3 1 880
68 41 1 1 14 880
68 42 1 2 15 880
68 43 1 3 18 880
68 44 1 3 14 880
68 45 1 4 1 880
68 46 1 1 22 880
68 47 1 3 20 880
68 48 1 2 4 880
68 51 1 1 16 880
68 55 1 4 5 880
68 56 1 3 17 880
68 61 1 3 16 880
68 62 1 2 21 880
68 65 1 1 1 880
68 66 1 2 16 880
68 67 1 1 22 880
68 69 1 2 22 880
68 79 1 2 4 880
68 80 1 2 13 880
68 81 1 4 23 880
68 83 1 4 4 880
68 84 1 4 22 880
68 86 1 2 13 880
68 88 1 4 24 880
68 91 1 2 20 880
68 92 1 2 13 880
68 93 1 4 22 880
68 95 1 1 14 880
68 97 1 1 11 880
68 98 1 3 8 880
69 1 2 3 16 719
69 2 2 1 20 719
69 3 2 3 12 719
69 5 2 1 20 719
69 8 2 3 7 719
69 9 2 4 4 719
69 12 2 3 24 719
69 13 2 3 21 719
69 16 2 4 9 719
69 17 2 3 18 719
69 18 2 2 25 719
69 21 2 2 18 719
69 24 2 1 4 719
69 25 2 3 16 719
69 27 2 1 15 719
69 28 2 2 3 719
69 29 2 3 14 719
69 31 2 3 23 719
69 32 2 1 2 719
69 35 2 4 6 719
69 36 2 4 8 719
69 37 2 3 6 719
69 42 2 2 16 719
69 43 2 3 6 719
69 45 2 4 2 719
69 48 2 2 25 719
69 49 2 4 5 719
69 51 2 1 24 719
69 52 2 2 2 719
69 53 2 3 5 719
69 54 2 2 4 719
69 55 2 4 11 719
69 56 2 3 10 719
69 57 2 4 16 719
69 58 2 4 11 719
69 60 2 3 14 719
69 61 2 3 19 719
69 63 2 3 12 719
69 65 2 1 12 719
69 67 2 1 21 719
69 68 2 1 22 719
69 75 2 4 10 719
69 77 2 2 4 719
69 78 2 3 24 719
69 80 2 2 10 719
69 83 2 4 24 719
69 84 2 4 2 719
69 87 2 1 8 719
69 90 2 2 8 719
69 91 2 2 3 719
69 93 2 4 19 719
69 96 2 1 18 719
69 97 2 1 13 719
69 98 2 3 25 719
69 99 2 3 9 719
70 1 3 3 8 549
70 2 3 1 11 549
70 3 3 3 20 549
70 6 3 1 2 549
70 7 3 3 22 549
70 8 3 3 8 549
70 13 3 3 13 549
70 16 3 4 13 549
70 17 3 3 21 549
70 18 3 2 9 549
70 19 3 2 15 549
70 20 3 1 4 549
70 21 3 2 10 549
70 23 3 2 23 549
70 24 3 1 16 549
70 25 3 3 15 549
70 30 3 3 5 549
70 32 3 1 16 549
70 34 3 1 19 549
70 35 3 4 1 549
70 36 3 4 19 549
70 38 3 1 5 549
70 41 3 1 22 549
70 42 3 2 6 549
70 47 3 3 24 549
70 50 3 1 17 549
70 51 3 1 5 549
70 52 3 2 20 549
70 53 3 3 6 549
70 56 3 3 19 549
70 58 3 4 15 549
70 59 3 3 22 549
70 60 3 3 9 549
70 61 3 3 10 549
70 67 3 1 7 549
70 71 3 1 3 549
70 73 3 2 15 549
70 74 3 1 6 549
70 75 3 4 23 549
70 77 3 2 14 549
70 79 3 2 19 549
70 82 3 4 7 549
70 83 3 4 10 549
70 84 3 4 25 549
70 85 3 3 2 549
70 88 3 4 4 549
70 93 3 4 22 549
70 95 3 1 20 549
70 97 3 1 10 549
70 98 3 3 16 549
71 0 1 3 8 982
71 2 1 1 7 982
71 4 1 4 8 982
71 6 1 1 16 982
71 7 1 3 5 982
71 8 1 3 20 982
71 11 1 4 24 982
71 14 1 3 10 982
71 16 1 4 12 982
71 17 1 3 4 982
71 21 1 2 9 982
71 25 1 3 21 982
71 26 1 4 17 982
71 31 1 3 9 982
71 36 1 4 9 982
71 37 1 3 21 982
71 38 1 1 11 982
71 41 1 1 24 982
71 42 1 2 11 982
71 43 1 3 4 982
71 44 1 3 24 982
71 47 1 3 20 982
71 48 1 2 4 982
71 49 1 4 10 982
71 50 1 1 23 982
71 51 1 1 25 982
71 52 1 2 3 982
71 54 1 2 23 982
71 56 1 3 6 982
71 57 1 4 3 982
71 64 1 4 10 982
71 66 1 2 3 982
71 70 1 3 3 982
71 74 1 1 14 982
71 78 1 3 11 982
71 81 1 4 22 982
71 82 1 4 15 982
71 83 1 4 16 982
71 84 1 4 20 982
71 85 1 3 9 982
71 86 1 2 10 982
71 91 1 2 6 982
71 95 1 1 6 982
71 99 1 3 4 982
72 1 4 3 7 281
72 2 4 1 6 281
72 3 4 3 23 281
72 6 4 1 18 281
72 11 4 4 25 281
72 12 4 3 21 281
72 14 4 3 10 281
72 15 4 2 17 281
72 17 4 3 6 281
72 22 4 1 12 281
72 23 4 2 12 281
72 25 4 3 13 281
72 28 4 2 15 281
72 31 4 3 16 281
72 33 4 2 16 281
72 34 4 1 7 281
72 35 4 4 5 281
72 37 4 3 22 281
72 38 4 1 14 281
72 40 4 3 22 281
72 44 4 3 13 281
72 45 4 4 10 281
72 46 4 1 8 281
72 47 4 3 14 281
72 48 4 2 2 281
72 51 4 1 15 281
72 53 4 3 20 281
72 54 4 2 20 281
72 55 4 4 17 281
72 58 4 4 25 281
72 60 4 3 17 281
72 65 4 1 22 281
72 66 4 2 12 281
72 74 4 1 4 281
72 75 4 4 7 281
72 77 4 2 6 281
72 78 4 3 6 281
72 81 4 4 14 281
72 82 4 4 21 281
72 84 4 4 20 281
72 85 4 3 2 281
72 86 4 2 3 281
72 87 4 1 3 281
72 89 4 2 11 281
72 92 4 2 5 281
72 93 4 4 25 281
72 95 4 1 25 281
72 99 4 3 4 281
73 0 2 3 12 356
73 1 2 3 2 356
73 2 2 1 3 356
73 4 2 4 20 356
73 5 2 1 22 356
73 7 2 3 3 356
73 8 2 3 6 356
73 10 2 2 24 356
73 12 2 3 23 356
73 14 2 3 6 356
73 16 2 4 18 356
73 17 2 3 5 356
73 20 2 1 13 356
73 24 2 1 10 356
73 27 2 1 25 356
73 28 2 2 25 356
73 29 2 3 17 356
73 30 2 3 4 356
73 32 2 1 15 356
73 35 2 4 24 356
73 37 2 3 17 356
73 38 2 1 21 356
73 40 2 3 10 356
73 41 2 1 5 356
73 43 2 3 12 356
73 46 2 1 9 356
73 47 2 3 2 356
73 48 2 2 3 356
73 49 2 4 5 356
73 50 2 1 9 356
73 51 2 1 4 356
73 52 2 2 23 356
73 55 2 4 11 356
73 56 2 3 20 356
73 60 2 3 9 356
73 66 2 2 7 356
73 70 2 3 15 356
73 75 2 4 12 356
73 76 2 3 15 356
73 78 2 3 17 356
73 79 2 2 7 356
73 80 2 2 21 356
73 82 2 4 16 356
73 83 2 4 11 356
73 85 2 3 15 356
73 87 2 1 24 356
73 88 2 4 4 356
73 90 2 2 2 356
73 91 2 2 19 356
73 95 2 1 6 356
73 96 2 1 19 356
73 99 2 3 14 356
74 0 1 3 10 774
74 7 1 3 23 774
74 8 1 3 15 774
74 12 1 3 2 774
74 17 1 3 4 774
74 19 1 2 24 774
74 20 1 1 22 774
74 21 1 2 7 774
74 22 1 1 8 774
74 24 1 1 9 774
74 25 1 3 21 774
74 26 1 4 4 774
74 27 1 1 24 774
74 28 1 2 5 774
74 30 1 3 21 774
74 31 1 3 13 774
74 33 1 2 24 774
74 34 1 1 14 774
74 35 1 4 4 774
74 38 1 1 21 774
74 39 1 1 4 774
74 40 1 3 6 774
74 41 1 1 16 774
74 43 1 3 20 774
74 44 1 3 12 774
74 46 1 1 18 774
74 48 1 2 24 774
74 49 1 4 23 774
74 52 1 2 2 774
74 54 1 2 10 774
74 55 1 4 16 774
74 56 1 3 16 774
74 58 1 4 19 774
74 59 1 3 9 774
74 60 1 3 15 774
74 61 1 3 11 774
74 62 1 2 6 774
74 63 1 3 8 774
74 67 1 1 11 774
74 70 1 3 6 774
74 71 1 1 14 774
74 72 1 4 4 774
74 75 1 4 15 774
74 76 1 3 10 774
74 79 1 2 9 774
74 84 1 4 13 774
74 89 1 2 15 774
74 90 1 2 23 774
74 94 1 2 16 774
74 99 1 3 24 774
75 3 4 3 4 522
75 7 4 3 22 522
75 8 4 3 20 522
75 10 4 2 6 522
75 11 4 4 14 522
75 17 4 3 20 522
75 20 4 1 25 522
75 22 4 1 11 522
75 25 4 3 17 522
75 27 4 1 17 522
75 28 4 2 2 522
75 31 4 3 12 522
75 34 4 1 19 522
75 36 4 4 17 522
75 37 4 3 18 522
75 42 4 2 9 522
75 45 4 4 9 522
75 48 4 2 4 522
75 49 4 4 19 522
75 50 4 1 7 522
75 51 4 1 20 522
75 53 4 3 25 522
75 54 4 2 17 522
75 56 4 3 15 522
75 58 4 4 3 522
75 60 4 3 24 522
75 61 4 3 24 522
75 62 4 2 25 522
75 65 4 1 6 522
75 69 4 2 10 522
75 70 4 3 23 522
75 72 4 4 7 522
75 73 4 2 12 522
75 74 4 1 15 522
75 79 4 2 20 522
75 80 4 2 12 522
75 81 4 4 25 522
75 83 4 4 16 522
75 86 4 2 10 522
75 87 4 1 16 522
75 88 4 4 22 522
75 90 4 2 5 522
75 92 4 2 6 522
75 93 4 4 15 522
75 95 4 1 4 522
75 96 4 1 14 522
75 97 4 1 1 522
75 99 4 3 20 522
76 1 3 3 9 764
76 2 3 1 12 764
76 4 3 4 13 764
76 7 3 3 11 764
76 9 3 4 9 764
76 10 3 2 24 764
76 11 3 4 13 764
76 14 3 3 16 764
76 17 3 3 14 764
76 18 3 2 15 764
76 19 3 2 8 764
76 20 3 1 17 764
76 22 3 1 20 764
76 27 3 1 24 764
76 28 3 2 15 764
76 29 3 3 24 764
76 35 3 4 10 764
76 36 3 4 21 764
76 39 3 1 21 764
76 42 3 2 22 764
76 45 3 4 23 764
76 47 3 3 15 764
76 51 3 1 5 764
76 52 3 2 9 764
76 55 3 4 13 764
76 62 3 2 16 764
76 63 3 3 4 764
76 64 3 4 21 764
76 66 3 2 13 764
76 67 3 1 7 764
76 73 3 2 15 764
76 74 3 1 10 764
76 77 3 2 12 764
76 78 3 3 10 764
76 81 3 4 21 764
76 82 3 4 7 764
76 83 3 4 20 764
76 84 3 4 25 764
76 85 3 3 7 764
76 89 3 2 13 764
76 91 3 2 15 764
76 93 3 4 22 764
76 94 3 2 3 764
76 95 3 1 8 764
76 96 3 1 25 764
76 98 3 3 12 764
77 1 2 3 21 75
77 3 2 3 10 75
77 5 2 1 9 75
77 9 2 4 2 75
77 10 2 2 18 75
77 11 2 4 23 75
77 12 2 3 24 75
77 14 2 3 23 75
77 15 2 2 25 75
77 16 2 4 20 75
77 17 2 3 9 75
77 18 2 2 9 75
77 19 2 2 7 75
77 21 2 2 25 75
77 25 2 3 20 75
77 28 2 2 4 75
77 29 2 3 16 75
77 30 2 3 23 75
77 31 2 3 21 75
77 40 2 3 20 75
77 42 2 2 2 75
77 43 2 3 23 75
77 44 2 3 10 75
77 45 2 4 3 75
77 46 2 1 24 75
77 47 2 3 17 75
77 50 2 1 9 75
77 51 2 1 2 75
77 53 2 3 10 75
77 58 2 4 14 75
77 60 2 3 17 75
77 65 2 1 5 75
77 66 2 2 11 75
77 67 2 1 10 75
77 69 2 2 4 75
77 70 2 3 14 75
77 72 2 4 6 75
77 76 2 3 12 75
77 79 2 2 12 75
77 86 2 2 13 75
77 87 2 1 16 75
77 89 2 2 6 75
77 91 2 2 2 75
77 92 2 2 24 75
77 93 2 4 10 75
77 98 2 3 24 75
77 99 2 3 23 75
78 0 3 3 23 842
78 1 3 3 6 842
78 3 3 3 12 842
78 4 3 4 23 842
78 5 3 1 19 842
78 7 3 3 1 842
78 10 3 2 22 842
78 11 3 4 7 842
78 14 3 3 16 842
78 21 3 2 5 842
78 24 3 1 15 842
78 26 3 4 18 842
78 28 3 2 18 842
78 29 3 3 13 842
78 31 3 3 9 842
78 33 3 2 14 842
78 36 3 4 19 842
78 38 3 1 1 842
78 39 3 1 9 842
78 40 3 3 18 842
78 41 3 1 4 842
78 42 3 2 25 842
78 44 3 3 12 842
78 48 3 2 9 842
78 55 3 4 17 842
78 56 3 3 17 842
78 57 3 4 12 842
78 58 3 4 11 842
78 59 3 3 17 842
78 60 3 3 22 842
78 61 3 3 24 842
78 63 3 3 14 842
78 67 3 1 20 842
78 69 3 2 24 842
78 71 3 1 11 842
78 72 3 4 6 842
78 73 3 2 17 842
78 76 3 3 10 842
78 79 3 2 19 842
78 80 3 2 24 842
78 81 3 4 9 842
78 82 3 4 15 842
78 83 3 4 21 842
78 84 3 4 2 842
78 85 3 3 10 842
78 87 3 1 1 842
78 88 3 4 14 842
78 89 3 2 14 842
78 91 3 2 18 842
78 93 3 4 7 842
78 95 3 1 11 842
78 98 3 3 10 842
78 99 3 3 15 842
79 0 2 3 20 1000
79 1 2 3 2 1000
79 12 2 3 13 1000
79 13 2 3 7 1000
79 14 2 3 22 1000
79 15 2 2 24 1000
79 16 2 4 7 1000
79 18 2 2 18 1000
79 20 2 1 13 1000
79 21 2 2 18 1000
79 26 2 4 19 1000
79 27 2 1 2 1000
79 29 2 3 21 1000
79 31 2 3 17 1000
79 32 2 1 8 1000
79 35 2 4 24 1000
79 37 2 3 10 1000
79 38 2 1 18 1000
79 40 2 3 14 1000
79 43 2 3 17 1000
79 44 2 3 2 1000
79 45 2 4 17 1000
79 51 2 1 22 1000
79 53 2 3 6 1000
79 56 2 3 23 1000
79 60 2 3 12 1000
79 63 2 3 2 1000
79 64 2 4 21 1000
79 65 2 1 3 1000
79 68 2 1 4 1000
79 70 2 3 19 1000
79 73 2 2 7 1000
79 74 2 1 9 1000
79 75 2 4 20 1000
79 77 2 2 12 1000
79 78 2 3 19 1000
79 81 2 4 16 1000
79 85 2 3 18 1000
79 87 2 1 20 1000
79 88 2 4 11 1000
79 91 2 2 1 1000
79 92 2 2 9 1000
79 94 2 2 23 1000
79 95 2 1 15 1000
79 96 2 1 1 1000
79 98 2 3 2 1000
79 99 2 3 14 1000
80 1 2 3 9 626
80 4 2 4 9 626
80 7 2 3 6 626
80 12 2 3 2 626
80 14 2 3 6 626
80 15 2 2 4 626
80 16 2 4 17 626
80 17 2 3 10 626
80 18 2 2 24 626
80 19 2 2 14 626
80 22 2 1 18 626
80 23 2 2 4 626
80 25 2 3 23 626
80 27 2 1 19 626
80 28 2 2 1 626
80 29 2 3 25 626
80 30 2 3 14 626
80 32 2 1 2 626
80 33 2 2 20 626
80 34 2 1 17 626
80 35 2 4 13 626
80 38 2 1 2 626
80 40 2 3 21 626
80 41 2 1 16 626
80 42 2 2 1 626
80 44 2 3 5 626
80 45 2 4 9 626
80 48 2 2 5 626
80 49 2 4 14 626
80 50 2 1 5 626
80 51 2 1 4 626
80 55 2 4 13 626
80 62 2 2 9 626
80 63 2 3 15 626
80 65 2 1 7 626
80 67 2 1 7 626
80 68 2 1 13 626
80 69 2 2 10 626
80 73 2 2 21 626
80 75 2 4 12 626
80 78 2 3 24 626
80 82 2 4 13 626
80 86 2 2 20 626
80 87 2 1 8 626
80 89 2 2 15 626
80 90 2 2 1 626
80 91 2 2 9 626
80 93 2 4 11 626
80 94 2 2 21 626
80 95 2 1 16 626
80 96 2 1 22 626
80 97 2 1 17 626
80 98 2 3 14 626
81 0 4 3 7 744
81 2 4 1 21 744
81 4 4 4 10 744
81 5 4 1 2 744
81 6 4 1 16 744
81 8 4 3 21 744
81 9 4 4 7 744
81 10 4 2 2 744
81 12 4 3 5 744
81 14 4 3 7 744
81 15 4 2 16 744
81 17 4 3 18 744
81 19 4 2 25 744
81 20 4 1 16 744
81 21 4 2 22 744
81 23 4 2 8 744
81 25 4 3 24 744
81 27 4 1 8 744
81 31 4 3 9 744
81 32 4 1 23 744
81 39 4 1 9 744
81 42 4 2 5 744
81 44 4 3 15 744
81 47 4 3 18 744
81 48 4 2 5 744
81 50 4 1 22 744
81 52 4 2 7 744
81 54 4 2 23 744
81 56 4 3 15 744
81 57 4 4 23 744
81 58 4 4 22 744
81 59 4 3 20 744
81 61 4 3 14 744
81 63 4 3 6 744
81 65 4 1 22 744
81 67 4 1 21 744
81 68 4 1 23 744
81 71 4 1 22 744
81 72 4 4 14 744
81 75 4 4 25 744
81 76 4 3 21 744
81 78 4 3 9 744
81 79 4 2 16 744
81 83 4 4 7 744
81 84 4 4 18 744
81 87 4 1 10 744
81 92 4 2 6 744
81 94 4 2 3 744
81 96 4 1 18 744
82 0 4 3 22 747
82 1 4 3 20 747
82 2 4 1 10 747
82 4 4 4 21 747
82 8 4 3 22 747
82 9 4 4 19 747
82 16 4 4 3 747
82 18 4 2 8 747
82 19 4 2 19 747
82 23 4 2 10 747
82 25 4 3 18 747
82 26 4 4 9 747
82 28 4 2 23 747
82 29 4 3 15 747
82 31 4 3 24 747
82 32 4 1 14 747
82 34 4 1 5 747
82 35 4 4 18 747
82 37 4 3 23 747
82 41 4 1 16 747
82 43 4 3 18 747
82 45 4 4 14 747
82 47 4 3 16 747
82 50 4 1 24 747
82 53 4 3 6 747
82 55 4 4 23 747
82 56 4 3 10 747
82 57 4 4 21 747
82 64 4 4 4 747
82 65 4 1 14 747
82 66 4 2 7 747
82 67 4 1 2 747
82 70 4 3 7 747
82 71 4 1 15 747
82 72 4 4 21 747
82 73 4 2 16 747
82 76 4 3 7 747
82 78 4 3 15 747
82 80 4 2 13 747
82 83 4 4 4 747
82 84 4 4 17 747
82 86 4 2 4 747
82 87 4 1 18 747
82 88 4 4 22 747
82 94 4 2 22 747
83 3 4 3 8 984
83 4 4 4 13 984
83 5 4 1 2 984
83 11 4 4 14 984
83 12 4 3 12 984
83 13 4 3 1 984
83 15 4 2 23 984
83 16 4 4 10 984
83 17 4 3 9 984
83 24 4 1 3 984
83 25 4 3 11 984
83 26 4 4 12 984
83 29 4 3 20 984
83 30 4 3 5 984
83 31 4 3 11 984
83 34 4 1 15 984
83 36 4 4 21 984
83 38 4 1 24 984
83 43 4 3 3 984
83 44 4 3 17 984
83 49 4 4 14 984
83 50 4 1 24 984
83 52 4 2 11 984
83 57 4 4 17 984
83 58 4 4 12 984
83 59 4 3 5 984
83 62 4 2 15 984
83 63 4 3 24 984
83 65 4 1 21 984
83 68 4 1 4 984
83 69 4 2 24 984
83 70 4 3 10 984
83 71 4 1 16 984
83 73 4 2 11 984
83 75 4 4 16 984
83 76 4 3 20 984
83 78 4 3 21 984
83 81 4 4 7 984
83 82 4 4 4 984
83 85 4 3 22 984
83 88 4 4 3 984
83 90 4 2 17 984
83 91 4 2 1 984
83 95 4 1 1 984
83 97 4 1 20 984
83 98 4 3 21 984
83 99 4 3 11 984
84 0 4 3 25 548
84 1 4 3 14 548
84 13 4 3 25 548
84 14 4 3 8 548
84 17 4 3 18 548
84 18 4 2 12 548
84 19 4 2 17 548
84 20 4 1 11 548
84 21 4 2 17 548
84 24 4 1 4 548
84 25 4 3 23 548
84 26 4 4 25 548
84 27 4 1 24 548
84 30 4 3 13 548
84 31 4 3 9 548
84 32 4 1 17 548
84 33 4 2 22 548
84 34 4 1 17 548
84 36 4 4 6 548
84 37 4 3 14 548
84 38 4 1 10 548
84 40 4 3 3 548
84 41 4 1 14 548
84 43 4 3 13 548
84 47 4 3 9 548
84 50 4 1 4 548
84 51 4 1 8 548
84 52 4 2 18 548
84 53 4 3 21 548
84 55 4 4 19 548
84 60 4 3 24 548
84 62 4 2 2 548
84 63 4 3 12 548
84 65 4 1 16 548
84 67 4 1 9 548
84 68 4 1 22 548
84 69 4 2 2 548
84 70 4 3 25 548
84 71 4 1 20 548
84 72 4 4 20 548
84 74 4 1 13 548
84 76 4 3 25 548
84 78 4 3 2 548
84 81 4 4 18 548
84 82 4 4 17 548
84 88 4 4 5 548
84 90 4 2 20 548
84 91 4 2 21 548
84 95 4 1 6 548
84 96 4 1 11 548
84 97 4 1 19 548
84 98 4 3 16 548
84 99 4 3 16 548
85 0 3 3 10 798
85 1 3 3 9 798
85 2 3 1 2 798
85 3 3 3 6 798
85 4 3 4 9 798
85 5 3 1 23 798
85 7 3 3 16 798
85 8 3 3 24 798
85 9 3 4 7 798
85 10 3 2 15 798
85 12 3 3 3 798
85 13 3 3 8 798
85 15 3 2 23 798
85 16 3 4 3 798
85 18 3 2 6 798
85 19 3 2 22 798
85 21 3 2 23 798
85 25 3 3 12 798
85 29 3 3 6 798
85 30 3 3 13 798
85 32 3 1 17 798
85 34 3 1 7 798
85 39 3 1 20 798
85 40 3 3 17 798
85 42 3 2 12 798
85 43 3 3 15 798
85 46 3 1 9 798
85 48 3 2 22 798
85 50 3 1 11 798
85 51 3 1 5 798
85 53 3 3 9 798
85 55 3 4 23 798
85 56 3 3 7 798
85 58 3 4 22 798
85 61 3 3 3 798
85 62 3 2 4 798
85 63 3 3 11 798
85 66 3 2 3 798
85 70 3 3 2 798
85 71 3 1 9 798
85 72 3 4 2 798
85 73 3 2 15 798
85 76 3 3 7 798
85 78 3 3 10 798
85 79 3 2 18 798
85 83 3 4 22 798
85 89 3 2 1 798
85 90 3 2 10 798
85 93 3 4 14 798
85 94 3 2 25 798
86 1 2 3 13 450
86 3 2 3 17 450
86 7 2 3 19 450
86 8 2 3 11 450
86 9 2 4 15 450
86 11 2 4 4 450
86 14 2 3 16 450
86 20 2 1 21 450
86 25 2 3 16 450
86 27 2 1 12 450
86 29 2 3 10 450
86 30 2 3 15 450
86 32 2 1 15 450
86 34 2 1 10 450
86 35 2 4 18 450
86 39 2 1 14 450
86 43 2 3 11 450
86 48 2 2 18 450
86 49 2 4 15 450
86 50 2 1 22 450
86 52 2 2 10 450
86 53 2 3 25 450
86 55 2 4 1 450
86 58 2 4 13 450
86 59 2 3 13 450
86 61 2 3 22 450
86 62 2 2 8 450
86 66 2 2 12 450
86 67 2 1 18 450
86 68 2 1 13 450
86 71 2 1 10 450
86 72 2 4 3 450
86 75 2 4 10 450
86 77 2 2 13 450
86 80 2 2 20 450
86 82 2 4 4 450
86 87 2 1 7 450
86 90 2 2 8 450
86 92 2 2 23 450
86 95 2 1 19 450
87 0 1 3 2 417
87 1 1 3 23 417
87 3 1 3 10 417
87 8 1 3 6 417
87 13 1 3 23 417
87 14 1 3 3 417
87 16 1 4 22 417
87 18 1 2 18 417
87 21 1 2 14 417
87 22 1 1 3 417
87 26 1 4 18 417
87 29 1 3 11 417
87 30 1 3 20 417
87 33 1 2 8 417
87 34 1 1 18 417
87 35 1 4 24 417
87 36 1 4 25 417
87 37 1 3 8 417
87 38 1 1 19 417
87 39 1 1 4 417
87 40 1 3 21 417
87 41 1 1 12 417
87 45 1 4 9 417
87 46 1 1 19 417
87 52 1 2 10 417
87 54 1 2 25 417
87 55 1 4 22 417
87 56 1 3 16 417
87 57 1 4 3 417
87 58 1 4 20 417
87 62 1 2 25 417
87 65 1 1 10 417
87 69 1 2 8 417
87 72 1 4 3 417
87 73 1 2 24 417
87 75 1 4 16 417
87 77 1 2 16 417
87 78 1 3 1 417
87 79 1 2 20 417
87 80 1 2 8 417
87 81 1 4 10 417
87 82 1 4 18 417
87 86 1 2 7 417
87 88 1 4 21 417
87 91 1 2 19 417
87 93 1 4 18 417
87 99 1 3 20 417
88 0 4 3 11 597
88 2 4 1 3 597
88 14 4 3 8 597
88 18 4 2 11 597
88 19 4 2 9 597
88 21 4 2 15 597
88 22 4 1 3 597
88 23 4 2 23 597
88 26 4 4 25 597
88 28 4 2 22 597
88 29 4 3 16 597
88 31 4 3 8 597
88 32 4 1 11 597
88 33 4 2 23 597
88 35 4 4 6 597
88 36 4 4 20 597
88 37 4 3 18 597
88 39 4 1 8 597
88 40 4 3 2 597
88 42 4 2 15 597
88 44 4 3 9 597
88 48 4 2 1 597
88 49 4 4 13 597
88 52 4 2 6 597
88 63 4 3 13 597
88 64 4 4 2 597
88 65 4 1 13 597
88 66 4 2 6 597
88 68 4 1 24 597
88 70 4 3 4 597
88 73 4 2 4 597
88 75 4 4 22 597
88 78 4 3 14 597
88 79 4 2 11 597
88 82 4 4 22 597
88 83 4 4 3 597
88 84 4 4 5 597
88 87 4 1 21 597
88 90 4 2 11 597
88 92 4 2 24 597
88 94 4 2 23 597
88 95 4 1 10 597
88 96 4 1 17 597
88 98 4 3 7 597
89 0 2 3 3 781
89 5 2 1 1 781
89 7 2 3 6 781
89 8 2 3 11 781
89 10 2 2 14 781
89 12 2 3 2 781
89 13 2 3 10 781
89 14 2 3 8 781
89 15 2 2 25 781
89 18 2 2 6 781
89 19 2 2 18 781
89 20 2 1 17 781
89 21 2 2 14 781
89 25 2 3 14 781
89 27 2 1 1 781
89 30 2 3 5 781
89 33 2 2 17 781
89 34 2 1 17 781
89 36 2 4 11 781
89 37 2 3 19 781
89 40 2 3 20 781
89 41 2 1 6 781
89 42 2 2 11 781
89 44 2 3 17 781
89 46 2 1 24 781
89 53 2 3 22 781
89 56 2 3 3 781
89 58 2 4 12 781
89 59 2 3 11 781
89 60 2 3 10 781
89 61 2 3 19 781
89 62 2 2 13 781
89 63 2 3 14 781
89 64 2 4 3 781
89 65 2 1 9 781
89 72 2 4 11 781
89 74 2 1 15 781
89 76 2 3 13 781
89 77 2 2 6 781
89 78 2 3 14 781
89 80 2 2 15 781
89 85 2 3 1 781
89 90 2 2 4 781
89 92 2 2 21 781
89 93 2 4 7 781
89 94 2 2 16 781
89 99 2 3 15 781
90 0 2 3 21 978
90 2 2 1 19 978
90 4 2 4 9 978
90 7 2 3 7 978
90 9 2 4 8 978
90 15 2 2 17 978
90 17 2 3 22 978
90 18 2 2 2 978
90 19 2 2 24 978
90 21 2 2 8 978
90 22 2 1 24 978
90 23 2 2 20 978
90 25 2 3 23 978
90 29 2 3 16 978
90 30 2 3 10 978
90 35 2 4 25 978
90 38 2 1 9 978
90 40 2 3 23 978
90 45 2 4 21 978
90 47 2 3 21 978
90 48 2 2 11 978
90 49 2 4 4 978
90 50 2 1 10 978
90 51 2 1 1 978
90 52 2 2 14 978
90 53 2 3 8 978
90 56 2 3 8 978
90 57 2 4 22 978
90 58 2 4 20 978
90 59 2 3 3 978
90 60 2 3 6 978
90 62 2 2 14 978
90 64 2 4 2 978
90 65 2 1 8 978
90 67 2 1 21 978
90 69 2 2 8 978
90 73 2 2 2 978
90 74 2 1 23 978
90 75 2 4 5 978
90 80 2 2 1 978
90 83 2 4 17 978
90 84 2 4 20 978
90 85 2 3 10 978
90 86 2 2 8 978
90 88 2 4 11 978
90 89 2 2 4 978
90 91 2 2 2 978
90 92 2 2 1 978
90 96 2 1 21 978
90 98 2 3 23 978
91 0 2 3 21 351
91 2 2 1 9 351
91 3 2 3 24 351
91 5 2 1 13 351
91 7 2 3 15 351
91 9 2 4 17 351
91 11 2 4 7 351
91 14 2 3 16 351
91 15 2 2 5 351
91 17 2 3 16 351
91 18 2 2 12 351
91 20 2 1 8 351
91 22 2 1 13 351
91 23 2 2 10 351
91 24 2 1 1 351
91 25 2 3 13 351
91 26 2 4 11 351
91 27 2 1 12 351
91 28 2 2 22 351
91 30 2 3 20 351
91 33 2 2 13 351
91 34 2 1 16 351
91 35 2 4 18 351
91 36 2 4 4 351
91 37 2 3 11 351
91 39 2 1 4 351
91 40 2 3 2 351
91 42 2 2 21 351
91 44 2 3 2 351
91 46 2 1 8 351
91 47 2 3 13 351
91 49 2 4 23 351
91 56 2 3 21 351
91 58 2 4 13 351
91 60 2 3 9 351
91 68 2 1 20 351
91 69 2 2 3 351
91 71 2 1 6 351
91 73 2 2 19 351
91 76 2 3 15 351
91 77 2 2 2 351
91 78 2 3 18 351
91 79 2 2 1 351
91 80 2 2 9 351
91 83 2 4 1 351
91 84 2 4 21 351
91 87 2 1 19 351
91 90 2 2 2 351
91 92 2 2 6 351
91 93 2 4 2 351
91 95 2 1 21 351
91 97 2 1 21 351
91 98 2 3 16 351
91 99 2 3 18 351
92 0 2 3 22 820
92 1 2 3 6 820
92 3 2 3 18 820
92 4 2 4 13 820
92 12 2 3 16 820
92 13 2 3 25 820
92 17 2 3 16 820
92 19 2 2 22 820
92 23 2 2 25 820
92 24 2 1 22 820
92 25 2 3 22 820
92 27 2 1 22 820
92 30 2 3 11 820
92 31 2 3 23 820
92 32 2 1 23 820
92 35 2 4 4 820
92 36 2 4 14 820
92 38 2 1 13 820
92 40 2 3 9 820
92 44 2 3 11 820
92 47 2 3 24 820
92 50 2 1 18 820
92 52 2 2 2 820
92 53 2 3 4 820
92 55 2 4 13 820
92 56 2 3 14 820
92 58 2 4 4 820
92 61 2 3 10 820
92 62 2 2 2 820
92 63 2 3 24 820
92 66 2 2 10 820
92 67 2 1 16 820
92 68 2 1 13 820
92 72 2 4 5 820
92 75 2 4 6 820
92 77 2 2 24 820
92 79 2 2 9 820
92 81 2 4 6 820
92 86 2 2 23 820
92 88 2 4 24 820
92 89 2 2 21 820
92 90 2 2 1 820
92 91 2 2 6 820
92 94 2 2 12 820
92 95 2 1 12 820
92 98 2 3 20 820
93 1 4 3 5 597
93 4 4 4 16 597
93 5 4 1 18 597
93 6 4 1 10 597
93 8 4 3 1 597
93 10 4 2 19 597
93 11 4 4 8 597
93 13 4 3 3 597
93 15 4 2 8 597
93 16 4 4 7 597
93 17 4 3 21 597
93 18 4 2 16 597
93 19 4 2 3 597
93 20 4 1 19 597
93 21 4 2 25 597
93 22 4 1 24 597
93 27 4 1 20 597
93 30 4 3 2 597
93 34 4 1 16 597
93 36 4 4 3 597
93 37 4 3 22 597
93 38 4 1 7 597
93 39 4 1 2 597
93 40 4 3 22 597
93 41 4 1 4 597
93 42 4 2 18 597
93 45 4 4 1 597
93 52 4 2 10 597
93 53 4 3 20 597
93 56 4 3 11 597
93 59 4 3 11 597
93 62 4 2 14 597
93 65 4 1 13 597
93 68 4 1 22 597
93 69 4 2 19 597
93 70 4 3 22 597
93 72 4 4 25 597
93 75 4 4 15 597
93 76 4 3 22 597
93 77 4 2 10 597
93 78 4 3 7 597
93 80 4 2 11 597
93 85 4 3 14 597
93 87 4 1 18 597
93 89 4 2 7 597
93 91 4 2 2 597
93 96 4 1 7 597
94 1 2 3 11 536
94 2 2 1 17 536
94 3 2 3 7 536
94 4 2 4 24 536
94 6 2 1 1 536
94 9 2 4 17 536
94 12 2 3 22 536
94 13 2 3 7 536
94 14 2 3 6 536
94 16 2 4 18 536
94 18 2 2 14 536
94 20 2 1 10 536
94 21 2 2 24 536
94 22 2 1 17 536
94 24 2 1 5 536
94 25 2 3 10 536
94 26 2 4 12 536
94 29 2 3 15 536
94 31 2 3 20 536
94 33 2 2 22 536
94 35 2 4 10 536
94 36 2 4 3 536
94 41 2 1 24 536
94 43 2 3 25 536
94 44 2 3 6 536
94 46 2 1 6 536
94 48 2 2 12 536
94 49 2 4 11 536
94 52 2 2 20 536
94 53 2 3 5 536
94 54 2 2 4 536
94 56 2 3 10 536
94 64 2 4 9 536
94 66 2 2 11 536
94 74 2 1 16 536
94 76 2 3 3 536
94 79 2 2 23 536
94 80 2 2 21 536
94 81 2 4 3 536
94 82 2 4 22 536
94 85 2 3 25 536
94 88 2 4 23 536
94 89 2 2 16 536
94 92 2 2 12 536
94 96 2 1 1 536
94 97 2 1 13 536
94 99 2 3 13 536
95 0 1 3 19 275
95 4 1 4 7 275
95 5 1 1 15 275
95 6 1 1 24 275
95 7 1 3 15 275
95 8 1 3 23 275
95 14 1 3 20 275
95 15 1 2 1 275
95 17 1 3 15 275
95 19 1 2 25 275
95 22 1 1 8 275
95 23 1 2 21 275
95 27 1 1 20 275
95 32 1 1 19 275
95 35 1 4 19 275
95 36 1 4 20 275
95 38 1 1 24 275
95 40 1 3 15 275
95 42 1 2 4 275
95 43 1 3 17 275
95 44 1 3 15 275
95 45 1 4 1 275
95 47 1 3 1 275
95 49 1 4 18 275
95 51 1 1 12 275
95 52 1 2 5 275
95 53 1 3 9 275
95 55 1 4 4 275
95 60 1 3 12 275
95 61 1 3 7 275
95 68 1 1 14 275
95 70 1 3 20 275
95 71 1 1 6 275
95 72 1 4 25 275
95 73 1 2 6 275
95 75 1 4 4 275
95 76 1 3 8 275
95 78 1 3 11 275
95 79 1 2 15 275
95 80 1 2 16 275
95 83 1 4 1 275
95 84 1 4 6 275
95 86 1 2 19 275
95 88 1 4 10 275
95 91 1 2 21 275
95 92 1 2 12 275
95 98 1 3 1 275
95 99 1 3 15 275
96 1 1 3 18 95
96 2 1 1 22 95
96 3 1 3 3 95
96 5 1 1 2 95
96 6 1 1 21 95
96 9 1 4 23 95
96 13 1 3 20 95
96 15 1 2 17 95
96 18 1 2 22 95
96 20 1 1 12 95
96 22 1 1 10 95
96 23 1 2 12 95
96 24 1 1 9 95
96 27 1 1 21 95
96 28 1 2 6 95
96 39 1 1 20 95
96 40 1 3 9 95
96 44 1 3 2 95
96 45 1 4 5 95
96 47 1 3 20 95
96 48 1 2 22 95
96 49 1 4 12 95
96 50 1 1 10 95
96 51 1 1 10 95
96 53 1 3 10 95
96 56 1 3 12 95
96 57 1 4 14 95
96 59 1 3 13 95
96 60 1 3 25 95
96 62 1 2 17 95
96 66 1 2 2 95
96 67 1 1 4 95
96 69 1 2 18 95
96 73 1 2 19 95
96 75 1 4 14 95
96 76 1 3 25 95
96 79 1 2 1 95
96 80 1 2 22 95
96 81 1 4 18 95
96 84 1 4 11 95
96 88 1 4 17 95
96 90 1 2 21 95
96 93 1 4 7 95
96 94 1 2 1 95
96 97 1 1 12 95
96 99 1 3 21 95
97 1 1 3 3 647
97 4 1 4 6 647
97 5 1 1 1 647
97 6 1 1 14 647
97 7 1 3 4 647
97 9 1 4 25 647
97 15 1 2 24 647
97 17 1 3 16 647
97 18 1 2 19 647
97 21 1 2 20 647
97 22 1 1 5 647
97 24 1 1 20 647
97 25 1 3 1 647
97 26 1 4 2 647
97 27 1 1 19 647
97 28 1 2 20 647
97 29 1 3 11 647
97 31 1 3 21 647
97 34 1 1 9 647
97 35 1 4 22 647
97 37 1 3 1 647
97 39 1 1 2 647
97 41 1 1 25 647
97 42 1 2 22 647
97 43 1 3 5 647
97 44 1 3 7 647
97 45 1 4 23 647
97 47 1 3 13 647
97 50 1 1 23 647
97 51 1 1 21 647
97 52 1 2 9 647
97 53 1 3 10 647
97 55 1 4 24 647
97 59 1 3 15 647
97 61 1 3 14 647
97 65 1 1 1 647
97 67 1 1 17 647
97 68 1 1 11 647
97 69 1 2 13 647
97 70 1 3 10 647
97 75 1 4 1 647
97 80 1 2 17 647
97 83 1 4 20 647
97 84 1 4 19 647
97 91 1 2 21 647
97 94 1 2 13 647
97 96 1 1 12 647
98 1 3 3 14 841
98 2 3 1 10 841
98 3 3 3 19 841
98 4 3 4 17 841
98 5 3 1 9 841
98 7 3 3 15 841
98 10 3 2 4 841
98 11 3 4 8 841
98 13 3 3 17 841
98 18 3 2 17 841
98 19 3 2 13 841
98 21 3 2 19 841
98 22 3 1 22 841
98 24 3 1 16 841
98 25 3 3 19 841
98 30 3 3 18 841
98 32 3 1 1 841
98 34 3 1 21 841
98 37 3 3 2 841
98 40 3 3 10 841
98 41 3 1 11 841
98 45 3 4 13 841
98 46 3 1 10 841
98 48 3 2 5 841
98 51 3 1 19 841
98 54 3 2 22 841
98 55 3 4 13 841
98 56 3 3 22 841
98 57 3 4 13 841
98 61 3 3 24 841
98 62 3 2 2 841
98 63 3 3 16 841
98 64 3 4 20 841
98 68 3 1 8 841
98 69 3 2 25 841
98 70 3 3 16 841
98 76 3 3 12 841
98 77 3 2 24 841
98 78 3 3 10 841
98 79 3 2 2 841
98 80 3 2 14 841
98 83 3 4 21 841
98 84 3 4 16 841
98 88 3 4 7 841
98 90 3 2 23 841
98 91 3 2 16 841
98 92 3 2 20 841
98 95 3 1 1 841
98 99 3 3 20 841
99 1 3 3 11 794
99 2 3 1 22 794
99 3 3 3 4 794
99 5 3 1 2 794
99 7 3 3 2 794
99 8 3 3 11 794
99 10 3 2 14 794
99 11 3 4 9 794
99 14 3 3 4 794
99 17 3 3 5 794
99 18 3 2 24 794
99 20 3 1 18 794
99 21 3 2 16 794
99 22 3 1 4 794
99 26 3 4 18 794
99 30 3 3 4 794
99 36 3 4 22 794
99 37 3 3 8 794
99 42 3 2 24 794
99 44 3 3 20 794
99 45 3 4 13 794
99 46 3 1 25 794
99 48 3 2 1 794
99 49 3 4 25 794
99 50 3 1 10 794
99 52 3 2 13 794
99 53 3 3 4 794
99 54 3 2 3 794
99 55 3 4 23 794
99 56 3 3 4 794
99 57 3 4 15 794
99 58 3 4 9 794
99 59 3 3 4 794
99 60 3 3 24 794
99 61 3 3 16 794
99 62 3 2 10 794
99 63 3 3 5 794
99 66 3 2 8 794
99 67 3 1 19 794
99 69 3 2 9 794
99 71 3 1 4 794
99 72 3 4 4 794
99 73 3 2 14 794
99 74 3 1 24 794
99 75 3 4 20 794
99 77 3 2 23 794
99 78 3 3 15 794
99 79 3 2 14 794
99 83 3 4 11 794
99 84 3 4 16 794
99 87 3 1 20 794
99 89 3 2 15 794
99 91 3 2 18 794
99 94 3 2 13 794
99 95 3 1 15 794
99 96 3 1 21 794
99 98 3 3 20 794
