capacity  cost_by_node
nb_functions 10
17 14 28 92 57 93 42 41 58 50 98 25 97 13 21 64 80 46 58 61 70 69 80 21 16 60 95 95 59 54 70 82 86 37 30 12 44 23 81 88 37 90 20 18 41 87 74 63 43 52 68 
18 80 33 98 66 65 24 85 40 68 14 92 48 96 51 71 14 25 99 58 100 53 12 97 62 53 61 82 31 28 99 92 94 58 55 62 60 62 71 78 80 10 70 37 40 80 46 43 39 58 35 
13 93 86 70 91 97 39 67 92 30 59 83 100 18 52 85 33 65 20 17 28 92 22 86 87 16 66 73 66 44 100 45 58 47 93 94 84 79 33 84 18 48 48 30 13 59 20 58 16 81 60 
14 67 72 69 91 15 79 58 58 17 82 76 26 93 35 78 57 40 97 21 99 18 99 50 14 19 73 65 60 23 99 20 56 25 93 77 43 52 72 67 37 68 66 49 73 13 94 81 41 80 16 
19 85 76 46 65 19 11 48 76 49 34 23 94 70 40 71 92 78 74 83 98 99 55 49 52 55 69 38 11 29 53 54 57 68 94 50 80 20 95 99 96 52 93 70 89 47 33 77 81 77 62 
20 36 45 72 10 38 82 37 54 20 75 34 68 13 41 94 55 78 73 14 70 48 84 26 94 24 15 94 74 10 61 78 63 79 40 50 96 25 67 82 28 65 96 57 32 91 32 58 91 95 50 
14 80 99 18 30 77 95 46 84 33 63 71 96 79 18 100 77 79 35 95 29 19 34 21 33 18 96 45 81 48 72 63 88 64 51 95 56 77 86 53 84 62 100 61 19 52 91 35 22 73 65 
16 81 27 92 78 43 41 16 14 54 43 28 35 33 40 23 28 53 29 54 89 46 53 16 63 35 79 85 68 24 46 58 91 14 70 93 46 65 26 16 26 28 75 45 72 92 21 60 11 82 80 
18 93 88 22 62 16 98 64 69 86 32 72 74 19 56 56 32 15 91 54 89 65 76 74 29 25 99 81 31 73 30 24 67 99 43 99 35 32 95 98 12 32 97 94 33 94 92 38 18 38 70 
13 36 74 11 99 58 80 15 83 52 94 26 16 39 94 93 43 48 19 37 20 37 84 31 45 22 70 15 26 27 10 84 81 22 61 95 15 18 53 83 83 15 17 56 10 69 79 93 67 30 26 
