Node_1 Node_2 Capacity_node1 Capacity_node2 Latency_arc node_cost
nb_nodes 50
nb_arcs 2222
0 3 6 4 5 508
0 4 6 6 20 508
0 5 6 7 21 508
0 6 6 7 5 508
0 7 6 4 13 508
0 8 6 1 14 508
0 9 6 7 14 508
0 10 6 3 14 508
0 11 6 4 3 508
0 12 6 5 18 508
0 13 6 5 6 508
0 14 6 3 11 508
0 15 6 3 3 508
0 16 6 5 1 508
0 17 6 3 12 508
0 18 6 5 25 508
0 19 6 3 14 508
0 20 6 6 15 508
0 21 6 4 3 508
0 25 6 4 10 508
0 26 6 6 12 508
0 27 6 5 24 508
0 28 6 2 5 508
0 29 6 5 2 508
0 30 6 4 5 508
0 31 6 7 16 508
0 32 6 1 9 508
0 34 6 6 25 508
0 35 6 4 2 508
0 36 6 6 15 508
0 37 6 6 1 508
0 38 6 6 12 508
0 39 6 1 17 508
0 40 6 3 13 508
0 42 6 4 3 508
0 43 6 4 18 508
0 44 6 6 16 508
0 45 6 7 12 508
0 46 6 2 17 508
0 47 6 3 11 508
0 48 6 1 13 508
0 49 6 6 1 508
1 2 6 5 23 670
1 4 6 6 25 670
1 5 6 7 7 670
1 6 6 7 1 670
1 7 6 4 8 670
1 8 6 1 17 670
1 9 6 7 2 670
1 10 6 3 4 670
1 11 6 4 20 670
1 12 6 5 21 670
1 13 6 5 15 670
1 14 6 3 5 670
1 15 6 3 11 670
1 16 6 5 6 670
1 18 6 5 6 670
1 19 6 3 4 670
1 20 6 6 11 670
1 21 6 4 14 670
1 22 6 4 22 670
1 23 6 4 23 670
1 25 6 4 8 670
1 26 6 6 22 670
1 27 6 5 23 670
1 28 6 2 12 670
1 29 6 5 23 670
1 30 6 4 12 670
1 31 6 7 15 670
1 32 6 1 9 670
1 33 6 6 5 670
1 34 6 6 11 670
1 35 6 4 8 670
1 36 6 6 14 670
1 37 6 6 18 670
1 39 6 1 12 670
1 40 6 3 7 670
1 41 6 7 2 670
1 43 6 4 10 670
1 44 6 6 6 670
1 45 6 7 2 670
1 46 6 2 4 670
1 47 6 3 13 670
1 48 6 1 7 670
1 49 6 6 14 670
2 1 5 6 23 629
2 3 5 4 17 629
2 4 5 6 16 629
2 5 5 7 23 629
2 6 5 7 20 629
2 7 5 4 18 629
2 8 5 1 25 629
2 9 5 7 11 629
2 10 5 3 24 629
2 11 5 4 7 629
2 12 5 5 7 629
2 13 5 5 11 629
2 14 5 3 5 629
2 15 5 3 23 629
2 16 5 5 2 629
2 17 5 3 22 629
2 18 5 5 21 629
2 19 5 3 19 629
2 20 5 6 4 629
2 21 5 4 2 629
2 23 5 4 14 629
2 24 5 7 7 629
2 26 5 6 2 629
2 27 5 5 25 629
2 28 5 2 3 629
2 29 5 5 19 629
2 30 5 4 5 629
2 31 5 7 9 629
2 32 5 1 17 629
2 33 5 6 19 629
2 34 5 6 13 629
2 35 5 4 16 629
2 36 5 6 13 629
2 37 5 6 10 629
2 38 5 6 16 629
2 39 5 1 2 629
2 40 5 3 19 629
2 41 5 7 1 629
2 42 5 4 11 629
2 43 5 4 10 629
2 44 5 6 14 629
2 46 5 2 20 629
2 47 5 3 4 629
2 48 5 1 18 629
2 49 5 6 16 629
3 0 4 6 5 499
3 2 4 5 17 499
3 5 4 7 10 499
3 7 4 4 5 499
3 8 4 1 8 499
3 9 4 7 8 499
3 10 4 3 14 499
3 11 4 4 1 499
3 12 4 5 15 499
3 13 4 5 3 499
3 14 4 3 4 499
3 15 4 3 1 499
3 16 4 5 23 499
3 17 4 3 7 499
3 18 4 5 5 499
3 19 4 3 16 499
3 20 4 6 2 499
3 21 4 4 21 499
3 22 4 4 15 499
3 23 4 4 15 499
3 24 4 7 18 499
3 25 4 4 23 499
3 26 4 6 12 499
3 28 4 2 22 499
3 29 4 5 1 499
3 30 4 4 18 499
3 31 4 7 4 499
3 32 4 1 24 499
3 33 4 6 12 499
3 34 4 6 8 499
3 35 4 4 13 499
3 36 4 6 22 499
3 37 4 6 3 499
3 38 4 6 6 499
3 39 4 1 2 499
3 40 4 3 1 499
3 41 4 7 14 499
3 42 4 4 25 499
3 43 4 4 2 499
3 44 4 6 18 499
3 45 4 7 19 499
3 46 4 2 18 499
3 47 4 3 6 499
3 48 4 1 12 499
3 49 4 6 20 499
4 0 6 6 20 971
4 1 6 6 25 971
4 2 6 5 16 971
4 5 6 7 19 971
4 6 6 7 5 971
4 7 6 4 12 971
4 8 6 1 9 971
4 9 6 7 16 971
4 10 6 3 8 971
4 11 6 4 10 971
4 12 6 5 2 971
4 13 6 5 23 971
4 14 6 3 24 971
4 15 6 3 22 971
4 16 6 5 19 971
4 17 6 3 10 971
4 18 6 5 11 971
4 19 6 3 18 971
4 20 6 6 3 971
4 21 6 4 5 971
4 22 6 4 22 971
4 23 6 4 11 971
4 24 6 7 14 971
4 25 6 4 12 971
4 26 6 6 23 971
4 27 6 5 6 971
4 28 6 2 4 971
4 29 6 5 23 971
4 30 6 4 24 971
4 31 6 7 20 971
4 32 6 1 4 971
4 33 6 6 20 971
4 34 6 6 6 971
4 36 6 6 15 971
4 37 6 6 17 971
4 38 6 6 8 971
4 39 6 1 4 971
4 40 6 3 24 971
4 41 6 7 8 971
4 42 6 4 6 971
4 43 6 4 1 971
4 44 6 6 14 971
4 45 6 7 22 971
4 46 6 2 9 971
4 47 6 3 2 971
4 48 6 1 9 971
4 49 6 6 12 971
5 0 7 6 21 853
5 1 7 6 7 853
5 2 7 5 23 853
5 3 7 4 10 853
5 4 7 6 19 853
5 6 7 7 21 853
5 7 7 4 23 853
5 8 7 1 2 853
5 9 7 7 10 853
5 10 7 3 9 853
5 11 7 4 14 853
5 12 7 5 7 853
5 13 7 5 14 853
5 14 7 3 7 853
5 15 7 3 13 853
5 16 7 5 14 853
5 17 7 3 5 853
5 18 7 5 16 853
5 19 7 3 18 853
5 20 7 6 13 853
5 21 7 4 1 853
5 22 7 4 11 853
5 23 7 4 17 853
5 24 7 7 7 853
5 25 7 4 3 853
5 26 7 6 7 853
5 27 7 5 25 853
5 29 7 5 6 853
5 30 7 4 24 853
5 31 7 7 1 853
5 32 7 1 15 853
5 33 7 6 25 853
5 34 7 6 8 853
5 35 7 4 23 853
5 36 7 6 4 853
5 37 7 6 16 853
5 38 7 6 4 853
5 39 7 1 5 853
5 40 7 3 15 853
5 41 7 7 24 853
5 42 7 4 14 853
5 43 7 4 2 853
5 44 7 6 8 853
5 45 7 7 17 853
5 46 7 2 19 853
5 47 7 3 18 853
5 48 7 1 18 853
6 0 7 6 5 201
6 1 7 6 1 201
6 2 7 5 20 201
6 4 7 6 5 201
6 5 7 7 21 201
6 7 7 4 24 201
6 8 7 1 12 201
6 9 7 7 17 201
6 10 7 3 19 201
6 11 7 4 21 201
6 12 7 5 11 201
6 13 7 5 10 201
6 14 7 3 4 201
6 15 7 3 19 201
6 16 7 5 11 201
6 17 7 3 24 201
6 18 7 5 21 201
6 19 7 3 17 201
6 20 7 6 10 201
6 21 7 4 15 201
6 22 7 4 16 201
6 24 7 7 5 201
6 25 7 4 17 201
6 26 7 6 22 201
6 27 7 5 16 201
6 28 7 2 25 201
6 29 7 5 5 201
6 30 7 4 3 201
6 31 7 7 11 201
6 32 7 1 18 201
6 33 7 6 8 201
6 34 7 6 5 201
6 35 7 4 23 201
6 36 7 6 22 201
6 37 7 6 13 201
6 38 7 6 9 201
6 39 7 1 11 201
6 40 7 3 15 201
6 41 7 7 20 201
6 42 7 4 16 201
6 43 7 4 14 201
6 44 7 6 1 201
6 45 7 7 11 201
6 46 7 2 11 201
6 47 7 3 8 201
6 48 7 1 7 201
6 49 7 6 18 201
7 0 4 6 13 352
7 1 4 6 8 352
7 2 4 5 18 352
7 3 4 4 5 352
7 4 4 6 12 352
7 5 4 7 23 352
7 6 4 7 24 352
7 8 4 1 21 352
7 9 4 7 25 352
7 10 4 3 14 352
7 11 4 4 17 352
7 13 4 5 3 352
7 14 4 3 18 352
7 15 4 3 17 352
7 16 4 5 7 352
7 17 4 3 25 352
7 18 4 5 20 352
7 19 4 3 16 352
7 20 4 6 16 352
7 21 4 4 17 352
7 22 4 4 6 352
7 23 4 4 17 352
7 25 4 4 12 352
7 26 4 6 13 352
7 27 4 5 17 352
7 28 4 2 10 352
7 30 4 4 1 352
7 31 4 7 14 352
7 32 4 1 16 352
7 33 4 6 3 352
7 35 4 4 1 352
7 36 4 6 25 352
7 37 4 6 6 352
7 38 4 6 19 352
7 39 4 1 4 352
7 40 4 3 23 352
7 41 4 7 12 352
7 43 4 4 8 352
7 44 4 6 15 352
7 45 4 7 18 352
7 46 4 2 7 352
7 48 4 1 9 352
7 49 4 6 17 352
8 0 1 6 14 306
8 1 1 6 17 306
8 2 1 5 25 306
8 3 1 4 8 306
8 4 1 6 9 306
8 5 1 7 2 306
8 6 1 7 12 306
8 7 1 4 21 306
8 9 1 7 18 306
8 10 1 3 18 306
8 11 1 4 11 306
8 13 1 5 5 306
8 14 1 3 22 306
8 15 1 3 24 306
8 16 1 5 20 306
8 18 1 5 22 306
8 19 1 3 14 306
8 20 1 6 9 306
8 21 1 4 18 306
8 22 1 4 11 306
8 23 1 4 15 306
8 24 1 7 3 306
8 25 1 4 15 306
8 26 1 6 9 306
8 27 1 5 6 306
8 28 1 2 4 306
8 29 1 5 17 306
8 31 1 7 23 306
8 32 1 1 23 306
8 33 1 6 9 306
8 34 1 6 23 306
8 35 1 4 24 306
8 36 1 6 1 306
8 37 1 6 7 306
8 39 1 1 25 306
8 40 1 3 25 306
8 41 1 7 6 306
8 42 1 4 18 306
8 43 1 4 6 306
8 44 1 6 12 306
8 45 1 7 9 306
8 48 1 1 25 306
8 49 1 6 3 306
9 0 7 6 14 575
9 1 7 6 2 575
9 2 7 5 11 575
9 3 7 4 8 575
9 4 7 6 16 575
9 5 7 7 10 575
9 6 7 7 17 575
9 7 7 4 25 575
9 8 7 1 18 575
9 10 7 3 1 575
9 11 7 4 25 575
9 12 7 5 24 575
9 13 7 5 16 575
9 14 7 3 20 575
9 15 7 3 1 575
9 16 7 5 22 575
9 17 7 3 4 575
9 18 7 5 4 575
9 19 7 3 11 575
9 20 7 6 4 575
9 21 7 4 15 575
9 22 7 4 24 575
9 23 7 4 18 575
9 24 7 7 3 575
9 25 7 4 6 575
9 26 7 6 8 575
9 27 7 5 11 575
9 28 7 2 13 575
9 29 7 5 6 575
9 30 7 4 24 575
9 31 7 7 17 575
9 32 7 1 4 575
9 33 7 6 12 575
9 34 7 6 17 575
9 35 7 4 16 575
9 37 7 6 11 575
9 38 7 6 2 575
9 39 7 1 9 575
9 40 7 3 12 575
9 41 7 7 16 575
9 42 7 4 20 575
9 43 7 4 17 575
9 44 7 6 5 575
9 45 7 7 14 575
9 46 7 2 9 575
9 47 7 3 21 575
9 48 7 1 24 575
9 49 7 6 16 575
10 0 3 6 14 159
10 1 3 6 4 159
10 2 3 5 24 159
10 3 3 4 14 159
10 4 3 6 8 159
10 5 3 7 9 159
10 6 3 7 19 159
10 7 3 4 14 159
10 8 3 1 18 159
10 9 3 7 1 159
10 12 3 5 6 159
10 13 3 5 19 159
10 14 3 3 23 159
10 15 3 3 3 159
10 16 3 5 25 159
10 17 3 3 25 159
10 18 3 5 24 159
10 19 3 3 25 159
10 20 3 6 15 159
10 21 3 4 12 159
10 22 3 4 6 159
10 23 3 4 8 159
10 24 3 7 10 159
10 25 3 4 9 159
10 26 3 6 3 159
10 27 3 5 7 159
10 28 3 2 16 159
10 29 3 5 25 159
10 30 3 4 22 159
10 31 3 7 4 159
10 32 3 1 11 159
10 33 3 6 2 159
10 35 3 4 18 159
10 36 3 6 24 159
10 37 3 6 10 159
10 38 3 6 24 159
10 39 3 1 14 159
10 40 3 3 17 159
10 41 3 7 6 159
10 42 3 4 15 159
10 43 3 4 23 159
10 44 3 6 24 159
10 45 3 7 12 159
10 46 3 2 13 159
10 47 3 3 12 159
10 48 3 1 9 159
10 49 3 6 4 159
11 0 4 6 3 680
11 1 4 6 20 680
11 2 4 5 7 680
11 3 4 4 1 680
11 4 4 6 10 680
11 5 4 7 14 680
11 6 4 7 21 680
11 7 4 4 17 680
11 8 4 1 11 680
11 9 4 7 25 680
11 12 4 5 9 680
11 13 4 5 19 680
11 14 4 3 19 680
11 15 4 3 10 680
11 16 4 5 21 680
11 17 4 3 3 680
11 18 4 5 15 680
11 20 4 6 24 680
11 21 4 4 8 680
11 22 4 4 6 680
11 23 4 4 13 680
11 24 4 7 14 680
11 25 4 4 5 680
11 26 4 6 21 680
11 27 4 5 7 680
11 28 4 2 15 680
11 29 4 5 24 680
11 30 4 4 9 680
11 31 4 7 10 680
11 32 4 1 10 680
11 33 4 6 13 680
11 34 4 6 23 680
11 35 4 4 19 680
11 36 4 6 3 680
11 37 4 6 6 680
11 38 4 6 16 680
11 39 4 1 14 680
11 40 4 3 7 680
11 41 4 7 16 680
11 43 4 4 15 680
11 44 4 6 17 680
11 45 4 7 25 680
11 46 4 2 18 680
11 47 4 3 14 680
11 48 4 1 14 680
11 49 4 6 22 680
12 0 5 6 18 281
12 1 5 6 21 281
12 2 5 5 7 281
12 3 5 4 15 281
12 4 5 6 2 281
12 5 5 7 7 281
12 6 5 7 11 281
12 9 5 7 24 281
12 10 5 3 6 281
12 11 5 4 9 281
12 13 5 5 14 281
12 14 5 3 12 281
12 15 5 3 10 281
12 16 5 5 21 281
12 17 5 3 22 281
12 18 5 5 20 281
12 19 5 3 4 281
12 20 5 6 16 281
12 21 5 4 11 281
12 22 5 4 23 281
12 23 5 4 15 281
12 24 5 7 16 281
12 25 5 4 2 281
12 26 5 6 1 281
12 27 5 5 8 281
12 28 5 2 21 281
12 29 5 5 14 281
12 31 5 7 25 281
12 32 5 1 16 281
12 33 5 6 24 281
12 34 5 6 22 281
12 35 5 4 10 281
12 36 5 6 21 281
12 37 5 6 4 281
12 38 5 6 4 281
12 39 5 1 14 281
12 40 5 3 2 281
12 41 5 7 1 281
12 42 5 4 19 281
12 43 5 4 13 281
12 45 5 7 14 281
12 46 5 2 5 281
12 47 5 3 7 281
12 49 5 6 20 281
13 0 5 6 6 515
13 1 5 6 15 515
13 2 5 5 11 515
13 3 5 4 3 515
13 4 5 6 23 515
13 5 5 7 14 515
13 6 5 7 10 515
13 7 5 4 3 515
13 8 5 1 5 515
13 9 5 7 16 515
13 10 5 3 19 515
13 11 5 4 19 515
13 12 5 5 14 515
13 14 5 3 17 515
13 15 5 3 21 515
13 16 5 5 18 515
13 17 5 3 21 515
13 19 5 3 22 515
13 20 5 6 23 515
13 21 5 4 19 515
13 22 5 4 5 515
13 23 5 4 4 515
13 24 5 7 9 515
13 26 5 6 22 515
13 27 5 5 7 515
13 28 5 2 3 515
13 29 5 5 21 515
13 30 5 4 6 515
13 31 5 7 25 515
13 32 5 1 24 515
13 33 5 6 24 515
13 34 5 6 21 515
13 35 5 4 2 515
13 36 5 6 24 515
13 37 5 6 15 515
13 38 5 6 9 515
13 39 5 1 4 515
13 40 5 3 9 515
13 41 5 7 9 515
13 42 5 4 3 515
13 43 5 4 24 515
13 44 5 6 13 515
13 45 5 7 5 515
13 46 5 2 17 515
13 47 5 3 20 515
13 48 5 1 12 515
13 49 5 6 11 515
14 0 3 6 11 352
14 1 3 6 5 352
14 2 3 5 5 352
14 3 3 4 4 352
14 4 3 6 24 352
14 5 3 7 7 352
14 6 3 7 4 352
14 7 3 4 18 352
14 8 3 1 22 352
14 9 3 7 20 352
14 10 3 3 23 352
14 11 3 4 19 352
14 12 3 5 12 352
14 13 3 5 17 352
14 15 3 3 18 352
14 16 3 5 4 352
14 17 3 3 5 352
14 18 3 5 22 352
14 19 3 3 24 352
14 20 3 6 23 352
14 24 3 7 11 352
14 25 3 4 20 352
14 26 3 6 13 352
14 27 3 5 16 352
14 28 3 2 25 352
14 29 3 5 17 352
14 30 3 4 16 352
14 31 3 7 22 352
14 32 3 1 2 352
14 33 3 6 17 352
14 34 3 6 23 352
14 35 3 4 12 352
14 36 3 6 13 352
14 37 3 6 10 352
14 38 3 6 24 352
14 39 3 1 12 352
14 40 3 3 12 352
14 41 3 7 18 352
14 42 3 4 17 352
14 44 3 6 17 352
14 45 3 7 8 352
14 46 3 2 10 352
14 47 3 3 4 352
14 49 3 6 14 352
15 0 3 6 3 182
15 1 3 6 11 182
15 2 3 5 23 182
15 3 3 4 1 182
15 4 3 6 22 182
15 5 3 7 13 182
15 6 3 7 19 182
15 7 3 4 17 182
15 8 3 1 24 182
15 9 3 7 1 182
15 10 3 3 3 182
15 11 3 4 10 182
15 12 3 5 10 182
15 13 3 5 21 182
15 14 3 3 18 182
15 16 3 5 18 182
15 17 3 3 17 182
15 18 3 5 11 182
15 20 3 6 11 182
15 21 3 4 22 182
15 22 3 4 2 182
15 23 3 4 2 182
15 24 3 7 4 182
15 25 3 4 4 182
15 27 3 5 17 182
15 28 3 2 14 182
15 29 3 5 22 182
15 31 3 7 17 182
15 33 3 6 13 182
15 34 3 6 6 182
15 35 3 4 1 182
15 36 3 6 2 182
15 37 3 6 7 182
15 38 3 6 5 182
15 39 3 1 19 182
15 40 3 3 20 182
15 42 3 4 11 182
15 44 3 6 19 182
15 45 3 7 3 182
15 47 3 3 5 182
15 48 3 1 9 182
15 49 3 6 14 182
16 0 5 6 1 168
16 1 5 6 6 168
16 2 5 5 2 168
16 3 5 4 23 168
16 4 5 6 19 168
16 5 5 7 14 168
16 6 5 7 11 168
16 7 5 4 7 168
16 8 5 1 20 168
16 9 5 7 22 168
16 10 5 3 25 168
16 11 5 4 21 168
16 12 5 5 21 168
16 13 5 5 18 168
16 14 5 3 4 168
16 15 5 3 18 168
16 19 5 3 12 168
16 20 5 6 4 168
16 21 5 4 5 168
16 22 5 4 3 168
16 23 5 4 4 168
16 24 5 7 18 168
16 25 5 4 2 168
16 26 5 6 1 168
16 27 5 5 4 168
16 29 5 5 7 168
16 30 5 4 1 168
16 31 5 7 24 168
16 32 5 1 23 168
16 35 5 4 18 168
16 36 5 6 3 168
16 37 5 6 13 168
16 38 5 6 4 168
16 39 5 1 14 168
16 41 5 7 9 168
16 42 5 4 11 168
16 43 5 4 24 168
16 44 5 6 14 168
16 45 5 7 1 168
16 46 5 2 19 168
16 47 5 3 21 168
16 48 5 1 1 168
16 49 5 6 10 168
17 0 3 6 12 753
17 2 3 5 22 753
17 3 3 4 7 753
17 4 3 6 10 753
17 5 3 7 5 753
17 6 3 7 24 753
17 7 3 4 25 753
17 9 3 7 4 753
17 10 3 3 25 753
17 11 3 4 3 753
17 12 3 5 22 753
17 13 3 5 21 753
17 14 3 3 5 753
17 15 3 3 17 753
17 19 3 3 15 753
17 20 3 6 6 753
17 21 3 4 5 753
17 22 3 4 8 753
17 23 3 4 18 753
17 24 3 7 22 753
17 25 3 4 13 753
17 26 3 6 17 753
17 27 3 5 12 753
17 28 3 2 5 753
17 29 3 5 25 753
17 30 3 4 20 753
17 31 3 7 10 753
17 32 3 1 13 753
17 33 3 6 19 753
17 34 3 6 9 753
17 35 3 4 11 753
17 36 3 6 4 753
17 37 3 6 24 753
17 38 3 6 19 753
17 39 3 1 5 753
17 40 3 3 16 753
17 41 3 7 13 753
17 42 3 4 9 753
17 43 3 4 5 753
17 44 3 6 20 753
17 45 3 7 10 753
17 46 3 2 18 753
17 47 3 3 21 753
17 48 3 1 16 753
17 49 3 6 4 753
18 0 5 6 25 974
18 1 5 6 6 974
18 2 5 5 21 974
18 3 5 4 5 974
18 4 5 6 11 974
18 5 5 7 16 974
18 6 5 7 21 974
18 7 5 4 20 974
18 8 5 1 22 974
18 9 5 7 4 974
18 10 5 3 24 974
18 11 5 4 15 974
18 12 5 5 20 974
18 14 5 3 22 974
18 15 5 3 11 974
18 21 5 4 3 974
18 22 5 4 21 974
18 23 5 4 12 974
18 24 5 7 23 974
18 25 5 4 22 974
18 26 5 6 25 974
18 27 5 5 4 974
18 28 5 2 9 974
18 30 5 4 22 974
18 31 5 7 17 974
18 32 5 1 7 974
18 33 5 6 5 974
18 34 5 6 2 974
18 36 5 6 14 974
18 37 5 6 11 974
18 38 5 6 3 974
18 39 5 1 12 974
18 40 5 3 14 974
18 41 5 7 5 974
18 42 5 4 2 974
18 43 5 4 17 974
18 44 5 6 19 974
18 45 5 7 10 974
18 46 5 2 16 974
18 48 5 1 7 974
18 49 5 6 20 974
19 0 3 6 14 70
19 1 3 6 4 70
19 2 3 5 19 70
19 3 3 4 16 70
19 4 3 6 18 70
19 5 3 7 18 70
19 6 3 7 17 70
19 7 3 4 16 70
19 8 3 1 14 70
19 9 3 7 11 70
19 10 3 3 25 70
19 12 3 5 4 70
19 13 3 5 22 70
19 14 3 3 24 70
19 16 3 5 12 70
19 17 3 3 15 70
19 21 3 4 23 70
19 22 3 4 17 70
19 23 3 4 4 70
19 24 3 7 16 70
19 25 3 4 12 70
19 26 3 6 4 70
19 27 3 5 25 70
19 28 3 2 12 70
19 29 3 5 13 70
19 30 3 4 21 70
19 31 3 7 24 70
19 32 3 1 4 70
19 33 3 6 2 70
19 34 3 6 5 70
19 36 3 6 21 70
19 37 3 6 21 70
19 38 3 6 19 70
19 40 3 3 25 70
19 41 3 7 6 70
19 42 3 4 16 70
19 43 3 4 17 70
19 44 3 6 19 70
19 45 3 7 4 70
19 46 3 2 11 70
19 47 3 3 13 70
19 48 3 1 8 70
19 49 3 6 14 70
20 0 6 6 15 713
20 1 6 6 11 713
20 2 6 5 4 713
20 3 6 4 2 713
20 4 6 6 3 713
20 5 6 7 13 713
20 6 6 7 10 713
20 7 6 4 16 713
20 8 6 1 9 713
20 9 6 7 4 713
20 10 6 3 15 713
20 11 6 4 24 713
20 12 6 5 16 713
20 13 6 5 23 713
20 14 6 3 23 713
20 15 6 3 11 713
20 16 6 5 4 713
20 17 6 3 6 713
20 22 6 4 5 713
20 23 6 4 15 713
20 24 6 7 7 713
20 25 6 4 4 713
20 26 6 6 7 713
20 27 6 5 1 713
20 28 6 2 1 713
20 29 6 5 5 713
20 30 6 4 7 713
20 32 6 1 18 713
20 33 6 6 10 713
20 34 6 6 21 713
20 35 6 4 17 713
20 36 6 6 25 713
20 37 6 6 10 713
20 38 6 6 16 713
20 39 6 1 17 713
20 40 6 3 25 713
20 41 6 7 25 713
20 42 6 4 22 713
20 43 6 4 2 713
20 44 6 6 10 713
20 45 6 7 24 713
20 46 6 2 11 713
20 47 6 3 3 713
20 48 6 1 3 713
20 49 6 6 22 713
21 0 4 6 3 961
21 1 4 6 14 961
21 2 4 5 2 961
21 3 4 4 21 961
21 4 4 6 5 961
21 5 4 7 1 961
21 6 4 7 15 961
21 7 4 4 17 961
21 8 4 1 18 961
21 9 4 7 15 961
21 10 4 3 12 961
21 11 4 4 8 961
21 12 4 5 11 961
21 13 4 5 19 961
21 15 4 3 22 961
21 16 4 5 5 961
21 17 4 3 5 961
21 18 4 5 3 961
21 19 4 3 23 961
21 23 4 4 22 961
21 24 4 7 12 961
21 25 4 4 16 961
21 26 4 6 7 961
21 28 4 2 2 961
21 29 4 5 10 961
21 30 4 4 15 961
21 31 4 7 13 961
21 32 4 1 15 961
21 33 4 6 7 961
21 34 4 6 7 961
21 38 4 6 3 961
21 39 4 1 15 961
21 40 4 3 25 961
21 41 4 7 10 961
21 42 4 4 15 961
21 43 4 4 21 961
21 44 4 6 23 961
21 45 4 7 18 961
21 46 4 2 20 961
21 47 4 3 16 961
21 48 4 1 22 961
22 1 4 6 22 654
22 3 4 4 15 654
22 4 4 6 22 654
22 5 4 7 11 654
22 6 4 7 16 654
22 7 4 4 6 654
22 8 4 1 11 654
22 9 4 7 24 654
22 10 4 3 6 654
22 11 4 4 6 654
22 12 4 5 23 654
22 13 4 5 5 654
22 15 4 3 2 654
22 16 4 5 3 654
22 17 4 3 8 654
22 18 4 5 21 654
22 19 4 3 17 654
22 20 4 6 5 654
22 23 4 4 15 654
22 24 4 7 8 654
22 25 4 4 18 654
22 26 4 6 9 654
22 27 4 5 3 654
22 28 4 2 22 654
22 29 4 5 8 654
22 30 4 4 20 654
22 31 4 7 11 654
22 32 4 1 20 654
22 33 4 6 12 654
22 34 4 6 24 654
22 35 4 4 6 654
22 36 4 6 9 654
22 37 4 6 24 654
22 38 4 6 19 654
22 39 4 1 12 654
22 40 4 3 8 654
22 41 4 7 4 654
22 42 4 4 9 654
22 44 4 6 9 654
22 45 4 7 20 654
22 46 4 2 1 654
22 47 4 3 1 654
22 48 4 1 23 654
22 49 4 6 12 654
23 1 4 6 23 946
23 2 4 5 14 946
23 3 4 4 15 946
23 4 4 6 11 946
23 5 4 7 17 946
23 7 4 4 17 946
23 8 4 1 15 946
23 9 4 7 18 946
23 10 4 3 8 946
23 11 4 4 13 946
23 12 4 5 15 946
23 13 4 5 4 946
23 15 4 3 2 946
23 16 4 5 4 946
23 17 4 3 18 946
23 18 4 5 12 946
23 19 4 3 4 946
23 20 4 6 15 946
23 21 4 4 22 946
23 22 4 4 15 946
23 24 4 7 16 946
23 25 4 4 5 946
23 26 4 6 18 946
23 27 4 5 16 946
23 30 4 4 23 946
23 32 4 1 2 946
23 33 4 6 2 946
23 34 4 6 22 946
23 35 4 4 8 946
23 36 4 6 18 946
23 37 4 6 20 946
23 38 4 6 11 946
23 39 4 1 9 946
23 40 4 3 22 946
23 41 4 7 5 946
23 42 4 4 8 946
23 43 4 4 5 946
23 44 4 6 5 946
23 46 4 2 17 946
23 47 4 3 19 946
23 49 4 6 3 946
24 2 7 5 7 699
24 3 7 4 18 699
24 4 7 6 14 699
24 5 7 7 7 699
24 6 7 7 5 699
24 8 7 1 3 699
24 9 7 7 3 699
24 10 7 3 10 699
24 11 7 4 14 699
24 12 7 5 16 699
24 13 7 5 9 699
24 14 7 3 11 699
24 15 7 3 4 699
24 16 7 5 18 699
24 17 7 3 22 699
24 18 7 5 23 699
24 19 7 3 16 699
24 20 7 6 7 699
24 21 7 4 12 699
24 22 7 4 8 699
24 23 7 4 16 699
24 25 7 4 11 699
24 26 7 6 5 699
24 27 7 5 3 699
24 28 7 2 16 699
24 29 7 5 1 699
24 30 7 4 1 699
24 31 7 7 20 699
24 32 7 1 8 699
24 33 7 6 1 699
24 35 7 4 7 699
24 36 7 6 19 699
24 37 7 6 13 699
24 38 7 6 13 699
24 39 7 1 3 699
24 40 7 3 21 699
24 41 7 7 4 699
24 42 7 4 16 699
24 44 7 6 11 699
24 45 7 7 25 699
24 46 7 2 1 699
24 47 7 3 20 699
24 49 7 6 3 699
25 0 4 6 10 993
25 1 4 6 8 993
25 3 4 4 23 993
25 4 4 6 12 993
25 5 4 7 3 993
25 6 4 7 17 993
25 7 4 4 12 993
25 8 4 1 15 993
25 9 4 7 6 993
25 10 4 3 9 993
25 11 4 4 5 993
25 12 4 5 2 993
25 14 4 3 20 993
25 15 4 3 4 993
25 16 4 5 2 993
25 17 4 3 13 993
25 18 4 5 22 993
25 19 4 3 12 993
25 20 4 6 4 993
25 21 4 4 16 993
25 22 4 4 18 993
25 23 4 4 5 993
25 24 4 7 11 993
25 26 4 6 22 993
25 27 4 5 7 993
25 28 4 2 1 993
25 29 4 5 22 993
25 31 4 7 20 993
25 33 4 6 2 993
25 34 4 6 25 993
25 35 4 4 6 993
25 37 4 6 24 993
25 38 4 6 5 993
25 39 4 1 21 993
25 40 4 3 4 993
25 41 4 7 17 993
25 42 4 4 3 993
25 43 4 4 7 993
25 44 4 6 1 993
25 45 4 7 16 993
25 46 4 2 6 993
25 48 4 1 25 993
25 49 4 6 23 993
26 0 6 6 12 411
26 1 6 6 22 411
26 2 6 5 2 411
26 3 6 4 12 411
26 4 6 6 23 411
26 5 6 7 7 411
26 6 6 7 22 411
26 7 6 4 13 411
26 8 6 1 9 411
26 9 6 7 8 411
26 10 6 3 3 411
26 11 6 4 21 411
26 12 6 5 1 411
26 13 6 5 22 411
26 14 6 3 13 411
26 16 6 5 1 411
26 17 6 3 17 411
26 18 6 5 25 411
26 19 6 3 4 411
26 20 6 6 7 411
26 21 6 4 7 411
26 22 6 4 9 411
26 23 6 4 18 411
26 24 6 7 5 411
26 25 6 4 22 411
26 27 6 5 4 411
26 28 6 2 2 411
26 29 6 5 7 411
26 30 6 4 18 411
26 31 6 7 11 411
26 32 6 1 15 411
26 33 6 6 22 411
26 34 6 6 17 411
26 35 6 4 23 411
26 36 6 6 6 411
26 37 6 6 3 411
26 38 6 6 4 411
26 39 6 1 19 411
26 40 6 3 12 411
26 41 6 7 9 411
26 42 6 4 23 411
26 43 6 4 22 411
26 44 6 6 20 411
26 45 6 7 7 411
26 46 6 2 14 411
26 47 6 3 15 411
26 48 6 1 16 411
26 49 6 6 15 411
27 0 5 6 24 744
27 1 5 6 23 744
27 2 5 5 25 744
27 4 5 6 6 744
27 5 5 7 25 744
27 6 5 7 16 744
27 7 5 4 17 744
27 8 5 1 6 744
27 9 5 7 11 744
27 10 5 3 7 744
27 11 5 4 7 744
27 12 5 5 8 744
27 13 5 5 7 744
27 14 5 3 16 744
27 15 5 3 17 744
27 16 5 5 4 744
27 17 5 3 12 744
27 18 5 5 4 744
27 19 5 3 25 744
27 20 5 6 1 744
27 22 5 4 3 744
27 23 5 4 16 744
27 24 5 7 3 744
27 25 5 4 7 744
27 26 5 6 4 744
27 28 5 2 6 744
27 29 5 5 23 744
27 30 5 4 2 744
27 31 5 7 13 744
27 32 5 1 23 744
27 33 5 6 5 744
27 34 5 6 20 744
27 35 5 4 23 744
27 36 5 6 13 744
27 37 5 6 15 744
27 38 5 6 22 744
27 39 5 1 24 744
27 40 5 3 19 744
27 41 5 7 23 744
27 42 5 4 12 744
27 43 5 4 9 744
27 44 5 6 17 744
27 45 5 7 16 744
27 46 5 2 17 744
27 47 5 3 18 744
27 48 5 1 13 744
27 49 5 6 14 744
28 0 2 6 5 413
28 1 2 6 12 413
28 2 2 5 3 413
28 3 2 4 22 413
28 4 2 6 4 413
28 6 2 7 25 413
28 7 2 4 10 413
28 8 2 1 4 413
28 9 2 7 13 413
28 10 2 3 16 413
28 11 2 4 15 413
28 12 2 5 21 413
28 13 2 5 3 413
28 14 2 3 25 413
28 15 2 3 14 413
28 17 2 3 5 413
28 18 2 5 9 413
28 19 2 3 12 413
28 20 2 6 1 413
28 21 2 4 2 413
28 22 2 4 22 413
28 24 2 7 16 413
28 25 2 4 1 413
28 26 2 6 2 413
28 27 2 5 6 413
28 29 2 5 25 413
28 31 2 7 13 413
28 33 2 6 22 413
28 34 2 6 22 413
28 35 2 4 21 413
28 36 2 6 10 413
28 37 2 6 6 413
28 38 2 6 3 413
28 39 2 1 15 413
28 40 2 3 1 413
28 41 2 7 4 413
28 42 2 4 3 413
28 43 2 4 9 413
28 44 2 6 10 413
28 45 2 7 14 413
28 46 2 2 6 413
28 47 2 3 22 413
28 48 2 1 2 413
28 49 2 6 21 413
29 0 5 6 2 650
29 1 5 6 23 650
29 2 5 5 19 650
29 3 5 4 1 650
29 4 5 6 23 650
29 5 5 7 6 650
29 6 5 7 5 650
29 8 5 1 17 650
29 9 5 7 6 650
29 10 5 3 25 650
29 11 5 4 24 650
29 12 5 5 14 650
29 13 5 5 21 650
29 14 5 3 17 650
29 15 5 3 22 650
29 16 5 5 7 650
29 17 5 3 25 650
29 19 5 3 13 650
29 20 5 6 5 650
29 21 5 4 10 650
29 22 5 4 8 650
29 24 5 7 1 650
29 25 5 4 22 650
29 26 5 6 7 650
29 27 5 5 23 650
29 28 5 2 25 650
29 30 5 4 12 650
29 32 5 1 23 650
29 33 5 6 20 650
29 34 5 6 20 650
29 35 5 4 3 650
29 36 5 6 16 650
29 37 5 6 1 650
29 38 5 6 21 650
29 39 5 1 13 650
29 40 5 3 2 650
29 41 5 7 21 650
29 42 5 4 19 650
29 44 5 6 10 650
29 45 5 7 18 650
29 46 5 2 25 650
29 47 5 3 10 650
29 48 5 1 25 650
29 49 5 6 13 650
30 0 4 6 5 502
30 1 4 6 12 502
30 2 4 5 5 502
30 3 4 4 18 502
30 4 4 6 24 502
30 5 4 7 24 502
30 6 4 7 3 502
30 7 4 4 1 502
30 9 4 7 24 502
30 10 4 3 22 502
30 11 4 4 9 502
30 13 4 5 6 502
30 14 4 3 16 502
30 16 4 5 1 502
30 17 4 3 20 502
30 18 4 5 22 502
30 19 4 3 21 502
30 20 4 6 7 502
30 21 4 4 15 502
30 22 4 4 20 502
30 23 4 4 23 502
30 24 4 7 1 502
30 26 4 6 18 502
30 27 4 5 2 502
30 29 4 5 12 502
30 31 4 7 6 502
30 32 4 1 12 502
30 33 4 6 6 502
30 34 4 6 12 502
30 35 4 4 14 502
30 37 4 6 3 502
30 38 4 6 17 502
30 40 4 3 3 502
30 41 4 7 22 502
30 43 4 4 8 502
30 44 4 6 12 502
30 45 4 7 10 502
30 46 4 2 10 502
30 47 4 3 4 502
30 48 4 1 19 502
30 49 4 6 3 502
31 0 7 6 16 139
31 1 7 6 15 139
31 2 7 5 9 139
31 3 7 4 4 139
31 4 7 6 20 139
31 5 7 7 1 139
31 6 7 7 11 139
31 7 7 4 14 139
31 8 7 1 23 139
31 9 7 7 17 139
31 10 7 3 4 139
31 11 7 4 10 139
31 12 7 5 25 139
31 13 7 5 25 139
31 14 7 3 22 139
31 15 7 3 17 139
31 16 7 5 24 139
31 17 7 3 10 139
31 18 7 5 17 139
31 19 7 3 24 139
31 21 7 4 13 139
31 22 7 4 11 139
31 24 7 7 20 139
31 25 7 4 20 139
31 26 7 6 11 139
31 27 7 5 13 139
31 28 7 2 13 139
31 30 7 4 6 139
31 32 7 1 3 139
31 33 7 6 1 139
31 34 7 6 3 139
31 35 7 4 21 139
31 36 7 6 25 139
31 38 7 6 5 139
31 39 7 1 8 139
31 40 7 3 21 139
31 41 7 7 4 139
31 42 7 4 7 139
31 43 7 4 1 139
31 45 7 7 10 139
31 46 7 2 1 139
31 47 7 3 17 139
31 48 7 1 3 139
31 49 7 6 18 139
32 0 1 6 9 972
32 1 1 6 9 972
32 2 1 5 17 972
32 3 1 4 24 972
32 4 1 6 4 972
32 5 1 7 15 972
32 6 1 7 18 972
32 7 1 4 16 972
32 8 1 1 23 972
32 9 1 7 4 972
32 10 1 3 11 972
32 11 1 4 10 972
32 12 1 5 16 972
32 13 1 5 24 972
32 14 1 3 2 972
32 16 1 5 23 972
32 17 1 3 13 972
32 18 1 5 7 972
32 19 1 3 4 972
32 20 1 6 18 972
32 21 1 4 15 972
32 22 1 4 20 972
32 23 1 4 2 972
32 24 1 7 8 972
32 26 1 6 15 972
32 27 1 5 23 972
32 29 1 5 23 972
32 30 1 4 12 972
32 31 1 7 3 972
32 33 1 6 12 972
32 34 1 6 1 972
32 35 1 4 14 972
32 36 1 6 3 972
32 38 1 6 8 972
32 39 1 1 14 972
32 40 1 3 20 972
32 41 1 7 20 972
32 42 1 4 16 972
32 43 1 4 11 972
32 44 1 6 8 972
32 45 1 7 7 972
32 46 1 2 7 972
32 47 1 3 1 972
32 48 1 1 25 972
32 49 1 6 22 972
33 1 6 6 5 563
33 2 6 5 19 563
33 3 6 4 12 563
33 4 6 6 20 563
33 5 6 7 25 563
33 6 6 7 8 563
33 7 6 4 3 563
33 8 6 1 9 563
33 9 6 7 12 563
33 10 6 3 2 563
33 11 6 4 13 563
33 12 6 5 24 563
33 13 6 5 24 563
33 14 6 3 17 563
33 15 6 3 13 563
33 17 6 3 19 563
33 18 6 5 5 563
33 19 6 3 2 563
33 20 6 6 10 563
33 21 6 4 7 563
33 22 6 4 12 563
33 23 6 4 2 563
33 24 6 7 1 563
33 25 6 4 2 563
33 26 6 6 22 563
33 27 6 5 5 563
33 28 6 2 22 563
33 29 6 5 20 563
33 30 6 4 6 563
33 31 6 7 1 563
33 32 6 1 12 563
33 34 6 6 16 563
33 35 6 4 11 563
33 36 6 6 21 563
33 37 6 6 12 563
33 38 6 6 9 563
33 39 6 1 20 563
33 40 6 3 8 563
33 41 6 7 3 563
33 42 6 4 9 563
33 43 6 4 13 563
33 44 6 6 12 563
33 45 6 7 17 563
33 46 6 2 19 563
33 48 6 1 23 563
33 49 6 6 3 563
34 0 6 6 25 103
34 1 6 6 11 103
34 2 6 5 13 103
34 3 6 4 8 103
34 4 6 6 6 103
34 5 6 7 8 103
34 6 6 7 5 103
34 8 6 1 23 103
34 9 6 7 17 103
34 11 6 4 23 103
34 12 6 5 22 103
34 13 6 5 21 103
34 14 6 3 23 103
34 15 6 3 6 103
34 17 6 3 9 103
34 18 6 5 2 103
34 19 6 3 5 103
34 20 6 6 21 103
34 21 6 4 7 103
34 22 6 4 24 103
34 23 6 4 22 103
34 25 6 4 25 103
34 26 6 6 17 103
34 27 6 5 20 103
34 28 6 2 22 103
34 29 6 5 20 103
34 30 6 4 12 103
34 31 6 7 3 103
34 32 6 1 1 103
34 33 6 6 16 103
34 35 6 4 3 103
34 36 6 6 1 103
34 37 6 6 22 103
34 38 6 6 19 103
34 39 6 1 22 103
34 40 6 3 13 103
34 41 6 7 12 103
34 42 6 4 13 103
34 43 6 4 7 103
34 44 6 6 17 103
34 46 6 2 18 103
34 47 6 3 9 103
34 48 6 1 19 103
34 49 6 6 12 103
35 0 4 6 2 280
35 1 4 6 8 280
35 2 4 5 16 280
35 3 4 4 13 280
35 5 4 7 23 280
35 6 4 7 23 280
35 7 4 4 1 280
35 8 4 1 24 280
35 9 4 7 16 280
35 10 4 3 18 280
35 11 4 4 19 280
35 12 4 5 10 280
35 13 4 5 2 280
35 14 4 3 12 280
35 15 4 3 1 280
35 16 4 5 18 280
35 17 4 3 11 280
35 20 4 6 17 280
35 22 4 4 6 280
35 23 4 4 8 280
35 24 4 7 7 280
35 25 4 4 6 280
35 26 4 6 23 280
35 27 4 5 23 280
35 28 4 2 21 280
35 29 4 5 3 280
35 30 4 4 14 280
35 31 4 7 21 280
35 32 4 1 14 280
35 33 4 6 11 280
35 34 4 6 3 280
35 36 4 6 23 280
35 37 4 6 15 280
35 38 4 6 13 280
35 39 4 1 3 280
35 40 4 3 6 280
35 41 4 7 9 280
35 42 4 4 12 280
35 43 4 4 24 280
35 44 4 6 7 280
35 45 4 7 20 280
35 46 4 2 22 280
35 47 4 3 1 280
35 48 4 1 19 280
35 49 4 6 5 280
36 0 6 6 15 480
36 1 6 6 14 480
36 2 6 5 13 480
36 3 6 4 22 480
36 4 6 6 15 480
36 5 6 7 4 480
36 6 6 7 22 480
36 7 6 4 25 480
36 8 6 1 1 480
36 10 6 3 24 480
36 11 6 4 3 480
36 12 6 5 21 480
36 13 6 5 24 480
36 14 6 3 13 480
36 15 6 3 2 480
36 16 6 5 3 480
36 17 6 3 4 480
36 18 6 5 14 480
36 19 6 3 21 480
36 20 6 6 25 480
36 22 6 4 9 480
36 23 6 4 18 480
36 24 6 7 19 480
36 26 6 6 6 480
36 27 6 5 13 480
36 28 6 2 10 480
36 29 6 5 16 480
36 31 6 7 25 480
36 32 6 1 3 480
36 33 6 6 21 480
36 34 6 6 1 480
36 35 6 4 23 480
36 37 6 6 17 480
36 38 6 6 19 480
36 39 6 1 21 480
36 40 6 3 19 480
36 41 6 7 11 480
36 42 6 4 19 480
36 43 6 4 3 480
36 44 6 6 23 480
36 45 6 7 12 480
36 47 6 3 5 480
36 48 6 1 1 480
37 0 6 6 1 947
37 1 6 6 18 947
37 2 6 5 10 947
37 3 6 4 3 947
37 4 6 6 17 947
37 5 6 7 16 947
37 6 6 7 13 947
37 7 6 4 6 947
37 8 6 1 7 947
37 9 6 7 11 947
37 10 6 3 10 947
37 11 6 4 6 947
37 12 6 5 4 947
37 13 6 5 15 947
37 14 6 3 10 947
37 15 6 3 7 947
37 16 6 5 13 947
37 17 6 3 24 947
37 18 6 5 11 947
37 19 6 3 21 947
37 20 6 6 10 947
37 22 6 4 24 947
37 23 6 4 20 947
37 24 6 7 13 947
37 25 6 4 24 947
37 26 6 6 3 947
37 27 6 5 15 947
37 28 6 2 6 947
37 29 6 5 1 947
37 30 6 4 3 947
37 33 6 6 12 947
37 34 6 6 22 947
37 35 6 4 15 947
37 36 6 6 17 947
37 38 6 6 21 947
37 40 6 3 17 947
37 41 6 7 15 947
37 42 6 4 6 947
37 43 6 4 13 947
37 44 6 6 19 947
37 46 6 2 21 947
37 47 6 3 10 947
37 48 6 1 1 947
37 49 6 6 17 947
38 0 6 6 12 933
38 2 6 5 16 933
38 3 6 4 6 933
38 4 6 6 8 933
38 5 6 7 4 933
38 6 6 7 9 933
38 7 6 4 19 933
38 9 6 7 2 933
38 10 6 3 24 933
38 11 6 4 16 933
38 12 6 5 4 933
38 13 6 5 9 933
38 14 6 3 24 933
38 15 6 3 5 933
38 16 6 5 4 933
38 17 6 3 19 933
38 18 6 5 3 933
38 19 6 3 19 933
38 20 6 6 16 933
38 21 6 4 3 933
38 22 6 4 19 933
38 23 6 4 11 933
38 24 6 7 13 933
38 25 6 4 5 933
38 26 6 6 4 933
38 27 6 5 22 933
38 28 6 2 3 933
38 29 6 5 21 933
38 30 6 4 17 933
38 31 6 7 5 933
38 32 6 1 8 933
38 33 6 6 9 933
38 34 6 6 19 933
38 35 6 4 13 933
38 36 6 6 19 933
38 37 6 6 21 933
38 39 6 1 4 933
38 40 6 3 10 933
38 41 6 7 18 933
38 42 6 4 15 933
38 43 6 4 3 933
38 45 6 7 14 933
38 46 6 2 9 933
38 47 6 3 10 933
38 48 6 1 4 933
38 49 6 6 15 933
39 0 1 6 17 739
39 1 1 6 12 739
39 2 1 5 2 739
39 3 1 4 2 739
39 4 1 6 4 739
39 5 1 7 5 739
39 6 1 7 11 739
39 7 1 4 4 739
39 8 1 1 25 739
39 9 1 7 9 739
39 10 1 3 14 739
39 11 1 4 14 739
39 12 1 5 14 739
39 13 1 5 4 739
39 14 1 3 12 739
39 15 1 3 19 739
39 16 1 5 14 739
39 17 1 3 5 739
39 18 1 5 12 739
39 20 1 6 17 739
39 21 1 4 15 739
39 22 1 4 12 739
39 23 1 4 9 739
39 24 1 7 3 739
39 25 1 4 21 739
39 26 1 6 19 739
39 27 1 5 24 739
39 28 1 2 15 739
39 29 1 5 13 739
39 31 1 7 8 739
39 32 1 1 14 739
39 33 1 6 20 739
39 34 1 6 22 739
39 35 1 4 3 739
39 36 1 6 21 739
39 38 1 6 4 739
39 41 1 7 20 739
39 42 1 4 13 739
39 43 1 4 3 739
39 44 1 6 11 739
39 46 1 2 16 739
39 48 1 1 5 739
39 49 1 6 11 739
40 0 3 6 13 235
40 1 3 6 7 235
40 2 3 5 19 235
40 3 3 4 1 235
40 4 3 6 24 235
40 5 3 7 15 235
40 6 3 7 15 235
40 7 3 4 23 235
40 8 3 1 25 235
40 9 3 7 12 235
40 10 3 3 17 235
40 11 3 4 7 235
40 12 3 5 2 235
40 13 3 5 9 235
40 14 3 3 12 235
40 15 3 3 20 235
40 17 3 3 16 235
40 18 3 5 14 235
40 19 3 3 25 235
40 20 3 6 25 235
40 21 3 4 25 235
40 22 3 4 8 235
40 23 3 4 22 235
40 24 3 7 21 235
40 25 3 4 4 235
40 26 3 6 12 235
40 27 3 5 19 235
40 28 3 2 1 235
40 29 3 5 2 235
40 30 3 4 3 235
40 31 3 7 21 235
40 32 3 1 20 235
40 33 3 6 8 235
40 34 3 6 13 235
40 35 3 4 6 235
40 36 3 6 19 235
40 37 3 6 17 235
40 38 3 6 10 235
40 41 3 7 20 235
40 42 3 4 11 235
40 43 3 4 1 235
40 44 3 6 14 235
40 45 3 7 19 235
40 46 3 2 8 235
40 47 3 3 19 235
40 48 3 1 17 235
40 49 3 6 14 235
41 1 7 6 2 58
41 2 7 5 1 58
41 3 7 4 14 58
41 4 7 6 8 58
41 5 7 7 24 58
41 6 7 7 20 58
41 7 7 4 12 58
41 8 7 1 6 58
41 9 7 7 16 58
41 10 7 3 6 58
41 11 7 4 16 58
41 12 7 5 1 58
41 13 7 5 9 58
41 14 7 3 18 58
41 16 7 5 9 58
41 17 7 3 13 58
41 18 7 5 5 58
41 19 7 3 6 58
41 20 7 6 25 58
41 21 7 4 10 58
41 22 7 4 4 58
41 23 7 4 5 58
41 24 7 7 4 58
41 25 7 4 17 58
41 26 7 6 9 58
41 27 7 5 23 58
41 28 7 2 4 58
41 29 7 5 21 58
41 30 7 4 22 58
41 31 7 7 4 58
41 32 7 1 20 58
41 33 7 6 3 58
41 34 7 6 12 58
41 35 7 4 9 58
41 36 7 6 11 58
41 37 7 6 15 58
41 38 7 6 18 58
41 39 7 1 20 58
41 40 7 3 20 58
41 42 7 4 3 58
41 43 7 4 10 58
41 44 7 6 25 58
41 45 7 7 6 58
41 46 7 2 7 58
41 47 7 3 22 58
41 48 7 1 15 58
41 49 7 6 4 58
42 0 4 6 3 986
42 2 4 5 11 986
42 3 4 4 25 986
42 4 4 6 6 986
42 5 4 7 14 986
42 6 4 7 16 986
42 8 4 1 18 986
42 9 4 7 20 986
42 10 4 3 15 986
42 12 4 5 19 986
42 13 4 5 3 986
42 14 4 3 17 986
42 15 4 3 11 986
42 16 4 5 11 986
42 17 4 3 9 986
42 18 4 5 2 986
42 19 4 3 16 986
42 20 4 6 22 986
42 21 4 4 15 986
42 22 4 4 9 986
42 23 4 4 8 986
42 24 4 7 16 986
42 25 4 4 3 986
42 26 4 6 23 986
42 27 4 5 12 986
42 28 4 2 3 986
42 29 4 5 19 986
42 31 4 7 7 986
42 32 4 1 16 986
42 33 4 6 9 986
42 34 4 6 13 986
42 35 4 4 12 986
42 36 4 6 19 986
42 37 4 6 6 986
42 38 4 6 15 986
42 39 4 1 13 986
42 40 4 3 11 986
42 41 4 7 3 986
42 43 4 4 11 986
42 44 4 6 14 986
42 45 4 7 13 986
42 46 4 2 6 986
42 47 4 3 5 986
42 49 4 6 3 986
43 0 4 6 18 526
43 1 4 6 10 526
43 2 4 5 10 526
43 3 4 4 2 526
43 4 4 6 1 526
43 5 4 7 2 526
43 6 4 7 14 526
43 7 4 4 8 526
43 8 4 1 6 526
43 9 4 7 17 526
43 10 4 3 23 526
43 11 4 4 15 526
43 12 4 5 13 526
43 13 4 5 24 526
43 16 4 5 24 526
43 17 4 3 5 526
43 18 4 5 17 526
43 19 4 3 17 526
43 20 4 6 2 526
43 21 4 4 21 526
43 23 4 4 5 526
43 25 4 4 7 526
43 26 4 6 22 526
43 27 4 5 9 526
43 28 4 2 9 526
43 30 4 4 8 526
43 31 4 7 1 526
43 32 4 1 11 526
43 33 4 6 13 526
43 34 4 6 7 526
43 35 4 4 24 526
43 36 4 6 3 526
43 37 4 6 13 526
43 38 4 6 3 526
43 39 4 1 3 526
43 40 4 3 1 526
43 41 4 7 10 526
43 42 4 4 11 526
43 44 4 6 25 526
43 45 4 7 2 526
43 46 4 2 13 526
43 47 4 3 23 526
43 48 4 1 4 526
43 49 4 6 2 526
44 0 6 6 16 974
44 1 6 6 6 974
44 2 6 5 14 974
44 3 6 4 18 974
44 4 6 6 14 974
44 5 6 7 8 974
44 6 6 7 1 974
44 7 6 4 15 974
44 8 6 1 12 974
44 9 6 7 5 974
44 10 6 3 24 974
44 11 6 4 17 974
44 13 6 5 13 974
44 14 6 3 17 974
44 15 6 3 19 974
44 16 6 5 14 974
44 17 6 3 20 974
44 18 6 5 19 974
44 19 6 3 19 974
44 20 6 6 10 974
44 21 6 4 23 974
44 22 6 4 9 974
44 23 6 4 5 974
44 24 6 7 11 974
44 25 6 4 1 974
44 26 6 6 20 974
44 27 6 5 17 974
44 28 6 2 10 974
44 29 6 5 10 974
44 30 6 4 12 974
44 32 6 1 8 974
44 33 6 6 12 974
44 34 6 6 17 974
44 35 6 4 7 974
44 36 6 6 23 974
44 37 6 6 19 974
44 39 6 1 11 974
44 40 6 3 14 974
44 41 6 7 25 974
44 42 6 4 14 974
44 43 6 4 25 974
44 45 6 7 8 974
44 46 6 2 4 974
44 47 6 3 3 974
44 48 6 1 21 974
44 49 6 6 5 974
45 0 7 6 12 557
45 1 7 6 2 557
45 3 7 4 19 557
45 4 7 6 22 557
45 5 7 7 17 557
45 6 7 7 11 557
45 7 7 4 18 557
45 8 7 1 9 557
45 9 7 7 14 557
45 10 7 3 12 557
45 11 7 4 25 557
45 12 7 5 14 557
45 13 7 5 5 557
45 14 7 3 8 557
45 15 7 3 3 557
45 16 7 5 1 557
45 17 7 3 10 557
45 18 7 5 10 557
45 19 7 3 4 557
45 20 7 6 24 557
45 21 7 4 18 557
45 22 7 4 20 557
45 24 7 7 25 557
45 25 7 4 16 557
45 26 7 6 7 557
45 27 7 5 16 557
45 28 7 2 14 557
45 29 7 5 18 557
45 30 7 4 10 557
45 31 7 7 10 557
45 32 7 1 7 557
45 33 7 6 17 557
45 35 7 4 20 557
45 36 7 6 12 557
45 38 7 6 14 557
45 40 7 3 19 557
45 41 7 7 6 557
45 42 7 4 13 557
45 43 7 4 2 557
45 44 7 6 8 557
45 46 7 2 25 557
45 47 7 3 21 557
45 48 7 1 2 557
45 49 7 6 22 557
46 0 2 6 17 813
46 1 2 6 4 813
46 2 2 5 20 813
46 3 2 4 18 813
46 4 2 6 9 813
46 5 2 7 19 813
46 6 2 7 11 813
46 7 2 4 7 813
46 9 2 7 9 813
46 10 2 3 13 813
46 11 2 4 18 813
46 12 2 5 5 813
46 13 2 5 17 813
46 14 2 3 10 813
46 16 2 5 19 813
46 17 2 3 18 813
46 18 2 5 16 813
46 19 2 3 11 813
46 20 2 6 11 813
46 21 2 4 20 813
46 22 2 4 1 813
46 23 2 4 17 813
46 24 2 7 1 813
46 25 2 4 6 813
46 26 2 6 14 813
46 27 2 5 17 813
46 28 2 2 6 813
46 29 2 5 25 813
46 30 2 4 10 813
46 31 2 7 1 813
46 32 2 1 7 813
46 33 2 6 19 813
46 34 2 6 18 813
46 35 2 4 22 813
46 37 2 6 21 813
46 38 2 6 9 813
46 39 2 1 16 813
46 40 2 3 8 813
46 41 2 7 7 813
46 42 2 4 6 813
46 43 2 4 13 813
46 44 2 6 4 813
46 45 2 7 25 813
46 47 2 3 20 813
46 48 2 1 20 813
46 49 2 6 12 813
47 0 3 6 11 57
47 1 3 6 13 57
47 2 3 5 4 57
47 3 3 4 6 57
47 4 3 6 2 57
47 5 3 7 18 57
47 6 3 7 8 57
47 9 3 7 21 57
47 10 3 3 12 57
47 11 3 4 14 57
47 12 3 5 7 57
47 13 3 5 20 57
47 14 3 3 4 57
47 15 3 3 5 57
47 16 3 5 21 57
47 17 3 3 21 57
47 19 3 3 13 57
47 20 3 6 3 57
47 21 3 4 16 57
47 22 3 4 1 57
47 23 3 4 19 57
47 24 3 7 20 57
47 26 3 6 15 57
47 27 3 5 18 57
47 28 3 2 22 57
47 29 3 5 10 57
47 30 3 4 4 57
47 31 3 7 17 57
47 32 3 1 1 57
47 34 3 6 9 57
47 35 3 4 1 57
47 36 3 6 5 57
47 37 3 6 10 57
47 38 3 6 10 57
47 40 3 3 19 57
47 41 3 7 22 57
47 42 3 4 5 57
47 43 3 4 23 57
47 44 3 6 3 57
47 45 3 7 21 57
47 46 3 2 20 57
47 49 3 6 8 57
48 0 1 6 13 599
48 1 1 6 7 599
48 2 1 5 18 599
48 3 1 4 12 599
48 4 1 6 9 599
48 5 1 7 18 599
48 6 1 7 7 599
48 7 1 4 9 599
48 8 1 1 25 599
48 9 1 7 24 599
48 10 1 3 9 599
48 11 1 4 14 599
48 13 1 5 12 599
48 15 1 3 9 599
48 16 1 5 1 599
48 17 1 3 16 599
48 18 1 5 7 599
48 19 1 3 8 599
48 20 1 6 3 599
48 21 1 4 22 599
48 22 1 4 23 599
48 25 1 4 25 599
48 26 1 6 16 599
48 27 1 5 13 599
48 28 1 2 2 599
48 29 1 5 25 599
48 30 1 4 19 599
48 31 1 7 3 599
48 32 1 1 25 599
48 33 1 6 23 599
48 34 1 6 19 599
48 35 1 4 19 599
48 36 1 6 1 599
48 37 1 6 1 599
48 38 1 6 4 599
48 39 1 1 5 599
48 40 1 3 17 599
48 41 1 7 15 599
48 43 1 4 4 599
48 44 1 6 21 599
48 45 1 7 2 599
48 46 1 2 20 599
48 49 1 6 12 599
49 0 6 6 1 511
49 1 6 6 14 511
49 2 6 5 16 511
49 3 6 4 20 511
49 4 6 6 12 511
49 6 6 7 18 511
49 7 6 4 17 511
49 8 6 1 3 511
49 9 6 7 16 511
49 10 6 3 4 511
49 11 6 4 22 511
49 12 6 5 20 511
49 13 6 5 11 511
49 14 6 3 14 511
49 15 6 3 14 511
49 16 6 5 10 511
49 17 6 3 4 511
49 18 6 5 20 511
49 19 6 3 14 511
49 20 6 6 22 511
49 22 6 4 12 511
49 23 6 4 3 511
49 24 6 7 3 511
49 25 6 4 23 511
49 26 6 6 15 511
49 27 6 5 14 511
49 28 6 2 21 511
49 29 6 5 13 511
49 30 6 4 3 511
49 31 6 7 18 511
49 32 6 1 22 511
49 33 6 6 3 511
49 34 6 6 12 511
49 35 6 4 5 511
49 37 6 6 17 511
49 38 6 6 15 511
49 39 6 1 11 511
49 40 6 3 14 511
49 41 6 7 4 511
49 42 6 4 3 511
49 43 6 4 2 511
49 44 6 6 5 511
49 45 6 7 22 511
49 46 6 2 12 511
49 47 6 3 8 511
49 48 6 1 12 511
