capacity  cost_by_node
nb_functions 8
14 54 58 93 64 99 18 54 86 93 69 85 12 100 42 11 40 62 28 44 57 74 23 34 98 41 
17 35 27 59 76 63 55 51 81 99 19 40 86 60 72 93 69 18 34 23 27 33 54 21 38 46 
11 27 61 33 70 71 74 30 70 13 17 52 75 98 11 58 78 50 93 83 74 28 72 42 24 21 
14 90 49 12 91 94 74 29 38 56 81 25 74 43 30 23 67 70 84 78 62 22 30 65 45 77 
13 90 18 12 96 12 51 67 18 100 13 52 58 64 46 69 98 52 40 52 85 85 27 86 48 23 
13 17 31 21 95 20 13 55 46 71 61 80 46 81 79 84 88 52 36 41 17 26 58 27 18 41 
10 76 33 98 99 92 41 12 81 36 79 94 69 88 79 43 38 47 47 59 71 35 65 45 19 92 
10 59 99 89 86 55 97 98 30 30 40 26 49 57 42 26 51 29 89 65 13 100 48 22 54 72 
