capacity  cost_by_node
nb_functions 10
28 59 37 74 72 93 50 21 21 72 20 33 42 93 39 47 15 59 53 56 58 15 80 54 81 52 
15 62 16 15 82 12 82 48 74 13 17 77 36 11 31 66 13 29 91 84 91 79 68 92 70 21 
29 59 86 74 24 50 84 32 38 60 13 71 37 86 51 46 15 66 94 28 68 21 41 72 16 65 
26 37 95 14 54 13 20 56 61 52 80 16 90 81 48 20 66 92 86 23 93 80 75 49 38 99 
17 81 57 83 25 43 71 100 57 84 60 90 73 91 82 100 44 38 52 66 14 32 46 51 90 59 
20 82 60 19 11 75 96 58 31 41 94 42 48 88 93 22 17 21 95 18 36 25 59 74 48 91 
20 41 13 96 69 48 34 98 81 74 18 11 95 17 73 17 24 38 44 33 31 84 43 76 99 55 
26 21 38 58 11 12 99 73 29 26 95 28 49 60 58 91 84 18 38 23 16 40 62 21 100 94 
14 10 41 30 55 39 69 70 53 83 35 15 16 91 19 85 13 38 64 16 80 72 28 65 47 37 
28 39 65 99 95 22 40 77 76 92 27 59 87 19 38 42 84 72 20 10 86 13 46 59 93 59 
