capacity  cost_by_node
nb_functions 8
36 69 61 99 62 72 95 45 40 69 12 72 72 68 66 72 48 69 93 75 20 40 80 53 98 84 98 69 11 13 35 41 53 24 43 25 39 80 70 64 77 69 87 34 68 43 81 76 40 99 54 85 20 86 50 54 73 29 20 77 67 14 43 56 44 17 33 42 47 61 28 85 86 63 53 11 11 25 54 56 20 43 95 11 47 66 83 76 24 55 42 17 12 57 62 34 100 18 53 34 99 
24 63 91 78 20 53 81 30 37 31 50 94 99 44 64 51 34 65 88 55 27 61 74 15 16 39 41 79 91 53 89 65 65 83 18 52 64 90 27 13 42 19 29 39 82 73 56 54 90 65 14 80 30 50 28 16 55 68 38 87 22 31 62 16 75 15 43 62 86 63 66 83 14 63 11 32 35 19 28 61 31 90 44 49 68 99 99 80 71 33 27 42 22 25 25 70 100 55 22 32 22 
23 80 47 33 87 14 20 31 95 39 76 54 75 99 91 70 73 93 54 42 93 38 93 85 31 69 17 71 11 20 46 92 46 49 87 50 21 95 95 100 55 98 67 34 48 51 65 23 97 76 81 48 76 99 35 97 13 28 36 24 69 10 81 33 12 11 19 88 31 35 95 17 98 83 36 66 38 95 27 77 37 25 35 29 93 89 32 84 95 71 74 16 25 47 40 27 72 46 36 41 79 
23 61 51 51 38 28 25 70 52 25 36 56 15 21 80 58 57 48 26 57 89 76 41 24 68 61 62 36 76 13 31 72 63 64 100 28 82 17 27 21 18 63 93 55 10 40 19 59 81 10 83 38 30 53 65 82 49 26 55 79 15 75 21 42 63 24 29 62 40 43 31 23 85 11 37 26 63 26 72 24 83 36 94 10 10 12 26 85 24 24 26 71 28 99 48 88 67 40 89 77 11 
35 20 28 71 13 76 31 12 98 100 61 49 63 16 10 53 46 49 96 42 17 66 60 59 81 50 28 50 87 86 30 92 100 52 100 69 53 29 12 55 87 41 90 29 43 10 27 14 18 89 33 90 78 23 88 68 83 57 22 21 55 19 95 18 52 31 92 35 80 11 63 89 81 67 15 53 85 20 100 60 35 47 37 51 48 85 40 49 11 39 52 80 76 74 99 44 15 97 90 15 77 
38 41 63 70 19 46 45 50 87 25 82 66 50 16 92 85 88 42 64 20 19 80 11 70 82 15 45 50 84 61 40 50 13 54 48 14 51 70 23 10 48 94 75 20 58 23 65 67 50 96 10 16 43 30 42 84 91 41 47 19 82 37 42 39 17 96 39 78 32 51 74 30 92 96 69 98 87 52 69 24 47 39 84 30 29 95 59 36 37 83 84 12 65 12 73 67 100 15 25 44 71 
33 28 64 62 32 48 10 74 56 52 71 94 55 40 56 48 86 75 54 93 37 76 46 58 80 60 55 84 31 88 50 37 21 11 62 57 67 77 58 74 47 86 60 47 20 87 19 40 60 49 99 60 65 89 31 83 13 93 58 22 74 49 55 12 29 37 45 21 76 77 21 69 42 89 20 64 45 100 28 65 92 87 10 95 44 10 73 68 80 50 95 15 77 34 28 54 96 70 57 87 11 
39 89 23 13 99 50 15 13 55 15 80 81 92 75 13 59 17 94 43 14 18 48 91 47 47 23 92 74 98 75 75 46 23 18 67 12 56 98 41 86 12 22 77 19 68 79 38 86 61 16 16 89 55 93 27 94 95 52 38 66 67 24 64 93 68 18 24 79 51 54 50 89 91 59 19 76 50 52 91 36 93 58 75 72 29 22 29 41 45 30 88 29 40 27 42 34 78 21 70 72 88 
