capacity  cost_by_node
nb_functions 10
27 29 22 68 46 94 93 30 76 10 78 22 66 65 19 94 46 74 19 25 36 99 27 95 18 81 80 69 16 75 63 50 23 36 10 31 11 92 23 94 95 43 83 34 52 65 83 71 84 78 44 65 33 94 51 18 57 40 32 78 59 65 41 69 67 81 28 28 37 78 46 50 48 34 76 42 37 13 65 64 28 97 71 10 59 35 68 59 64 31 18 73 28 80 77 21 11 97 21 35 33 
15 17 98 27 77 56 54 39 10 40 99 29 28 96 58 74 10 57 62 35 51 34 46 11 86 38 28 58 31 42 78 70 65 40 73 17 56 81 45 72 15 28 64 42 28 87 26 67 50 85 58 30 90 62 86 36 96 61 87 35 13 74 65 19 58 66 11 14 24 75 89 92 74 76 79 32 62 18 47 100 93 22 74 34 55 67 96 25 18 75 45 57 89 65 67 70 84 35 68 40 16 
20 45 95 99 95 38 79 26 61 18 11 23 93 50 86 51 47 91 18 22 85 37 51 31 48 72 89 63 19 38 88 85 67 62 86 64 68 94 40 78 11 58 23 60 34 47 88 30 61 81 47 48 88 47 54 36 41 81 62 45 78 44 50 27 94 66 13 41 60 84 20 33 65 25 67 60 64 31 66 51 94 68 29 83 85 80 31 10 97 18 71 38 100 97 39 28 18 88 89 77 84 
25 60 54 21 15 67 27 73 91 48 75 85 90 32 50 74 25 71 32 78 96 83 78 20 44 14 18 95 67 81 51 29 39 15 38 38 49 56 44 58 53 50 79 19 38 86 71 37 28 96 19 31 57 30 58 32 24 93 22 39 16 73 84 88 45 65 27 94 59 66 10 53 88 67 93 84 36 65 46 84 47 92 75 66 58 68 33 90 63 46 54 17 80 88 49 18 52 47 22 62 89 
23 74 73 18 64 79 30 67 70 66 43 90 78 79 54 35 59 51 70 96 90 50 55 76 27 84 83 74 36 41 21 27 64 67 76 16 96 19 24 36 14 43 62 12 59 80 92 89 30 83 75 96 16 25 42 85 78 94 51 54 67 51 80 25 11 58 32 29 14 45 79 60 20 50 75 25 23 14 96 29 20 19 53 83 27 32 39 79 72 41 20 36 70 93 35 94 68 85 48 48 41 
28 86 43 73 80 18 52 33 16 91 63 79 39 95 21 39 36 83 99 96 60 73 29 11 21 15 53 38 54 74 32 46 61 93 57 65 24 99 18 64 56 13 62 30 91 58 22 68 24 74 66 20 28 33 40 11 46 11 32 29 75 54 11 86 50 17 33 40 73 39 11 16 77 87 71 71 36 99 32 33 82 21 38 87 99 56 71 16 33 45 100 11 52 81 94 45 24 77 57 52 43 
21 17 28 78 96 94 94 81 98 89 17 85 88 93 32 85 64 41 19 37 37 54 49 21 49 35 39 52 78 69 100 85 91 82 80 97 43 64 27 65 90 75 35 85 51 28 92 51 74 26 83 12 72 47 14 73 16 95 80 71 36 45 65 33 79 70 20 71 99 48 47 70 10 11 24 34 10 69 50 75 82 23 27 46 100 40 89 56 58 92 55 45 35 16 56 12 31 67 27 17 21 
15 33 26 94 97 93 71 60 27 63 94 34 58 48 43 86 84 10 83 14 89 45 94 69 46 29 81 56 76 72 93 44 72 53 35 59 75 77 34 34 63 35 23 15 53 27 34 11 88 78 51 26 75 51 78 97 59 81 92 39 49 11 60 16 54 38 34 45 39 100 78 78 87 100 100 31 67 27 53 47 25 61 89 63 42 37 78 67 22 19 44 63 48 89 29 81 74 25 30 88 39 
29 100 72 19 26 82 29 57 67 47 36 95 33 29 70 82 83 70 10 47 60 65 41 30 73 96 31 25 16 100 56 13 49 98 63 65 89 85 82 18 29 52 77 52 29 74 36 70 85 97 89 33 35 52 23 26 100 43 46 51 65 66 58 79 79 99 64 27 71 87 49 83 51 49 72 37 21 96 79 12 86 34 27 22 40 18 14 14 58 95 87 94 81 41 63 75 33 72 51 98 65 
22 59 34 98 77 76 22 20 27 85 69 39 96 70 60 86 24 45 96 36 31 63 30 22 56 76 80 28 44 87 88 40 13 82 15 97 11 41 76 46 99 66 31 58 24 88 61 91 71 72 85 93 47 47 24 67 82 91 26 43 73 98 88 86 23 50 70 69 74 83 93 81 71 30 92 16 85 94 12 45 54 37 17 95 62 63 69 89 78 86 70 29 92 33 10 27 17 27 80 42 75 
