Node_1 Node_2 Capacity_node1 Capacity_node2 Latency_arc node_cost
nb_nodes 100
nb_arcs 4974
0 1 4 6 5 234
0 2 4 4 7 234
0 4 4 2 14 234
0 5 4 4 5 234
0 7 4 7 6 234
0 8 4 7 11 234
0 11 4 7 21 234
0 13 4 4 17 234
0 14 4 7 19 234
0 18 4 2 3 234
0 21 4 2 19 234
0 22 4 4 20 234
0 23 4 3 23 234
0 25 4 7 11 234
0 26 4 3 22 234
0 28 4 5 11 234
0 29 4 3 18 234
0 30 4 1 24 234
0 32 4 3 4 234
0 35 4 5 6 234
0 36 4 3 4 234
0 37 4 4 12 234
0 40 4 1 18 234
0 41 4 7 3 234
0 43 4 4 5 234
0 45 4 7 18 234
0 46 4 6 8 234
0 47 4 1 4 234
0 51 4 5 6 234
0 56 4 7 10 234
0 61 4 5 22 234
0 62 4 6 10 234
0 67 4 2 14 234
0 68 4 3 1 234
0 69 4 4 18 234
0 70 4 5 22 234
0 76 4 2 12 234
0 79 4 3 11 234
0 81 4 2 4 234
0 82 4 6 24 234
0 83 4 6 23 234
0 85 4 2 3 234
0 86 4 2 15 234
0 88 4 7 16 234
0 93 4 4 7 234
0 97 4 3 25 234
0 98 4 3 6 234
1 0 6 4 5 454
1 3 6 6 25 454
1 4 6 2 13 454
1 5 6 4 3 454
1 6 6 4 1 454
1 7 6 7 25 454
1 9 6 3 1 454
1 13 6 4 19 454
1 14 6 7 7 454
1 15 6 1 19 454
1 16 6 2 20 454
1 17 6 2 3 454
1 19 6 1 15 454
1 21 6 2 3 454
1 22 6 4 17 454
1 24 6 5 12 454
1 28 6 5 7 454
1 30 6 1 12 454
1 31 6 6 10 454
1 35 6 5 20 454
1 36 6 3 9 454
1 37 6 4 14 454
1 40 6 1 21 454
1 42 6 4 18 454
1 46 6 6 16 454
1 47 6 1 23 454
1 49 6 3 10 454
1 50 6 5 21 454
1 51 6 5 9 454
1 52 6 4 2 454
1 58 6 4 5 454
1 62 6 6 22 454
1 64 6 1 7 454
1 65 6 4 17 454
1 67 6 2 23 454
1 70 6 5 6 454
1 71 6 5 23 454
1 75 6 1 25 454
1 76 6 2 4 454
1 77 6 7 11 454
1 79 6 3 18 454
1 80 6 3 22 454
1 82 6 6 5 454
1 83 6 6 7 454
1 85 6 2 2 454
1 87 6 5 23 454
1 90 6 4 3 454
1 93 6 4 21 454
1 94 6 4 7 454
1 99 6 7 14 454
2 0 4 4 7 967
2 3 4 6 11 967
2 4 4 2 25 967
2 5 4 4 14 967
2 6 4 4 14 967
2 9 4 3 5 967
2 12 4 1 16 967
2 13 4 4 8 967
2 16 4 2 2 967
2 20 4 3 16 967
2 21 4 2 4 967
2 22 4 4 6 967
2 23 4 3 20 967
2 25 4 7 16 967
2 27 4 1 25 967
2 28 4 5 16 967
2 29 4 3 25 967
2 32 4 3 19 967
2 33 4 3 3 967
2 36 4 3 11 967
2 37 4 4 4 967
2 38 4 7 16 967
2 40 4 1 24 967
2 42 4 4 22 967
2 44 4 3 14 967
2 45 4 7 6 967
2 48 4 7 7 967
2 51 4 5 16 967
2 52 4 4 3 967
2 53 4 5 25 967
2 55 4 3 6 967
2 57 4 1 6 967
2 61 4 5 5 967
2 63 4 2 8 967
2 64 4 1 18 967
2 65 4 4 23 967
2 68 4 3 20 967
2 72 4 3 6 967
2 73 4 2 20 967
2 74 4 2 7 967
2 76 4 2 6 967
2 77 4 7 23 967
2 78 4 7 14 967
2 79 4 3 15 967
2 82 4 6 19 967
2 84 4 3 6 967
2 88 4 7 8 967
2 89 4 2 6 967
2 91 4 6 19 967
2 93 4 4 25 967
2 94 4 4 22 967
2 95 4 2 21 967
2 96 4 3 16 967
2 97 4 3 21 967
3 1 6 6 25 159
3 2 6 4 11 159
3 7 6 7 15 159
3 8 6 7 7 159
3 9 6 3 21 159
3 10 6 2 3 159
3 15 6 1 8 159
3 17 6 2 19 159
3 19 6 1 14 159
3 21 6 2 23 159
3 22 6 4 1 159
3 23 6 3 24 159
3 25 6 7 24 159
3 28 6 5 16 159
3 29 6 3 3 159
3 31 6 6 19 159
3 32 6 3 6 159
3 33 6 3 2 159
3 34 6 7 19 159
3 35 6 5 16 159
3 36 6 3 9 159
3 37 6 4 25 159
3 38 6 7 10 159
3 40 6 1 12 159
3 41 6 7 17 159
3 42 6 4 19 159
3 45 6 7 2 159
3 48 6 7 23 159
3 49 6 3 19 159
3 50 6 5 7 159
3 52 6 4 6 159
3 53 6 5 20 159
3 54 6 4 6 159
3 56 6 7 22 159
3 58 6 4 1 159
3 60 6 7 14 159
3 61 6 5 22 159
3 62 6 6 8 159
3 63 6 2 19 159
3 64 6 1 22 159
3 65 6 4 4 159
3 66 6 5 9 159
3 69 6 4 12 159
3 72 6 3 21 159
3 76 6 2 25 159
3 80 6 3 1 159
3 82 6 6 9 159
3 85 6 2 2 159
3 86 6 2 16 159
3 88 6 7 14 159
3 92 6 4 17 159
3 93 6 4 3 159
3 94 6 4 7 159
3 95 6 2 14 159
3 96 6 3 25 159
3 97 6 3 15 159
4 0 2 4 14 264
4 1 2 6 13 264
4 2 2 4 25 264
4 5 2 4 16 264
4 13 2 4 24 264
4 14 2 7 3 264
4 16 2 2 21 264
4 17 2 2 11 264
4 18 2 2 11 264
4 19 2 1 20 264
4 20 2 3 8 264
4 22 2 4 8 264
4 23 2 3 8 264
4 24 2 5 9 264
4 25 2 7 8 264
4 26 2 3 15 264
4 27 2 1 9 264
4 28 2 5 25 264
4 29 2 3 14 264
4 31 2 6 6 264
4 32 2 3 16 264
4 34 2 7 13 264
4 39 2 3 20 264
4 52 2 4 8 264
4 53 2 5 10 264
4 54 2 4 14 264
4 55 2 3 4 264
4 60 2 7 12 264
4 64 2 1 8 264
4 66 2 5 14 264
4 67 2 2 1 264
4 71 2 5 14 264
4 73 2 2 2 264
4 77 2 7 3 264
4 79 2 3 17 264
4 80 2 3 8 264
4 81 2 2 1 264
4 82 2 6 24 264
4 83 2 6 6 264
4 84 2 3 10 264
4 85 2 2 3 264
4 87 2 5 2 264
4 89 2 2 21 264
4 91 2 6 2 264
4 99 2 7 8 264
5 0 4 4 5 928
5 1 4 6 3 928
5 2 4 4 14 928
5 4 4 2 16 928
5 9 4 3 8 928
5 10 4 2 20 928
5 11 4 7 13 928
5 14 4 7 2 928
5 16 4 2 11 928
5 18 4 2 10 928
5 19 4 1 19 928
5 20 4 3 8 928
5 22 4 4 5 928
5 25 4 7 10 928
5 28 4 5 21 928
5 29 4 3 10 928
5 30 4 1 18 928
5 32 4 3 16 928
5 33 4 3 6 928
5 34 4 7 1 928
5 40 4 1 1 928
5 41 4 7 7 928
5 42 4 4 17 928
5 45 4 7 16 928
5 48 4 7 19 928
5 51 4 5 8 928
5 52 4 4 19 928
5 53 4 5 19 928
5 55 4 3 23 928
5 56 4 7 10 928
5 57 4 1 9 928
5 58 4 4 13 928
5 59 4 1 4 928
5 60 4 7 2 928
5 61 4 5 12 928
5 64 4 1 20 928
5 66 4 5 2 928
5 71 4 5 12 928
5 73 4 2 1 928
5 77 4 7 20 928
5 78 4 7 2 928
5 79 4 3 21 928
5 80 4 3 21 928
5 81 4 2 2 928
5 82 4 6 23 928
5 84 4 3 4 928
5 88 4 7 15 928
5 92 4 4 4 928
5 95 4 2 25 928
5 96 4 3 19 928
5 97 4 3 17 928
5 99 4 7 11 928
6 1 4 6 1 266
6 2 4 4 14 266
6 9 4 3 25 266
6 12 4 1 3 266
6 17 4 2 1 266
6 20 4 3 18 266
6 21 4 2 1 266
6 28 4 5 25 266
6 33 4 3 2 266
6 38 4 7 22 266
6 39 4 3 20 266
6 40 4 1 20 266
6 42 4 4 20 266
6 43 4 4 17 266
6 48 4 7 23 266
6 49 4 3 3 266
6 50 4 5 4 266
6 53 4 5 2 266
6 55 4 3 25 266
6 57 4 1 25 266
6 59 4 1 11 266
6 60 4 7 23 266
6 61 4 5 10 266
6 62 4 6 5 266
6 64 4 1 12 266
6 69 4 4 19 266
6 75 4 1 19 266
6 76 4 2 14 266
6 78 4 7 23 266
6 80 4 3 22 266
6 81 4 2 19 266
6 83 4 6 22 266
6 84 4 3 18 266
6 85 4 2 8 266
6 86 4 2 3 266
6 87 4 5 25 266
6 91 4 6 18 266
6 95 4 2 2 266
6 96 4 3 13 266
7 0 7 4 6 963
7 1 7 6 25 963
7 3 7 6 15 963
7 8 7 7 16 963
7 13 7 4 3 963
7 14 7 7 22 963
7 17 7 2 15 963
7 20 7 3 23 963
7 22 7 4 8 963
7 29 7 3 10 963
7 30 7 1 23 963
7 32 7 3 9 963
7 33 7 3 6 963
7 35 7 5 1 963
7 37 7 4 22 963
7 40 7 1 23 963
7 41 7 7 15 963
7 43 7 4 16 963
7 44 7 3 23 963
7 48 7 7 22 963
7 52 7 4 11 963
7 53 7 5 8 963
7 55 7 3 17 963
7 60 7 7 11 963
7 62 7 6 3 963
7 63 7 2 11 963
7 66 7 5 6 963
7 68 7 3 16 963
7 69 7 4 20 963
7 73 7 2 11 963
7 76 7 2 6 963
7 78 7 7 19 963
7 80 7 3 2 963
7 81 7 2 4 963
7 82 7 6 6 963
7 83 7 6 16 963
7 84 7 3 15 963
7 85 7 2 16 963
7 90 7 4 11 963
7 97 7 3 3 963
8 0 7 4 11 286
8 3 7 6 7 286
8 7 7 7 16 286
8 12 7 1 18 286
8 13 7 4 6 286
8 14 7 7 19 286
8 16 7 2 24 286
8 17 7 2 1 286
8 18 7 2 1 286
8 19 7 1 4 286
8 20 7 3 23 286
8 21 7 2 1 286
8 22 7 4 20 286
8 25 7 7 22 286
8 27 7 1 21 286
8 33 7 3 16 286
8 35 7 5 25 286
8 39 7 3 16 286
8 40 7 1 10 286
8 41 7 7 18 286
8 42 7 4 21 286
8 43 7 4 18 286
8 46 7 6 11 286
8 49 7 3 7 286
8 50 7 5 9 286
8 51 7 5 17 286
8 53 7 5 6 286
8 57 7 1 16 286
8 59 7 1 25 286
8 61 7 5 13 286
8 62 7 6 8 286
8 63 7 2 23 286
8 65 7 4 23 286
8 67 7 2 10 286
8 68 7 3 16 286
8 71 7 5 8 286
8 72 7 3 14 286
8 73 7 2 6 286
8 76 7 2 7 286
8 77 7 7 7 286
8 78 7 7 12 286
8 81 7 2 14 286
8 82 7 6 7 286
8 83 7 6 6 286
8 84 7 3 9 286
8 87 7 5 10 286
8 89 7 2 6 286
8 91 7 6 12 286
8 94 7 4 20 286
8 95 7 2 10 286
8 96 7 3 9 286
8 98 7 3 15 286
9 1 3 6 1 271
9 2 3 4 5 271
9 3 3 6 21 271
9 5 3 4 8 271
9 6 3 4 25 271
9 13 3 4 16 271
9 16 3 2 2 271
9 18 3 2 24 271
9 19 3 1 7 271
9 21 3 2 15 271
9 23 3 3 12 271
9 25 3 7 19 271
9 26 3 3 14 271
9 27 3 1 16 271
9 28 3 5 25 271
9 29 3 3 20 271
9 30 3 1 23 271
9 33 3 3 12 271
9 34 3 7 13 271
9 35 3 5 4 271
9 36 3 3 5 271
9 41 3 7 2 271
9 42 3 4 17 271
9 46 3 6 3 271
9 47 3 1 9 271
9 48 3 7 14 271
9 53 3 5 20 271
9 56 3 7 1 271
9 58 3 4 2 271
9 59 3 1 10 271
9 61 3 5 13 271
9 62 3 6 12 271
9 64 3 1 15 271
9 66 3 5 22 271
9 69 3 4 9 271
9 70 3 5 22 271
9 71 3 5 23 271
9 73 3 2 1 271
9 74 3 2 8 271
9 75 3 1 6 271
9 77 3 7 13 271
9 78 3 7 6 271
9 80 3 3 5 271
9 82 3 6 8 271
9 83 3 6 9 271
9 84 3 3 21 271
9 85 3 2 14 271
9 88 3 7 13 271
9 89 3 2 6 271
9 90 3 4 7 271
9 91 3 6 6 271
9 92 3 4 5 271
9 96 3 3 14 271
9 97 3 3 21 271
9 99 3 7 15 271
10 3 2 6 3 568
10 5 2 4 20 568
10 11 2 7 21 568
10 12 2 1 1 568
10 13 2 4 2 568
10 14 2 7 1 568
10 15 2 1 9 568
10 19 2 1 13 568
10 21 2 2 1 568
10 22 2 4 12 568
10 23 2 3 4 568
10 24 2 5 18 568
10 28 2 5 23 568
10 30 2 1 11 568
10 31 2 6 8 568
10 33 2 3 16 568
10 36 2 3 22 568
10 38 2 7 14 568
10 42 2 4 16 568
10 43 2 4 17 568
10 46 2 6 4 568
10 47 2 1 22 568
10 48 2 7 21 568
10 49 2 3 5 568
10 50 2 5 20 568
10 51 2 5 7 568
10 55 2 3 9 568
10 56 2 7 14 568
10 59 2 1 16 568
10 60 2 7 1 568
10 61 2 5 4 568
10 63 2 2 12 568
10 66 2 5 13 568
10 67 2 2 19 568
10 69 2 4 15 568
10 70 2 5 1 568
10 72 2 3 18 568
10 74 2 2 11 568
10 75 2 1 3 568
10 76 2 2 22 568
10 82 2 6 4 568
10 83 2 6 14 568
10 84 2 3 11 568
10 86 2 2 16 568
10 87 2 5 5 568
10 89 2 2 15 568
10 90 2 4 19 568
10 91 2 6 2 568
10 92 2 4 13 568
10 93 2 4 6 568
10 94 2 4 13 568
10 98 2 3 21 568
10 99 2 7 14 568
11 0 7 4 21 877
11 5 7 4 13 877
11 10 7 2 21 877
11 13 7 4 9 877
11 14 7 7 20 877
11 15 7 1 19 877
11 16 7 2 12 877
11 18 7 2 4 877
11 23 7 3 17 877
11 25 7 7 13 877
11 26 7 3 25 877
11 28 7 5 18 877
11 29 7 3 4 877
11 31 7 6 9 877
11 32 7 3 19 877
11 34 7 7 21 877
11 36 7 3 1 877
11 38 7 7 18 877
11 39 7 3 3 877
11 40 7 1 7 877
11 41 7 7 13 877
11 42 7 4 16 877
11 43 7 4 3 877
11 46 7 6 4 877
11 50 7 5 5 877
11 53 7 5 11 877
11 54 7 4 1 877
11 55 7 3 5 877
11 57 7 1 9 877
11 63 7 2 1 877
11 68 7 3 16 877
11 70 7 5 18 877
11 72 7 3 7 877
11 73 7 2 20 877
11 74 7 2 19 877
11 78 7 7 10 877
11 80 7 3 19 877
11 81 7 2 1 877
11 82 7 6 21 877
11 84 7 3 15 877
11 86 7 2 3 877
11 88 7 7 22 877
11 93 7 4 20 877
11 98 7 3 20 877
11 99 7 7 9 877
12 2 1 4 16 264
12 6 1 4 3 264
12 8 1 7 18 264
12 10 1 2 1 264
12 13 1 4 23 264
12 17 1 2 5 264
12 19 1 1 2 264
12 23 1 3 25 264
12 26 1 3 4 264
12 29 1 3 20 264
12 30 1 1 13 264
12 31 1 6 4 264
12 34 1 7 18 264
12 35 1 5 19 264
12 37 1 4 18 264
12 41 1 7 14 264
12 43 1 4 6 264
12 44 1 3 15 264
12 45 1 7 3 264
12 47 1 1 20 264
12 49 1 3 22 264
12 50 1 5 14 264
12 52 1 4 19 264
12 55 1 3 23 264
12 56 1 7 11 264
12 58 1 4 15 264
12 59 1 1 1 264
12 62 1 6 14 264
12 63 1 2 11 264
12 64 1 1 7 264
12 65 1 4 2 264
12 66 1 5 1 264
12 69 1 4 25 264
12 71 1 5 8 264
12 72 1 3 6 264
12 73 1 2 1 264
12 76 1 2 3 264
12 80 1 3 1 264
12 82 1 6 12 264
12 83 1 6 5 264
12 84 1 3 9 264
12 85 1 2 25 264
12 86 1 2 12 264
12 87 1 5 25 264
12 92 1 4 1 264
12 93 1 4 8 264
12 94 1 4 19 264
12 95 1 2 6 264
12 99 1 7 13 264
13 0 4 4 17 469
13 1 4 6 19 469
13 2 4 4 8 469
13 4 4 2 24 469
13 7 4 7 3 469
13 8 4 7 6 469
13 9 4 3 16 469
13 10 4 2 2 469
13 11 4 7 9 469
13 12 4 1 23 469
13 15 4 1 1 469
13 16 4 2 22 469
13 19 4 1 1 469
13 20 4 3 7 469
13 23 4 3 20 469
13 24 4 5 21 469
13 25 4 7 25 469
13 26 4 3 24 469
13 28 4 5 7 469
13 30 4 1 14 469
13 38 4 7 18 469
13 40 4 1 7 469
13 45 4 7 24 469
13 47 4 1 19 469
13 50 4 5 24 469
13 51 4 5 23 469
13 52 4 4 1 469
13 53 4 5 7 469
13 54 4 4 15 469
13 55 4 3 5 469
13 56 4 7 7 469
13 57 4 1 16 469
13 58 4 4 5 469
13 60 4 7 3 469
13 62 4 6 7 469
13 63 4 2 1 469
13 64 4 1 10 469
13 65 4 4 23 469
13 66 4 5 9 469
13 67 4 2 6 469
13 69 4 4 21 469
13 71 4 5 7 469
13 73 4 2 2 469
13 74 4 2 1 469
13 75 4 1 24 469
13 77 4 7 5 469
13 78 4 7 11 469
13 79 4 3 20 469
13 81 4 2 20 469
13 82 4 6 13 469
13 84 4 3 4 469
13 86 4 2 18 469
13 87 4 5 4 469
13 89 4 2 6 469
13 91 4 6 10 469
13 97 4 3 21 469
13 99 4 7 1 469
14 0 7 4 19 453
14 1 7 6 7 453
14 4 7 2 3 453
14 5 7 4 2 453
14 7 7 7 22 453
14 8 7 7 19 453
14 10 7 2 1 453
14 11 7 7 20 453
14 20 7 3 9 453
14 21 7 2 16 453
14 25 7 7 21 453
14 29 7 3 6 453
14 30 7 1 23 453
14 32 7 3 3 453
14 36 7 3 15 453
14 39 7 3 3 453
14 42 7 4 25 453
14 44 7 3 19 453
14 45 7 7 2 453
14 46 7 6 22 453
14 48 7 7 21 453
14 50 7 5 19 453
14 52 7 4 2 453
14 53 7 5 10 453
14 54 7 4 6 453
14 57 7 1 3 453
14 59 7 1 24 453
14 60 7 7 20 453
14 62 7 6 14 453
14 63 7 2 13 453
14 65 7 4 20 453
14 67 7 2 3 453
14 70 7 5 4 453
14 75 7 1 12 453
14 80 7 3 19 453
14 81 7 2 15 453
14 82 7 6 8 453
14 84 7 3 9 453
14 86 7 2 4 453
14 90 7 4 11 453
14 94 7 4 7 453
14 96 7 3 8 453
14 97 7 3 2 453
14 98 7 3 11 453
14 99 7 7 25 453
15 1 1 6 19 384
15 3 1 6 8 384
15 10 1 2 9 384
15 11 1 7 19 384
15 13 1 4 1 384
15 20 1 3 20 384
15 22 1 4 4 384
15 28 1 5 14 384
15 31 1 6 16 384
15 33 1 3 2 384
15 34 1 7 12 384
15 36 1 3 7 384
15 37 1 4 4 384
15 39 1 3 11 384
15 41 1 7 1 384
15 42 1 4 10 384
15 45 1 7 5 384
15 46 1 6 9 384
15 47 1 1 1 384
15 48 1 7 21 384
15 51 1 5 16 384
15 52 1 4 5 384
15 53 1 5 8 384
15 56 1 7 16 384
15 57 1 1 19 384
15 60 1 7 20 384
15 62 1 6 7 384
15 64 1 1 16 384
15 67 1 2 2 384
15 69 1 4 18 384
15 71 1 5 1 384
15 72 1 3 6 384
15 73 1 2 25 384
15 75 1 1 23 384
15 81 1 2 4 384
15 82 1 6 11 384
15 85 1 2 22 384
15 88 1 7 18 384
15 89 1 2 4 384
15 96 1 3 23 384
15 97 1 3 20 384
15 98 1 3 20 384
16 1 2 6 20 238
16 2 2 4 2 238
16 4 2 2 21 238
16 5 2 4 11 238
16 8 2 7 24 238
16 9 2 3 2 238
16 11 2 7 12 238
16 13 2 4 22 238
16 18 2 2 21 238
16 22 2 4 15 238
16 23 2 3 7 238
16 24 2 5 11 238
16 27 2 1 24 238
16 28 2 5 9 238
16 30 2 1 14 238
16 31 2 6 25 238
16 32 2 3 11 238
16 35 2 5 14 238
16 36 2 3 17 238
16 37 2 4 18 238
16 39 2 3 13 238
16 40 2 1 12 238
16 41 2 7 8 238
16 42 2 4 6 238
16 44 2 3 16 238
16 47 2 1 13 238
16 48 2 7 25 238
16 50 2 5 13 238
16 54 2 4 7 238
16 56 2 7 16 238
16 59 2 1 10 238
16 60 2 7 4 238
16 61 2 5 6 238
16 62 2 6 10 238
16 63 2 2 8 238
16 64 2 1 16 238
16 66 2 5 18 238
16 67 2 2 6 238
16 68 2 3 4 238
16 70 2 5 25 238
16 72 2 3 11 238
16 73 2 2 23 238
16 74 2 2 8 238
16 76 2 2 12 238
16 77 2 7 4 238
16 84 2 3 6 238
16 85 2 2 10 238
16 90 2 4 21 238
16 91 2 6 25 238
16 92 2 4 13 238
16 94 2 4 13 238
16 95 2 2 18 238
16 96 2 3 3 238
16 98 2 3 5 238
16 99 2 7 8 238
17 1 2 6 3 539
17 3 2 6 19 539
17 4 2 2 11 539
17 6 2 4 1 539
17 7 2 7 15 539
17 8 2 7 1 539
17 12 2 1 5 539
17 19 2 1 18 539
17 20 2 3 17 539
17 21 2 2 21 539
17 22 2 4 24 539
17 23 2 3 6 539
17 24 2 5 10 539
17 26 2 3 25 539
17 28 2 5 24 539
17 32 2 3 10 539
17 33 2 3 25 539
17 37 2 4 10 539
17 38 2 7 19 539
17 40 2 1 4 539
17 42 2 4 23 539
17 44 2 3 5 539
17 45 2 7 16 539
17 46 2 6 14 539
17 49 2 3 18 539
17 52 2 4 15 539
17 53 2 5 8 539
17 55 2 3 4 539
17 56 2 7 2 539
17 57 2 1 19 539
17 58 2 4 23 539
17 59 2 1 13 539
17 62 2 6 23 539
17 64 2 1 10 539
17 67 2 2 5 539
17 69 2 4 24 539
17 70 2 5 24 539
17 71 2 5 6 539
17 72 2 3 5 539
17 75 2 1 6 539
17 76 2 2 10 539
17 77 2 7 14 539
17 78 2 7 17 539
17 81 2 2 19 539
17 82 2 6 24 539
17 85 2 2 3 539
17 86 2 2 13 539
17 87 2 5 20 539
17 89 2 2 25 539
17 91 2 6 23 539
17 95 2 2 12 539
17 97 2 3 6 539
17 98 2 3 13 539
17 99 2 7 16 539
18 0 2 4 3 524
18 4 2 2 11 524
18 5 2 4 10 524
18 8 2 7 1 524
18 9 2 3 24 524
18 11 2 7 4 524
18 16 2 2 21 524
18 22 2 4 24 524
18 24 2 5 7 524
18 25 2 7 24 524
18 26 2 3 22 524
18 27 2 1 20 524
18 28 2 5 4 524
18 30 2 1 9 524
18 32 2 3 14 524
18 33 2 3 19 524
18 34 2 7 11 524
18 37 2 4 22 524
18 39 2 3 8 524
18 40 2 1 15 524
18 43 2 4 12 524
18 45 2 7 17 524
18 49 2 3 4 524
18 50 2 5 3 524
18 51 2 5 8 524
18 54 2 4 3 524
18 55 2 3 24 524
18 56 2 7 8 524
18 59 2 1 25 524
18 61 2 5 23 524
18 63 2 2 9 524
18 69 2 4 15 524
18 70 2 5 20 524
18 72 2 3 2 524
18 77 2 7 20 524
18 80 2 3 7 524
18 83 2 6 16 524
18 84 2 3 25 524
18 86 2 2 13 524
18 88 2 7 18 524
18 89 2 2 2 524
18 90 2 4 17 524
18 91 2 6 17 524
18 92 2 4 6 524
18 93 2 4 22 524
18 96 2 3 23 524
18 99 2 7 14 524
19 1 1 6 15 584
19 3 1 6 14 584
19 4 1 2 20 584
19 5 1 4 19 584
19 8 1 7 4 584
19 9 1 3 7 584
19 10 1 2 13 584
19 12 1 1 2 584
19 13 1 4 1 584
19 17 1 2 18 584
19 21 1 2 3 584
19 22 1 4 19 584
19 23 1 3 15 584
19 24 1 5 17 584
19 26 1 3 5 584
19 27 1 1 21 584
19 28 1 5 5 584
19 33 1 3 24 584
19 44 1 3 19 584
19 47 1 1 19 584
19 50 1 5 19 584
19 51 1 5 6 584
19 52 1 4 5 584
19 57 1 1 3 584
19 58 1 4 4 584
19 62 1 6 11 584
19 63 1 2 13 584
19 64 1 1 19 584
19 67 1 2 19 584
19 68 1 3 21 584
19 70 1 5 14 584
19 72 1 3 17 584
19 74 1 2 9 584
19 79 1 3 24 584
19 80 1 3 11 584
19 81 1 2 7 584
19 83 1 6 21 584
19 86 1 2 5 584
19 87 1 5 12 584
19 89 1 2 5 584
19 90 1 4 24 584
19 91 1 6 14 584
19 93 1 4 7 584
19 95 1 2 24 584
19 96 1 3 12 584
19 97 1 3 16 584
19 98 1 3 8 584
19 99 1 7 10 584
20 2 3 4 16 657
20 4 3 2 8 657
20 5 3 4 8 657
20 6 3 4 18 657
20 7 3 7 23 657
20 8 3 7 23 657
20 13 3 4 7 657
20 14 3 7 9 657
20 15 3 1 20 657
20 17 3 2 17 657
20 22 3 4 21 657
20 25 3 7 9 657
20 28 3 5 5 657
20 29 3 3 10 657
20 30 3 1 12 657
20 35 3 5 21 657
20 37 3 4 25 657
20 39 3 3 9 657
20 46 3 6 20 657
20 50 3 5 23 657
20 51 3 5 24 657
20 53 3 5 22 657
20 55 3 3 20 657
20 58 3 4 19 657
20 59 3 1 5 657
20 64 3 1 22 657
20 66 3 5 22 657
20 68 3 3 6 657
20 69 3 4 17 657
20 70 3 5 16 657
20 71 3 5 9 657
20 73 3 2 2 657
20 74 3 2 19 657
20 76 3 2 9 657
20 77 3 7 24 657
20 78 3 7 15 657
20 80 3 3 22 657
20 82 3 6 1 657
20 83 3 6 10 657
20 87 3 5 5 657
20 88 3 7 9 657
20 91 3 6 13 657
20 93 3 4 8 657
20 94 3 4 17 657
20 95 3 2 16 657
20 99 3 7 12 657
21 0 2 4 19 199
21 1 2 6 3 199
21 2 2 4 4 199
21 3 2 6 23 199
21 6 2 4 1 199
21 8 2 7 1 199
21 9 2 3 15 199
21 10 2 2 1 199
21 14 2 7 16 199
21 17 2 2 21 199
21 19 2 1 3 199
21 22 2 4 15 199
21 26 2 3 2 199
21 27 2 1 1 199
21 30 2 1 3 199
21 31 2 6 18 199
21 33 2 3 3 199
21 37 2 4 23 199
21 39 2 3 14 199
21 41 2 7 15 199
21 45 2 7 23 199
21 46 2 6 11 199
21 47 2 1 9 199
21 51 2 5 21 199
21 54 2 4 18 199
21 55 2 3 20 199
21 56 2 7 4 199
21 59 2 1 12 199
21 60 2 7 20 199
21 61 2 5 6 199
21 69 2 4 11 199
21 70 2 5 9 199
21 71 2 5 18 199
21 72 2 3 10 199
21 73 2 2 18 199
21 74 2 2 21 199
21 75 2 1 22 199
21 76 2 2 8 199
21 79 2 3 10 199
21 80 2 3 21 199
21 81 2 2 1 199
21 82 2 6 5 199
21 85 2 2 24 199
21 86 2 2 8 199
21 87 2 5 19 199
21 88 2 7 7 199
21 92 2 4 4 199
21 93 2 4 21 199
21 95 2 2 21 199
21 99 2 7 20 199
22 0 4 4 20 637
22 1 4 6 17 637
22 2 4 4 6 637
22 3 4 6 1 637
22 4 4 2 8 637
22 5 4 4 5 637
22 7 4 7 8 637
22 8 4 7 20 637
22 10 4 2 12 637
22 15 4 1 4 637
22 16 4 2 15 637
22 17 4 2 24 637
22 18 4 2 24 637
22 19 4 1 19 637
22 20 4 3 21 637
22 21 4 2 15 637
22 23 4 3 22 637
22 27 4 1 6 637
22 28 4 5 15 637
22 30 4 1 23 637
22 31 4 6 1 637
22 32 4 3 3 637
22 33 4 3 8 637
22 35 4 5 1 637
22 36 4 3 10 637
22 37 4 4 18 637
22 38 4 7 23 637
22 39 4 3 1 637
22 40 4 1 8 637
22 42 4 4 17 637
22 46 4 6 21 637
22 49 4 3 22 637
22 50 4 5 3 637
22 51 4 5 22 637
22 52 4 4 23 637
22 55 4 3 18 637
22 57 4 1 25 637
22 61 4 5 6 637
22 64 4 1 1 637
22 65 4 4 9 637
22 66 4 5 11 637
22 68 4 3 2 637
22 70 4 5 18 637
22 71 4 5 9 637
22 72 4 3 3 637
22 76 4 2 5 637
22 77 4 7 22 637
22 80 4 3 25 637
22 81 4 2 4 637
22 84 4 3 15 637
22 85 4 2 12 637
22 87 4 5 8 637
22 88 4 7 18 637
22 91 4 6 15 637
22 92 4 4 11 637
22 93 4 4 6 637
22 95 4 2 9 637
22 98 4 3 24 637
22 99 4 7 5 637
23 0 3 4 23 308
23 2 3 4 20 308
23 3 3 6 24 308
23 4 3 2 8 308
23 9 3 3 12 308
23 10 3 2 4 308
23 11 3 7 17 308
23 12 3 1 25 308
23 13 3 4 20 308
23 16 3 2 7 308
23 17 3 2 6 308
23 19 3 1 15 308
23 22 3 4 22 308
23 25 3 7 14 308
23 26 3 3 1 308
23 27 3 1 7 308
23 28 3 5 21 308
23 29 3 3 6 308
23 30 3 1 25 308
23 37 3 4 25 308
23 38 3 7 14 308
23 39 3 3 7 308
23 45 3 7 1 308
23 46 3 6 25 308
23 47 3 1 13 308
23 49 3 3 18 308
23 50 3 5 3 308
23 52 3 4 2 308
23 56 3 7 8 308
23 58 3 4 4 308
23 59 3 1 10 308
23 63 3 2 24 308
23 64 3 1 23 308
23 65 3 4 18 308
23 66 3 5 16 308
23 67 3 2 21 308
23 68 3 3 8 308
23 69 3 4 23 308
23 70 3 5 19 308
23 71 3 5 1 308
23 76 3 2 19 308
23 78 3 7 25 308
23 80 3 3 8 308
23 81 3 2 3 308
23 83 3 6 2 308
23 84 3 3 23 308
23 85 3 2 9 308
23 87 3 5 25 308
23 89 3 2 14 308
23 94 3 4 23 308
23 96 3 3 6 308
23 98 3 3 1 308
24 1 5 6 12 593
24 4 5 2 9 593
24 10 5 2 18 593
24 13 5 4 21 593
24 16 5 2 11 593
24 17 5 2 10 593
24 18 5 2 7 593
24 19 5 1 17 593
24 25 5 7 10 593
24 27 5 1 19 593
24 29 5 3 7 593
24 31 5 6 9 593
24 32 5 3 8 593
24 33 5 3 14 593
24 35 5 5 18 593
24 37 5 4 11 593
24 38 5 7 11 593
24 40 5 1 23 593
24 41 5 7 11 593
24 42 5 4 15 593
24 43 5 4 11 593
24 44 5 3 3 593
24 46 5 6 3 593
24 48 5 7 25 593
24 49 5 3 10 593
24 53 5 5 5 593
24 55 5 3 2 593
24 56 5 7 1 593
24 57 5 1 6 593
24 58 5 4 22 593
24 60 5 7 18 593
24 61 5 5 18 593
24 64 5 1 15 593
24 65 5 4 23 593
24 66 5 5 11 593
24 71 5 5 15 593
24 72 5 3 8 593
24 77 5 7 14 593
24 79 5 3 20 593
24 81 5 2 19 593
24 82 5 6 21 593
24 83 5 6 5 593
24 84 5 3 6 593
24 86 5 2 20 593
24 93 5 4 5 593
24 95 5 2 23 593
24 96 5 3 17 593
24 99 5 7 11 593
25 0 7 4 11 492
25 2 7 4 16 492
25 3 7 6 24 492
25 4 7 2 8 492
25 5 7 4 10 492
25 8 7 7 22 492
25 9 7 3 19 492
25 11 7 7 13 492
25 13 7 4 25 492
25 14 7 7 21 492
25 18 7 2 24 492
25 20 7 3 9 492
25 23 7 3 14 492
25 24 7 5 10 492
25 28 7 5 6 492
25 29 7 3 16 492
25 31 7 6 19 492
25 32 7 3 18 492
25 33 7 3 25 492
25 34 7 7 15 492
25 36 7 3 5 492
25 37 7 4 4 492
25 39 7 3 13 492
25 40 7 1 2 492
25 43 7 4 12 492
25 44 7 3 22 492
25 45 7 7 22 492
25 50 7 5 24 492
25 51 7 5 24 492
25 52 7 4 22 492
25 53 7 5 24 492
25 54 7 4 21 492
25 58 7 4 7 492
25 61 7 5 4 492
25 62 7 6 7 492
25 63 7 2 18 492
25 65 7 4 21 492
25 68 7 3 14 492
25 69 7 4 11 492
25 70 7 5 25 492
25 72 7 3 24 492
25 73 7 2 5 492
25 75 7 1 12 492
25 76 7 2 4 492
25 78 7 7 1 492
25 81 7 2 24 492
25 84 7 3 4 492
25 85 7 2 8 492
25 87 7 5 12 492
25 91 7 6 18 492
25 93 7 4 25 492
25 94 7 4 20 492
25 95 7 2 3 492
25 98 7 3 15 492
25 99 7 7 4 492
26 0 3 4 22 869
26 4 3 2 15 869
26 9 3 3 14 869
26 11 3 7 25 869
26 12 3 1 4 869
26 13 3 4 24 869
26 17 3 2 25 869
26 18 3 2 22 869
26 19 3 1 5 869
26 21 3 2 2 869
26 23 3 3 1 869
26 27 3 1 2 869
26 30 3 1 6 869
26 31 3 6 1 869
26 32 3 3 17 869
26 34 3 7 21 869
26 35 3 5 9 869
26 36 3 3 20 869
26 37 3 4 12 869
26 38 3 7 13 869
26 40 3 1 17 869
26 41 3 7 11 869
26 43 3 4 15 869
26 45 3 7 24 869
26 46 3 6 2 869
26 47 3 1 17 869
26 49 3 3 13 869
26 50 3 5 9 869
26 52 3 4 3 869
26 53 3 5 4 869
26 57 3 1 19 869
26 59 3 1 4 869
26 60 3 7 21 869
26 61 3 5 24 869
26 62 3 6 24 869
26 64 3 1 16 869
26 67 3 2 13 869
26 70 3 5 16 869
26 72 3 3 9 869
26 73 3 2 13 869
26 78 3 7 8 869
26 79 3 3 21 869
26 80 3 3 2 869
26 82 3 6 8 869
26 84 3 3 15 869
26 85 3 2 21 869
26 89 3 2 3 869
26 90 3 4 25 869
26 96 3 3 1 869
27 2 1 4 25 206
27 4 1 2 9 206
27 8 1 7 21 206
27 9 1 3 16 206
27 16 1 2 24 206
27 18 1 2 20 206
27 19 1 1 21 206
27 21 1 2 1 206
27 22 1 4 6 206
27 23 1 3 7 206
27 24 1 5 19 206
27 26 1 3 2 206
27 28 1 5 9 206
27 30 1 1 9 206
27 33 1 3 7 206
27 35 1 5 3 206
27 37 1 4 2 206
27 38 1 7 4 206
27 40 1 1 21 206
27 41 1 7 5 206
27 42 1 4 25 206
27 44 1 3 14 206
27 45 1 7 10 206
27 46 1 6 9 206
27 49 1 3 12 206
27 50 1 5 11 206
27 53 1 5 1 206
27 55 1 3 19 206
27 57 1 1 1 206
27 59 1 1 14 206
27 63 1 2 15 206
27 66 1 5 17 206
27 70 1 5 13 206
27 71 1 5 14 206
27 72 1 3 1 206
27 77 1 7 12 206
27 79 1 3 10 206
27 82 1 6 6 206
27 83 1 6 9 206
27 86 1 2 7 206
27 87 1 5 23 206
27 90 1 4 10 206
27 93 1 4 8 206
27 95 1 2 9 206
27 96 1 3 1 206
27 98 1 3 8 206
27 99 1 7 10 206
28 0 5 4 11 417
28 1 5 6 7 417
28 2 5 4 16 417
28 3 5 6 16 417
28 4 5 2 25 417
28 5 5 4 21 417
28 6 5 4 25 417
28 9 5 3 25 417
28 10 5 2 23 417
28 11 5 7 18 417
28 13 5 4 7 417
28 15 5 1 14 417
28 16 5 2 9 417
28 17 5 2 24 417
28 18 5 2 4 417
28 19 5 1 5 417
28 20 5 3 5 417
28 22 5 4 15 417
28 23 5 3 21 417
28 25 5 7 6 417
28 27 5 1 9 417
28 31 5 6 20 417
28 35 5 5 10 417
28 41 5 7 22 417
28 42 5 4 25 417
28 43 5 4 10 417
28 45 5 7 7 417
28 47 5 1 17 417
28 48 5 7 17 417
28 50 5 5 9 417
28 51 5 5 24 417
28 52 5 4 15 417
28 53 5 5 14 417
28 54 5 4 8 417
28 55 5 3 5 417
28 60 5 7 1 417
28 62 5 6 12 417
28 66 5 5 13 417
28 67 5 2 18 417
28 68 5 3 6 417
28 69 5 4 10 417
28 70 5 5 17 417
28 71 5 5 8 417
28 72 5 3 2 417
28 73 5 2 15 417
28 74 5 2 7 417
28 75 5 1 8 417
28 76 5 2 13 417
28 81 5 2 5 417
28 82 5 6 14 417
28 83 5 6 20 417
28 86 5 2 22 417
28 89 5 2 2 417
28 90 5 4 25 417
28 93 5 4 5 417
28 96 5 3 6 417
28 97 5 3 1 417
28 99 5 7 15 417
29 0 3 4 18 252
29 2 3 4 25 252
29 3 3 6 3 252
29 4 3 2 14 252
29 5 3 4 10 252
29 7 3 7 10 252
29 9 3 3 20 252
29 11 3 7 4 252
29 12 3 1 20 252
29 14 3 7 6 252
29 20 3 3 10 252
29 23 3 3 6 252
29 24 3 5 7 252
29 25 3 7 16 252
29 30 3 1 24 252
29 32 3 3 4 252
29 34 3 7 23 252
29 35 3 5 7 252
29 36 3 3 12 252
29 37 3 4 1 252
29 40 3 1 12 252
29 41 3 7 21 252
29 43 3 4 25 252
29 44 3 3 6 252
29 46 3 6 7 252
29 48 3 7 1 252
29 49 3 3 16 252
29 50 3 5 4 252
29 51 3 5 5 252
29 53 3 5 17 252
29 54 3 4 20 252
29 55 3 3 1 252
29 56 3 7 2 252
29 58 3 4 18 252
29 59 3 1 3 252
29 60 3 7 3 252
29 63 3 2 25 252
29 66 3 5 17 252
29 67 3 2 22 252
29 71 3 5 6 252
29 72 3 3 17 252
29 73 3 2 16 252
29 74 3 2 12 252
29 75 3 1 8 252
29 76 3 2 1 252
29 77 3 7 1 252
29 78 3 7 17 252
29 80 3 3 23 252
29 81 3 2 18 252
29 82 3 6 23 252
29 86 3 2 21 252
29 89 3 2 4 252
29 95 3 2 12 252
29 96 3 3 14 252
29 97 3 3 23 252
30 0 1 4 24 443
30 1 1 6 12 443
30 5 1 4 18 443
30 7 1 7 23 443
30 9 1 3 23 443
30 10 1 2 11 443
30 12 1 1 13 443
30 13 1 4 14 443
30 14 1 7 23 443
30 16 1 2 14 443
30 18 1 2 9 443
30 20 1 3 12 443
30 21 1 2 3 443
30 22 1 4 23 443
30 23 1 3 25 443
30 26 1 3 6 443
30 27 1 1 9 443
30 29 1 3 24 443
30 32 1 3 5 443
30 33 1 3 21 443
30 34 1 7 23 443
30 37 1 4 4 443
30 38 1 7 2 443
30 39 1 3 2 443
30 43 1 4 24 443
30 44 1 3 5 443
30 50 1 5 2 443
30 53 1 5 20 443
30 55 1 3 4 443
30 57 1 1 14 443
30 60 1 7 13 443
30 63 1 2 16 443
30 66 1 5 19 443
30 67 1 2 24 443
30 68 1 3 11 443
30 69 1 4 25 443
30 70 1 5 20 443
30 71 1 5 24 443
30 72 1 3 17 443
30 73 1 2 10 443
30 74 1 2 23 443
30 76 1 2 14 443
30 77 1 7 19 443
30 79 1 3 13 443
30 80 1 3 19 443
30 84 1 3 2 443
30 85 1 2 7 443
30 86 1 2 15 443
30 87 1 5 16 443
30 89 1 2 19 443
30 92 1 4 17 443
30 93 1 4 19 443
30 97 1 3 8 443
30 98 1 3 22 443
30 99 1 7 4 443
31 1 6 6 10 423
31 3 6 6 19 423
31 4 6 2 6 423
31 10 6 2 8 423
31 11 6 7 9 423
31 12 6 1 4 423
31 15 6 1 16 423
31 16 6 2 25 423
31 21 6 2 18 423
31 22 6 4 1 423
31 24 6 5 9 423
31 25 6 7 19 423
31 26 6 3 1 423
31 28 6 5 20 423
31 34 6 7 21 423
31 36 6 3 22 423
31 37 6 4 5 423
31 43 6 4 16 423
31 44 6 3 15 423
31 46 6 6 25 423
31 48 6 7 2 423
31 49 6 3 14 423
31 51 6 5 13 423
31 52 6 4 12 423
31 54 6 4 17 423
31 57 6 1 15 423
31 59 6 1 20 423
31 61 6 5 15 423
31 62 6 6 20 423
31 63 6 2 17 423
31 64 6 1 1 423
31 65 6 4 19 423
31 66 6 5 16 423
31 68 6 3 18 423
31 72 6 3 5 423
31 80 6 3 22 423
31 84 6 3 4 423
31 85 6 2 8 423
31 86 6 2 5 423
31 87 6 5 9 423
31 89 6 2 19 423
31 90 6 4 24 423
31 91 6 6 1 423
31 92 6 4 18 423
31 94 6 4 20 423
31 97 6 3 12 423
32 0 3 4 4 802
32 2 3 4 19 802
32 3 3 6 6 802
32 4 3 2 16 802
32 5 3 4 16 802
32 7 3 7 9 802
32 11 3 7 19 802
32 14 3 7 3 802
32 16 3 2 11 802
32 17 3 2 10 802
32 18 3 2 14 802
32 22 3 4 3 802
32 24 3 5 8 802
32 25 3 7 18 802
32 26 3 3 17 802
32 29 3 3 4 802
32 30 3 1 5 802
32 33 3 3 5 802
32 35 3 5 11 802
32 37 3 4 3 802
32 38 3 7 10 802
32 40 3 1 21 802
32 41 3 7 1 802
32 42 3 4 19 802
32 44 3 3 8 802
32 47 3 1 23 802
32 48 3 7 10 802
32 50 3 5 14 802
32 51 3 5 15 802
32 53 3 5 7 802
32 55 3 3 13 802
32 57 3 1 23 802
32 58 3 4 18 802
32 59 3 1 5 802
32 62 3 6 8 802
32 64 3 1 9 802
32 65 3 4 22 802
32 67 3 2 2 802
32 69 3 4 17 802
32 71 3 5 6 802
32 72 3 3 20 802
32 77 3 7 24 802
32 79 3 3 22 802
32 80 3 3 4 802
32 81 3 2 14 802
32 82 3 6 19 802
32 83 3 6 3 802
32 85 3 2 25 802
32 87 3 5 10 802
32 89 3 2 14 802
32 91 3 6 6 802
32 92 3 4 4 802
32 94 3 4 24 802
32 98 3 3 23 802
32 99 3 7 22 802
33 2 3 4 3 375
33 3 3 6 2 375
33 5 3 4 6 375
33 6 3 4 2 375
33 7 3 7 6 375
33 8 3 7 16 375
33 9 3 3 12 375
33 10 3 2 16 375
33 15 3 1 2 375
33 17 3 2 25 375
33 18 3 2 19 375
33 19 3 1 24 375
33 21 3 2 3 375
33 22 3 4 8 375
33 24 3 5 14 375
33 25 3 7 25 375
33 27 3 1 7 375
33 30 3 1 21 375
33 32 3 3 5 375
33 39 3 3 8 375
33 40 3 1 23 375
33 41 3 7 5 375
33 42 3 4 14 375
33 43 3 4 11 375
33 45 3 7 8 375
33 46 3 6 5 375
33 49 3 3 21 375
33 52 3 4 18 375
33 53 3 5 23 375
33 54 3 4 8 375
33 55 3 3 3 375
33 57 3 1 21 375
33 65 3 4 14 375
33 66 3 5 14 375
33 69 3 4 3 375
33 71 3 5 22 375
33 72 3 3 10 375
33 74 3 2 9 375
33 77 3 7 13 375
33 78 3 7 20 375
33 80 3 3 12 375
33 81 3 2 6 375
33 85 3 2 11 375
33 88 3 7 14 375
33 89 3 2 15 375
33 91 3 6 12 375
33 92 3 4 23 375
33 95 3 2 19 375
33 97 3 3 20 375
33 98 3 3 11 375
34 3 7 6 19 950
34 4 7 2 13 950
34 5 7 4 1 950
34 9 7 3 13 950
34 11 7 7 21 950
34 12 7 1 18 950
34 15 7 1 12 950
34 18 7 2 11 950
34 25 7 7 15 950
34 26 7 3 21 950
34 29 7 3 23 950
34 30 7 1 23 950
34 31 7 6 21 950
34 35 7 5 21 950
34 36 7 3 17 950
34 38 7 7 6 950
34 40 7 1 9 950
34 46 7 6 18 950
34 49 7 3 16 950
34 50 7 5 1 950
34 52 7 4 25 950
34 53 7 5 14 950
34 54 7 4 24 950
34 55 7 3 13 950
34 58 7 4 1 950
34 60 7 7 23 950
34 65 7 4 7 950
34 67 7 2 4 950
34 70 7 5 10 950
34 76 7 2 17 950
34 77 7 7 15 950
34 79 7 3 12 950
34 80 7 3 23 950
34 83 7 6 7 950
34 84 7 3 24 950
34 85 7 2 3 950
34 88 7 7 5 950
34 89 7 2 21 950
34 91 7 6 6 950
34 92 7 4 8 950
34 94 7 4 14 950
34 98 7 3 24 950
35 0 5 4 6 907
35 1 5 6 20 907
35 3 5 6 16 907
35 7 5 7 1 907
35 8 5 7 25 907
35 9 5 3 4 907
35 12 5 1 19 907
35 16 5 2 14 907
35 20 5 3 21 907
35 22 5 4 1 907
35 24 5 5 18 907
35 26 5 3 9 907
35 27 5 1 3 907
35 28 5 5 10 907
35 29 5 3 7 907
35 32 5 3 11 907
35 34 5 7 21 907
35 36 5 3 16 907
35 37 5 4 11 907
35 39 5 3 8 907
35 42 5 4 25 907
35 45 5 7 14 907
35 46 5 6 22 907
35 47 5 1 18 907
35 48 5 7 4 907
35 49 5 3 8 907
35 50 5 5 21 907
35 51 5 5 25 907
35 53 5 5 21 907
35 55 5 3 4 907
35 56 5 7 13 907
35 57 5 1 23 907
35 59 5 1 4 907
35 67 5 2 2 907
35 69 5 4 25 907
35 74 5 2 12 907
35 75 5 1 18 907
35 77 5 7 7 907
35 78 5 7 21 907
35 82 5 6 8 907
35 84 5 3 24 907
35 85 5 2 16 907
35 89 5 2 22 907
35 90 5 4 13 907
35 91 5 6 2 907
35 92 5 4 16 907
35 95 5 2 12 907
35 97 5 3 7 907
35 98 5 3 7 907
36 0 3 4 4 54
36 1 3 6 9 54
36 2 3 4 11 54
36 3 3 6 9 54
36 9 3 3 5 54
36 10 3 2 22 54
36 11 3 7 1 54
36 14 3 7 15 54
36 15 3 1 7 54
36 16 3 2 17 54
36 22 3 4 10 54
36 25 3 7 5 54
36 26 3 3 20 54
36 29 3 3 12 54
36 31 3 6 22 54
36 34 3 7 17 54
36 35 3 5 16 54
36 37 3 4 11 54
36 38 3 7 22 54
36 42 3 4 3 54
36 44 3 3 22 54
36 45 3 7 5 54
36 47 3 1 14 54
36 48 3 7 6 54
36 49 3 3 13 54
36 50 3 5 11 54
36 52 3 4 9 54
36 53 3 5 19 54
36 55 3 3 16 54
36 57 3 1 24 54
36 59 3 1 14 54
36 62 3 6 17 54
36 63 3 2 7 54
36 64 3 1 7 54
36 65 3 4 6 54
36 67 3 2 9 54
36 68 3 3 15 54
36 69 3 4 10 54
36 74 3 2 14 54
36 80 3 3 20 54
36 81 3 2 4 54
36 82 3 6 8 54
36 83 3 6 20 54
36 85 3 2 19 54
36 86 3 2 9 54
36 88 3 7 13 54
36 89 3 2 17 54
36 90 3 4 23 54
36 93 3 4 11 54
36 95 3 2 15 54
37 0 4 4 12 117
37 1 4 6 14 117
37 2 4 4 4 117
37 3 4 6 25 117
37 7 4 7 22 117
37 12 4 1 18 117
37 15 4 1 4 117
37 16 4 2 18 117
37 17 4 2 10 117
37 18 4 2 22 117
37 20 4 3 25 117
37 21 4 2 23 117
37 22 4 4 18 117
37 23 4 3 25 117
37 24 4 5 11 117
37 25 4 7 4 117
37 26 4 3 12 117
37 27 4 1 2 117
37 29 4 3 1 117
37 30 4 1 4 117
37 31 4 6 5 117
37 32 4 3 3 117
37 35 4 5 11 117
37 36 4 3 11 117
37 39 4 3 8 117
37 40 4 1 11 117
37 45 4 7 9 117
37 47 4 1 22 117
37 50 4 5 16 117
37 52 4 4 20 117
37 53 4 5 15 117
37 56 4 7 18 117
37 57 4 1 5 117
37 58 4 4 1 117
37 59 4 1 13 117
37 66 4 5 24 117
37 71 4 5 14 117
37 72 4 3 21 117
37 75 4 1 6 117
37 76 4 2 6 117
37 77 4 7 11 117
37 78 4 7 12 117
37 79 4 3 18 117
37 82 4 6 15 117
37 84 4 3 5 117
37 85 4 2 24 117
37 88 4 7 14 117
37 89 4 2 5 117
37 92 4 4 2 117
37 93 4 4 25 117
37 97 4 3 4 117
37 98 4 3 24 117
38 2 7 4 16 429
38 3 7 6 10 429
38 6 7 4 22 429
38 10 7 2 14 429
38 11 7 7 18 429
38 13 7 4 18 429
38 17 7 2 19 429
38 22 7 4 23 429
38 23 7 3 14 429
38 24 7 5 11 429
38 26 7 3 13 429
38 27 7 1 4 429
38 30 7 1 2 429
38 32 7 3 10 429
38 34 7 7 6 429
38 36 7 3 22 429
38 39 7 3 1 429
38 41 7 7 25 429
38 45 7 7 3 429
38 46 7 6 4 429
38 49 7 3 1 429
38 50 7 5 5 429
38 51 7 5 25 429
38 52 7 4 24 429
38 53 7 5 24 429
38 54 7 4 17 429
38 55 7 3 4 429
38 56 7 7 7 429
38 57 7 1 19 429
38 58 7 4 12 429
38 59 7 1 13 429
38 61 7 5 23 429
38 64 7 1 17 429
38 69 7 4 21 429
38 72 7 3 16 429
38 75 7 1 22 429
38 77 7 7 18 429
38 80 7 3 10 429
38 81 7 2 6 429
38 83 7 6 12 429
38 85 7 2 21 429
38 86 7 2 14 429
38 87 7 5 21 429
38 88 7 7 16 429
38 93 7 4 11 429
38 94 7 4 11 429
39 4 3 2 20 301
39 6 3 4 20 301
39 8 3 7 16 301
39 11 3 7 3 301
39 14 3 7 3 301
39 15 3 1 11 301
39 16 3 2 13 301
39 18 3 2 8 301
39 20 3 3 9 301
39 21 3 2 14 301
39 22 3 4 1 301
39 23 3 3 7 301
39 25 3 7 13 301
39 30 3 1 2 301
39 33 3 3 8 301
39 35 3 5 8 301
39 37 3 4 8 301
39 38 3 7 1 301
39 43 3 4 16 301
39 46 3 6 11 301
39 48 3 7 23 301
39 49 3 3 23 301
39 51 3 5 8 301
39 52 3 4 1 301
39 54 3 4 19 301
39 55 3 3 24 301
39 56 3 7 22 301
39 60 3 7 18 301
39 61 3 5 12 301
39 62 3 6 13 301
39 63 3 2 5 301
39 67 3 2 8 301
39 69 3 4 16 301
39 71 3 5 15 301
39 72 3 3 9 301
39 78 3 7 9 301
39 82 3 6 4 301
39 83 3 6 9 301
39 85 3 2 20 301
39 89 3 2 6 301
39 92 3 4 22 301
39 93 3 4 17 301
39 97 3 3 10 301
39 98 3 3 1 301
39 99 3 7 8 301
40 0 1 4 18 528
40 1 1 6 21 528
40 2 1 4 24 528
40 3 1 6 12 528
40 5 1 4 1 528
40 6 1 4 20 528
40 7 1 7 23 528
40 8 1 7 10 528
40 11 1 7 7 528
40 13 1 4 7 528
40 16 1 2 12 528
40 17 1 2 4 528
40 18 1 2 15 528
40 22 1 4 8 528
40 24 1 5 23 528
40 25 1 7 2 528
40 26 1 3 17 528
40 27 1 1 21 528
40 29 1 3 12 528
40 32 1 3 21 528
40 33 1 3 23 528
40 34 1 7 9 528
40 37 1 4 11 528
40 41 1 7 18 528
40 42 1 4 6 528
40 43 1 4 12 528
40 44 1 3 12 528
40 46 1 6 24 528
40 47 1 1 1 528
40 56 1 7 13 528
40 57 1 1 15 528
40 60 1 7 4 528
40 62 1 6 1 528
40 63 1 2 12 528
40 64 1 1 14 528
40 70 1 5 2 528
40 72 1 3 3 528
40 78 1 7 15 528
40 80 1 3 23 528
40 83 1 6 17 528
40 85 1 2 2 528
40 86 1 2 15 528
40 88 1 7 21 528
40 89 1 2 2 528
40 90 1 4 8 528
40 91 1 6 23 528
40 92 1 4 1 528
40 93 1 4 23 528
40 95 1 2 1 528
40 98 1 3 11 528
40 99 1 7 13 528
41 0 7 4 3 140
41 3 7 6 17 140
41 5 7 4 7 140
41 7 7 7 15 140
41 8 7 7 18 140
41 9 7 3 2 140
41 11 7 7 13 140
41 12 7 1 14 140
41 15 7 1 1 140
41 16 7 2 8 140
41 21 7 2 15 140
41 24 7 5 11 140
41 26 7 3 11 140
41 27 7 1 5 140
41 28 7 5 22 140
41 29 7 3 21 140
41 32 7 3 1 140
41 33 7 3 5 140
41 38 7 7 25 140
41 40 7 1 18 140
41 43 7 4 5 140
41 44 7 3 2 140
41 45 7 7 17 140
41 48 7 7 10 140
41 51 7 5 3 140
41 52 7 4 12 140
41 53 7 5 2 140
41 55 7 3 9 140
41 57 7 1 22 140
41 58 7 4 4 140
41 59 7 1 7 140
41 60 7 7 19 140
41 61 7 5 11 140
41 64 7 1 6 140
41 65 7 4 3 140
41 66 7 5 7 140
41 68 7 3 19 140
41 69 7 4 24 140
41 74 7 2 14 140
41 76 7 2 8 140
41 79 7 3 17 140
41 81 7 2 9 140
41 85 7 2 18 140
41 86 7 2 2 140
41 89 7 2 23 140
41 92 7 4 8 140
41 93 7 4 16 140
41 94 7 4 13 140
41 96 7 3 17 140
41 99 7 7 20 140
42 1 4 6 18 740
42 2 4 4 22 740
42 3 4 6 19 740
42 5 4 4 17 740
42 6 4 4 20 740
42 8 4 7 21 740
42 9 4 3 17 740
42 10 4 2 16 740
42 11 4 7 16 740
42 14 4 7 25 740
42 15 4 1 10 740
42 16 4 2 6 740
42 17 4 2 23 740
42 22 4 4 17 740
42 24 4 5 15 740
42 27 4 1 25 740
42 28 4 5 25 740
42 32 4 3 19 740
42 33 4 3 14 740
42 35 4 5 25 740
42 36 4 3 3 740
42 40 4 1 6 740
42 45 4 7 1 740
42 46 4 6 22 740
42 47 4 1 23 740
42 57 4 1 9 740
42 58 4 4 23 740
42 60 4 7 10 740
42 63 4 2 2 740
42 64 4 1 3 740
42 67 4 2 11 740
42 71 4 5 22 740
42 72 4 3 23 740
42 73 4 2 16 740
42 80 4 3 11 740
42 81 4 2 3 740
42 82 4 6 16 740
42 83 4 6 20 740
42 85 4 2 11 740
42 88 4 7 5 740
42 91 4 6 2 740
42 92 4 4 25 740
42 93 4 4 4 740
42 95 4 2 7 740
42 96 4 3 19 740
42 98 4 3 14 740
43 0 4 4 5 967
43 6 4 4 17 967
43 7 4 7 16 967
43 8 4 7 18 967
43 10 4 2 17 967
43 11 4 7 3 967
43 12 4 1 6 967
43 18 4 2 12 967
43 24 4 5 11 967
43 25 4 7 12 967
43 26 4 3 15 967
43 28 4 5 10 967
43 29 4 3 25 967
43 30 4 1 24 967
43 31 4 6 16 967
43 33 4 3 11 967
43 39 4 3 16 967
43 40 4 1 12 967
43 41 4 7 5 967
43 46 4 6 21 967
43 48 4 7 3 967
43 54 4 4 25 967
43 55 4 3 13 967
43 59 4 1 10 967
43 60 4 7 8 967
43 63 4 2 22 967
43 64 4 1 5 967
43 69 4 4 21 967
43 72 4 3 15 967
43 73 4 2 14 967
43 74 4 2 22 967
43 76 4 2 7 967
43 77 4 7 8 967
43 79 4 3 5 967
43 80 4 3 1 967
43 81 4 2 1 967
43 82 4 6 13 967
43 83 4 6 7 967
43 84 4 3 5 967
43 85 4 2 24 967
43 89 4 2 11 967
43 90 4 4 17 967
43 92 4 4 16 967
43 93 4 4 4 967
43 96 4 3 3 967
43 98 4 3 21 967
44 2 3 4 14 728
44 7 3 7 23 728
44 12 3 1 15 728
44 14 3 7 19 728
44 16 3 2 16 728
44 17 3 2 5 728
44 19 3 1 19 728
44 24 3 5 3 728
44 25 3 7 22 728
44 27 3 1 14 728
44 29 3 3 6 728
44 30 3 1 5 728
44 31 3 6 15 728
44 32 3 3 8 728
44 36 3 3 22 728
44 40 3 1 12 728
44 41 3 7 2 728
44 46 3 6 21 728
44 48 3 7 19 728
44 51 3 5 15 728
44 52 3 4 17 728
44 53 3 5 10 728
44 54 3 4 3 728
44 55 3 3 15 728
44 56 3 7 23 728
44 57 3 1 6 728
44 60 3 7 9 728
44 62 3 6 12 728
44 63 3 2 12 728
44 65 3 4 2 728
44 67 3 2 10 728
44 68 3 3 18 728
44 70 3 5 24 728
44 71 3 5 2 728
44 74 3 2 19 728
44 75 3 1 4 728
44 78 3 7 2 728
44 79 3 3 12 728
44 80 3 3 7 728
44 84 3 3 18 728
44 87 3 5 8 728
44 88 3 7 6 728
44 89 3 2 24 728
44 90 3 4 15 728
44 91 3 6 22 728
44 94 3 4 4 728
44 95 3 2 11 728
44 96 3 3 15 728
44 99 3 7 11 728
45 0 7 4 18 83
45 2 7 4 6 83
45 3 7 6 2 83
45 5 7 4 16 83
45 12 7 1 3 83
45 13 7 4 24 83
45 14 7 7 2 83
45 15 7 1 5 83
45 17 7 2 16 83
45 18 7 2 17 83
45 21 7 2 23 83
45 23 7 3 1 83
45 25 7 7 22 83
45 26 7 3 24 83
45 27 7 1 10 83
45 28 7 5 7 83
45 33 7 3 8 83
45 35 7 5 14 83
45 36 7 3 5 83
45 37 7 4 9 83
45 38 7 7 3 83
45 41 7 7 17 83
45 42 7 4 1 83
45 47 7 1 7 83
45 48 7 7 25 83
45 49 7 3 25 83
45 50 7 5 3 83
45 51 7 5 17 83
45 59 7 1 13 83
45 60 7 7 14 83
45 61 7 5 21 83
45 65 7 4 4 83
45 66 7 5 19 83
45 67 7 2 2 83
45 70 7 5 5 83
45 74 7 2 8 83
45 75 7 1 8 83
45 77 7 7 19 83
45 78 7 7 2 83
45 79 7 3 23 83
45 81 7 2 19 83
45 82 7 6 8 83
45 83 7 6 14 83
45 84 7 3 22 83
45 88 7 7 9 83
45 89 7 2 8 83
45 90 7 4 13 83
45 91 7 6 9 83
45 92 7 4 21 83
45 95 7 2 4 83
45 98 7 3 22 83
46 0 6 4 8 987
46 1 6 6 16 987
46 8 6 7 11 987
46 9 6 3 3 987
46 10 6 2 4 987
46 11 6 7 4 987
46 14 6 7 22 987
46 15 6 1 9 987
46 17 6 2 14 987
46 20 6 3 20 987
46 21 6 2 11 987
46 22 6 4 21 987
46 23 6 3 25 987
46 24 6 5 3 987
46 26 6 3 2 987
46 27 6 1 9 987
46 29 6 3 7 987
46 31 6 6 25 987
46 33 6 3 5 987
46 34 6 7 18 987
46 35 6 5 22 987
46 38 6 7 4 987
46 39 6 3 11 987
46 40 6 1 24 987
46 42 6 4 22 987
46 43 6 4 21 987
46 44 6 3 21 987
46 47 6 1 19 987
46 48 6 7 11 987
46 49 6 3 12 987
46 52 6 4 18 987
46 53 6 5 2 987
46 55 6 3 17 987
46 56 6 7 9 987
46 60 6 7 24 987
46 66 6 5 4 987
46 70 6 5 4 987
46 71 6 5 21 987
46 75 6 1 3 987
46 81 6 2 18 987
46 82 6 6 6 987
46 84 6 3 10 987
46 86 6 2 23 987
46 87 6 5 19 987
46 88 6 7 21 987
46 92 6 4 10 987
46 93 6 4 16 987
46 95 6 2 5 987
46 97 6 3 24 987
46 99 6 7 19 987
47 0 1 4 4 983
47 1 1 6 23 983
47 9 1 3 9 983
47 10 1 2 22 983
47 12 1 1 20 983
47 13 1 4 19 983
47 15 1 1 1 983
47 16 1 2 13 983
47 19 1 1 19 983
47 21 1 2 9 983
47 23 1 3 13 983
47 26 1 3 17 983
47 28 1 5 17 983
47 32 1 3 23 983
47 35 1 5 18 983
47 36 1 3 14 983
47 37 1 4 22 983
47 40 1 1 1 983
47 42 1 4 23 983
47 45 1 7 7 983
47 46 1 6 19 983
47 48 1 7 16 983
47 51 1 5 12 983
47 53 1 5 4 983
47 56 1 7 8 983
47 59 1 1 8 983
47 60 1 7 14 983
47 64 1 1 1 983
47 67 1 2 22 983
47 70 1 5 22 983
47 71 1 5 14 983
47 73 1 2 4 983
47 74 1 2 22 983
47 79 1 3 22 983
47 80 1 3 16 983
47 81 1 2 6 983
47 82 1 6 6 983
47 85 1 2 21 983
47 88 1 7 17 983
47 90 1 4 7 983
47 92 1 4 17 983
47 94 1 4 5 983
47 95 1 2 10 983
47 98 1 3 20 983
47 99 1 7 11 983
48 2 7 4 7 613
48 3 7 6 23 613
48 5 7 4 19 613
48 6 7 4 23 613
48 7 7 7 22 613
48 9 7 3 14 613
48 10 7 2 21 613
48 14 7 7 21 613
48 15 7 1 21 613
48 16 7 2 25 613
48 24 7 5 25 613
48 28 7 5 17 613
48 29 7 3 1 613
48 31 7 6 2 613
48 32 7 3 10 613
48 35 7 5 4 613
48 36 7 3 6 613
48 39 7 3 23 613
48 41 7 7 10 613
48 43 7 4 3 613
48 44 7 3 19 613
48 45 7 7 25 613
48 46 7 6 11 613
48 47 7 1 16 613
48 51 7 5 15 613
48 53 7 5 9 613
48 56 7 7 23 613
48 57 7 1 11 613
48 58 7 4 14 613
48 61 7 5 16 613
48 62 7 6 21 613
48 66 7 5 17 613
48 68 7 3 24 613
48 71 7 5 11 613
48 73 7 2 8 613
48 74 7 2 13 613
48 75 7 1 20 613
48 76 7 2 24 613
48 78 7 7 24 613
48 81 7 2 13 613
48 82 7 6 8 613
48 83 7 6 8 613
48 84 7 3 21 613
48 88 7 7 7 613
48 89 7 2 9 613
48 91 7 6 5 613
48 93 7 4 21 613
48 94 7 4 12 613
48 96 7 3 10 613
48 97 7 3 12 613
48 99 7 7 18 613
49 1 3 6 10 90
49 3 3 6 19 90
49 6 3 4 3 90
49 8 3 7 7 90
49 10 3 2 5 90
49 12 3 1 22 90
49 17 3 2 18 90
49 18 3 2 4 90
49 22 3 4 22 90
49 23 3 3 18 90
49 24 3 5 10 90
49 26 3 3 13 90
49 27 3 1 12 90
49 29 3 3 16 90
49 31 3 6 14 90
49 33 3 3 21 90
49 34 3 7 16 90
49 35 3 5 8 90
49 36 3 3 13 90
49 38 3 7 1 90
49 39 3 3 23 90
49 45 3 7 25 90
49 46 3 6 12 90
49 50 3 5 17 90
49 51 3 5 16 90
49 52 3 4 12 90
49 53 3 5 4 90
49 54 3 4 9 90
49 56 3 7 13 90
49 57 3 1 9 90
49 58 3 4 21 90
49 59 3 1 3 90
49 60 3 7 20 90
49 61 3 5 9 90
49 62 3 6 24 90
49 63 3 2 3 90
49 65 3 4 25 90
49 67 3 2 9 90
49 70 3 5 17 90
49 71 3 5 20 90
49 73 3 2 1 90
49 74 3 2 7 90
49 77 3 7 1 90
49 78 3 7 11 90
49 83 3 6 19 90
49 84 3 3 13 90
49 87 3 5 4 90
49 89 3 2 20 90
49 92 3 4 11 90
49 99 3 7 13 90
50 1 5 6 21 165
50 3 5 6 7 165
50 6 5 4 4 165
50 8 5 7 9 165
50 10 5 2 20 165
50 11 5 7 5 165
50 12 5 1 14 165
50 13 5 4 24 165
50 14 5 7 19 165
50 16 5 2 13 165
50 18 5 2 3 165
50 19 5 1 19 165
50 20 5 3 23 165
50 22 5 4 3 165
50 23 5 3 3 165
50 25 5 7 24 165
50 26 5 3 9 165
50 27 5 1 11 165
50 28 5 5 9 165
50 29 5 3 4 165
50 30 5 1 2 165
50 32 5 3 14 165
50 34 5 7 1 165
50 35 5 5 21 165
50 36 5 3 11 165
50 37 5 4 16 165
50 38 5 7 5 165
50 45 5 7 3 165
50 49 5 3 17 165
50 55 5 3 3 165
50 56 5 7 8 165
50 59 5 1 5 165
50 62 5 6 8 165
50 63 5 2 15 165
50 70 5 5 12 165
50 71 5 5 7 165
50 73 5 2 20 165
50 74 5 2 20 165
50 75 5 1 15 165
50 76 5 2 19 165
50 77 5 7 24 165
50 81 5 2 2 165
50 85 5 2 23 165
50 86 5 2 20 165
50 88 5 7 24 165
50 90 5 4 9 165
50 91 5 6 24 165
50 94 5 4 18 165
51 0 5 4 6 989
51 1 5 6 9 989
51 2 5 4 16 989
51 5 5 4 8 989
51 8 5 7 17 989
51 10 5 2 7 989
51 13 5 4 23 989
51 15 5 1 16 989
51 18 5 2 8 989
51 19 5 1 6 989
51 20 5 3 24 989
51 21 5 2 21 989
51 22 5 4 22 989
51 25 5 7 24 989
51 28 5 5 24 989
51 29 5 3 5 989
51 31 5 6 13 989
51 32 5 3 15 989
51 35 5 5 25 989
51 38 5 7 25 989
51 39 5 3 8 989
51 41 5 7 3 989
51 44 5 3 15 989
51 45 5 7 17 989
51 47 5 1 12 989
51 48 5 7 15 989
51 49 5 3 16 989
51 52 5 4 17 989
51 54 5 4 8 989
51 57 5 1 21 989
51 60 5 7 18 989
51 61 5 5 8 989
51 64 5 1 7 989
51 70 5 5 23 989
51 71 5 5 9 989
51 72 5 3 10 989
51 74 5 2 12 989
51 75 5 1 11 989
51 77 5 7 8 989
51 78 5 7 18 989
51 81 5 2 14 989
51 82 5 6 14 989
51 83 5 6 21 989
51 84 5 3 19 989
51 86 5 2 17 989
51 87 5 5 17 989
51 88 5 7 19 989
51 92 5 4 18 989
51 96 5 3 3 989
51 99 5 7 17 989
52 1 4 6 2 906
52 2 4 4 3 906
52 3 4 6 6 906
52 4 4 2 8 906
52 5 4 4 19 906
52 7 4 7 11 906
52 12 4 1 19 906
52 13 4 4 1 906
52 14 4 7 2 906
52 15 4 1 5 906
52 17 4 2 15 906
52 19 4 1 5 906
52 22 4 4 23 906
52 23 4 3 2 906
52 25 4 7 22 906
52 26 4 3 3 906
52 28 4 5 15 906
52 31 4 6 12 906
52 33 4 3 18 906
52 34 4 7 25 906
52 36 4 3 9 906
52 37 4 4 20 906
52 38 4 7 24 906
52 39 4 3 1 906
52 41 4 7 12 906
52 44 4 3 17 906
52 46 4 6 18 906
52 49 4 3 12 906
52 51 4 5 17 906
52 53 4 5 24 906
52 54 4 4 7 906
52 55 4 3 2 906
52 56 4 7 13 906
52 57 4 1 11 906
52 58 4 4 5 906
52 59 4 1 6 906
52 60 4 7 8 906
52 61 4 5 1 906
52 62 4 6 10 906
52 64 4 1 8 906
52 65 4 4 24 906
52 67 4 2 20 906
52 68 4 3 23 906
52 69 4 4 9 906
52 70 4 5 5 906
52 75 4 1 11 906
52 81 4 2 21 906
52 82 4 6 5 906
52 85 4 2 2 906
52 86 4 2 22 906
52 87 4 5 5 906
52 88 4 7 21 906
52 90 4 4 4 906
52 93 4 4 25 906
52 95 4 2 22 906
52 98 4 3 23 906
53 2 5 4 25 724
53 3 5 6 20 724
53 4 5 2 10 724
53 5 5 4 19 724
53 6 5 4 2 724
53 7 5 7 8 724
53 8 5 7 6 724
53 9 5 3 20 724
53 11 5 7 11 724
53 13 5 4 7 724
53 14 5 7 10 724
53 15 5 1 8 724
53 17 5 2 8 724
53 20 5 3 22 724
53 24 5 5 5 724
53 25 5 7 24 724
53 26 5 3 4 724
53 27 5 1 1 724
53 28 5 5 14 724
53 29 5 3 17 724
53 30 5 1 20 724
53 32 5 3 7 724
53 33 5 3 23 724
53 34 5 7 14 724
53 35 5 5 21 724
53 36 5 3 19 724
53 37 5 4 15 724
53 38 5 7 24 724
53 41 5 7 2 724
53 44 5 3 10 724
53 46 5 6 2 724
53 47 5 1 4 724
53 48 5 7 9 724
53 49 5 3 4 724
53 52 5 4 24 724
53 54 5 4 9 724
53 55 5 3 24 724
53 58 5 4 19 724
53 59 5 1 25 724
53 60 5 7 22 724
53 61 5 5 15 724
53 62 5 6 1 724
53 63 5 2 10 724
53 66 5 5 16 724
53 72 5 3 12 724
53 75 5 1 13 724
53 76 5 2 17 724
53 78 5 7 19 724
53 79 5 3 20 724
53 80 5 3 1 724
53 83 5 6 6 724
53 84 5 3 12 724
53 86 5 2 19 724
53 87 5 5 7 724
53 88 5 7 21 724
53 91 5 6 2 724
53 93 5 4 24 724
53 94 5 4 2 724
53 97 5 3 25 724
53 99 5 7 19 724
54 3 4 6 6 232
54 4 4 2 14 232
54 11 4 7 1 232
54 13 4 4 15 232
54 14 4 7 6 232
54 16 4 2 7 232
54 18 4 2 3 232
54 21 4 2 18 232
54 25 4 7 21 232
54 28 4 5 8 232
54 29 4 3 20 232
54 31 4 6 17 232
54 33 4 3 8 232
54 34 4 7 24 232
54 38 4 7 17 232
54 39 4 3 19 232
54 43 4 4 25 232
54 44 4 3 3 232
54 49 4 3 9 232
54 51 4 5 8 232
54 52 4 4 7 232
54 53 4 5 9 232
54 58 4 4 8 232
54 60 4 7 2 232
54 63 4 2 22 232
54 65 4 4 12 232
54 66 4 5 1 232
54 70 4 5 11 232
54 71 4 5 7 232
54 74 4 2 13 232
54 76 4 2 7 232
54 77 4 7 19 232
54 81 4 2 3 232
54 82 4 6 10 232
54 83 4 6 17 232
54 86 4 2 24 232
54 90 4 4 3 232
54 94 4 4 1 232
54 95 4 2 16 232
54 96 4 3 20 232
54 97 4 3 22 232
54 98 4 3 5 232
55 2 3 4 6 847
55 4 3 2 4 847
55 5 3 4 23 847
55 6 3 4 25 847
55 7 3 7 17 847
55 10 3 2 9 847
55 11 3 7 5 847
55 12 3 1 23 847
55 13 3 4 5 847
55 17 3 2 4 847
55 18 3 2 24 847
55 20 3 3 20 847
55 21 3 2 20 847
55 22 3 4 18 847
55 24 3 5 2 847
55 27 3 1 19 847
55 28 3 5 5 847
55 29 3 3 1 847
55 30 3 1 4 847
55 32 3 3 13 847
55 33 3 3 3 847
55 34 3 7 13 847
55 35 3 5 4 847
55 36 3 3 16 847
55 38 3 7 4 847
55 39 3 3 24 847
55 41 3 7 9 847
55 43 3 4 13 847
55 44 3 3 15 847
55 46 3 6 17 847
55 50 3 5 3 847
55 52 3 4 2 847
55 53 3 5 24 847
55 60 3 7 6 847
55 63 3 2 1 847
55 65 3 4 22 847
55 66 3 5 25 847
55 67 3 2 24 847
55 68 3 3 8 847
55 69 3 4 4 847
55 70 3 5 20 847
55 73 3 2 7 847
55 75 3 1 2 847
55 76 3 2 20 847
55 78 3 7 2 847
55 81 3 2 19 847
55 85 3 2 23 847
55 86 3 2 22 847
55 88 3 7 8 847
55 89 3 2 12 847
55 90 3 4 2 847
55 91 3 6 16 847
56 0 7 4 10 832
56 3 7 6 22 832
56 5 7 4 10 832
56 9 7 3 1 832
56 10 7 2 14 832
56 12 7 1 11 832
56 13 7 4 7 832
56 15 7 1 16 832
56 16 7 2 16 832
56 17 7 2 2 832
56 18 7 2 8 832
56 21 7 2 4 832
56 23 7 3 8 832
56 24 7 5 1 832
56 29 7 3 2 832
56 35 7 5 13 832
56 37 7 4 18 832
56 38 7 7 7 832
56 39 7 3 22 832
56 40 7 1 13 832
56 44 7 3 23 832
56 46 7 6 9 832
56 47 7 1 8 832
56 48 7 7 23 832
56 49 7 3 13 832
56 50 7 5 8 832
56 52 7 4 13 832
56 58 7 4 4 832
56 63 7 2 8 832
56 65 7 4 19 832
56 66 7 5 13 832
56 67 7 2 13 832
56 68 7 3 9 832
56 69 7 4 3 832
56 70 7 5 3 832
56 71 7 5 3 832
56 74 7 2 8 832
56 79 7 3 4 832
56 80 7 3 11 832
56 82 7 6 18 832
56 87 7 5 16 832
56 89 7 2 3 832
56 90 7 4 3 832
56 93 7 4 1 832
56 95 7 2 11 832
56 98 7 3 18 832
56 99 7 7 24 832
57 2 1 4 6 468
57 5 1 4 9 468
57 6 1 4 25 468
57 8 1 7 16 468
57 11 1 7 9 468
57 13 1 4 16 468
57 14 1 7 3 468
57 15 1 1 19 468
57 17 1 2 19 468
57 19 1 1 3 468
57 22 1 4 25 468
57 24 1 5 6 468
57 26 1 3 19 468
57 27 1 1 1 468
57 30 1 1 14 468
57 31 1 6 15 468
57 32 1 3 23 468
57 33 1 3 21 468
57 35 1 5 23 468
57 36 1 3 24 468
57 37 1 4 5 468
57 38 1 7 19 468
57 40 1 1 15 468
57 41 1 7 22 468
57 42 1 4 9 468
57 44 1 3 6 468
57 48 1 7 11 468
57 49 1 3 9 468
57 51 1 5 21 468
57 52 1 4 11 468
57 58 1 4 6 468
57 59 1 1 3 468
57 62 1 6 13 468
57 65 1 4 14 468
57 66 1 5 4 468
57 67 1 2 15 468
57 68 1 3 4 468
57 69 1 4 12 468
57 70 1 5 7 468
57 71 1 5 19 468
57 73 1 2 22 468
57 75 1 1 25 468
57 78 1 7 13 468
57 83 1 6 4 468
57 89 1 2 21 468
57 91 1 6 9 468
57 93 1 4 20 468
57 94 1 4 15 468
57 97 1 3 4 468
57 99 1 7 1 468
58 1 4 6 5 971
58 3 4 6 1 971
58 5 4 4 13 971
58 9 4 3 2 971
58 12 4 1 15 971
58 13 4 4 5 971
58 17 4 2 23 971
58 19 4 1 4 971
58 20 4 3 19 971
58 23 4 3 4 971
58 24 4 5 22 971
58 25 4 7 7 971
58 29 4 3 18 971
58 32 4 3 18 971
58 34 4 7 1 971
58 37 4 4 1 971
58 38 4 7 12 971
58 41 4 7 4 971
58 42 4 4 23 971
58 48 4 7 14 971
58 49 4 3 21 971
58 52 4 4 5 971
58 53 4 5 19 971
58 54 4 4 8 971
58 56 4 7 4 971
58 57 4 1 6 971
58 60 4 7 13 971
58 61 4 5 23 971
58 67 4 2 7 971
58 68 4 3 10 971
58 69 4 4 22 971
58 71 4 5 6 971
58 72 4 3 21 971
58 73 4 2 2 971
58 75 4 1 22 971
58 76 4 2 21 971
58 77 4 7 9 971
58 78 4 7 23 971
58 81 4 2 24 971
58 82 4 6 2 971
58 89 4 2 13 971
58 91 4 6 1 971
58 93 4 4 13 971
58 95 4 2 11 971
58 99 4 7 9 971
59 5 1 4 4 919
59 6 1 4 11 919
59 8 1 7 25 919
59 9 1 3 10 919
59 10 1 2 16 919
59 12 1 1 1 919
59 14 1 7 24 919
59 16 1 2 10 919
59 17 1 2 13 919
59 18 1 2 25 919
59 20 1 3 5 919
59 21 1 2 12 919
59 23 1 3 10 919
59 26 1 3 4 919
59 27 1 1 14 919
59 29 1 3 3 919
59 31 1 6 20 919
59 32 1 3 5 919
59 35 1 5 4 919
59 36 1 3 14 919
59 37 1 4 13 919
59 38 1 7 13 919
59 41 1 7 7 919
59 43 1 4 10 919
59 45 1 7 13 919
59 47 1 1 8 919
59 49 1 3 3 919
59 50 1 5 5 919
59 52 1 4 6 919
59 53 1 5 25 919
59 57 1 1 3 919
59 60 1 7 14 919
59 61 1 5 13 919
59 64 1 1 9 919
59 68 1 3 18 919
59 69 1 4 3 919
59 71 1 5 17 919
59 72 1 3 3 919
59 75 1 1 16 919
59 76 1 2 6 919
59 77 1 7 4 919
59 80 1 3 4 919
59 81 1 2 1 919
59 84 1 3 23 919
59 85 1 2 10 919
59 88 1 7 19 919
59 90 1 4 2 919
59 91 1 6 11 919
59 92 1 4 18 919
59 94 1 4 7 919
59 95 1 2 20 919
60 3 7 6 14 734
60 4 7 2 12 734
60 5 7 4 2 734
60 6 7 4 23 734
60 7 7 7 11 734
60 10 7 2 1 734
60 13 7 4 3 734
60 14 7 7 20 734
60 15 7 1 20 734
60 16 7 2 4 734
60 21 7 2 20 734
60 24 7 5 18 734
60 26 7 3 21 734
60 28 7 5 1 734
60 29 7 3 3 734
60 30 7 1 13 734
60 34 7 7 23 734
60 39 7 3 18 734
60 40 7 1 4 734
60 41 7 7 19 734
60 42 7 4 10 734
60 43 7 4 8 734
60 44 7 3 9 734
60 45 7 7 14 734
60 46 7 6 24 734
60 47 7 1 14 734
60 49 7 3 20 734
60 51 7 5 18 734
60 52 7 4 8 734
60 53 7 5 22 734
60 54 7 4 2 734
60 55 7 3 6 734
60 58 7 4 13 734
60 59 7 1 14 734
60 61 7 5 6 734
60 63 7 2 7 734
60 73 7 2 22 734
60 74 7 2 23 734
60 75 7 1 25 734
60 79 7 3 25 734
60 80 7 3 24 734
60 81 7 2 20 734
60 82 7 6 22 734
60 84 7 3 17 734
60 88 7 7 11 734
60 90 7 4 6 734
60 92 7 4 3 734
60 94 7 4 21 734
60 96 7 3 12 734
60 98 7 3 11 734
60 99 7 7 9 734
61 0 5 4 22 890
61 2 5 4 5 890
61 3 5 6 22 890
61 5 5 4 12 890
61 6 5 4 10 890
61 8 5 7 13 890
61 9 5 3 13 890
61 10 5 2 4 890
61 16 5 2 6 890
61 18 5 2 23 890
61 21 5 2 6 890
61 22 5 4 6 890
61 24 5 5 18 890
61 25 5 7 4 890
61 26 5 3 24 890
61 31 5 6 15 890
61 38 5 7 23 890
61 39 5 3 12 890
61 41 5 7 11 890
61 45 5 7 21 890
61 48 5 7 16 890
61 49 5 3 9 890
61 51 5 5 8 890
61 52 5 4 1 890
61 53 5 5 15 890
61 58 5 4 23 890
61 59 5 1 13 890
61 60 5 7 6 890
61 64 5 1 24 890
61 65 5 4 23 890
61 66 5 5 4 890
61 67 5 2 6 890
61 68 5 3 13 890
61 70 5 5 1 890
61 73 5 2 14 890
61 74 5 2 7 890
61 75 5 1 12 890
61 77 5 7 6 890
61 78 5 7 12 890
61 79 5 3 1 890
61 82 5 6 16 890
61 84 5 3 12 890
61 85 5 2 8 890
61 87 5 5 19 890
61 89 5 2 1 890
61 91 5 6 14 890
61 93 5 4 14 890
61 94 5 4 25 890
61 96 5 3 17 890
61 97 5 3 11 890
61 98 5 3 15 890
61 99 5 7 4 890
62 0 6 4 10 908
62 1 6 6 22 908
62 3 6 6 8 908
62 6 6 4 5 908
62 7 6 7 3 908
62 8 6 7 8 908
62 9 6 3 12 908
62 12 6 1 14 908
62 13 6 4 7 908
62 14 6 7 14 908
62 15 6 1 7 908
62 16 6 2 10 908
62 17 6 2 23 908
62 19 6 1 11 908
62 25 6 7 7 908
62 26 6 3 24 908
62 28 6 5 12 908
62 31 6 6 20 908
62 32 6 3 8 908
62 36 6 3 17 908
62 39 6 3 13 908
62 40 6 1 1 908
62 44 6 3 12 908
62 48 6 7 21 908
62 49 6 3 24 908
62 50 6 5 8 908
62 52 6 4 10 908
62 53 6 5 1 908
62 57 6 1 13 908
62 65 6 4 25 908
62 66 6 5 21 908
62 67 6 2 21 908
62 68 6 3 23 908
62 69 6 4 20 908
62 70 6 5 10 908
62 71 6 5 8 908
62 72 6 3 11 908
62 74 6 2 7 908
62 75 6 1 17 908
62 76 6 2 20 908
62 77 6 7 21 908
62 78 6 7 6 908
62 79 6 3 19 908
62 83 6 6 9 908
62 85 6 2 3 908
62 91 6 6 7 908
62 92 6 4 6 908
62 95 6 2 2 908
62 97 6 3 5 908
62 99 6 7 10 908
63 2 2 4 8 775
63 3 2 6 19 775
63 7 2 7 11 775
63 8 2 7 23 775
63 10 2 2 12 775
63 11 2 7 1 775
63 12 2 1 11 775
63 13 2 4 1 775
63 14 2 7 13 775
63 16 2 2 8 775
63 18 2 2 9 775
63 19 2 1 13 775
63 23 2 3 24 775
63 25 2 7 18 775
63 27 2 1 15 775
63 29 2 3 25 775
63 30 2 1 16 775
63 31 2 6 17 775
63 36 2 3 7 775
63 39 2 3 5 775
63 40 2 1 12 775
63 42 2 4 2 775
63 43 2 4 22 775
63 44 2 3 12 775
63 49 2 3 3 775
63 50 2 5 15 775
63 53 2 5 10 775
63 54 2 4 22 775
63 55 2 3 1 775
63 56 2 7 8 775
63 60 2 7 7 775
63 64 2 1 15 775
63 67 2 2 1 775
63 68 2 3 5 775
63 69 2 4 8 775
63 70 2 5 1 775
63 73 2 2 3 775
63 75 2 1 2 775
63 76 2 2 10 775
63 80 2 3 23 775
63 84 2 3 5 775
63 86 2 2 8 775
63 88 2 7 10 775
63 89 2 2 11 775
63 90 2 4 5 775
63 92 2 4 1 775
63 93 2 4 3 775
63 94 2 4 22 775
63 96 2 3 7 775
63 97 2 3 4 775
64 1 1 6 7 884
64 2 1 4 18 884
64 3 1 6 22 884
64 4 1 2 8 884
64 5 1 4 20 884
64 6 1 4 12 884
64 9 1 3 15 884
64 12 1 1 7 884
64 13 1 4 10 884
64 15 1 1 16 884
64 16 1 2 16 884
64 17 1 2 10 884
64 19 1 1 19 884
64 20 1 3 22 884
64 22 1 4 1 884
64 23 1 3 23 884
64 24 1 5 15 884
64 26 1 3 16 884
64 31 1 6 1 884
64 32 1 3 9 884
64 36 1 3 7 884
64 38 1 7 17 884
64 40 1 1 14 884
64 41 1 7 6 884
64 42 1 4 3 884
64 43 1 4 5 884
64 47 1 1 1 884
64 51 1 5 7 884
64 52 1 4 8 884
64 59 1 1 9 884
64 61 1 5 24 884
64 63 1 2 15 884
64 65 1 4 14 884
64 66 1 5 18 884
64 70 1 5 15 884
64 71 1 5 15 884
64 74 1 2 15 884
64 80 1 3 1 884
64 82 1 6 2 884
64 84 1 3 7 884
64 85 1 2 5 884
64 86 1 2 21 884
64 87 1 5 3 884
64 89 1 2 3 884
64 90 1 4 1 884
64 91 1 6 9 884
64 95 1 2 11 884
64 96 1 3 19 884
64 97 1 3 7 884
64 98 1 3 24 884
64 99 1 7 14 884
65 1 4 6 17 50
65 2 4 4 23 50
65 3 4 6 4 50
65 8 4 7 23 50
65 12 4 1 2 50
65 13 4 4 23 50
65 14 4 7 20 50
65 22 4 4 9 50
65 23 4 3 18 50
65 24 4 5 23 50
65 25 4 7 21 50
65 31 4 6 19 50
65 32 4 3 22 50
65 33 4 3 14 50
65 34 4 7 7 50
65 36 4 3 6 50
65 41 4 7 3 50
65 44 4 3 2 50
65 45 4 7 4 50
65 49 4 3 25 50
65 52 4 4 24 50
65 54 4 4 12 50
65 55 4 3 22 50
65 56 4 7 19 50
65 57 4 1 14 50
65 61 4 5 23 50
65 62 4 6 25 50
65 64 4 1 14 50
65 66 4 5 24 50
65 67 4 2 23 50
65 68 4 3 23 50
65 69 4 4 4 50
65 70 4 5 24 50
65 72 4 3 20 50
65 74 4 2 10 50
65 75 4 1 14 50
65 77 4 7 22 50
65 78 4 7 19 50
65 79 4 3 1 50
65 80 4 3 3 50
65 82 4 6 3 50
65 83 4 6 17 50
65 86 4 2 10 50
65 88 4 7 1 50
65 89 4 2 24 50
65 91 4 6 18 50
65 92 4 4 25 50
65 93 4 4 9 50
65 94 4 4 23 50
65 98 4 3 11 50
65 99 4 7 15 50
66 3 5 6 9 969
66 4 5 2 14 969
66 5 5 4 2 969
66 7 5 7 6 969
66 9 5 3 22 969
66 10 5 2 13 969
66 12 5 1 1 969
66 13 5 4 9 969
66 16 5 2 18 969
66 20 5 3 22 969
66 22 5 4 11 969
66 23 5 3 16 969
66 24 5 5 11 969
66 27 5 1 17 969
66 28 5 5 13 969
66 29 5 3 17 969
66 30 5 1 19 969
66 31 5 6 16 969
66 33 5 3 14 969
66 37 5 4 24 969
66 41 5 7 7 969
66 45 5 7 19 969
66 46 5 6 4 969
66 48 5 7 17 969
66 53 5 5 16 969
66 54 5 4 1 969
66 55 5 3 25 969
66 56 5 7 13 969
66 57 5 1 4 969
66 61 5 5 4 969
66 62 5 6 21 969
66 64 5 1 18 969
66 65 5 4 24 969
66 68 5 3 16 969
66 69 5 4 5 969
66 70 5 5 11 969
66 71 5 5 6 969
66 72 5 3 11 969
66 73 5 2 19 969
66 74 5 2 2 969
66 76 5 2 12 969
66 80 5 3 17 969
66 82 5 6 18 969
66 83 5 6 20 969
66 87 5 5 24 969
66 89 5 2 6 969
66 90 5 4 10 969
66 92 5 4 8 969
66 94 5 4 23 969
66 95 5 2 22 969
66 96 5 3 15 969
66 97 5 3 7 969
66 99 5 7 18 969
67 0 2 4 14 508
67 1 2 6 23 508
67 4 2 2 1 508
67 8 2 7 10 508
67 10 2 2 19 508
67 13 2 4 6 508
67 14 2 7 3 508
67 15 2 1 2 508
67 16 2 2 6 508
67 17 2 2 5 508
67 19 2 1 19 508
67 23 2 3 21 508
67 26 2 3 13 508
67 28 2 5 18 508
67 29 2 3 22 508
67 30 2 1 24 508
67 32 2 3 2 508
67 34 2 7 4 508
67 35 2 5 2 508
67 36 2 3 9 508
67 39 2 3 8 508
67 42 2 4 11 508
67 44 2 3 10 508
67 45 2 7 2 508
67 47 2 1 22 508
67 49 2 3 9 508
67 52 2 4 20 508
67 55 2 3 24 508
67 56 2 7 13 508
67 57 2 1 15 508
67 58 2 4 7 508
67 61 2 5 6 508
67 62 2 6 21 508
67 63 2 2 1 508
67 65 2 4 23 508
67 69 2 4 18 508
67 71 2 5 5 508
67 72 2 3 25 508
67 73 2 2 10 508
67 74 2 2 17 508
67 75 2 1 7 508
67 76 2 2 18 508
67 77 2 7 16 508
67 83 2 6 25 508
67 84 2 3 21 508
67 85 2 2 3 508
67 87 2 5 13 508
67 88 2 7 5 508
67 89 2 2 19 508
67 91 2 6 4 508
67 93 2 4 2 508
67 94 2 4 7 508
67 96 2 3 5 508
67 97 2 3 6 508
67 99 2 7 24 508
68 0 3 4 1 525
68 2 3 4 20 525
68 7 3 7 16 525
68 8 3 7 16 525
68 11 3 7 16 525
68 16 3 2 4 525
68 19 3 1 21 525
68 20 3 3 6 525
68 22 3 4 2 525
68 23 3 3 8 525
68 25 3 7 14 525
68 28 3 5 6 525
68 30 3 1 11 525
68 31 3 6 18 525
68 36 3 3 15 525
68 41 3 7 19 525
68 44 3 3 18 525
68 48 3 7 24 525
68 52 3 4 23 525
68 55 3 3 8 525
68 56 3 7 9 525
68 57 3 1 4 525
68 58 3 4 10 525
68 59 3 1 18 525
68 61 3 5 13 525
68 62 3 6 23 525
68 63 3 2 5 525
68 65 3 4 23 525
68 66 3 5 16 525
68 70 3 5 7 525
68 74 3 2 17 525
68 75 3 1 4 525
68 76 3 2 23 525
68 78 3 7 13 525
68 79 3 3 7 525
68 80 3 3 1 525
68 82 3 6 12 525
68 85 3 2 11 525
68 99 3 7 21 525
69 0 4 4 18 155
69 3 4 6 12 155
69 6 4 4 19 155
69 7 4 7 20 155
69 9 4 3 9 155
69 10 4 2 15 155
69 12 4 1 25 155
69 13 4 4 21 155
69 15 4 1 18 155
69 17 4 2 24 155
69 18 4 2 15 155
69 20 4 3 17 155
69 21 4 2 11 155
69 23 4 3 23 155
69 25 4 7 11 155
69 28 4 5 10 155
69 30 4 1 25 155
69 32 4 3 17 155
69 33 4 3 3 155
69 35 4 5 25 155
69 36 4 3 10 155
69 38 4 7 21 155
69 39 4 3 16 155
69 41 4 7 24 155
69 43 4 4 21 155
69 52 4 4 9 155
69 55 4 3 4 155
69 56 4 7 3 155
69 57 4 1 12 155
69 58 4 4 22 155
69 59 4 1 3 155
69 62 4 6 20 155
69 63 4 2 8 155
69 65 4 4 4 155
69 66 4 5 5 155
69 67 4 2 18 155
69 73 4 2 6 155
69 74 4 2 5 155
69 76 4 2 11 155
69 77 4 7 12 155
69 78 4 7 18 155
69 80 4 3 21 155
69 81 4 2 10 155
69 84 4 3 6 155
69 85 4 2 9 155
69 89 4 2 23 155
69 90 4 4 8 155
69 91 4 6 20 155
69 95 4 2 22 155
69 97 4 3 21 155
69 99 4 7 7 155
70 0 5 4 22 930
70 1 5 6 6 930
70 9 5 3 22 930
70 10 5 2 1 930
70 11 5 7 18 930
70 14 5 7 4 930
70 16 5 2 25 930
70 17 5 2 24 930
70 18 5 2 20 930
70 19 5 1 14 930
70 20 5 3 16 930
70 21 5 2 9 930
70 22 5 4 18 930
70 23 5 3 19 930
70 25 5 7 25 930
70 26 5 3 16 930
70 27 5 1 13 930
70 28 5 5 17 930
70 30 5 1 20 930
70 34 5 7 10 930
70 40 5 1 2 930
70 44 5 3 24 930
70 45 5 7 5 930
70 46 5 6 4 930
70 47 5 1 22 930
70 49 5 3 17 930
70 50 5 5 12 930
70 51 5 5 23 930
70 52 5 4 5 930
70 54 5 4 11 930
70 55 5 3 20 930
70 56 5 7 3 930
70 57 5 1 7 930
70 61 5 5 1 930
70 62 5 6 10 930
70 63 5 2 1 930
70 64 5 1 15 930
70 65 5 4 24 930
70 66 5 5 11 930
70 68 5 3 7 930
70 71 5 5 17 930
70 72 5 3 3 930
70 73 5 2 3 930
70 74 5 2 15 930
70 75 5 1 6 930
70 77 5 7 18 930
70 78 5 7 8 930
70 79 5 3 13 930
70 80 5 3 19 930
70 82 5 6 7 930
70 84 5 3 5 930
70 86 5 2 17 930
70 87 5 5 10 930
70 88 5 7 11 930
70 89 5 2 14 930
70 90 5 4 12 930
70 92 5 4 17 930
70 93 5 4 21 930
70 94 5 4 19 930
70 95 5 2 6 930
70 96 5 3 24 930
70 97 5 3 13 930
71 1 5 6 23 751
71 4 5 2 14 751
71 5 5 4 12 751
71 8 5 7 8 751
71 9 5 3 23 751
71 12 5 1 8 751
71 13 5 4 7 751
71 15 5 1 1 751
71 17 5 2 6 751
71 20 5 3 9 751
71 21 5 2 18 751
71 22 5 4 9 751
71 23 5 3 1 751
71 24 5 5 15 751
71 27 5 1 14 751
71 28 5 5 8 751
71 29 5 3 6 751
71 30 5 1 24 751
71 32 5 3 6 751
71 33 5 3 22 751
71 37 5 4 14 751
71 39 5 3 15 751
71 42 5 4 22 751
71 44 5 3 2 751
71 46 5 6 21 751
71 47 5 1 14 751
71 48 5 7 11 751
71 49 5 3 20 751
71 50 5 5 7 751
71 51 5 5 9 751
71 54 5 4 7 751
71 56 5 7 3 751
71 57 5 1 19 751
71 58 5 4 6 751
71 59 5 1 17 751
71 62 5 6 8 751
71 64 5 1 15 751
71 66 5 5 6 751
71 67 5 2 5 751
71 70 5 5 17 751
71 77 5 7 14 751
71 78 5 7 25 751
71 79 5 3 19 751
71 80 5 3 23 751
71 82 5 6 23 751
71 83 5 6 4 751
71 85 5 2 23 751
71 89 5 2 24 751
71 90 5 4 17 751
71 92 5 4 25 751
71 95 5 2 12 751
71 96 5 3 14 751
71 98 5 3 9 751
71 99 5 7 22 751
72 2 3 4 6 307
72 3 3 6 21 307
72 8 3 7 14 307
72 10 3 2 18 307
72 11 3 7 7 307
72 12 3 1 6 307
72 15 3 1 6 307
72 16 3 2 11 307
72 17 3 2 5 307
72 18 3 2 2 307
72 19 3 1 17 307
72 21 3 2 10 307
72 22 3 4 3 307
72 24 3 5 8 307
72 25 3 7 24 307
72 26 3 3 9 307
72 27 3 1 1 307
72 28 3 5 2 307
72 29 3 3 17 307
72 30 3 1 17 307
72 31 3 6 5 307
72 32 3 3 20 307
72 33 3 3 10 307
72 37 3 4 21 307
72 38 3 7 16 307
72 39 3 3 9 307
72 40 3 1 3 307
72 42 3 4 23 307
72 43 3 4 15 307
72 51 3 5 10 307
72 53 3 5 12 307
72 58 3 4 21 307
72 59 3 1 3 307
72 62 3 6 11 307
72 65 3 4 20 307
72 66 3 5 11 307
72 67 3 2 25 307
72 70 3 5 3 307
72 73 3 2 4 307
72 74 3 2 13 307
72 75 3 1 7 307
72 82 3 6 20 307
72 83 3 6 4 307
72 86 3 2 4 307
72 87 3 5 22 307
72 89 3 2 19 307
72 90 3 4 2 307
72 94 3 4 7 307
72 95 3 2 7 307
72 96 3 3 17 307
72 97 3 3 23 307
73 2 2 4 20 180
73 4 2 2 2 180
73 5 2 4 1 180
73 7 2 7 11 180
73 8 2 7 6 180
73 9 2 3 1 180
73 11 2 7 20 180
73 12 2 1 1 180
73 13 2 4 2 180
73 15 2 1 25 180
73 16 2 2 23 180
73 20 2 3 2 180
73 21 2 2 18 180
73 25 2 7 5 180
73 26 2 3 13 180
73 28 2 5 15 180
73 29 2 3 16 180
73 30 2 1 10 180
73 42 2 4 16 180
73 43 2 4 14 180
73 47 2 1 4 180
73 48 2 7 8 180
73 49 2 3 1 180
73 50 2 5 20 180
73 55 2 3 7 180
73 57 2 1 22 180
73 58 2 4 2 180
73 60 2 7 22 180
73 61 2 5 14 180
73 63 2 2 3 180
73 66 2 5 19 180
73 67 2 2 10 180
73 69 2 4 6 180
73 70 2 5 3 180
73 72 2 3 4 180
73 74 2 2 4 180
73 80 2 3 22 180
73 83 2 6 11 180
73 85 2 2 7 180
73 87 2 5 19 180
73 89 2 2 8 180
73 91 2 6 9 180
73 92 2 4 24 180
73 93 2 4 8 180
73 94 2 4 19 180
73 95 2 2 16 180
73 96 2 3 6 180
73 97 2 3 25 180
73 98 2 3 21 180
73 99 2 7 24 180
74 2 2 4 7 85
74 9 2 3 8 85
74 10 2 2 11 85
74 11 2 7 19 85
74 13 2 4 1 85
74 16 2 2 8 85
74 19 2 1 9 85
74 20 2 3 19 85
74 21 2 2 21 85
74 28 2 5 7 85
74 29 2 3 12 85
74 30 2 1 23 85
74 33 2 3 9 85
74 35 2 5 12 85
74 36 2 3 14 85
74 41 2 7 14 85
74 43 2 4 22 85
74 44 2 3 19 85
74 45 2 7 8 85
74 47 2 1 22 85
74 48 2 7 13 85
74 49 2 3 7 85
74 50 2 5 20 85
74 51 2 5 12 85
74 54 2 4 13 85
74 56 2 7 8 85
74 60 2 7 23 85
74 61 2 5 7 85
74 62 2 6 7 85
74 64 2 1 15 85
74 65 2 4 10 85
74 66 2 5 2 85
74 67 2 2 17 85
74 68 2 3 17 85
74 69 2 4 5 85
74 70 2 5 15 85
74 72 2 3 13 85
74 73 2 2 4 85
74 76 2 2 1 85
74 78 2 7 11 85
74 79 2 3 9 85
74 80 2 3 21 85
74 81 2 2 19 85
74 88 2 7 10 85
74 90 2 4 13 85
74 91 2 6 2 85
74 93 2 4 18 85
74 94 2 4 19 85
74 96 2 3 20 85
75 1 1 6 25 618
75 6 1 4 19 618
75 9 1 3 6 618
75 10 1 2 3 618
75 13 1 4 24 618
75 14 1 7 12 618
75 15 1 1 23 618
75 17 1 2 6 618
75 21 1 2 22 618
75 25 1 7 12 618
75 28 1 5 8 618
75 29 1 3 8 618
75 35 1 5 18 618
75 37 1 4 6 618
75 38 1 7 22 618
75 44 1 3 4 618
75 45 1 7 8 618
75 46 1 6 3 618
75 48 1 7 20 618
75 50 1 5 15 618
75 51 1 5 11 618
75 52 1 4 11 618
75 53 1 5 13 618
75 55 1 3 2 618
75 57 1 1 25 618
75 58 1 4 22 618
75 59 1 1 16 618
75 60 1 7 25 618
75 61 1 5 12 618
75 62 1 6 17 618
75 63 1 2 2 618
75 65 1 4 14 618
75 67 1 2 7 618
75 68 1 3 4 618
75 70 1 5 6 618
75 72 1 3 7 618
75 77 1 7 15 618
75 80 1 3 3 618
75 82 1 6 21 618
75 83 1 6 2 618
75 84 1 3 25 618
75 85 1 2 14 618
75 87 1 5 18 618
75 88 1 7 21 618
75 89 1 2 23 618
75 92 1 4 10 618
75 98 1 3 15 618
75 99 1 7 9 618
76 0 2 4 12 590
76 1 2 6 4 590
76 2 2 4 6 590
76 3 2 6 25 590
76 6 2 4 14 590
76 7 2 7 6 590
76 8 2 7 7 590
76 10 2 2 22 590
76 12 2 1 3 590
76 16 2 2 12 590
76 17 2 2 10 590
76 20 2 3 9 590
76 21 2 2 8 590
76 22 2 4 5 590
76 23 2 3 19 590
76 25 2 7 4 590
76 28 2 5 13 590
76 29 2 3 1 590
76 30 2 1 14 590
76 34 2 7 17 590
76 37 2 4 6 590
76 41 2 7 8 590
76 43 2 4 7 590
76 48 2 7 24 590
76 50 2 5 19 590
76 53 2 5 17 590
76 54 2 4 7 590
76 55 2 3 20 590
76 58 2 4 21 590
76 59 2 1 6 590
76 62 2 6 20 590
76 63 2 2 10 590
76 66 2 5 12 590
76 67 2 2 18 590
76 68 2 3 23 590
76 69 2 4 11 590
76 74 2 2 1 590
76 77 2 7 21 590
76 78 2 7 22 590
76 79 2 3 18 590
76 80 2 3 13 590
76 83 2 6 22 590
76 85 2 2 12 590
76 87 2 5 23 590
76 89 2 2 19 590
76 93 2 4 3 590
76 94 2 4 7 590
76 95 2 2 10 590
76 97 2 3 15 590
76 98 2 3 22 590
76 99 2 7 2 590
77 1 7 6 11 92
77 2 7 4 23 92
77 4 7 2 3 92
77 5 7 4 20 92
77 8 7 7 7 92
77 9 7 3 13 92
77 13 7 4 5 92
77 16 7 2 4 92
77 17 7 2 14 92
77 18 7 2 20 92
77 20 7 3 24 92
77 22 7 4 22 92
77 24 7 5 14 92
77 27 7 1 12 92
77 29 7 3 1 92
77 30 7 1 19 92
77 32 7 3 24 92
77 33 7 3 13 92
77 34 7 7 15 92
77 35 7 5 7 92
77 37 7 4 11 92
77 38 7 7 18 92
77 43 7 4 8 92
77 45 7 7 19 92
77 49 7 3 1 92
77 50 7 5 24 92
77 51 7 5 8 92
77 54 7 4 19 92
77 58 7 4 9 92
77 59 7 1 4 92
77 61 7 5 6 92
77 62 7 6 21 92
77 65 7 4 22 92
77 67 7 2 16 92
77 69 7 4 12 92
77 70 7 5 18 92
77 71 7 5 14 92
77 75 7 1 15 92
77 76 7 2 21 92
77 78 7 7 24 92
77 79 7 3 4 92
77 80 7 3 2 92
77 83 7 6 24 92
77 84 7 3 10 92
77 85 7 2 17 92
77 88 7 7 13 92
77 90 7 4 23 92
77 91 7 6 17 92
77 92 7 4 5 92
77 95 7 2 2 92
77 96 7 3 5 92
77 97 7 3 17 92
78 2 7 4 14 202
78 5 7 4 2 202
78 6 7 4 23 202
78 7 7 7 19 202
78 8 7 7 12 202
78 9 7 3 6 202
78 11 7 7 10 202
78 13 7 4 11 202
78 17 7 2 17 202
78 20 7 3 15 202
78 23 7 3 25 202
78 25 7 7 1 202
78 26 7 3 8 202
78 29 7 3 17 202
78 33 7 3 20 202
78 35 7 5 21 202
78 37 7 4 12 202
78 39 7 3 9 202
78 40 7 1 15 202
78 44 7 3 2 202
78 45 7 7 2 202
78 48 7 7 24 202
78 49 7 3 11 202
78 51 7 5 18 202
78 53 7 5 19 202
78 55 7 3 2 202
78 57 7 1 13 202
78 58 7 4 23 202
78 61 7 5 12 202
78 62 7 6 6 202
78 65 7 4 19 202
78 68 7 3 13 202
78 69 7 4 18 202
78 70 7 5 8 202
78 71 7 5 25 202
78 74 7 2 11 202
78 76 7 2 22 202
78 77 7 7 24 202
78 87 7 5 9 202
78 91 7 6 25 202
78 93 7 4 17 202
78 94 7 4 10 202
78 97 7 3 10 202
78 98 7 3 18 202
78 99 7 7 12 202
79 0 3 4 11 737
79 1 3 6 18 737
79 2 3 4 15 737
79 4 3 2 17 737
79 5 3 4 21 737
79 13 3 4 20 737
79 19 3 1 24 737
79 21 3 2 10 737
79 24 3 5 20 737
79 26 3 3 21 737
79 27 3 1 10 737
79 30 3 1 13 737
79 32 3 3 22 737
79 34 3 7 12 737
79 37 3 4 18 737
79 41 3 7 17 737
79 43 3 4 5 737
79 44 3 3 12 737
79 45 3 7 23 737
79 47 3 1 22 737
79 53 3 5 20 737
79 56 3 7 4 737
79 60 3 7 25 737
79 61 3 5 1 737
79 62 3 6 19 737
79 65 3 4 1 737
79 68 3 3 7 737
79 70 3 5 13 737
79 71 3 5 19 737
79 74 3 2 9 737
79 76 3 2 18 737
79 77 3 7 4 737
79 82 3 6 21 737
79 83 3 6 15 737
79 90 3 4 6 737
79 91 3 6 18 737
79 93 3 4 12 737
79 94 3 4 21 737
79 95 3 2 4 737
80 1 3 6 22 761
80 3 3 6 1 761
80 4 3 2 8 761
80 5 3 4 21 761
80 6 3 4 22 761
80 7 3 7 2 761
80 9 3 3 5 761
80 11 3 7 19 761
80 12 3 1 1 761
80 14 3 7 19 761
80 18 3 2 7 761
80 19 3 1 11 761
80 20 3 3 22 761
80 21 3 2 21 761
80 22 3 4 25 761
80 23 3 3 8 761
80 26 3 3 2 761
80 29 3 3 23 761
80 30 3 1 19 761
80 31 3 6 22 761
80 32 3 3 4 761
80 33 3 3 12 761
80 34 3 7 23 761
80 36 3 3 20 761
80 38 3 7 10 761
80 40 3 1 23 761
80 42 3 4 11 761
80 43 3 4 1 761
80 44 3 3 7 761
80 47 3 1 16 761
80 53 3 5 1 761
80 56 3 7 11 761
80 59 3 1 4 761
80 60 3 7 24 761
80 63 3 2 23 761
80 64 3 1 1 761
80 65 3 4 3 761
80 66 3 5 17 761
80 68 3 3 1 761
80 69 3 4 21 761
80 70 3 5 19 761
80 71 3 5 23 761
80 73 3 2 22 761
80 74 3 2 21 761
80 75 3 1 3 761
80 76 3 2 13 761
80 77 3 7 2 761
80 81 3 2 9 761
80 85 3 2 4 761
80 86 3 2 9 761
80 87 3 5 16 761
80 88 3 7 16 761
80 89 3 2 23 761
80 92 3 4 2 761
80 98 3 3 25 761
81 0 2 4 4 278
81 4 2 2 1 278
81 5 2 4 2 278
81 6 2 4 19 278
81 7 2 7 4 278
81 8 2 7 14 278
81 11 2 7 1 278
81 13 2 4 20 278
81 14 2 7 15 278
81 15 2 1 4 278
81 17 2 2 19 278
81 19 2 1 7 278
81 21 2 2 1 278
81 22 2 4 4 278
81 23 2 3 3 278
81 24 2 5 19 278
81 25 2 7 24 278
81 28 2 5 5 278
81 29 2 3 18 278
81 32 2 3 14 278
81 33 2 3 6 278
81 36 2 3 4 278
81 38 2 7 6 278
81 41 2 7 9 278
81 42 2 4 3 278
81 43 2 4 1 278
81 45 2 7 19 278
81 46 2 6 18 278
81 47 2 1 6 278
81 48 2 7 13 278
81 50 2 5 2 278
81 51 2 5 14 278
81 52 2 4 21 278
81 54 2 4 3 278
81 55 2 3 19 278
81 58 2 4 24 278
81 59 2 1 1 278
81 60 2 7 20 278
81 69 2 4 10 278
81 74 2 2 19 278
81 80 2 3 9 278
81 82 2 6 13 278
81 86 2 2 11 278
81 89 2 2 3 278
81 90 2 4 25 278
81 96 2 3 22 278
81 98 2 3 24 278
81 99 2 7 6 278
82 0 6 4 24 552
82 1 6 6 5 552
82 2 6 4 19 552
82 3 6 6 9 552
82 4 6 2 24 552
82 5 6 4 23 552
82 7 6 7 6 552
82 8 6 7 7 552
82 9 6 3 8 552
82 10 6 2 4 552
82 11 6 7 21 552
82 12 6 1 12 552
82 13 6 4 13 552
82 14 6 7 8 552
82 15 6 1 11 552
82 17 6 2 24 552
82 20 6 3 1 552
82 21 6 2 5 552
82 24 6 5 21 552
82 26 6 3 8 552
82 27 6 1 6 552
82 28 6 5 14 552
82 29 6 3 23 552
82 32 6 3 19 552
82 35 6 5 8 552
82 36 6 3 8 552
82 37 6 4 15 552
82 39 6 3 4 552
82 42 6 4 16 552
82 43 6 4 13 552
82 45 6 7 8 552
82 46 6 6 6 552
82 47 6 1 6 552
82 48 6 7 8 552
82 51 6 5 14 552
82 52 6 4 5 552
82 54 6 4 10 552
82 56 6 7 18 552
82 58 6 4 2 552
82 60 6 7 22 552
82 61 6 5 16 552
82 64 6 1 2 552
82 65 6 4 3 552
82 66 6 5 18 552
82 68 6 3 12 552
82 70 6 5 7 552
82 71 6 5 23 552
82 72 6 3 20 552
82 75 6 1 21 552
82 79 6 3 21 552
82 81 6 2 13 552
82 84 6 3 13 552
82 86 6 2 20 552
82 87 6 5 3 552
82 90 6 4 17 552
82 95 6 2 19 552
82 97 6 3 21 552
82 99 6 7 3 552
83 0 6 4 23 475
83 1 6 6 7 475
83 4 6 2 6 475
83 6 6 4 22 475
83 7 6 7 16 475
83 8 6 7 6 475
83 9 6 3 9 475
83 10 6 2 14 475
83 12 6 1 5 475
83 18 6 2 16 475
83 19 6 1 21 475
83 20 6 3 10 475
83 23 6 3 2 475
83 24 6 5 5 475
83 27 6 1 9 475
83 28 6 5 20 475
83 32 6 3 3 475
83 34 6 7 7 475
83 36 6 3 20 475
83 38 6 7 12 475
83 39 6 3 9 475
83 40 6 1 17 475
83 42 6 4 20 475
83 43 6 4 7 475
83 45 6 7 14 475
83 48 6 7 8 475
83 49 6 3 19 475
83 51 6 5 21 475
83 53 6 5 6 475
83 54 6 4 17 475
83 57 6 1 4 475
83 62 6 6 9 475
83 65 6 4 17 475
83 66 6 5 20 475
83 67 6 2 25 475
83 71 6 5 4 475
83 72 6 3 4 475
83 73 6 2 11 475
83 75 6 1 2 475
83 76 6 2 22 475
83 77 6 7 24 475
83 79 6 3 15 475
83 84 6 3 23 475
83 85 6 2 17 475
83 86 6 2 7 475
83 87 6 5 3 475
83 88 6 7 21 475
83 89 6 2 17 475
83 90 6 4 24 475
83 92 6 4 17 475
83 97 6 3 5 475
83 99 6 7 9 475
84 2 3 4 6 689
84 4 3 2 10 689
84 5 3 4 4 689
84 6 3 4 18 689
84 7 3 7 15 689
84 8 3 7 9 689
84 9 3 3 21 689
84 10 3 2 11 689
84 11 3 7 15 689
84 12 3 1 9 689
84 13 3 4 4 689
84 14 3 7 9 689
84 16 3 2 6 689
84 18 3 2 25 689
84 22 3 4 15 689
84 23 3 3 23 689
84 24 3 5 6 689
84 25 3 7 4 689
84 26 3 3 15 689
84 30 3 1 2 689
84 31 3 6 4 689
84 34 3 7 24 689
84 35 3 5 24 689
84 37 3 4 5 689
84 43 3 4 5 689
84 44 3 3 18 689
84 45 3 7 22 689
84 46 3 6 10 689
84 48 3 7 21 689
84 49 3 3 13 689
84 51 3 5 19 689
84 53 3 5 12 689
84 59 3 1 23 689
84 60 3 7 17 689
84 61 3 5 12 689
84 63 3 2 5 689
84 64 3 1 7 689
84 67 3 2 21 689
84 69 3 4 6 689
84 70 3 5 5 689
84 75 3 1 25 689
84 77 3 7 10 689
84 82 3 6 13 689
84 83 3 6 23 689
84 85 3 2 2 689
84 86 3 2 12 689
84 94 3 4 22 689
84 95 3 2 14 689
85 0 2 4 3 584
85 1 2 6 2 584
85 3 2 6 2 584
85 4 2 2 3 584
85 6 2 4 8 584
85 7 2 7 16 584
85 9 2 3 14 584
85 12 2 1 25 584
85 15 2 1 22 584
85 16 2 2 10 584
85 17 2 2 3 584
85 21 2 2 24 584
85 22 2 4 12 584
85 23 2 3 9 584
85 25 2 7 8 584
85 26 2 3 21 584
85 30 2 1 7 584
85 31 2 6 8 584
85 32 2 3 25 584
85 33 2 3 11 584
85 34 2 7 3 584
85 35 2 5 16 584
85 36 2 3 19 584
85 37 2 4 24 584
85 38 2 7 21 584
85 39 2 3 20 584
85 40 2 1 2 584
85 41 2 7 18 584
85 42 2 4 11 584
85 43 2 4 24 584
85 47 2 1 21 584
85 50 2 5 23 584
85 52 2 4 2 584
85 55 2 3 23 584
85 59 2 1 10 584
85 61 2 5 8 584
85 62 2 6 3 584
85 64 2 1 5 584
85 67 2 2 3 584
85 68 2 3 11 584
85 69 2 4 9 584
85 71 2 5 23 584
85 73 2 2 7 584
85 75 2 1 14 584
85 76 2 2 12 584
85 77 2 7 17 584
85 80 2 3 4 584
85 83 2 6 17 584
85 84 2 3 2 584
85 90 2 4 3 584
85 91 2 6 6 584
85 92 2 4 3 584
85 93 2 4 24 584
85 94 2 4 14 584
85 97 2 3 14 584
85 98 2 3 24 584
86 0 2 4 15 142
86 3 2 6 16 142
86 6 2 4 3 142
86 10 2 2 16 142
86 11 2 7 3 142
86 12 2 1 12 142
86 13 2 4 18 142
86 14 2 7 4 142
86 17 2 2 13 142
86 18 2 2 13 142
86 19 2 1 5 142
86 21 2 2 8 142
86 24 2 5 20 142
86 27 2 1 7 142
86 28 2 5 22 142
86 29 2 3 21 142
86 30 2 1 15 142
86 31 2 6 5 142
86 36 2 3 9 142
86 38 2 7 14 142
86 40 2 1 15 142
86 41 2 7 2 142
86 46 2 6 23 142
86 50 2 5 20 142
86 51 2 5 17 142
86 52 2 4 22 142
86 53 2 5 19 142
86 54 2 4 24 142
86 55 2 3 22 142
86 63 2 2 8 142
86 64 2 1 21 142
86 65 2 4 10 142
86 70 2 5 17 142
86 72 2 3 4 142
86 80 2 3 9 142
86 81 2 2 11 142
86 82 2 6 20 142
86 83 2 6 7 142
86 84 2 3 12 142
86 87 2 5 13 142
86 88 2 7 22 142
86 90 2 4 4 142
86 91 2 6 14 142
86 95 2 2 2 142
86 96 2 3 25 142
86 99 2 7 17 142
87 1 5 6 23 694
87 4 5 2 2 694
87 6 5 4 25 694
87 8 5 7 10 694
87 10 5 2 5 694
87 12 5 1 25 694
87 13 5 4 4 694
87 17 5 2 20 694
87 19 5 1 12 694
87 20 5 3 5 694
87 21 5 2 19 694
87 22 5 4 8 694
87 23 5 3 25 694
87 25 5 7 12 694
87 27 5 1 23 694
87 30 5 1 16 694
87 31 5 6 9 694
87 32 5 3 10 694
87 38 5 7 21 694
87 44 5 3 8 694
87 46 5 6 19 694
87 49 5 3 4 694
87 51 5 5 17 694
87 52 5 4 5 694
87 53 5 5 7 694
87 56 5 7 16 694
87 61 5 5 19 694
87 64 5 1 3 694
87 66 5 5 24 694
87 67 5 2 13 694
87 70 5 5 10 694
87 72 5 3 22 694
87 73 5 2 19 694
87 75 5 1 18 694
87 76 5 2 23 694
87 78 5 7 9 694
87 80 5 3 16 694
87 82 5 6 3 694
87 83 5 6 3 694
87 86 5 2 13 694
87 88 5 7 4 694
87 95 5 2 3 694
88 0 7 4 16 651
88 2 7 4 8 651
88 3 7 6 14 651
88 5 7 4 15 651
88 9 7 3 13 651
88 11 7 7 22 651
88 15 7 1 18 651
88 18 7 2 18 651
88 20 7 3 9 651
88 21 7 2 7 651
88 22 7 4 18 651
88 33 7 3 14 651
88 34 7 7 5 651
88 36 7 3 13 651
88 37 7 4 14 651
88 38 7 7 16 651
88 40 7 1 21 651
88 42 7 4 5 651
88 44 7 3 6 651
88 45 7 7 9 651
88 46 7 6 21 651
88 47 7 1 17 651
88 48 7 7 7 651
88 50 7 5 24 651
88 51 7 5 19 651
88 52 7 4 21 651
88 53 7 5 21 651
88 55 7 3 8 651
88 59 7 1 19 651
88 60 7 7 11 651
88 63 7 2 10 651
88 65 7 4 1 651
88 67 7 2 5 651
88 70 7 5 11 651
88 74 7 2 10 651
88 75 7 1 21 651
88 77 7 7 13 651
88 80 7 3 16 651
88 83 7 6 21 651
88 86 7 2 22 651
88 87 7 5 4 651
88 89 7 2 25 651
88 90 7 4 18 651
88 91 7 6 15 651
88 93 7 4 7 651
88 94 7 4 1 651
88 95 7 2 21 651
88 99 7 7 9 651
89 2 2 4 6 880
89 4 2 2 21 880
89 8 2 7 6 880
89 9 2 3 6 880
89 10 2 2 15 880
89 13 2 4 6 880
89 15 2 1 4 880
89 17 2 2 25 880
89 18 2 2 2 880
89 19 2 1 5 880
89 23 2 3 14 880
89 26 2 3 3 880
89 28 2 5 2 880
89 29 2 3 4 880
89 30 2 1 19 880
89 31 2 6 19 880
89 32 2 3 14 880
89 33 2 3 15 880
89 34 2 7 21 880
89 35 2 5 22 880
89 36 2 3 17 880
89 37 2 4 5 880
89 39 2 3 6 880
89 40 2 1 2 880
89 41 2 7 23 880
89 43 2 4 11 880
89 44 2 3 24 880
89 45 2 7 8 880
89 48 2 7 9 880
89 49 2 3 20 880
89 55 2 3 12 880
89 56 2 7 3 880
89 57 2 1 21 880
89 58 2 4 13 880
89 61 2 5 1 880
89 63 2 2 11 880
89 64 2 1 3 880
89 65 2 4 24 880
89 66 2 5 6 880
89 67 2 2 19 880
89 69 2 4 23 880
89 70 2 5 14 880
89 71 2 5 24 880
89 72 2 3 19 880
89 73 2 2 8 880
89 75 2 1 23 880
89 76 2 2 19 880
89 80 2 3 23 880
89 81 2 2 3 880
89 83 2 6 17 880
89 88 2 7 25 880
89 91 2 6 10 880
89 93 2 4 2 880
89 94 2 4 10 880
89 97 2 3 23 880
89 99 2 7 19 880
90 1 4 6 3 94
90 7 4 7 11 94
90 9 4 3 7 94
90 10 4 2 19 94
90 14 4 7 11 94
90 16 4 2 21 94
90 18 4 2 17 94
90 19 4 1 24 94
90 26 4 3 25 94
90 27 4 1 10 94
90 28 4 5 25 94
90 31 4 6 24 94
90 35 4 5 13 94
90 36 4 3 23 94
90 40 4 1 8 94
90 43 4 4 17 94
90 44 4 3 15 94
90 45 4 7 13 94
90 47 4 1 7 94
90 50 4 5 9 94
90 52 4 4 4 94
90 54 4 4 3 94
90 55 4 3 2 94
90 56 4 7 3 94
90 59 4 1 2 94
90 60 4 7 6 94
90 63 4 2 5 94
90 64 4 1 1 94
90 66 4 5 10 94
90 69 4 4 8 94
90 70 4 5 12 94
90 71 4 5 17 94
90 72 4 3 2 94
90 74 4 2 13 94
90 77 4 7 23 94
90 79 4 3 6 94
90 81 4 2 25 94
90 82 4 6 17 94
90 83 4 6 24 94
90 85 4 2 3 94
90 86 4 2 4 94
90 88 4 7 18 94
90 93 4 4 4 94
90 94 4 4 7 94
90 95 4 2 19 94
90 97 4 3 8 94
90 99 4 7 9 94
91 2 6 4 19 477
91 4 6 2 2 477
91 6 6 4 18 477
91 8 6 7 12 477
91 9 6 3 6 477
91 10 6 2 2 477
91 13 6 4 10 477
91 16 6 2 25 477
91 17 6 2 23 477
91 18 6 2 17 477
91 19 6 1 14 477
91 20 6 3 13 477
91 22 6 4 15 477
91 25 6 7 18 477
91 31 6 6 1 477
91 32 6 3 6 477
91 33 6 3 12 477
91 34 6 7 6 477
91 35 6 5 2 477
91 40 6 1 23 477
91 42 6 4 2 477
91 44 6 3 22 477
91 45 6 7 9 477
91 48 6 7 5 477
91 50 6 5 24 477
91 53 6 5 2 477
91 55 6 3 16 477
91 57 6 1 9 477
91 58 6 4 1 477
91 59 6 1 11 477
91 61 6 5 14 477
91 62 6 6 7 477
91 64 6 1 9 477
91 65 6 4 18 477
91 67 6 2 4 477
91 69 6 4 20 477
91 73 6 2 9 477
91 74 6 2 2 477
91 77 6 7 17 477
91 78 6 7 25 477
91 79 6 3 18 477
91 85 6 2 6 477
91 86 6 2 14 477
91 88 6 7 15 477
91 89 6 2 10 477
91 93 6 4 3 477
91 94 6 4 13 477
92 3 4 6 17 599
92 5 4 4 4 599
92 9 4 3 5 599
92 10 4 2 13 599
92 12 4 1 1 599
92 16 4 2 13 599
92 18 4 2 6 599
92 21 4 2 4 599
92 22 4 4 11 599
92 30 4 1 17 599
92 31 4 6 18 599
92 32 4 3 4 599
92 33 4 3 23 599
92 34 4 7 8 599
92 35 4 5 16 599
92 37 4 4 2 599
92 39 4 3 22 599
92 40 4 1 1 599
92 41 4 7 8 599
92 42 4 4 25 599
92 43 4 4 16 599
92 45 4 7 21 599
92 46 4 6 10 599
92 47 4 1 17 599
92 49 4 3 11 599
92 51 4 5 18 599
92 59 4 1 18 599
92 60 4 7 3 599
92 62 4 6 6 599
92 63 4 2 1 599
92 65 4 4 25 599
92 66 4 5 8 599
92 70 4 5 17 599
92 71 4 5 25 599
92 73 4 2 24 599
92 75 4 1 10 599
92 77 4 7 5 599
92 80 4 3 2 599
92 83 4 6 17 599
92 85 4 2 3 599
92 95 4 2 10 599
92 96 4 3 4 599
92 97 4 3 9 599
92 98 4 3 2 599
92 99 4 7 11 599
93 0 4 4 7 383
93 1 4 6 21 383
93 2 4 4 25 383
93 3 4 6 3 383
93 10 4 2 6 383
93 11 4 7 20 383
93 12 4 1 8 383
93 18 4 2 22 383
93 19 4 1 7 383
93 20 4 3 8 383
93 21 4 2 21 383
93 22 4 4 6 383
93 24 4 5 5 383
93 25 4 7 25 383
93 27 4 1 8 383
93 28 4 5 5 383
93 30 4 1 19 383
93 36 4 3 11 383
93 37 4 4 25 383
93 38 4 7 11 383
93 39 4 3 17 383
93 40 4 1 23 383
93 41 4 7 16 383
93 42 4 4 4 383
93 43 4 4 4 383
93 46 4 6 16 383
93 48 4 7 21 383
93 52 4 4 25 383
93 53 4 5 24 383
93 56 4 7 1 383
93 57 4 1 20 383
93 58 4 4 13 383
93 61 4 5 14 383
93 63 4 2 3 383
93 65 4 4 9 383
93 67 4 2 2 383
93 70 4 5 21 383
93 73 4 2 8 383
93 74 4 2 18 383
93 76 4 2 3 383
93 78 4 7 17 383
93 79 4 3 12 383
93 85 4 2 24 383
93 88 4 7 7 383
93 89 4 2 2 383
93 90 4 4 4 383
93 91 4 6 3 383
93 95 4 2 10 383
93 96 4 3 14 383
93 97 4 3 1 383
93 98 4 3 1 383
94 1 4 6 7 368
94 2 4 4 22 368
94 3 4 6 7 368
94 8 4 7 20 368
94 10 4 2 13 368
94 12 4 1 19 368
94 14 4 7 7 368
94 16 4 2 13 368
94 20 4 3 17 368
94 23 4 3 23 368
94 25 4 7 20 368
94 31 4 6 20 368
94 32 4 3 24 368
94 34 4 7 14 368
94 38 4 7 11 368
94 41 4 7 13 368
94 44 4 3 4 368
94 47 4 1 5 368
94 48 4 7 12 368
94 50 4 5 18 368
94 53 4 5 2 368
94 54 4 4 1 368
94 57 4 1 15 368
94 59 4 1 7 368
94 60 4 7 21 368
94 61 4 5 25 368
94 63 4 2 22 368
94 65 4 4 23 368
94 66 4 5 23 368
94 67 4 2 7 368
94 70 4 5 19 368
94 72 4 3 7 368
94 73 4 2 19 368
94 74 4 2 19 368
94 76 4 2 7 368
94 78 4 7 10 368
94 79 4 3 21 368
94 84 4 3 22 368
94 85 4 2 14 368
94 88 4 7 1 368
94 89 4 2 10 368
94 90 4 4 7 368
94 91 4 6 13 368
94 95 4 2 18 368
94 98 4 3 21 368
95 2 2 4 21 593
95 3 2 6 14 593
95 5 2 4 25 593
95 6 2 4 2 593
95 8 2 7 10 593
95 12 2 1 6 593
95 16 2 2 18 593
95 17 2 2 12 593
95 19 2 1 24 593
95 20 2 3 16 593
95 21 2 2 21 593
95 22 2 4 9 593
95 24 2 5 23 593
95 25 2 7 3 593
95 27 2 1 9 593
95 29 2 3 12 593
95 33 2 3 19 593
95 35 2 5 12 593
95 36 2 3 15 593
95 40 2 1 1 593
95 42 2 4 7 593
95 44 2 3 11 593
95 45 2 7 4 593
95 46 2 6 5 593
95 47 2 1 10 593
95 52 2 4 22 593
95 54 2 4 16 593
95 56 2 7 11 593
95 58 2 4 11 593
95 59 2 1 20 593
95 62 2 6 2 593
95 64 2 1 11 593
95 66 2 5 22 593
95 69 2 4 22 593
95 70 2 5 6 593
95 71 2 5 12 593
95 72 2 3 7 593
95 73 2 2 16 593
95 76 2 2 10 593
95 77 2 7 2 593
95 79 2 3 4 593
95 82 2 6 19 593
95 84 2 3 14 593
95 86 2 2 2 593
95 87 2 5 3 593
95 88 2 7 21 593
95 90 2 4 19 593
95 92 2 4 10 593
95 93 2 4 10 593
95 94 2 4 18 593
95 96 2 3 15 593
95 97 2 3 6 593
96 2 3 4 16 845
96 3 3 6 25 845
96 5 3 4 19 845
96 6 3 4 13 845
96 8 3 7 9 845
96 9 3 3 14 845
96 14 3 7 8 845
96 15 3 1 23 845
96 16 3 2 3 845
96 18 3 2 23 845
96 19 3 1 12 845
96 23 3 3 6 845
96 24 3 5 17 845
96 26 3 3 1 845
96 27 3 1 1 845
96 28 3 5 6 845
96 29 3 3 14 845
96 41 3 7 17 845
96 42 3 4 19 845
96 43 3 4 3 845
96 44 3 3 15 845
96 48 3 7 10 845
96 51 3 5 3 845
96 54 3 4 20 845
96 60 3 7 12 845
96 61 3 5 17 845
96 63 3 2 7 845
96 64 3 1 19 845
96 66 3 5 15 845
96 67 3 2 5 845
96 70 3 5 24 845
96 71 3 5 14 845
96 72 3 3 17 845
96 73 3 2 6 845
96 74 3 2 20 845
96 77 3 7 5 845
96 81 3 2 22 845
96 86 3 2 25 845
96 92 3 4 4 845
96 93 3 4 14 845
96 95 3 2 15 845
97 0 3 4 25 380
97 2 3 4 21 380
97 3 3 6 15 380
97 5 3 4 17 380
97 7 3 7 3 380
97 9 3 3 21 380
97 13 3 4 21 380
97 14 3 7 2 380
97 15 3 1 20 380
97 17 3 2 6 380
97 19 3 1 16 380
97 28 3 5 1 380
97 29 3 3 23 380
97 30 3 1 8 380
97 31 3 6 12 380
97 33 3 3 20 380
97 35 3 5 7 380
97 37 3 4 4 380
97 39 3 3 10 380
97 46 3 6 24 380
97 48 3 7 12 380
97 53 3 5 25 380
97 54 3 4 22 380
97 57 3 1 4 380
97 61 3 5 11 380
97 62 3 6 5 380
97 63 3 2 4 380
97 64 3 1 7 380
97 66 3 5 7 380
97 67 3 2 6 380
97 69 3 4 21 380
97 70 3 5 13 380
97 72 3 3 23 380
97 73 3 2 25 380
97 76 3 2 15 380
97 77 3 7 17 380
97 78 3 7 10 380
97 82 3 6 21 380
97 83 3 6 5 380
97 85 3 2 14 380
97 89 3 2 23 380
97 90 3 4 8 380
97 92 3 4 9 380
97 93 3 4 1 380
97 95 3 2 6 380
97 98 3 3 12 380
98 0 3 4 6 89
98 8 3 7 15 89
98 10 3 2 21 89
98 11 3 7 20 89
98 14 3 7 11 89
98 15 3 1 20 89
98 16 3 2 5 89
98 17 3 2 13 89
98 19 3 1 8 89
98 22 3 4 24 89
98 23 3 3 1 89
98 25 3 7 15 89
98 27 3 1 8 89
98 30 3 1 22 89
98 32 3 3 23 89
98 33 3 3 11 89
98 34 3 7 24 89
98 35 3 5 7 89
98 37 3 4 24 89
98 39 3 3 1 89
98 40 3 1 11 89
98 42 3 4 14 89
98 43 3 4 21 89
98 45 3 7 22 89
98 47 3 1 20 89
98 52 3 4 23 89
98 54 3 4 5 89
98 56 3 7 18 89
98 60 3 7 11 89
98 61 3 5 15 89
98 64 3 1 24 89
98 65 3 4 11 89
98 71 3 5 9 89
98 73 3 2 21 89
98 75 3 1 15 89
98 76 3 2 22 89
98 78 3 7 18 89
98 80 3 3 25 89
98 81 3 2 24 89
98 85 3 2 24 89
98 92 3 4 2 89
98 93 3 4 1 89
98 94 3 4 21 89
98 97 3 3 12 89
98 99 3 7 12 89
99 1 7 6 14 203
99 4 7 2 8 203
99 5 7 4 11 203
99 9 7 3 15 203
99 10 7 2 14 203
99 11 7 7 9 203
99 12 7 1 13 203
99 13 7 4 1 203
99 14 7 7 25 203
99 16 7 2 8 203
99 17 7 2 16 203
99 18 7 2 14 203
99 19 7 1 10 203
99 20 7 3 12 203
99 21 7 2 20 203
99 22 7 4 5 203
99 24 7 5 11 203
99 25 7 7 4 203
99 27 7 1 10 203
99 28 7 5 15 203
99 30 7 1 4 203
99 32 7 3 22 203
99 39 7 3 8 203
99 40 7 1 13 203
99 41 7 7 20 203
99 44 7 3 11 203
99 46 7 6 19 203
99 47 7 1 11 203
99 48 7 7 18 203
99 49 7 3 13 203
99 51 7 5 17 203
99 53 7 5 19 203
99 56 7 7 24 203
99 57 7 1 1 203
99 58 7 4 9 203
99 60 7 7 9 203
99 61 7 5 4 203
99 62 7 6 10 203
99 64 7 1 14 203
99 65 7 4 15 203
99 66 7 5 18 203
99 67 7 2 24 203
99 68 7 3 21 203
99 69 7 4 7 203
99 71 7 5 22 203
99 73 7 2 24 203
99 75 7 1 9 203
99 76 7 2 2 203
99 78 7 7 12 203
99 81 7 2 6 203
99 82 7 6 3 203
99 83 7 6 9 203
99 86 7 2 17 203
99 88 7 7 9 203
99 89 7 2 19 203
99 90 7 4 9 203
99 92 7 4 11 203
99 98 7 3 12 203
