capacity  cost_by_node
nb_functions 8
18 60 70 42 85 56 67 27 21 61 67 74 18 12 90 36 61 52 80 45 47 58 50 16 57 49 
16 72 63 94 26 99 17 73 82 63 70 15 81 100 10 66 28 57 19 99 83 85 51 92 15 58 
17 62 28 29 12 35 69 56 73 30 88 92 98 30 35 20 80 86 88 80 100 57 64 58 50 15 
12 12 56 64 81 51 27 22 59 60 65 97 47 54 72 77 67 39 27 23 29 68 12 63 14 47 
12 92 98 25 74 90 54 59 93 92 77 85 50 28 13 43 18 94 90 66 10 40 14 46 76 30 
12 75 15 48 73 43 52 62 46 25 33 70 83 67 20 55 90 60 80 39 58 27 24 87 67 59 
19 52 50 92 68 59 96 19 95 36 90 17 86 17 45 30 70 48 36 53 13 53 41 63 100 69 
18 30 100 23 78 62 21 45 13 62 82 50 93 10 45 95 16 55 38 79 56 30 56 89 84 97 
