Node_1 Node_2 Capacity_node1 Capacity_node2 Latency_arc node_cost
nb_nodes 100
nb_arcs 4974
0 2 2 2 13 762
0 3 2 1 11 762
0 5 2 1 25 762
0 8 2 2 3 762
0 9 2 3 14 762
0 10 2 3 3 762
0 13 2 1 20 762
0 17 2 3 19 762
0 18 2 3 7 762
0 22 2 1 24 762
0 23 2 1 10 762
0 24 2 3 4 762
0 25 2 1 22 762
0 26 2 1 8 762
0 27 2 2 1 762
0 28 2 2 21 762
0 29 2 1 13 762
0 30 2 2 14 762
0 31 2 1 3 762
0 32 2 1 14 762
0 34 2 1 6 762
0 39 2 3 23 762
0 41 2 1 4 762
0 42 2 1 21 762
0 43 2 3 21 762
0 44 2 2 17 762
0 46 2 3 20 762
0 47 2 1 10 762
0 50 2 1 24 762
0 52 2 1 14 762
0 53 2 3 4 762
0 55 2 1 5 762
0 56 2 3 15 762
0 57 2 2 11 762
0 58 2 2 11 762
0 59 2 2 5 762
0 60 2 1 9 762
0 62 2 3 15 762
0 63 2 3 19 762
0 65 2 2 6 762
0 67 2 3 1 762
0 68 2 1 1 762
0 70 2 2 6 762
0 72 2 3 3 762
0 75 2 3 6 762
0 77 2 1 20 762
0 78 2 2 12 762
0 80 2 2 7 762
0 86 2 1 14 762
0 91 2 1 12 762
0 92 2 1 6 762
0 96 2 1 14 762
0 98 2 3 18 762
1 2 3 2 20 660
1 3 3 1 3 660
1 5 3 1 6 660
1 6 3 1 5 660
1 10 3 3 16 660
1 12 3 2 20 660
1 15 3 2 21 660
1 16 3 1 13 660
1 17 3 3 3 660
1 19 3 2 18 660
1 20 3 3 2 660
1 23 3 1 8 660
1 26 3 1 10 660
1 27 3 2 1 660
1 28 3 2 14 660
1 30 3 2 1 660
1 31 3 1 25 660
1 33 3 1 16 660
1 34 3 1 6 660
1 40 3 2 19 660
1 41 3 1 19 660
1 42 3 1 17 660
1 45 3 2 19 660
1 46 3 3 15 660
1 47 3 1 11 660
1 49 3 3 9 660
1 50 3 1 3 660
1 51 3 3 4 660
1 53 3 3 25 660
1 56 3 3 9 660
1 57 3 2 22 660
1 58 3 2 1 660
1 59 3 2 13 660
1 60 3 1 1 660
1 61 3 3 15 660
1 62 3 3 12 660
1 69 3 2 11 660
1 70 3 2 17 660
1 72 3 3 20 660
1 75 3 3 8 660
1 78 3 2 10 660
1 82 3 2 24 660
1 84 3 2 19 660
1 86 3 1 23 660
1 88 3 2 18 660
1 91 3 1 11 660
1 94 3 3 10 660
2 0 2 2 13 185
2 1 2 3 20 185
2 4 2 2 7 185
2 5 2 1 4 185
2 10 2 3 4 185
2 11 2 1 6 185
2 14 2 2 22 185
2 15 2 2 16 185
2 16 2 1 8 185
2 18 2 3 10 185
2 19 2 2 16 185
2 20 2 3 15 185
2 21 2 3 25 185
2 22 2 1 17 185
2 23 2 1 17 185
2 25 2 1 1 185
2 26 2 1 11 185
2 27 2 2 1 185
2 30 2 2 15 185
2 33 2 1 8 185
2 35 2 3 7 185
2 40 2 2 14 185
2 42 2 1 4 185
2 43 2 3 8 185
2 46 2 3 4 185
2 48 2 2 21 185
2 50 2 1 25 185
2 53 2 3 4 185
2 59 2 2 11 185
2 62 2 3 19 185
2 63 2 3 16 185
2 64 2 3 11 185
2 66 2 1 4 185
2 68 2 1 17 185
2 70 2 2 6 185
2 73 2 1 22 185
2 78 2 2 19 185
2 79 2 3 7 185
2 81 2 1 24 185
2 85 2 2 8 185
2 88 2 2 14 185
2 89 2 3 14 185
2 90 2 2 22 185
2 93 2 3 4 185
2 95 2 3 23 185
2 97 2 1 11 185
2 99 2 1 12 185
3 0 1 2 11 477
3 1 1 3 3 477
3 6 1 1 22 477
3 9 1 3 19 477
3 10 1 3 8 477
3 11 1 1 19 477
3 14 1 2 7 477
3 15 1 2 19 477
3 19 1 2 5 477
3 21 1 3 9 477
3 22 1 1 23 477
3 24 1 3 24 477
3 25 1 1 2 477
3 26 1 1 17 477
3 27 1 2 3 477
3 29 1 1 11 477
3 31 1 1 23 477
3 32 1 1 13 477
3 33 1 1 24 477
3 37 1 3 6 477
3 38 1 2 16 477
3 40 1 2 24 477
3 41 1 1 22 477
3 43 1 3 23 477
3 46 1 3 14 477
3 50 1 1 14 477
3 51 1 3 25 477
3 54 1 2 1 477
3 55 1 1 20 477
3 56 1 3 14 477
3 58 1 2 4 477
3 59 1 2 22 477
3 60 1 1 23 477
3 61 1 3 11 477
3 62 1 3 8 477
3 64 1 3 23 477
3 68 1 1 19 477
3 71 1 1 9 477
3 73 1 1 14 477
3 77 1 1 22 477
3 78 1 2 10 477
3 81 1 1 8 477
3 82 1 2 23 477
3 84 1 2 9 477
3 88 1 2 4 477
3 89 1 3 25 477
3 91 1 1 25 477
3 92 1 1 25 477
3 93 1 3 6 477
3 95 1 3 6 477
3 97 1 1 18 477
3 98 1 3 6 477
3 99 1 1 3 477
4 2 2 2 7 432
4 6 2 1 24 432
4 7 2 3 14 432
4 9 2 3 6 432
4 11 2 1 19 432
4 13 2 1 17 432
4 15 2 2 23 432
4 16 2 1 17 432
4 17 2 3 5 432
4 19 2 2 11 432
4 21 2 3 19 432
4 22 2 1 11 432
4 23 2 1 4 432
4 24 2 3 7 432
4 27 2 2 8 432
4 29 2 1 6 432
4 32 2 1 8 432
4 33 2 1 20 432
4 37 2 3 7 432
4 38 2 2 14 432
4 41 2 1 14 432
4 44 2 2 22 432
4 46 2 3 23 432
4 47 2 1 20 432
4 48 2 2 17 432
4 49 2 3 2 432
4 53 2 3 19 432
4 54 2 2 25 432
4 55 2 1 2 432
4 60 2 1 6 432
4 73 2 1 13 432
4 75 2 3 23 432
4 78 2 2 2 432
4 82 2 2 5 432
4 84 2 2 4 432
4 85 2 2 6 432
4 87 2 1 18 432
4 89 2 3 23 432
4 90 2 2 14 432
4 91 2 1 12 432
4 92 2 1 24 432
4 93 2 3 17 432
4 96 2 1 5 432
4 97 2 1 10 432
4 99 2 1 25 432
5 0 1 2 25 161
5 1 1 3 6 161
5 2 1 2 4 161
5 6 1 1 2 161
5 9 1 3 6 161
5 11 1 1 23 161
5 12 1 2 2 161
5 16 1 1 8 161
5 17 1 3 4 161
5 20 1 3 20 161
5 22 1 1 15 161
5 24 1 3 23 161
5 30 1 2 8 161
5 32 1 1 7 161
5 34 1 1 24 161
5 37 1 3 22 161
5 40 1 2 9 161
5 43 1 3 11 161
5 44 1 2 9 161
5 45 1 2 24 161
5 47 1 1 21 161
5 48 1 2 10 161
5 52 1 1 1 161
5 53 1 3 14 161
5 54 1 2 8 161
5 59 1 2 21 161
5 60 1 1 20 161
5 67 1 3 23 161
5 68 1 1 4 161
5 69 1 2 22 161
5 71 1 1 9 161
5 74 1 1 22 161
5 77 1 1 13 161
5 79 1 3 18 161
5 80 1 2 20 161
5 81 1 1 6 161
5 82 1 2 17 161
5 83 1 2 6 161
5 84 1 2 25 161
5 85 1 2 9 161
5 86 1 1 24 161
5 88 1 2 22 161
5 89 1 3 2 161
5 90 1 2 12 161
5 91 1 1 4 161
5 93 1 3 17 161
5 94 1 3 20 161
5 97 1 1 15 161
5 99 1 1 4 161
6 1 1 3 5 181
6 3 1 1 22 181
6 4 1 2 24 181
6 5 1 1 2 181
6 8 1 2 8 181
6 9 1 3 8 181
6 12 1 2 2 181
6 13 1 1 4 181
6 14 1 2 9 181
6 17 1 3 11 181
6 18 1 3 13 181
6 20 1 3 24 181
6 21 1 3 22 181
6 22 1 1 12 181
6 23 1 1 12 181
6 24 1 3 15 181
6 29 1 1 3 181
6 31 1 1 8 181
6 32 1 1 9 181
6 33 1 1 14 181
6 34 1 1 5 181
6 35 1 3 20 181
6 42 1 1 2 181
6 45 1 2 1 181
6 46 1 3 9 181
6 48 1 2 17 181
6 51 1 3 11 181
6 52 1 1 21 181
6 54 1 2 20 181
6 55 1 1 22 181
6 58 1 2 2 181
6 59 1 2 6 181
6 60 1 1 6 181
6 63 1 3 19 181
6 66 1 1 12 181
6 68 1 1 20 181
6 69 1 2 24 181
6 71 1 1 4 181
6 72 1 3 15 181
6 74 1 1 9 181
6 77 1 1 24 181
6 79 1 3 3 181
6 80 1 2 13 181
6 81 1 1 12 181
6 84 1 2 6 181
6 85 1 2 16 181
6 88 1 2 11 181
6 97 1 1 24 181
7 4 3 2 14 108
7 12 3 2 16 108
7 13 3 1 2 108
7 14 3 2 3 108
7 17 3 3 19 108
7 18 3 3 13 108
7 19 3 2 3 108
7 20 3 3 13 108
7 21 3 3 11 108
7 24 3 3 16 108
7 25 3 1 4 108
7 26 3 1 5 108
7 27 3 2 13 108
7 29 3 1 12 108
7 30 3 2 18 108
7 31 3 1 25 108
7 34 3 1 15 108
7 37 3 3 24 108
7 38 3 2 21 108
7 39 3 3 18 108
7 40 3 2 17 108
7 41 3 1 13 108
7 42 3 1 1 108
7 45 3 2 20 108
7 47 3 1 16 108
7 50 3 1 14 108
7 53 3 3 21 108
7 55 3 1 4 108
7 56 3 3 7 108
7 58 3 2 25 108
7 64 3 3 25 108
7 65 3 2 23 108
7 68 3 1 14 108
7 71 3 1 12 108
7 73 3 1 8 108
7 74 3 1 21 108
7 75 3 3 19 108
7 82 3 2 14 108
7 84 3 2 13 108
7 87 3 1 4 108
7 88 3 2 13 108
7 89 3 3 10 108
7 92 3 1 21 108
7 93 3 3 2 108
7 94 3 3 11 108
7 97 3 1 18 108
7 98 3 3 14 108
8 0 2 2 3 566
8 6 2 1 8 566
8 9 2 3 10 566
8 10 2 3 9 566
8 13 2 1 9 566
8 17 2 3 12 566
8 20 2 3 23 566
8 21 2 3 9 566
8 22 2 1 7 566
8 24 2 3 8 566
8 25 2 1 20 566
8 27 2 2 22 566
8 28 2 2 2 566
8 29 2 1 10 566
8 32 2 1 3 566
8 33 2 1 1 566
8 39 2 3 20 566
8 40 2 2 1 566
8 42 2 1 23 566
8 43 2 3 15 566
8 44 2 2 12 566
8 45 2 2 10 566
8 47 2 1 20 566
8 49 2 3 3 566
8 50 2 1 15 566
8 51 2 3 6 566
8 53 2 3 11 566
8 55 2 1 6 566
8 57 2 2 8 566
8 58 2 2 3 566
8 60 2 1 14 566
8 62 2 3 4 566
8 63 2 3 18 566
8 64 2 3 19 566
8 65 2 2 5 566
8 66 2 1 10 566
8 68 2 1 7 566
8 69 2 2 18 566
8 70 2 2 11 566
8 71 2 1 6 566
8 73 2 1 21 566
8 76 2 2 8 566
8 77 2 1 25 566
8 78 2 2 12 566
8 79 2 3 25 566
8 80 2 2 15 566
8 81 2 1 1 566
8 82 2 2 9 566
8 83 2 2 15 566
8 84 2 2 1 566
8 86 2 1 12 566
8 87 2 1 2 566
8 90 2 2 12 566
8 91 2 1 21 566
8 92 2 1 23 566
8 93 2 3 6 566
8 95 2 3 25 566
8 97 2 1 13 566
9 0 3 2 14 753
9 3 3 1 19 753
9 4 3 2 6 753
9 5 3 1 6 753
9 6 3 1 8 753
9 8 3 2 10 753
9 10 3 3 11 753
9 11 3 1 23 753
9 12 3 2 23 753
9 13 3 1 15 753
9 14 3 2 13 753
9 18 3 3 17 753
9 19 3 2 18 753
9 20 3 3 25 753
9 24 3 3 14 753
9 26 3 1 11 753
9 27 3 2 13 753
9 28 3 2 20 753
9 29 3 1 5 753
9 30 3 2 15 753
9 34 3 1 7 753
9 35 3 3 21 753
9 40 3 2 21 753
9 42 3 1 2 753
9 43 3 3 14 753
9 44 3 2 19 753
9 47 3 1 7 753
9 48 3 2 17 753
9 51 3 3 4 753
9 55 3 1 16 753
9 58 3 2 13 753
9 59 3 2 16 753
9 62 3 3 2 753
9 68 3 1 4 753
9 69 3 2 11 753
9 70 3 2 12 753
9 71 3 1 6 753
9 73 3 1 10 753
9 74 3 1 23 753
9 76 3 2 24 753
9 77 3 1 17 753
9 78 3 2 25 753
9 82 3 2 9 753
9 83 3 2 12 753
9 84 3 2 17 753
9 86 3 1 7 753
9 88 3 2 15 753
9 90 3 2 6 753
9 94 3 3 17 753
9 95 3 3 9 753
9 96 3 1 8 753
10 0 3 2 3 56
10 1 3 3 16 56
10 2 3 2 4 56
10 3 3 1 8 56
10 8 3 2 9 56
10 9 3 3 11 56
10 14 3 2 15 56
10 15 3 2 19 56
10 17 3 3 5 56
10 19 3 2 8 56
10 20 3 3 6 56
10 21 3 3 23 56
10 22 3 1 3 56
10 24 3 3 23 56
10 26 3 1 17 56
10 28 3 2 8 56
10 30 3 2 21 56
10 31 3 1 10 56
10 35 3 3 9 56
10 38 3 2 7 56
10 39 3 3 10 56
10 44 3 2 23 56
10 46 3 3 12 56
10 50 3 1 21 56
10 54 3 2 21 56
10 56 3 3 13 56
10 58 3 2 1 56
10 65 3 2 14 56
10 66 3 1 1 56
10 67 3 3 20 56
10 69 3 2 20 56
10 70 3 2 15 56
10 71 3 1 18 56
10 74 3 1 8 56
10 75 3 3 12 56
10 77 3 1 7 56
10 79 3 3 4 56
10 80 3 2 14 56
10 81 3 1 15 56
10 90 3 2 14 56
10 91 3 1 20 56
10 92 3 1 1 56
10 93 3 3 2 56
10 94 3 3 9 56
10 95 3 3 18 56
10 98 3 3 13 56
10 99 3 1 2 56
11 2 1 2 6 926
11 3 1 1 19 926
11 4 1 2 19 926
11 5 1 1 23 926
11 9 1 3 23 926
11 12 1 2 5 926
11 14 1 2 1 926
11 20 1 3 14 926
11 21 1 3 8 926
11 22 1 1 22 926
11 23 1 1 14 926
11 24 1 3 14 926
11 25 1 1 8 926
11 29 1 1 23 926
11 33 1 1 13 926
11 36 1 1 5 926
11 37 1 3 16 926
11 38 1 2 8 926
11 40 1 2 21 926
11 42 1 1 21 926
11 44 1 2 7 926
11 46 1 3 5 926
11 48 1 2 14 926
11 49 1 3 19 926
11 52 1 1 16 926
11 55 1 1 16 926
11 57 1 2 23 926
11 61 1 3 15 926
11 63 1 3 1 926
11 66 1 1 23 926
11 67 1 3 16 926
11 69 1 2 4 926
11 70 1 2 19 926
11 71 1 1 6 926
11 72 1 3 3 926
11 73 1 1 3 926
11 74 1 1 16 926
11 81 1 1 1 926
11 82 1 2 21 926
11 83 1 2 1 926
11 84 1 2 16 926
11 88 1 2 2 926
11 90 1 2 16 926
11 92 1 1 7 926
11 97 1 1 1 926
11 99 1 1 23 926
12 1 2 3 20 77
12 5 2 1 2 77
12 6 2 1 2 77
12 7 2 3 16 77
12 9 2 3 23 77
12 11 2 1 5 77
12 13 2 1 20 77
12 17 2 3 13 77
12 20 2 3 10 77
12 21 2 3 23 77
12 22 2 1 18 77
12 23 2 1 12 77
12 24 2 3 5 77
12 26 2 1 24 77
12 29 2 1 1 77
12 33 2 1 2 77
12 36 2 1 12 77
12 37 2 3 8 77
12 39 2 3 4 77
12 41 2 1 15 77
12 43 2 3 21 77
12 44 2 2 14 77
12 45 2 2 15 77
12 46 2 3 19 77
12 47 2 1 6 77
12 48 2 2 4 77
12 50 2 1 13 77
12 51 2 3 11 77
12 53 2 3 20 77
12 56 2 3 10 77
12 57 2 2 19 77
12 60 2 1 15 77
12 61 2 3 21 77
12 63 2 3 9 77
12 65 2 2 16 77
12 66 2 1 13 77
12 67 2 3 23 77
12 69 2 2 3 77
12 71 2 1 24 77
12 72 2 3 17 77
12 77 2 1 2 77
12 83 2 2 17 77
12 85 2 2 13 77
12 87 2 1 24 77
12 88 2 2 2 77
12 90 2 2 9 77
12 93 2 3 18 77
12 97 2 1 3 77
12 99 2 1 2 77
13 0 1 2 20 427
13 4 1 2 17 427
13 6 1 1 4 427
13 7 1 3 2 427
13 8 1 2 9 427
13 9 1 3 15 427
13 12 1 2 20 427
13 14 1 2 3 427
13 17 1 3 1 427
13 19 1 2 2 427
13 20 1 3 19 427
13 23 1 1 19 427
13 24 1 3 9 427
13 28 1 2 2 427
13 29 1 1 25 427
13 30 1 2 10 427
13 31 1 1 18 427
13 32 1 1 9 427
13 33 1 1 25 427
13 36 1 1 7 427
13 37 1 3 18 427
13 40 1 2 13 427
13 43 1 3 3 427
13 49 1 3 13 427
13 50 1 1 21 427
13 51 1 3 15 427
13 52 1 1 22 427
13 53 1 3 15 427
13 54 1 2 18 427
13 57 1 2 25 427
13 62 1 3 2 427
13 67 1 3 2 427
13 68 1 1 24 427
13 69 1 2 14 427
13 70 1 2 21 427
13 72 1 3 18 427
13 76 1 2 8 427
13 77 1 1 22 427
13 79 1 3 23 427
13 81 1 1 13 427
13 84 1 2 16 427
13 85 1 2 6 427
13 86 1 1 9 427
13 91 1 1 6 427
13 93 1 3 9 427
13 94 1 3 24 427
13 97 1 1 25 427
14 2 2 2 22 158
14 3 2 1 7 158
14 6 2 1 9 158
14 7 2 3 3 158
14 9 2 3 13 158
14 10 2 3 15 158
14 11 2 1 1 158
14 13 2 1 3 158
14 15 2 2 25 158
14 17 2 3 22 158
14 20 2 3 8 158
14 23 2 1 15 158
14 24 2 3 3 158
14 26 2 1 14 158
14 28 2 2 15 158
14 29 2 1 24 158
14 31 2 1 11 158
14 36 2 1 23 158
14 38 2 2 22 158
14 45 2 2 21 158
14 47 2 1 7 158
14 50 2 1 5 158
14 53 2 3 15 158
14 57 2 2 7 158
14 59 2 2 22 158
14 60 2 1 1 158
14 61 2 3 15 158
14 62 2 3 17 158
14 63 2 3 19 158
14 65 2 2 2 158
14 66 2 1 18 158
14 67 2 3 1 158
14 69 2 2 2 158
14 71 2 1 22 158
14 73 2 1 10 158
14 77 2 1 1 158
14 78 2 2 7 158
14 79 2 3 11 158
14 81 2 1 11 158
14 82 2 2 8 158
14 83 2 2 25 158
14 86 2 1 18 158
14 87 2 1 20 158
14 88 2 2 2 158
14 89 2 3 9 158
14 94 2 3 24 158
14 96 2 1 6 158
15 1 2 3 21 349
15 2 2 2 16 349
15 3 2 1 19 349
15 4 2 2 23 349
15 10 2 3 19 349
15 14 2 2 25 349
15 17 2 3 5 349
15 18 2 3 5 349
15 21 2 3 7 349
15 23 2 1 22 349
15 26 2 1 21 349
15 27 2 2 23 349
15 28 2 2 6 349
15 29 2 1 10 349
15 33 2 1 17 349
15 34 2 1 19 349
15 36 2 1 1 349
15 40 2 2 13 349
15 41 2 1 14 349
15 46 2 3 18 349
15 48 2 2 2 349
15 53 2 3 12 349
15 54 2 2 17 349
15 55 2 1 23 349
15 57 2 2 12 349
15 59 2 2 6 349
15 61 2 3 15 349
15 63 2 3 21 349
15 66 2 1 20 349
15 69 2 2 25 349
15 70 2 2 5 349
15 77 2 1 18 349
15 78 2 2 12 349
15 79 2 3 21 349
15 81 2 1 5 349
15 85 2 2 22 349
15 86 2 1 6 349
15 88 2 2 22 349
15 89 2 3 14 349
15 90 2 2 7 349
15 91 2 1 9 349
15 92 2 1 8 349
15 93 2 3 17 349
15 99 2 1 6 349
16 1 1 3 13 354
16 2 1 2 8 354
16 4 1 2 17 354
16 5 1 1 8 354
16 17 1 3 6 354
16 20 1 3 12 354
16 21 1 3 23 354
16 22 1 1 23 354
16 25 1 1 3 354
16 26 1 1 12 354
16 29 1 1 8 354
16 31 1 1 6 354
16 32 1 1 3 354
16 36 1 1 20 354
16 37 1 3 2 354
16 38 1 2 14 354
16 40 1 2 15 354
16 41 1 1 9 354
16 43 1 3 12 354
16 44 1 2 21 354
16 47 1 1 8 354
16 50 1 1 15 354
16 52 1 1 16 354
16 54 1 2 3 354
16 57 1 2 24 354
16 60 1 1 4 354
16 61 1 3 22 354
16 62 1 3 13 354
16 66 1 1 16 354
16 71 1 1 14 354
16 73 1 1 4 354
16 78 1 2 3 354
16 79 1 3 2 354
16 80 1 2 8 354
16 82 1 2 12 354
16 84 1 2 17 354
16 85 1 2 21 354
16 87 1 1 14 354
16 88 1 2 3 354
16 91 1 1 11 354
16 92 1 1 22 354
16 93 1 3 24 354
16 94 1 3 22 354
16 96 1 1 14 354
16 98 1 3 20 354
17 0 3 2 19 534
17 1 3 3 3 534
17 4 3 2 5 534
17 5 3 1 4 534
17 6 3 1 11 534
17 7 3 3 19 534
17 8 3 2 12 534
17 10 3 3 5 534
17 12 3 2 13 534
17 13 3 1 1 534
17 14 3 2 22 534
17 15 3 2 5 534
17 16 3 1 6 534
17 18 3 3 16 534
17 21 3 3 17 534
17 24 3 3 8 534
17 25 3 1 9 534
17 27 3 2 6 534
17 31 3 1 17 534
17 32 3 1 1 534
17 34 3 1 1 534
17 35 3 3 21 534
17 36 3 1 6 534
17 39 3 3 21 534
17 40 3 2 9 534
17 44 3 2 10 534
17 45 3 2 18 534
17 46 3 3 3 534
17 48 3 2 2 534
17 49 3 3 25 534
17 51 3 3 5 534
17 52 3 1 9 534
17 53 3 3 6 534
17 54 3 2 5 534
17 56 3 3 7 534
17 57 3 2 17 534
17 58 3 2 14 534
17 59 3 2 24 534
17 60 3 1 10 534
17 61 3 3 20 534
17 62 3 3 9 534
17 64 3 3 14 534
17 69 3 2 22 534
17 70 3 2 20 534
17 71 3 1 5 534
17 73 3 1 22 534
17 76 3 2 19 534
17 77 3 1 15 534
17 79 3 3 25 534
17 81 3 1 2 534
17 83 3 2 11 534
17 84 3 2 13 534
17 87 3 1 19 534
17 88 3 2 25 534
17 91 3 1 20 534
17 92 3 1 25 534
17 94 3 3 22 534
17 95 3 3 14 534
17 97 3 1 8 534
17 98 3 3 19 534
17 99 3 1 20 534
18 0 3 2 7 768
18 2 3 2 10 768
18 6 3 1 13 768
18 7 3 3 13 768
18 9 3 3 17 768
18 15 3 2 5 768
18 17 3 3 16 768
18 19 3 2 6 768
18 20 3 3 20 768
18 22 3 1 5 768
18 23 3 1 16 768
18 24 3 3 23 768
18 25 3 1 4 768
18 26 3 1 7 768
18 27 3 2 20 768
18 28 3 2 12 768
18 35 3 3 12 768
18 38 3 2 2 768
18 39 3 3 2 768
18 40 3 2 21 768
18 41 3 1 11 768
18 42 3 1 17 768
18 43 3 3 5 768
18 44 3 2 19 768
18 46 3 3 24 768
18 48 3 2 16 768
18 49 3 3 2 768
18 52 3 1 24 768
18 53 3 3 12 768
18 57 3 2 15 768
18 58 3 2 17 768
18 61 3 3 6 768
18 62 3 3 10 768
18 65 3 2 6 768
18 67 3 3 5 768
18 71 3 1 4 768
18 73 3 1 9 768
18 74 3 1 3 768
18 75 3 3 17 768
18 80 3 2 25 768
18 84 3 2 18 768
18 86 3 1 20 768
18 88 3 2 14 768
18 91 3 1 22 768
18 92 3 1 24 768
18 93 3 3 19 768
18 94 3 3 25 768
18 96 3 1 8 768
18 97 3 1 12 768
18 98 3 3 1 768
19 1 2 3 18 987
19 2 2 2 16 987
19 3 2 1 5 987
19 4 2 2 11 987
19 7 2 3 3 987
19 9 2 3 18 987
19 10 2 3 8 987
19 13 2 1 2 987
19 18 2 3 6 987
19 22 2 1 13 987
19 23 2 1 1 987
19 26 2 1 4 987
19 27 2 2 21 987
19 29 2 1 22 987
19 31 2 1 1 987
19 32 2 1 4 987
19 33 2 1 21 987
19 34 2 1 15 987
19 36 2 1 13 987
19 37 2 3 7 987
19 40 2 2 24 987
19 45 2 2 17 987
19 52 2 1 23 987
19 54 2 2 9 987
19 55 2 1 24 987
19 56 2 3 11 987
19 60 2 1 22 987
19 63 2 3 4 987
19 64 2 3 13 987
19 65 2 2 20 987
19 67 2 3 5 987
19 68 2 1 5 987
19 70 2 2 20 987
19 71 2 1 21 987
19 72 2 3 12 987
19 73 2 1 23 987
19 76 2 2 23 987
19 77 2 1 24 987
19 78 2 2 1 987
19 80 2 2 17 987
19 82 2 2 19 987
19 85 2 2 7 987
19 87 2 1 19 987
19 89 2 3 13 987
19 91 2 1 3 987
19 93 2 3 25 987
19 94 2 3 7 987
19 96 2 1 16 987
19 99 2 1 2 987
20 1 3 3 2 911
20 2 3 2 15 911
20 5 3 1 20 911
20 6 3 1 24 911
20 7 3 3 13 911
20 8 3 2 23 911
20 9 3 3 25 911
20 10 3 3 6 911
20 11 3 1 14 911
20 12 3 2 10 911
20 13 3 1 19 911
20 14 3 2 8 911
20 16 3 1 12 911
20 18 3 3 20 911
20 21 3 3 19 911
20 23 3 1 22 911
20 24 3 3 5 911
20 25 3 1 1 911
20 29 3 1 23 911
20 30 3 2 5 911
20 31 3 1 1 911
20 35 3 3 7 911
20 37 3 3 15 911
20 38 3 2 21 911
20 39 3 3 21 911
20 40 3 2 25 911
20 41 3 1 24 911
20 42 3 1 14 911
20 43 3 3 11 911
20 46 3 3 15 911
20 47 3 1 6 911
20 53 3 3 20 911
20 54 3 2 7 911
20 55 3 1 16 911
20 56 3 3 14 911
20 58 3 2 18 911
20 60 3 1 20 911
20 61 3 3 6 911
20 62 3 3 16 911
20 64 3 3 14 911
20 65 3 2 23 911
20 67 3 3 21 911
20 71 3 1 14 911
20 72 3 3 15 911
20 75 3 3 25 911
20 77 3 1 22 911
20 78 3 2 8 911
20 79 3 3 14 911
20 81 3 1 20 911
20 83 3 2 18 911
20 85 3 2 19 911
20 86 3 1 7 911
20 87 3 1 20 911
20 89 3 3 25 911
20 91 3 1 20 911
20 92 3 1 2 911
20 99 3 1 19 911
21 2 3 2 25 155
21 3 3 1 9 155
21 4 3 2 19 155
21 6 3 1 22 155
21 7 3 3 11 155
21 8 3 2 9 155
21 10 3 3 23 155
21 11 3 1 8 155
21 12 3 2 23 155
21 15 3 2 7 155
21 16 3 1 23 155
21 17 3 3 17 155
21 20 3 3 19 155
21 23 3 1 13 155
21 28 3 2 25 155
21 31 3 1 15 155
21 32 3 1 14 155
21 35 3 3 2 155
21 39 3 3 24 155
21 40 3 2 18 155
21 41 3 1 15 155
21 43 3 3 11 155
21 45 3 2 3 155
21 46 3 3 19 155
21 47 3 1 3 155
21 50 3 1 3 155
21 51 3 3 17 155
21 52 3 1 17 155
21 53 3 3 11 155
21 54 3 2 1 155
21 55 3 1 15 155
21 57 3 2 8 155
21 58 3 2 3 155
21 59 3 2 5 155
21 61 3 3 19 155
21 64 3 3 25 155
21 67 3 3 15 155
21 69 3 2 16 155
21 71 3 1 2 155
21 77 3 1 13 155
21 79 3 3 20 155
21 82 3 2 8 155
21 83 3 2 17 155
21 85 3 2 12 155
21 86 3 1 2 155
21 90 3 2 16 155
21 91 3 1 2 155
21 92 3 1 6 155
21 94 3 3 10 155
21 97 3 1 14 155
22 0 1 2 24 965
22 2 1 2 17 965
22 3 1 1 23 965
22 4 1 2 11 965
22 5 1 1 15 965
22 6 1 1 12 965
22 8 1 2 7 965
22 10 1 3 3 965
22 11 1 1 22 965
22 12 1 2 18 965
22 16 1 1 23 965
22 18 1 3 5 965
22 19 1 2 13 965
22 24 1 3 18 965
22 25 1 1 10 965
22 28 1 2 22 965
22 29 1 1 25 965
22 31 1 1 4 965
22 32 1 1 10 965
22 33 1 1 5 965
22 36 1 1 19 965
22 37 1 3 13 965
22 42 1 1 2 965
22 48 1 2 16 965
22 51 1 3 14 965
22 52 1 1 12 965
22 56 1 3 23 965
22 58 1 2 20 965
22 59 1 2 16 965
22 60 1 1 3 965
22 61 1 3 18 965
22 62 1 3 21 965
22 63 1 3 22 965
22 64 1 3 16 965
22 65 1 2 22 965
22 67 1 3 11 965
22 72 1 3 5 965
22 73 1 1 19 965
22 74 1 1 3 965
22 76 1 2 23 965
22 79 1 3 24 965
22 81 1 1 15 965
22 84 1 2 9 965
22 86 1 1 18 965
22 87 1 1 14 965
22 88 1 2 25 965
22 90 1 2 24 965
22 92 1 1 23 965
22 93 1 3 24 965
22 95 1 3 2 965
22 97 1 1 19 965
22 98 1 3 21 965
23 0 1 2 10 266
23 1 1 3 8 266
23 2 1 2 17 266
23 4 1 2 4 266
23 6 1 1 12 266
23 11 1 1 14 266
23 12 1 2 12 266
23 13 1 1 19 266
23 14 1 2 15 266
23 15 1 2 22 266
23 18 1 3 16 266
23 19 1 2 1 266
23 20 1 3 22 266
23 21 1 3 13 266
23 24 1 3 23 266
23 26 1 1 8 266
23 28 1 2 24 266
23 33 1 1 25 266
23 35 1 3 2 266
23 37 1 3 2 266
23 41 1 1 25 266
23 43 1 3 14 266
23 48 1 2 2 266
23 50 1 1 24 266
23 54 1 2 25 266
23 57 1 2 19 266
23 59 1 2 11 266
23 63 1 3 20 266
23 64 1 3 1 266
23 65 1 2 16 266
23 66 1 1 25 266
23 67 1 3 4 266
23 68 1 1 10 266
23 69 1 2 9 266
23 71 1 1 23 266
23 72 1 3 22 266
23 73 1 1 18 266
23 74 1 1 14 266
23 75 1 3 11 266
23 77 1 1 12 266
23 78 1 2 16 266
23 79 1 3 20 266
23 80 1 2 22 266
23 81 1 1 22 266
23 82 1 2 5 266
23 83 1 2 15 266
23 84 1 2 25 266
23 86 1 1 16 266
23 90 1 2 17 266
23 93 1 3 8 266
23 96 1 1 15 266
23 97 1 1 18 266
24 0 3 2 4 264
24 3 3 1 24 264
24 4 3 2 7 264
24 5 3 1 23 264
24 6 3 1 15 264
24 7 3 3 16 264
24 8 3 2 8 264
24 9 3 3 14 264
24 10 3 3 23 264
24 11 3 1 14 264
24 12 3 2 5 264
24 13 3 1 9 264
24 14 3 2 3 264
24 17 3 3 8 264
24 18 3 3 23 264
24 20 3 3 5 264
24 22 3 1 18 264
24 23 3 1 23 264
24 31 3 1 2 264
24 33 3 1 8 264
24 34 3 1 14 264
24 37 3 3 16 264
24 39 3 3 8 264
24 40 3 2 9 264
24 42 3 1 15 264
24 45 3 2 6 264
24 47 3 1 10 264
24 50 3 1 9 264
24 55 3 1 4 264
24 56 3 3 3 264
24 60 3 1 18 264
24 61 3 3 17 264
24 62 3 3 15 264
24 65 3 2 11 264
24 66 3 1 23 264
24 67 3 3 20 264
24 69 3 2 20 264
24 72 3 3 4 264
24 74 3 1 25 264
24 75 3 3 7 264
24 76 3 2 25 264
24 77 3 1 10 264
24 83 3 2 10 264
24 85 3 2 17 264
24 89 3 3 3 264
24 90 3 2 10 264
24 91 3 1 7 264
24 92 3 1 10 264
24 93 3 3 10 264
24 97 3 1 18 264
24 99 3 1 4 264
25 0 1 2 22 881
25 2 1 2 1 881
25 3 1 1 2 881
25 7 1 3 4 881
25 8 1 2 20 881
25 11 1 1 8 881
25 16 1 1 3 881
25 17 1 3 9 881
25 18 1 3 4 881
25 20 1 3 1 881
25 22 1 1 10 881
25 28 1 2 7 881
25 29 1 1 15 881
25 32 1 1 6 881
25 33 1 1 4 881
25 34 1 1 20 881
25 38 1 2 1 881
25 42 1 1 13 881
25 45 1 2 20 881
25 48 1 2 16 881
25 51 1 3 3 881
25 54 1 2 5 881
25 55 1 1 6 881
25 59 1 2 19 881
25 61 1 3 10 881
25 62 1 3 13 881
25 64 1 3 1 881
25 66 1 1 6 881
25 67 1 3 11 881
25 68 1 1 16 881
25 72 1 3 17 881
25 75 1 3 7 881
25 79 1 3 4 881
25 80 1 2 9 881
25 82 1 2 18 881
25 83 1 2 16 881
25 89 1 3 21 881
25 92 1 1 9 881
25 95 1 3 5 881
25 96 1 1 9 881
25 99 1 1 13 881
26 0 1 2 8 162
26 1 1 3 10 162
26 2 1 2 11 162
26 3 1 1 17 162
26 7 1 3 5 162
26 9 1 3 11 162
26 10 1 3 17 162
26 12 1 2 24 162
26 14 1 2 14 162
26 15 1 2 21 162
26 16 1 1 12 162
26 18 1 3 7 162
26 19 1 2 4 162
26 23 1 1 8 162
26 27 1 2 6 162
26 28 1 2 24 162
26 38 1 2 8 162
26 39 1 3 23 162
26 41 1 1 25 162
26 42 1 1 14 162
26 43 1 3 19 162
26 45 1 2 18 162
26 46 1 3 16 162
26 47 1 1 24 162
26 50 1 1 15 162
26 51 1 3 11 162
26 52 1 1 17 162
26 56 1 3 21 162
26 57 1 2 10 162
26 59 1 2 21 162
26 62 1 3 10 162
26 64 1 3 13 162
26 65 1 2 3 162
26 68 1 1 4 162
26 70 1 2 20 162
26 71 1 1 15 162
26 72 1 3 25 162
26 76 1 2 9 162
26 80 1 2 22 162
26 81 1 1 3 162
26 87 1 1 1 162
26 88 1 2 12 162
26 91 1 1 15 162
26 93 1 3 20 162
26 95 1 3 7 162
26 97 1 1 6 162
26 99 1 1 1 162
27 0 2 2 1 515
27 1 2 3 1 515
27 2 2 2 1 515
27 3 2 1 3 515
27 4 2 2 8 515
27 7 2 3 13 515
27 8 2 2 22 515
27 9 2 3 13 515
27 15 2 2 23 515
27 17 2 3 6 515
27 18 2 3 20 515
27 19 2 2 21 515
27 26 2 1 6 515
27 28 2 2 2 515
27 30 2 2 19 515
27 31 2 1 10 515
27 32 2 1 3 515
27 38 2 2 9 515
27 39 2 3 5 515
27 40 2 2 15 515
27 41 2 1 20 515
27 43 2 3 11 515
27 45 2 2 16 515
27 46 2 3 16 515
27 47 2 1 24 515
27 48 2 2 24 515
27 49 2 3 15 515
27 52 2 1 8 515
27 53 2 3 24 515
27 54 2 2 14 515
27 56 2 3 14 515
27 61 2 3 9 515
27 64 2 3 12 515
27 66 2 1 6 515
27 71 2 1 23 515
27 72 2 3 10 515
27 76 2 2 18 515
27 77 2 1 7 515
27 79 2 3 1 515
27 87 2 1 21 515
27 88 2 2 24 515
27 89 2 3 20 515
27 91 2 1 1 515
27 92 2 1 11 515
27 93 2 3 8 515
27 95 2 3 21 515
27 97 2 1 5 515
27 98 2 3 18 515
28 0 2 2 21 260
28 1 2 3 14 260
28 8 2 2 2 260
28 9 2 3 20 260
28 10 2 3 8 260
28 13 2 1 2 260
28 14 2 2 15 260
28 15 2 2 6 260
28 18 2 3 12 260
28 21 2 3 25 260
28 22 2 1 22 260
28 23 2 1 24 260
28 25 2 1 7 260
28 26 2 1 24 260
28 27 2 2 2 260
28 29 2 1 7 260
28 32 2 1 24 260
28 37 2 3 11 260
28 38 2 2 11 260
28 41 2 1 20 260
28 42 2 1 21 260
28 46 2 3 9 260
28 47 2 1 21 260
28 48 2 2 8 260
28 49 2 3 7 260
28 50 2 1 18 260
28 51 2 3 22 260
28 55 2 1 8 260
28 56 2 3 24 260
28 60 2 1 5 260
28 62 2 3 2 260
28 63 2 3 19 260
28 66 2 1 12 260
28 70 2 2 9 260
28 71 2 1 19 260
28 77 2 1 7 260
28 79 2 3 1 260
28 85 2 2 14 260
28 86 2 1 2 260
28 92 2 1 25 260
28 93 2 3 19 260
28 95 2 3 3 260
28 97 2 1 10 260
29 0 1 2 13 739
29 3 1 1 11 739
29 4 1 2 6 739
29 6 1 1 3 739
29 7 1 3 12 739
29 8 1 2 10 739
29 9 1 3 5 739
29 11 1 1 23 739
29 12 1 2 1 739
29 13 1 1 25 739
29 14 1 2 24 739
29 15 1 2 10 739
29 16 1 1 8 739
29 19 1 2 22 739
29 20 1 3 23 739
29 22 1 1 25 739
29 25 1 1 15 739
29 28 1 2 7 739
29 32 1 1 7 739
29 34 1 1 7 739
29 39 1 3 18 739
29 40 1 2 15 739
29 42 1 1 17 739
29 43 1 3 2 739
29 44 1 2 2 739
29 46 1 3 4 739
29 48 1 2 25 739
29 51 1 3 4 739
29 52 1 1 2 739
29 53 1 3 11 739
29 55 1 1 12 739
29 58 1 2 13 739
29 59 1 2 9 739
29 60 1 1 24 739
29 61 1 3 17 739
29 63 1 3 15 739
29 65 1 2 7 739
29 66 1 1 9 739
29 68 1 1 15 739
29 71 1 1 21 739
29 75 1 3 25 739
29 78 1 2 18 739
29 81 1 1 13 739
29 82 1 2 8 739
29 83 1 2 18 739
29 86 1 1 11 739
29 87 1 1 11 739
29 88 1 2 12 739
29 89 1 3 4 739
29 92 1 1 22 739
29 94 1 3 4 739
29 95 1 3 2 739
29 96 1 1 15 739
30 0 2 2 14 230
30 1 2 3 1 230
30 2 2 2 15 230
30 5 2 1 8 230
30 7 2 3 18 230
30 9 2 3 15 230
30 10 2 3 21 230
30 13 2 1 10 230
30 20 2 3 5 230
30 27 2 2 19 230
30 31 2 1 3 230
30 32 2 1 5 230
30 35 2 3 13 230
30 38 2 2 1 230
30 40 2 2 10 230
30 41 2 1 7 230
30 43 2 3 11 230
30 44 2 2 10 230
30 46 2 3 17 230
30 50 2 1 20 230
30 51 2 3 10 230
30 52 2 1 15 230
30 53 2 3 23 230
30 54 2 2 14 230
30 56 2 3 13 230
30 58 2 2 5 230
30 60 2 1 13 230
30 62 2 3 11 230
30 63 2 3 15 230
30 66 2 1 2 230
30 67 2 3 25 230
30 68 2 1 18 230
30 70 2 2 19 230
30 71 2 1 18 230
30 72 2 3 14 230
30 77 2 1 15 230
30 78 2 2 4 230
30 84 2 2 8 230
30 86 2 1 2 230
30 93 2 3 20 230
30 96 2 1 9 230
30 98 2 3 13 230
30 99 2 1 12 230
31 0 1 2 3 148
31 1 1 3 25 148
31 3 1 1 23 148
31 6 1 1 8 148
31 7 1 3 25 148
31 10 1 3 10 148
31 13 1 1 18 148
31 14 1 2 11 148
31 16 1 1 6 148
31 17 1 3 17 148
31 19 1 2 1 148
31 20 1 3 1 148
31 21 1 3 15 148
31 22 1 1 4 148
31 24 1 3 2 148
31 27 1 2 10 148
31 30 1 2 3 148
31 34 1 1 2 148
31 35 1 3 9 148
31 36 1 1 21 148
31 37 1 3 15 148
31 40 1 2 18 148
31 46 1 3 4 148
31 48 1 2 7 148
31 49 1 3 7 148
31 51 1 3 21 148
31 55 1 1 17 148
31 56 1 3 25 148
31 60 1 1 9 148
31 62 1 3 16 148
31 63 1 3 2 148
31 64 1 3 1 148
31 65 1 2 16 148
31 66 1 1 18 148
31 67 1 3 9 148
31 70 1 2 6 148
31 74 1 1 16 148
31 75 1 3 21 148
31 76 1 2 24 148
31 77 1 1 24 148
31 78 1 2 9 148
31 79 1 3 24 148
31 80 1 2 3 148
31 81 1 1 7 148
31 82 1 2 4 148
31 84 1 2 13 148
31 87 1 1 25 148
31 93 1 3 1 148
31 95 1 3 12 148
31 96 1 1 2 148
31 97 1 1 5 148
31 98 1 3 23 148
31 99 1 1 11 148
32 0 1 2 14 496
32 3 1 1 13 496
32 4 1 2 8 496
32 5 1 1 7 496
32 6 1 1 9 496
32 8 1 2 3 496
32 13 1 1 9 496
32 16 1 1 3 496
32 17 1 3 1 496
32 19 1 2 4 496
32 21 1 3 14 496
32 22 1 1 10 496
32 25 1 1 6 496
32 27 1 2 3 496
32 28 1 2 24 496
32 29 1 1 7 496
32 30 1 2 5 496
32 33 1 1 12 496
32 34 1 1 25 496
32 36 1 1 20 496
32 37 1 3 25 496
32 39 1 3 13 496
32 44 1 2 13 496
32 45 1 2 15 496
32 48 1 2 13 496
32 51 1 3 5 496
32 52 1 1 6 496
32 54 1 2 9 496
32 55 1 1 12 496
32 58 1 2 10 496
32 59 1 2 24 496
32 61 1 3 6 496
32 62 1 3 5 496
32 63 1 3 14 496
32 67 1 3 15 496
32 69 1 2 16 496
32 70 1 2 5 496
32 73 1 1 23 496
32 74 1 1 7 496
32 75 1 3 17 496
32 76 1 2 13 496
32 77 1 1 21 496
32 80 1 2 25 496
32 81 1 1 3 496
32 82 1 2 12 496
32 83 1 2 2 496
32 86 1 1 19 496
32 88 1 2 4 496
32 89 1 3 19 496
32 91 1 1 25 496
32 95 1 3 25 496
32 97 1 1 14 496
32 98 1 3 24 496
32 99 1 1 3 496
33 1 1 3 16 472
33 2 1 2 8 472
33 3 1 1 24 472
33 4 1 2 20 472
33 6 1 1 14 472
33 8 1 2 1 472
33 11 1 1 13 472
33 12 1 2 2 472
33 13 1 1 25 472
33 15 1 2 17 472
33 19 1 2 21 472
33 22 1 1 5 472
33 23 1 1 25 472
33 24 1 3 8 472
33 25 1 1 4 472
33 32 1 1 12 472
33 34 1 1 17 472
33 35 1 3 15 472
33 36 1 1 2 472
33 37 1 3 3 472
33 38 1 2 23 472
33 41 1 1 19 472
33 42 1 1 19 472
33 45 1 2 1 472
33 48 1 2 11 472
33 49 1 3 1 472
33 50 1 1 9 472
33 54 1 2 9 472
33 55 1 1 6 472
33 58 1 2 14 472
33 63 1 3 7 472
33 64 1 3 7 472
33 67 1 3 2 472
33 68 1 1 6 472
33 69 1 2 18 472
33 72 1 3 1 472
33 75 1 3 8 472
33 76 1 2 24 472
33 78 1 2 6 472
33 80 1 2 8 472
33 81 1 1 19 472
33 82 1 2 22 472
33 83 1 2 9 472
33 84 1 2 7 472
33 85 1 2 24 472
33 87 1 1 25 472
33 88 1 2 18 472
33 89 1 3 20 472
33 90 1 2 1 472
33 92 1 1 6 472
33 93 1 3 13 472
33 94 1 3 19 472
33 95 1 3 23 472
33 99 1 1 7 472
34 0 1 2 6 141
34 1 1 3 6 141
34 5 1 1 24 141
34 6 1 1 5 141
34 7 1 3 15 141
34 9 1 3 7 141
34 15 1 2 19 141
34 17 1 3 1 141
34 19 1 2 15 141
34 24 1 3 14 141
34 25 1 1 20 141
34 29 1 1 7 141
34 31 1 1 2 141
34 32 1 1 25 141
34 33 1 1 17 141
34 37 1 3 25 141
34 39 1 3 15 141
34 40 1 2 14 141
34 41 1 1 6 141
34 42 1 1 15 141
34 43 1 3 20 141
34 45 1 2 21 141
34 46 1 3 6 141
34 49 1 3 24 141
34 50 1 1 21 141
34 51 1 3 20 141
34 52 1 1 2 141
34 56 1 3 11 141
34 60 1 1 6 141
34 61 1 3 8 141
34 66 1 1 18 141
34 69 1 2 7 141
34 70 1 2 15 141
34 72 1 3 17 141
34 74 1 1 1 141
34 82 1 2 24 141
34 83 1 2 24 141
34 88 1 2 20 141
34 89 1 3 4 141
34 91 1 1 25 141
34 93 1 3 6 141
34 94 1 3 23 141
34 96 1 1 5 141
34 97 1 1 23 141
34 98 1 3 22 141
35 2 3 2 7 494
35 6 3 1 20 494
35 9 3 3 21 494
35 10 3 3 9 494
35 17 3 3 21 494
35 18 3 3 12 494
35 20 3 3 7 494
35 21 3 3 2 494
35 23 3 1 2 494
35 30 3 2 13 494
35 31 3 1 9 494
35 33 3 1 15 494
35 36 3 1 23 494
35 37 3 3 9 494
35 38 3 2 22 494
35 41 3 1 2 494
35 42 3 1 15 494
35 44 3 2 22 494
35 45 3 2 24 494
35 46 3 3 12 494
35 47 3 1 4 494
35 49 3 3 1 494
35 51 3 3 5 494
35 53 3 3 25 494
35 58 3 2 8 494
35 59 3 2 5 494
35 60 3 1 9 494
35 61 3 3 19 494
35 63 3 3 25 494
35 66 3 1 25 494
35 67 3 3 13 494
35 69 3 2 25 494
35 72 3 3 2 494
35 73 3 1 5 494
35 74 3 1 10 494
35 75 3 3 4 494
35 77 3 1 23 494
35 78 3 2 4 494
35 80 3 2 12 494
35 81 3 1 18 494
35 83 3 2 21 494
35 84 3 2 11 494
35 85 3 2 4 494
35 88 3 2 16 494
35 89 3 3 5 494
35 90 3 2 22 494
35 92 3 1 14 494
35 93 3 3 11 494
35 95 3 3 20 494
36 11 1 1 5 968
36 12 1 2 12 968
36 13 1 1 7 968
36 14 1 2 23 968
36 15 1 2 1 968
36 16 1 1 20 968
36 17 1 3 6 968
36 19 1 2 13 968
36 22 1 1 19 968
36 31 1 1 21 968
36 32 1 1 20 968
36 33 1 1 2 968
36 35 1 3 23 968
36 37 1 3 2 968
36 39 1 3 2 968
36 40 1 2 12 968
36 46 1 3 13 968
36 53 1 3 5 968
36 58 1 2 25 968
36 61 1 3 8 968
36 62 1 3 12 968
36 63 1 3 16 968
36 66 1 1 15 968
36 71 1 1 3 968
36 76 1 2 11 968
36 77 1 1 24 968
36 79 1 3 3 968
36 80 1 2 14 968
36 81 1 1 21 968
36 82 1 2 20 968
36 83 1 2 3 968
36 84 1 2 19 968
36 88 1 2 20 968
36 93 1 3 1 968
36 95 1 3 1 968
36 96 1 1 23 968
36 97 1 1 6 968
37 3 3 1 6 858
37 4 3 2 7 858
37 5 3 1 22 858
37 7 3 3 24 858
37 11 3 1 16 858
37 12 3 2 8 858
37 13 3 1 18 858
37 16 3 1 2 858
37 19 3 2 7 858
37 20 3 3 15 858
37 22 3 1 13 858
37 23 3 1 2 858
37 24 3 3 16 858
37 28 3 2 11 858
37 31 3 1 15 858
37 32 3 1 25 858
37 33 3 1 3 858
37 34 3 1 25 858
37 35 3 3 9 858
37 36 3 1 2 858
37 38 3 2 11 858
37 40 3 2 17 858
37 43 3 3 2 858
37 45 3 2 24 858
37 48 3 2 24 858
37 49 3 3 5 858
37 50 3 1 1 858
37 51 3 3 6 858
37 52 3 1 19 858
37 53 3 3 19 858
37 54 3 2 3 858
37 56 3 3 14 858
37 57 3 2 24 858
37 58 3 2 24 858
37 61 3 3 21 858
37 64 3 3 6 858
37 65 3 2 19 858
37 68 3 1 10 858
37 69 3 2 5 858
37 73 3 1 2 858
37 74 3 1 3 858
37 75 3 3 14 858
37 77 3 1 25 858
37 83 3 2 11 858
37 84 3 2 12 858
37 87 3 1 14 858
37 88 3 2 25 858
37 89 3 3 12 858
37 90 3 2 22 858
37 91 3 1 18 858
37 92 3 1 14 858
37 93 3 3 5 858
37 95 3 3 15 858
38 3 2 1 16 357
38 4 2 2 14 357
38 7 2 3 21 357
38 10 2 3 7 357
38 11 2 1 8 357
38 14 2 2 22 357
38 16 2 1 14 357
38 18 2 3 2 357
38 20 2 3 21 357
38 25 2 1 1 357
38 26 2 1 8 357
38 27 2 2 9 357
38 28 2 2 11 357
38 30 2 2 1 357
38 33 2 1 23 357
38 35 2 3 22 357
38 37 2 3 11 357
38 39 2 3 25 357
38 40 2 2 13 357
38 42 2 1 3 357
38 44 2 2 11 357
38 46 2 3 1 357
38 47 2 1 15 357
38 51 2 3 18 357
38 52 2 1 16 357
38 53 2 3 3 357
38 55 2 1 14 357
38 58 2 2 5 357
38 60 2 1 19 357
38 62 2 3 4 357
38 65 2 2 15 357
38 66 2 1 23 357
38 67 2 3 24 357
38 69 2 2 7 357
38 70 2 2 18 357
38 71 2 1 14 357
38 72 2 3 12 357
38 73 2 1 18 357
38 74 2 1 20 357
38 75 2 3 21 357
38 78 2 2 19 357
38 79 2 3 19 357
38 83 2 2 20 357
38 84 2 2 13 357
38 85 2 2 16 357
38 88 2 2 16 357
38 91 2 1 18 357
38 93 2 3 9 357
38 95 2 3 18 357
38 96 2 1 1 357
38 98 2 3 22 357
38 99 2 1 6 357
39 0 3 2 23 291
39 7 3 3 18 291
39 8 3 2 20 291
39 10 3 3 10 291
39 12 3 2 4 291
39 17 3 3 21 291
39 18 3 3 2 291
39 20 3 3 21 291
39 21 3 3 24 291
39 24 3 3 8 291
39 26 3 1 23 291
39 27 3 2 5 291
39 29 3 1 18 291
39 32 3 1 13 291
39 34 3 1 15 291
39 36 3 1 2 291
39 38 3 2 25 291
39 40 3 2 4 291
39 41 3 1 4 291
39 42 3 1 7 291
39 44 3 2 4 291
39 45 3 2 3 291
39 49 3 3 17 291
39 50 3 1 15 291
39 57 3 2 13 291
39 58 3 2 9 291
39 59 3 2 13 291
39 62 3 3 22 291
39 64 3 3 11 291
39 65 3 2 16 291
39 73 3 1 24 291
39 75 3 3 22 291
39 79 3 3 12 291
39 81 3 1 23 291
39 82 3 2 16 291
39 87 3 1 7 291
39 88 3 2 12 291
39 89 3 3 20 291
39 90 3 2 19 291
39 91 3 1 21 291
39 93 3 3 3 291
39 94 3 3 16 291
39 95 3 3 4 291
39 97 3 1 11 291
39 98 3 3 1 291
39 99 3 1 14 291
40 1 2 3 19 51
40 2 2 2 14 51
40 3 2 1 24 51
40 5 2 1 9 51
40 7 2 3 17 51
40 8 2 2 1 51
40 9 2 3 21 51
40 11 2 1 21 51
40 13 2 1 13 51
40 15 2 2 13 51
40 16 2 1 15 51
40 17 2 3 9 51
40 18 2 3 21 51
40 19 2 2 24 51
40 20 2 3 25 51
40 21 2 3 18 51
40 24 2 3 9 51
40 27 2 2 15 51
40 29 2 1 15 51
40 30 2 2 10 51
40 31 2 1 18 51
40 34 2 1 14 51
40 36 2 1 12 51
40 37 2 3 17 51
40 38 2 2 13 51
40 39 2 3 4 51
40 43 2 3 20 51
40 44 2 2 21 51
40 46 2 3 13 51
40 49 2 3 15 51
40 50 2 1 23 51
40 51 2 3 23 51
40 54 2 2 21 51
40 58 2 2 14 51
40 62 2 3 3 51
40 65 2 2 8 51
40 68 2 1 11 51
40 73 2 1 24 51
40 74 2 1 4 51
40 75 2 3 3 51
40 76 2 2 5 51
40 79 2 3 5 51
40 81 2 1 22 51
40 83 2 2 18 51
40 84 2 2 22 51
40 85 2 2 11 51
40 86 2 1 23 51
40 88 2 2 13 51
40 89 2 3 7 51
40 92 2 1 1 51
40 93 2 3 7 51
40 95 2 3 10 51
40 98 2 3 13 51
41 0 1 2 4 105
41 1 1 3 19 105
41 3 1 1 22 105
41 4 1 2 14 105
41 7 1 3 13 105
41 12 1 2 15 105
41 15 1 2 14 105
41 16 1 1 9 105
41 18 1 3 11 105
41 20 1 3 24 105
41 21 1 3 15 105
41 23 1 1 25 105
41 26 1 1 25 105
41 27 1 2 20 105
41 28 1 2 20 105
41 30 1 2 7 105
41 33 1 1 19 105
41 34 1 1 6 105
41 35 1 3 2 105
41 39 1 3 4 105
41 42 1 1 11 105
41 43 1 3 7 105
41 45 1 2 25 105
41 47 1 1 19 105
41 50 1 1 12 105
41 51 1 3 2 105
41 52 1 1 22 105
41 53 1 3 22 105
41 54 1 2 17 105
41 55 1 1 17 105
41 58 1 2 22 105
41 59 1 2 13 105
41 60 1 1 21 105
41 63 1 3 5 105
41 64 1 3 12 105
41 66 1 1 15 105
41 67 1 3 9 105
41 68 1 1 11 105
41 69 1 2 19 105
41 72 1 3 3 105
41 74 1 1 20 105
41 75 1 3 5 105
41 76 1 2 19 105
41 81 1 1 9 105
41 84 1 2 24 105
41 85 1 2 1 105
41 86 1 1 13 105
41 88 1 2 12 105
41 89 1 3 5 105
41 96 1 1 12 105
41 98 1 3 22 105
41 99 1 1 12 105
42 0 1 2 21 893
42 1 1 3 17 893
42 2 1 2 4 893
42 6 1 1 2 893
42 7 1 3 1 893
42 8 1 2 23 893
42 9 1 3 2 893
42 11 1 1 21 893
42 18 1 3 17 893
42 20 1 3 14 893
42 22 1 1 2 893
42 24 1 3 15 893
42 25 1 1 13 893
42 26 1 1 14 893
42 28 1 2 21 893
42 29 1 1 17 893
42 33 1 1 19 893
42 34 1 1 15 893
42 35 1 3 15 893
42 38 1 2 3 893
42 39 1 3 7 893
42 41 1 1 11 893
42 46 1 3 14 893
42 47 1 1 10 893
42 53 1 3 6 893
42 57 1 2 15 893
42 58 1 2 6 893
42 59 1 2 4 893
42 60 1 1 22 893
42 62 1 3 1 893
42 63 1 3 21 893
42 64 1 3 22 893
42 65 1 2 23 893
42 67 1 3 21 893
42 69 1 2 23 893
42 74 1 1 6 893
42 75 1 3 10 893
42 76 1 2 13 893
42 79 1 3 19 893
42 80 1 2 23 893
42 82 1 2 21 893
42 83 1 2 20 893
42 84 1 2 24 893
42 86 1 1 8 893
42 88 1 2 4 893
42 90 1 2 8 893
42 91 1 1 7 893
42 92 1 1 4 893
42 94 1 3 10 893
42 96 1 1 8 893
42 97 1 1 4 893
42 98 1 3 1 893
42 99 1 1 25 893
43 0 3 2 21 772
43 2 3 2 8 772
43 3 3 1 23 772
43 5 3 1 11 772
43 8 3 2 15 772
43 9 3 3 14 772
43 12 3 2 21 772
43 13 3 1 3 772
43 16 3 1 12 772
43 18 3 3 5 772
43 20 3 3 11 772
43 21 3 3 11 772
43 23 3 1 14 772
43 26 3 1 19 772
43 27 3 2 11 772
43 29 3 1 2 772
43 30 3 2 11 772
43 34 3 1 20 772
43 37 3 3 2 772
43 40 3 2 20 772
43 41 3 1 7 772
43 46 3 3 18 772
43 47 3 1 6 772
43 51 3 3 18 772
43 52 3 1 7 772
43 54 3 2 5 772
43 57 3 2 20 772
43 58 3 2 16 772
43 60 3 1 5 772
43 62 3 3 22 772
43 63 3 3 23 772
43 65 3 2 19 772
43 66 3 1 16 772
43 67 3 3 23 772
43 70 3 2 24 772
43 71 3 1 2 772
43 74 3 1 7 772
43 75 3 3 7 772
43 76 3 2 17 772
43 77 3 1 12 772
43 80 3 2 8 772
43 82 3 2 14 772
43 83 3 2 12 772
43 84 3 2 20 772
43 85 3 2 8 772
43 87 3 1 14 772
43 88 3 2 12 772
43 90 3 2 10 772
43 91 3 1 22 772
43 92 3 1 5 772
43 93 3 3 11 772
43 94 3 3 2 772
43 95 3 3 10 772
43 99 3 1 12 772
44 0 2 2 17 217
44 4 2 2 22 217
44 5 2 1 9 217
44 8 2 2 12 217
44 9 2 3 19 217
44 10 2 3 23 217
44 11 2 1 7 217
44 12 2 2 14 217
44 16 2 1 21 217
44 17 2 3 10 217
44 18 2 3 19 217
44 29 2 1 2 217
44 30 2 2 10 217
44 32 2 1 13 217
44 35 2 3 22 217
44 38 2 2 11 217
44 39 2 3 4 217
44 40 2 2 21 217
44 48 2 2 17 217
44 50 2 1 9 217
44 52 2 1 21 217
44 55 2 1 3 217
44 58 2 2 6 217
44 60 2 1 7 217
44 61 2 3 13 217
44 63 2 3 19 217
44 65 2 2 5 217
44 66 2 1 3 217
44 71 2 1 16 217
44 78 2 2 16 217
44 80 2 2 2 217
44 86 2 1 4 217
44 87 2 1 6 217
44 89 2 3 20 217
44 90 2 2 19 217
44 91 2 1 15 217
44 94 2 3 19 217
44 95 2 3 6 217
44 96 2 1 23 217
44 97 2 1 24 217
44 98 2 3 3 217
44 99 2 1 5 217
45 1 2 3 19 836
45 5 2 1 24 836
45 6 2 1 1 836
45 7 2 3 20 836
45 8 2 2 10 836
45 12 2 2 15 836
45 14 2 2 21 836
45 17 2 3 18 836
45 19 2 2 17 836
45 21 2 3 3 836
45 24 2 3 6 836
45 25 2 1 20 836
45 26 2 1 18 836
45 27 2 2 16 836
45 32 2 1 15 836
45 33 2 1 1 836
45 34 2 1 21 836
45 35 2 3 24 836
45 37 2 3 24 836
45 39 2 3 3 836
45 41 2 1 25 836
45 46 2 3 9 836
45 47 2 1 22 836
45 48 2 2 7 836
45 49 2 3 16 836
45 52 2 1 12 836
45 55 2 1 23 836
45 56 2 3 21 836
45 60 2 1 5 836
45 63 2 3 7 836
45 69 2 2 7 836
45 71 2 1 19 836
45 76 2 2 9 836
45 78 2 2 14 836
45 82 2 2 11 836
45 83 2 2 8 836
45 87 2 1 16 836
45 89 2 3 17 836
45 90 2 2 7 836
45 91 2 1 8 836
45 93 2 3 15 836
45 94 2 3 7 836
45 99 2 1 3 836
46 0 3 2 20 598
46 1 3 3 15 598
46 2 3 2 4 598
46 3 3 1 14 598
46 4 3 2 23 598
46 6 3 1 9 598
46 10 3 3 12 598
46 11 3 1 5 598
46 12 3 2 19 598
46 15 3 2 18 598
46 17 3 3 3 598
46 18 3 3 24 598
46 20 3 3 15 598
46 21 3 3 19 598
46 26 3 1 16 598
46 27 3 2 16 598
46 28 3 2 9 598
46 29 3 1 4 598
46 30 3 2 17 598
46 31 3 1 4 598
46 34 3 1 6 598
46 35 3 3 12 598
46 36 3 1 13 598
46 38 3 2 1 598
46 40 3 2 13 598
46 42 3 1 14 598
46 43 3 3 18 598
46 45 3 2 9 598
46 47 3 1 12 598
46 48 3 2 9 598
46 49 3 3 11 598
46 51 3 3 10 598
46 52 3 1 13 598
46 53 3 3 17 598
46 55 3 1 4 598
46 58 3 2 16 598
46 61 3 3 21 598
46 62 3 3 21 598
46 63 3 3 6 598
46 64 3 3 4 598
46 65 3 2 11 598
46 66 3 1 3 598
46 67 3 3 9 598
46 69 3 2 2 598
46 72 3 3 4 598
46 74 3 1 22 598
46 75 3 3 6 598
46 76 3 2 13 598
46 77 3 1 17 598
46 79 3 3 22 598
46 81 3 1 23 598
46 83 3 2 1 598
46 85 3 2 2 598
46 86 3 1 13 598
46 89 3 3 6 598
46 90 3 2 10 598
46 92 3 1 20 598
46 93 3 3 19 598
46 94 3 3 8 598
46 95 3 3 18 598
46 97 3 1 9 598
46 98 3 3 9 598
47 0 1 2 10 558
47 1 1 3 11 558
47 4 1 2 20 558
47 5 1 1 21 558
47 7 1 3 16 558
47 8 1 2 20 558
47 9 1 3 7 558
47 12 1 2 6 558
47 14 1 2 7 558
47 16 1 1 8 558
47 20 1 3 6 558
47 21 1 3 3 558
47 24 1 3 10 558
47 26 1 1 24 558
47 27 1 2 24 558
47 28 1 2 21 558
47 35 1 3 4 558
47 38 1 2 15 558
47 41 1 1 19 558
47 42 1 1 10 558
47 43 1 3 6 558
47 45 1 2 22 558
47 46 1 3 12 558
47 48 1 2 6 558
47 50 1 1 8 558
47 52 1 1 13 558
47 53 1 3 5 558
47 54 1 2 20 558
47 55 1 1 10 558
47 56 1 3 21 558
47 57 1 2 17 558
47 58 1 2 8 558
47 60 1 1 25 558
47 61 1 3 17 558
47 64 1 3 22 558
47 67 1 3 6 558
47 68 1 1 19 558
47 73 1 1 4 558
47 79 1 3 15 558
47 80 1 2 3 558
47 81 1 1 2 558
47 82 1 2 3 558
47 85 1 2 17 558
47 86 1 1 12 558
47 92 1 1 2 558
47 93 1 3 21 558
47 94 1 3 12 558
47 95 1 3 9 558
47 96 1 1 22 558
47 98 1 3 5 558
48 2 2 2 21 905
48 4 2 2 17 905
48 5 2 1 10 905
48 6 2 1 17 905
48 9 2 3 17 905
48 11 2 1 14 905
48 12 2 2 4 905
48 15 2 2 2 905
48 17 2 3 2 905
48 18 2 3 16 905
48 22 2 1 16 905
48 23 2 1 2 905
48 25 2 1 16 905
48 27 2 2 24 905
48 28 2 2 8 905
48 29 2 1 25 905
48 31 2 1 7 905
48 32 2 1 13 905
48 33 2 1 11 905
48 37 2 3 24 905
48 44 2 2 17 905
48 45 2 2 7 905
48 46 2 3 9 905
48 47 2 1 6 905
48 49 2 3 21 905
48 50 2 1 22 905
48 53 2 3 22 905
48 54 2 2 18 905
48 57 2 2 15 905
48 58 2 2 5 905
48 60 2 1 19 905
48 62 2 3 15 905
48 69 2 2 8 905
48 71 2 1 13 905
48 73 2 1 13 905
48 75 2 3 2 905
48 80 2 2 16 905
48 81 2 1 22 905
48 82 2 2 2 905
48 83 2 2 8 905
48 87 2 1 12 905
48 90 2 2 5 905
48 91 2 1 15 905
48 95 2 3 3 905
48 97 2 1 17 905
48 98 2 3 4 905
48 99 2 1 18 905
49 1 3 3 9 612
49 4 3 2 2 612
49 8 3 2 3 612
49 11 3 1 19 612
49 13 3 1 13 612
49 17 3 3 25 612
49 18 3 3 2 612
49 27 3 2 15 612
49 28 3 2 7 612
49 31 3 1 7 612
49 33 3 1 1 612
49 34 3 1 24 612
49 35 3 3 1 612
49 37 3 3 5 612
49 39 3 3 17 612
49 40 3 2 15 612
49 45 3 2 16 612
49 46 3 3 11 612
49 48 3 2 21 612
49 50 3 1 20 612
49 53 3 3 11 612
49 56 3 3 5 612
49 58 3 2 3 612
49 59 3 2 21 612
49 60 3 1 15 612
49 61 3 3 11 612
49 62 3 3 11 612
49 64 3 3 15 612
49 67 3 3 5 612
49 68 3 1 18 612
49 69 3 2 4 612
49 71 3 1 15 612
49 73 3 1 13 612
49 76 3 2 9 612
49 77 3 1 5 612
49 80 3 2 14 612
49 82 3 2 25 612
49 87 3 1 16 612
49 89 3 3 21 612
49 90 3 2 25 612
49 92 3 1 23 612
49 94 3 3 17 612
49 95 3 3 10 612
49 97 3 1 21 612
49 99 3 1 11 612
50 0 1 2 24 437
50 1 1 3 3 437
50 2 1 2 25 437
50 3 1 1 14 437
50 7 1 3 14 437
50 8 1 2 15 437
50 10 1 3 21 437
50 12 1 2 13 437
50 13 1 1 21 437
50 14 1 2 5 437
50 16 1 1 15 437
50 21 1 3 3 437
50 23 1 1 24 437
50 24 1 3 9 437
50 26 1 1 15 437
50 28 1 2 18 437
50 30 1 2 20 437
50 33 1 1 9 437
50 34 1 1 21 437
50 37 1 3 1 437
50 39 1 3 15 437
50 40 1 2 23 437
50 41 1 1 12 437
50 44 1 2 9 437
50 47 1 1 8 437
50 48 1 2 22 437
50 49 1 3 20 437
50 51 1 3 17 437
50 52 1 1 21 437
50 55 1 1 25 437
50 56 1 3 13 437
50 57 1 2 9 437
50 58 1 2 4 437
50 59 1 2 20 437
50 60 1 1 23 437
50 62 1 3 1 437
50 64 1 3 12 437
50 65 1 2 20 437
50 72 1 3 19 437
50 73 1 1 23 437
50 74 1 1 11 437
50 76 1 2 13 437
50 77 1 1 5 437
50 79 1 3 9 437
50 82 1 2 21 437
50 83 1 2 13 437
50 84 1 2 14 437
50 85 1 2 14 437
50 89 1 3 19 437
50 90 1 2 5 437
50 93 1 3 25 437
50 94 1 3 20 437
50 95 1 3 4 437
50 96 1 1 5 437
50 99 1 1 19 437
51 1 3 3 4 746
51 3 3 1 25 746
51 6 3 1 11 746
51 8 3 2 6 746
51 9 3 3 4 746
51 12 3 2 11 746
51 13 3 1 15 746
51 17 3 3 5 746
51 21 3 3 17 746
51 22 3 1 14 746
51 25 3 1 3 746
51 26 3 1 11 746
51 28 3 2 22 746
51 29 3 1 4 746
51 30 3 2 10 746
51 31 3 1 21 746
51 32 3 1 5 746
51 34 3 1 20 746
51 35 3 3 5 746
51 37 3 3 6 746
51 38 3 2 18 746
51 40 3 2 23 746
51 41 3 1 2 746
51 43 3 3 18 746
51 46 3 3 10 746
51 50 3 1 17 746
51 56 3 3 2 746
51 58 3 2 6 746
51 65 3 2 25 746
51 67 3 3 22 746
51 69 3 2 10 746
51 70 3 2 9 746
51 72 3 3 12 746
51 73 3 1 5 746
51 77 3 1 22 746
51 80 3 2 6 746
51 83 3 2 21 746
51 85 3 2 7 746
51 90 3 2 12 746
51 94 3 3 23 746
51 95 3 3 14 746
51 96 3 1 25 746
51 97 3 1 7 746
51 99 3 1 21 746
52 0 1 2 14 252
52 5 1 1 1 252
52 6 1 1 21 252
52 11 1 1 16 252
52 13 1 1 22 252
52 16 1 1 16 252
52 17 1 3 9 252
52 18 1 3 24 252
52 19 1 2 23 252
52 21 1 3 17 252
52 22 1 1 12 252
52 26 1 1 17 252
52 27 1 2 8 252
52 29 1 1 2 252
52 30 1 2 15 252
52 32 1 1 6 252
52 34 1 1 2 252
52 37 1 3 19 252
52 38 1 2 16 252
52 41 1 1 22 252
52 43 1 3 7 252
52 44 1 2 21 252
52 45 1 2 12 252
52 46 1 3 13 252
52 47 1 1 13 252
52 50 1 1 21 252
52 53 1 3 20 252
52 56 1 3 6 252
52 57 1 2 5 252
52 58 1 2 15 252
52 62 1 3 19 252
52 63 1 3 23 252
52 65 1 2 3 252
52 66 1 1 24 252
52 67 1 3 21 252
52 69 1 2 12 252
52 70 1 2 22 252
52 72 1 3 3 252
52 73 1 1 1 252
52 74 1 1 23 252
52 75 1 3 1 252
52 76 1 2 15 252
52 78 1 2 13 252
52 79 1 3 7 252
52 80 1 2 14 252
52 84 1 2 18 252
52 86 1 1 21 252
52 87 1 1 25 252
52 88 1 2 14 252
52 89 1 3 25 252
52 90 1 2 8 252
52 91 1 1 2 252
52 96 1 1 10 252
53 0 3 2 4 910
53 1 3 3 25 910
53 2 3 2 4 910
53 4 3 2 19 910
53 5 3 1 14 910
53 7 3 3 21 910
53 8 3 2 11 910
53 12 3 2 20 910
53 13 3 1 15 910
53 14 3 2 15 910
53 15 3 2 12 910
53 17 3 3 6 910
53 18 3 3 12 910
53 20 3 3 20 910
53 21 3 3 11 910
53 27 3 2 24 910
53 29 3 1 11 910
53 30 3 2 23 910
53 35 3 3 25 910
53 36 3 1 5 910
53 37 3 3 19 910
53 38 3 2 3 910
53 41 3 1 22 910
53 42 3 1 6 910
53 46 3 3 17 910
53 47 3 1 5 910
53 48 3 2 22 910
53 49 3 3 11 910
53 52 3 1 20 910
53 58 3 2 4 910
53 59 3 2 20 910
53 60 3 1 13 910
53 62 3 3 7 910
53 63 3 3 2 910
53 64 3 3 3 910
53 65 3 2 1 910
53 66 3 1 24 910
53 70 3 2 16 910
53 71 3 1 18 910
53 72 3 3 9 910
53 74 3 1 11 910
53 75 3 3 20 910
53 77 3 1 24 910
53 81 3 1 7 910
53 82 3 2 15 910
53 83 3 2 18 910
53 84 3 2 25 910
53 85 3 2 3 910
53 88 3 2 15 910
53 90 3 2 20 910
53 91 3 1 22 910
53 92 3 1 12 910
53 97 3 1 7 910
54 3 2 1 1 482
54 4 2 2 25 482
54 5 2 1 8 482
54 6 2 1 20 482
54 10 2 3 21 482
54 13 2 1 18 482
54 15 2 2 17 482
54 16 2 1 3 482
54 17 2 3 5 482
54 19 2 2 9 482
54 20 2 3 7 482
54 21 2 3 1 482
54 23 2 1 25 482
54 25 2 1 5 482
54 27 2 2 14 482
54 30 2 2 14 482
54 32 2 1 9 482
54 33 2 1 9 482
54 37 2 3 3 482
54 40 2 2 21 482
54 41 2 1 17 482
54 43 2 3 5 482
54 47 2 1 20 482
54 48 2 2 18 482
54 61 2 3 10 482
54 63 2 3 12 482
54 67 2 3 19 482
54 68 2 1 2 482
54 69 2 2 4 482
54 73 2 1 22 482
54 75 2 3 13 482
54 76 2 2 9 482
54 77 2 1 16 482
54 81 2 1 5 482
54 82 2 2 8 482
54 89 2 3 5 482
54 92 2 1 5 482
54 93 2 3 15 482
54 94 2 3 7 482
54 98 2 3 1 482
54 99 2 1 20 482
55 0 1 2 5 299
55 3 1 1 20 299
55 4 1 2 2 299
55 6 1 1 22 299
55 7 1 3 4 299
55 8 1 2 6 299
55 9 1 3 16 299
55 11 1 1 16 299
55 15 1 2 23 299
55 19 1 2 24 299
55 20 1 3 16 299
55 21 1 3 15 299
55 24 1 3 4 299
55 25 1 1 6 299
55 28 1 2 8 299
55 29 1 1 12 299
55 31 1 1 17 299
55 32 1 1 12 299
55 33 1 1 6 299
55 38 1 2 14 299
55 41 1 1 17 299
55 44 1 2 3 299
55 45 1 2 23 299
55 46 1 3 4 299
55 47 1 1 10 299
55 50 1 1 25 299
55 56 1 3 24 299
55 57 1 2 19 299
55 58 1 2 10 299
55 59 1 2 21 299
55 60 1 1 1 299
55 61 1 3 6 299
55 62 1 3 18 299
55 64 1 3 9 299
55 67 1 3 20 299
55 70 1 2 20 299
55 71 1 1 6 299
55 73 1 1 7 299
55 75 1 3 7 299
55 78 1 2 13 299
55 79 1 3 24 299
55 82 1 2 23 299
55 84 1 2 5 299
55 89 1 3 17 299
55 90 1 2 25 299
55 91 1 1 19 299
55 93 1 3 5 299
55 95 1 3 2 299
56 0 3 2 15 540
56 1 3 3 9 540
56 3 3 1 14 540
56 7 3 3 7 540
56 10 3 3 13 540
56 12 3 2 10 540
56 17 3 3 7 540
56 19 3 2 11 540
56 20 3 3 14 540
56 22 3 1 23 540
56 24 3 3 3 540
56 26 3 1 21 540
56 27 3 2 14 540
56 28 3 2 24 540
56 30 3 2 13 540
56 31 3 1 25 540
56 34 3 1 11 540
56 37 3 3 14 540
56 45 3 2 21 540
56 47 3 1 21 540
56 49 3 3 5 540
56 50 3 1 13 540
56 51 3 3 2 540
56 52 3 1 6 540
56 55 3 1 24 540
56 57 3 2 13 540
56 58 3 2 2 540
56 59 3 2 5 540
56 60 3 1 7 540
56 63 3 3 11 540
56 64 3 3 6 540
56 66 3 1 22 540
56 69 3 2 22 540
56 70 3 2 9 540
56 73 3 1 18 540
56 74 3 1 7 540
56 75 3 3 14 540
56 76 3 2 22 540
56 77 3 1 22 540
56 79 3 3 6 540
56 81 3 1 23 540
56 82 3 2 25 540
56 87 3 1 19 540
56 88 3 2 6 540
56 89 3 3 21 540
56 90 3 2 21 540
56 91 3 1 12 540
56 92 3 1 6 540
56 93 3 3 1 540
56 94 3 3 24 540
56 95 3 3 19 540
56 96 3 1 5 540
56 97 3 1 20 540
56 98 3 3 12 540
57 0 2 2 11 107
57 1 2 3 22 107
57 8 2 2 8 107
57 11 2 1 23 107
57 12 2 2 19 107
57 13 2 1 25 107
57 14 2 2 7 107
57 15 2 2 12 107
57 16 2 1 24 107
57 17 2 3 17 107
57 18 2 3 15 107
57 21 2 3 8 107
57 23 2 1 19 107
57 26 2 1 10 107
57 37 2 3 24 107
57 39 2 3 13 107
57 42 2 1 15 107
57 43 2 3 20 107
57 47 2 1 17 107
57 48 2 2 15 107
57 50 2 1 9 107
57 52 2 1 5 107
57 55 2 1 19 107
57 56 2 3 13 107
57 59 2 2 23 107
57 60 2 1 6 107
57 61 2 3 20 107
57 62 2 3 8 107
57 63 2 3 7 107
57 64 2 3 3 107
57 65 2 2 24 107
57 66 2 1 2 107
57 67 2 3 16 107
57 68 2 1 22 107
57 70 2 2 13 107
57 71 2 1 11 107
57 72 2 3 13 107
57 74 2 1 11 107
57 76 2 2 18 107
57 77 2 1 18 107
57 78 2 2 8 107
57 79 2 3 2 107
57 81 2 1 23 107
57 83 2 2 25 107
57 86 2 1 6 107
57 88 2 2 14 107
57 91 2 1 4 107
57 93 2 3 13 107
57 94 2 3 15 107
57 95 2 3 8 107
57 97 2 1 16 107
57 98 2 3 1 107
58 0 2 2 11 825
58 1 2 3 1 825
58 3 2 1 4 825
58 6 2 1 2 825
58 7 2 3 25 825
58 8 2 2 3 825
58 9 2 3 13 825
58 10 2 3 1 825
58 17 2 3 14 825
58 18 2 3 17 825
58 20 2 3 18 825
58 21 2 3 3 825
58 22 2 1 20 825
58 29 2 1 13 825
58 30 2 2 5 825
58 32 2 1 10 825
58 33 2 1 14 825
58 35 2 3 8 825
58 36 2 1 25 825
58 37 2 3 24 825
58 38 2 2 5 825
58 39 2 3 9 825
58 40 2 2 14 825
58 41 2 1 22 825
58 42 2 1 6 825
58 43 2 3 16 825
58 44 2 2 6 825
58 46 2 3 16 825
58 47 2 1 8 825
58 48 2 2 5 825
58 49 2 3 3 825
58 50 2 1 4 825
58 51 2 3 6 825
58 52 2 1 15 825
58 53 2 3 4 825
58 55 2 1 10 825
58 56 2 3 2 825
58 59 2 2 21 825
58 62 2 3 12 825
58 63 2 3 4 825
58 64 2 3 9 825
58 65 2 2 23 825
58 67 2 3 19 825
58 68 2 1 12 825
58 70 2 2 11 825
58 72 2 3 13 825
58 76 2 2 7 825
58 78 2 2 1 825
58 79 2 3 18 825
58 80 2 2 5 825
58 81 2 1 8 825
58 82 2 2 6 825
58 84 2 2 5 825
58 87 2 1 2 825
58 89 2 3 12 825
58 91 2 1 1 825
58 92 2 1 14 825
58 93 2 3 16 825
58 97 2 1 4 825
58 98 2 3 13 825
58 99 2 1 10 825
59 0 2 2 5 315
59 1 2 3 13 315
59 2 2 2 11 315
59 3 2 1 22 315
59 5 2 1 21 315
59 6 2 1 6 315
59 9 2 3 16 315
59 14 2 2 22 315
59 15 2 2 6 315
59 17 2 3 24 315
59 21 2 3 5 315
59 22 2 1 16 315
59 23 2 1 11 315
59 25 2 1 19 315
59 26 2 1 21 315
59 29 2 1 9 315
59 32 2 1 24 315
59 35 2 3 5 315
59 39 2 3 13 315
59 41 2 1 13 315
59 42 2 1 4 315
59 49 2 3 21 315
59 50 2 1 20 315
59 53 2 3 20 315
59 55 2 1 21 315
59 56 2 3 5 315
59 57 2 2 23 315
59 58 2 2 21 315
59 60 2 1 15 315
59 61 2 3 14 315
59 63 2 3 19 315
59 65 2 2 9 315
59 67 2 3 4 315
59 68 2 1 8 315
59 69 2 2 8 315
59 70 2 2 20 315
59 72 2 3 22 315
59 74 2 1 11 315
59 77 2 1 16 315
59 79 2 3 24 315
59 80 2 2 7 315
59 85 2 2 8 315
59 86 2 1 20 315
59 87 2 1 9 315
59 88 2 2 11 315
59 90 2 2 4 315
59 92 2 1 18 315
59 93 2 3 11 315
59 95 2 3 22 315
59 96 2 1 16 315
59 98 2 3 20 315
59 99 2 1 3 315
60 0 1 2 9 615
60 1 1 3 1 615
60 3 1 1 23 615
60 4 1 2 6 615
60 5 1 1 20 615
60 6 1 1 6 615
60 8 1 2 14 615
60 12 1 2 15 615
60 14 1 2 1 615
60 16 1 1 4 615
60 17 1 3 10 615
60 19 1 2 22 615
60 20 1 3 20 615
60 22 1 1 3 615
60 24 1 3 18 615
60 28 1 2 5 615
60 29 1 1 24 615
60 30 1 2 13 615
60 31 1 1 9 615
60 34 1 1 6 615
60 35 1 3 9 615
60 38 1 2 19 615
60 41 1 1 21 615
60 42 1 1 22 615
60 43 1 3 5 615
60 44 1 2 7 615
60 45 1 2 5 615
60 47 1 1 25 615
60 48 1 2 19 615
60 49 1 3 15 615
60 50 1 1 23 615
60 53 1 3 13 615
60 55 1 1 1 615
60 56 1 3 7 615
60 57 1 2 6 615
60 59 1 2 15 615
60 62 1 3 12 615
60 66 1 1 4 615
60 67 1 3 1 615
60 68 1 1 20 615
60 72 1 3 18 615
60 76 1 2 8 615
60 78 1 2 14 615
60 82 1 2 19 615
60 83 1 2 3 615
60 84 1 2 18 615
60 85 1 2 10 615
60 86 1 1 16 615
60 88 1 2 16 615
60 89 1 3 11 615
60 90 1 2 1 615
60 93 1 3 7 615
60 94 1 3 12 615
60 99 1 1 15 615
61 1 3 3 15 905
61 3 3 1 11 905
61 11 3 1 15 905
61 12 3 2 21 905
61 14 3 2 15 905
61 15 3 2 15 905
61 16 3 1 22 905
61 17 3 3 20 905
61 18 3 3 6 905
61 20 3 3 6 905
61 21 3 3 19 905
61 22 3 1 18 905
61 24 3 3 17 905
61 25 3 1 10 905
61 27 3 2 9 905
61 29 3 1 17 905
61 32 3 1 6 905
61 34 3 1 8 905
61 35 3 3 19 905
61 36 3 1 8 905
61 37 3 3 21 905
61 44 3 2 13 905
61 46 3 3 21 905
61 47 3 1 17 905
61 49 3 3 11 905
61 54 3 2 10 905
61 55 3 1 6 905
61 57 3 2 20 905
61 59 3 2 14 905
61 66 3 1 12 905
61 67 3 3 24 905
61 70 3 2 17 905
61 74 3 1 2 905
61 79 3 3 12 905
61 83 3 2 4 905
61 84 3 2 25 905
61 87 3 1 17 905
61 88 3 2 16 905
61 90 3 2 13 905
61 94 3 3 5 905
61 98 3 3 3 905
62 0 3 2 15 556
62 1 3 3 12 556
62 2 3 2 19 556
62 3 3 1 8 556
62 8 3 2 4 556
62 9 3 3 2 556
62 13 3 1 2 556
62 14 3 2 17 556
62 16 3 1 13 556
62 17 3 3 9 556
62 18 3 3 10 556
62 20 3 3 16 556
62 22 3 1 21 556
62 24 3 3 15 556
62 25 3 1 13 556
62 26 3 1 10 556
62 28 3 2 2 556
62 30 3 2 11 556
62 31 3 1 16 556
62 32 3 1 5 556
62 36 3 1 12 556
62 38 3 2 4 556
62 39 3 3 22 556
62 40 3 2 3 556
62 42 3 1 1 556
62 43 3 3 22 556
62 46 3 3 21 556
62 48 3 2 15 556
62 49 3 3 11 556
62 50 3 1 1 556
62 52 3 1 19 556
62 53 3 3 7 556
62 55 3 1 18 556
62 57 3 2 8 556
62 58 3 2 12 556
62 60 3 1 12 556
62 64 3 3 24 556
62 65 3 2 6 556
62 67 3 3 25 556
62 69 3 2 17 556
62 70 3 2 5 556
62 72 3 3 9 556
62 75 3 3 12 556
62 76 3 2 14 556
62 78 3 2 14 556
62 79 3 3 19 556
62 80 3 2 5 556
62 83 3 2 3 556
62 85 3 2 10 556
62 87 3 1 1 556
62 88 3 2 2 556
62 89 3 3 7 556
62 91 3 1 15 556
62 93 3 3 4 556
62 94 3 3 3 556
62 97 3 1 14 556
62 99 3 1 23 556
63 0 3 2 19 680
63 2 3 2 16 680
63 6 3 1 19 680
63 8 3 2 18 680
63 11 3 1 1 680
63 12 3 2 9 680
63 14 3 2 19 680
63 15 3 2 21 680
63 19 3 2 4 680
63 22 3 1 22 680
63 23 3 1 20 680
63 28 3 2 19 680
63 29 3 1 15 680
63 30 3 2 15 680
63 31 3 1 2 680
63 32 3 1 14 680
63 33 3 1 7 680
63 35 3 3 25 680
63 36 3 1 16 680
63 41 3 1 5 680
63 42 3 1 21 680
63 43 3 3 23 680
63 44 3 2 19 680
63 45 3 2 7 680
63 46 3 3 6 680
63 52 3 1 23 680
63 53 3 3 2 680
63 54 3 2 12 680
63 56 3 3 11 680
63 57 3 2 7 680
63 58 3 2 4 680
63 59 3 2 19 680
63 64 3 3 4 680
63 65 3 2 11 680
63 66 3 1 13 680
63 67 3 3 21 680
63 70 3 2 16 680
63 72 3 3 2 680
63 73 3 1 6 680
63 75 3 3 18 680
63 76 3 2 9 680
63 80 3 2 13 680
63 81 3 1 8 680
63 90 3 2 25 680
63 91 3 1 12 680
63 92 3 1 13 680
63 95 3 3 22 680
63 97 3 1 3 680
63 98 3 3 11 680
63 99 3 1 7 680
64 2 3 2 11 210
64 3 3 1 23 210
64 7 3 3 25 210
64 8 3 2 19 210
64 17 3 3 14 210
64 19 3 2 13 210
64 20 3 3 14 210
64 21 3 3 25 210
64 22 3 1 16 210
64 23 3 1 1 210
64 25 3 1 1 210
64 26 3 1 13 210
64 27 3 2 12 210
64 31 3 1 1 210
64 33 3 1 7 210
64 37 3 3 6 210
64 39 3 3 11 210
64 41 3 1 12 210
64 42 3 1 22 210
64 46 3 3 4 210
64 47 3 1 22 210
64 49 3 3 15 210
64 50 3 1 12 210
64 53 3 3 3 210
64 55 3 1 9 210
64 56 3 3 6 210
64 57 3 2 3 210
64 58 3 2 9 210
64 62 3 3 24 210
64 63 3 3 4 210
64 65 3 2 18 210
64 67 3 3 1 210
64 68 3 1 22 210
64 69 3 2 9 210
64 70 3 2 17 210
64 75 3 3 7 210
64 76 3 2 4 210
64 77 3 1 11 210
64 80 3 2 11 210
64 82 3 2 12 210
64 84 3 2 11 210
64 85 3 2 20 210
64 87 3 1 24 210
64 88 3 2 6 210
64 91 3 1 3 210
64 93 3 3 2 210
64 95 3 3 17 210
64 97 3 1 10 210
64 98 3 3 25 210
65 0 2 2 6 810
65 7 2 3 23 810
65 8 2 2 5 810
65 10 2 3 14 810
65 12 2 2 16 810
65 14 2 2 2 810
65 18 2 3 6 810
65 19 2 2 20 810
65 20 2 3 23 810
65 22 2 1 22 810
65 23 2 1 16 810
65 24 2 3 11 810
65 26 2 1 3 810
65 29 2 1 7 810
65 31 2 1 16 810
65 37 2 3 19 810
65 38 2 2 15 810
65 39 2 3 16 810
65 40 2 2 8 810
65 42 2 1 23 810
65 43 2 3 19 810
65 44 2 2 5 810
65 46 2 3 11 810
65 50 2 1 20 810
65 51 2 3 25 810
65 52 2 1 3 810
65 53 2 3 1 810
65 57 2 2 24 810
65 58 2 2 23 810
65 59 2 2 9 810
65 62 2 3 6 810
65 63 2 3 11 810
65 64 2 3 18 810
65 67 2 3 21 810
65 70 2 2 10 810
65 71 2 1 18 810
65 73 2 1 23 810
65 74 2 1 16 810
65 75 2 3 7 810
65 76 2 2 18 810
65 77 2 1 23 810
65 78 2 2 9 810
65 80 2 2 17 810
65 81 2 1 3 810
65 82 2 2 24 810
65 85 2 2 21 810
65 87 2 1 9 810
65 88 2 2 21 810
65 93 2 3 9 810
65 95 2 3 12 810
65 96 2 1 2 810
65 98 2 3 1 810
66 2 1 2 4 395
66 6 1 1 12 395
66 8 1 2 10 395
66 10 1 3 1 395
66 11 1 1 23 395
66 12 1 2 13 395
66 14 1 2 18 395
66 15 1 2 20 395
66 16 1 1 16 395
66 23 1 1 25 395
66 24 1 3 23 395
66 25 1 1 6 395
66 27 1 2 6 395
66 28 1 2 12 395
66 29 1 1 9 395
66 30 1 2 2 395
66 31 1 1 18 395
66 34 1 1 18 395
66 35 1 3 25 395
66 36 1 1 15 395
66 38 1 2 23 395
66 41 1 1 15 395
66 43 1 3 16 395
66 44 1 2 3 395
66 46 1 3 3 395
66 52 1 1 24 395
66 53 1 3 24 395
66 56 1 3 22 395
66 57 1 2 2 395
66 60 1 1 4 395
66 61 1 3 12 395
66 63 1 3 13 395
66 67 1 3 22 395
66 71 1 1 14 395
66 72 1 3 17 395
66 75 1 3 21 395
66 78 1 2 16 395
66 79 1 3 24 395
66 80 1 2 13 395
66 81 1 1 17 395
66 82 1 2 23 395
66 86 1 1 25 395
66 87 1 1 11 395
66 88 1 2 9 395
66 90 1 2 22 395
66 91 1 1 21 395
66 92 1 1 10 395
66 93 1 3 13 395
67 0 3 2 1 827
67 5 3 1 23 827
67 10 3 3 20 827
67 11 3 1 16 827
67 12 3 2 23 827
67 13 3 1 2 827
67 14 3 2 1 827
67 18 3 3 5 827
67 19 3 2 5 827
67 20 3 3 21 827
67 21 3 3 15 827
67 22 3 1 11 827
67 23 3 1 4 827
67 24 3 3 20 827
67 25 3 1 11 827
67 30 3 2 25 827
67 31 3 1 9 827
67 32 3 1 15 827
67 33 3 1 2 827
67 35 3 3 13 827
67 38 3 2 24 827
67 41 3 1 9 827
67 42 3 1 21 827
67 43 3 3 23 827
67 46 3 3 9 827
67 47 3 1 6 827
67 49 3 3 5 827
67 51 3 3 22 827
67 52 3 1 21 827
67 54 3 2 19 827
67 55 3 1 20 827
67 57 3 2 16 827
67 58 3 2 19 827
67 59 3 2 4 827
67 60 3 1 1 827
67 61 3 3 24 827
67 62 3 3 25 827
67 63 3 3 21 827
67 64 3 3 1 827
67 65 3 2 21 827
67 66 3 1 22 827
67 68 3 1 20 827
67 70 3 2 18 827
67 72 3 3 16 827
67 73 3 1 25 827
67 74 3 1 10 827
67 76 3 2 10 827
67 77 3 1 9 827
67 82 3 2 2 827
67 83 3 2 4 827
67 85 3 2 17 827
67 86 3 1 16 827
67 89 3 3 7 827
67 90 3 2 16 827
67 91 3 1 9 827
67 94 3 3 9 827
67 96 3 1 20 827
68 0 1 2 1 449
68 2 1 2 17 449
68 3 1 1 19 449
68 5 1 1 4 449
68 6 1 1 20 449
68 7 1 3 14 449
68 8 1 2 7 449
68 9 1 3 4 449
68 13 1 1 24 449
68 19 1 2 5 449
68 23 1 1 10 449
68 25 1 1 16 449
68 26 1 1 4 449
68 29 1 1 15 449
68 30 1 2 18 449
68 33 1 1 6 449
68 37 1 3 10 449
68 40 1 2 11 449
68 41 1 1 11 449
68 47 1 1 19 449
68 49 1 3 18 449
68 54 1 2 2 449
68 57 1 2 22 449
68 58 1 2 12 449
68 59 1 2 8 449
68 60 1 1 20 449
68 64 1 3 22 449
68 67 1 3 20 449
68 70 1 2 4 449
68 71 1 1 11 449
68 75 1 3 7 449
68 76 1 2 20 449
68 78 1 2 7 449
68 79 1 3 22 449
68 80 1 2 2 449
68 93 1 3 7 449
68 95 1 3 14 449
68 99 1 1 24 449
69 1 2 3 11 502
69 5 2 1 22 502
69 6 2 1 24 502
69 8 2 2 18 502
69 9 2 3 11 502
69 10 2 3 20 502
69 11 2 1 4 502
69 12 2 2 3 502
69 13 2 1 14 502
69 14 2 2 2 502
69 15 2 2 25 502
69 17 2 3 22 502
69 21 2 3 16 502
69 23 2 1 9 502
69 24 2 3 20 502
69 32 2 1 16 502
69 33 2 1 18 502
69 34 2 1 7 502
69 35 2 3 25 502
69 37 2 3 5 502
69 38 2 2 7 502
69 41 2 1 19 502
69 42 2 1 23 502
69 45 2 2 7 502
69 46 2 3 2 502
69 48 2 2 8 502
69 49 2 3 4 502
69 51 2 3 10 502
69 52 2 1 12 502
69 54 2 2 4 502
69 56 2 3 22 502
69 59 2 2 8 502
69 62 2 3 17 502
69 64 2 3 9 502
69 70 2 2 2 502
69 73 2 1 22 502
69 74 2 1 16 502
69 81 2 1 7 502
69 83 2 2 10 502
69 84 2 2 7 502
69 85 2 2 17 502
69 95 2 3 15 502
69 97 2 1 7 502
69 98 2 3 14 502
69 99 2 1 25 502
70 0 2 2 6 416
70 1 2 3 17 416
70 2 2 2 6 416
70 8 2 2 11 416
70 9 2 3 12 416
70 10 2 3 15 416
70 11 2 1 19 416
70 13 2 1 21 416
70 15 2 2 5 416
70 17 2 3 20 416
70 19 2 2 20 416
70 26 2 1 20 416
70 28 2 2 9 416
70 30 2 2 19 416
70 31 2 1 6 416
70 32 2 1 5 416
70 34 2 1 15 416
70 38 2 2 18 416
70 43 2 3 24 416
70 51 2 3 9 416
70 52 2 1 22 416
70 53 2 3 16 416
70 55 2 1 20 416
70 56 2 3 9 416
70 57 2 2 13 416
70 58 2 2 11 416
70 59 2 2 20 416
70 61 2 3 17 416
70 62 2 3 5 416
70 63 2 3 16 416
70 64 2 3 17 416
70 65 2 2 10 416
70 67 2 3 18 416
70 68 2 1 4 416
70 69 2 2 2 416
70 72 2 3 13 416
70 73 2 1 17 416
70 74 2 1 1 416
70 75 2 3 11 416
70 76 2 2 13 416
70 77 2 1 9 416
70 78 2 2 4 416
70 81 2 1 14 416
70 82 2 2 8 416
70 83 2 2 8 416
70 86 2 1 5 416
70 87 2 1 3 416
70 91 2 1 16 416
70 92 2 1 18 416
70 94 2 3 14 416
70 96 2 1 23 416
70 97 2 1 14 416
70 99 2 1 2 416
71 3 1 1 9 545
71 5 1 1 9 545
71 6 1 1 4 545
71 7 1 3 12 545
71 8 1 2 6 545
71 9 1 3 6 545
71 10 1 3 18 545
71 11 1 1 6 545
71 12 1 2 24 545
71 14 1 2 22 545
71 16 1 1 14 545
71 17 1 3 5 545
71 18 1 3 4 545
71 19 1 2 21 545
71 20 1 3 14 545
71 21 1 3 2 545
71 23 1 1 23 545
71 26 1 1 15 545
71 27 1 2 23 545
71 28 1 2 19 545
71 29 1 1 21 545
71 30 1 2 18 545
71 36 1 1 3 545
71 38 1 2 14 545
71 43 1 3 2 545
71 44 1 2 16 545
71 45 1 2 19 545
71 48 1 2 13 545
71 49 1 3 15 545
71 53 1 3 18 545
71 55 1 1 6 545
71 57 1 2 11 545
71 65 1 2 18 545
71 66 1 1 14 545
71 68 1 1 11 545
71 72 1 3 25 545
71 73 1 1 4 545
71 74 1 1 21 545
71 75 1 3 12 545
71 81 1 1 16 545
71 82 1 2 4 545
71 83 1 2 25 545
71 85 1 2 2 545
71 86 1 1 9 545
71 87 1 1 3 545
71 88 1 2 24 545
71 89 1 3 8 545
71 91 1 1 17 545
71 92 1 1 13 545
71 93 1 3 14 545
71 94 1 3 8 545
71 95 1 3 5 545
71 99 1 1 24 545
72 0 3 2 3 536
72 1 3 3 20 536
72 6 3 1 15 536
72 11 3 1 3 536
72 12 3 2 17 536
72 13 3 1 18 536
72 19 3 2 12 536
72 20 3 3 15 536
72 22 3 1 5 536
72 23 3 1 22 536
72 24 3 3 4 536
72 25 3 1 17 536
72 26 3 1 25 536
72 27 3 2 10 536
72 30 3 2 14 536
72 33 3 1 1 536
72 34 3 1 17 536
72 35 3 3 2 536
72 38 3 2 12 536
72 41 3 1 3 536
72 46 3 3 4 536
72 50 3 1 19 536
72 51 3 3 12 536
72 52 3 1 3 536
72 53 3 3 9 536
72 57 3 2 13 536
72 58 3 2 13 536
72 59 3 2 22 536
72 60 3 1 18 536
72 62 3 3 9 536
72 63 3 3 2 536
72 66 3 1 17 536
72 67 3 3 16 536
72 70 3 2 13 536
72 71 3 1 25 536
72 74 3 1 2 536
72 75 3 3 16 536
72 80 3 2 15 536
72 82 3 2 18 536
72 83 3 2 20 536
72 85 3 2 19 536
72 86 3 1 19 536
72 87 3 1 24 536
72 88 3 2 16 536
72 89 3 3 24 536
72 90 3 2 6 536
72 93 3 3 9 536
72 94 3 3 18 536
72 95 3 3 9 536
72 97 3 1 18 536
72 99 3 1 4 536
73 2 1 2 22 452
73 3 1 1 14 452
73 4 1 2 13 452
73 7 1 3 8 452
73 8 1 2 21 452
73 9 1 3 10 452
73 11 1 1 3 452
73 14 1 2 10 452
73 16 1 1 4 452
73 17 1 3 22 452
73 18 1 3 9 452
73 19 1 2 23 452
73 22 1 1 19 452
73 23 1 1 18 452
73 32 1 1 23 452
73 35 1 3 5 452
73 37 1 3 2 452
73 38 1 2 18 452
73 39 1 3 24 452
73 40 1 2 24 452
73 47 1 1 4 452
73 48 1 2 13 452
73 49 1 3 13 452
73 50 1 1 23 452
73 51 1 3 5 452
73 52 1 1 1 452
73 54 1 2 22 452
73 55 1 1 7 452
73 56 1 3 18 452
73 63 1 3 6 452
73 65 1 2 23 452
73 67 1 3 25 452
73 69 1 2 22 452
73 70 1 2 17 452
73 71 1 1 4 452
73 74 1 1 23 452
73 76 1 2 17 452
73 77 1 1 25 452
73 80 1 2 12 452
73 84 1 2 25 452
73 85 1 2 10 452
73 90 1 2 3 452
73 91 1 1 12 452
73 92 1 1 13 452
73 94 1 3 3 452
73 95 1 3 6 452
73 98 1 3 3 452
74 5 1 1 22 567
74 6 1 1 9 567
74 7 1 3 21 567
74 9 1 3 23 567
74 10 1 3 8 567
74 11 1 1 16 567
74 18 1 3 3 567
74 22 1 1 3 567
74 23 1 1 14 567
74 24 1 3 25 567
74 31 1 1 16 567
74 32 1 1 7 567
74 34 1 1 1 567
74 35 1 3 10 567
74 37 1 3 3 567
74 38 1 2 20 567
74 40 1 2 4 567
74 41 1 1 20 567
74 42 1 1 6 567
74 43 1 3 7 567
74 46 1 3 22 567
74 50 1 1 11 567
74 52 1 1 23 567
74 53 1 3 11 567
74 56 1 3 7 567
74 57 1 2 11 567
74 59 1 2 11 567
74 61 1 3 2 567
74 65 1 2 16 567
74 67 1 3 10 567
74 69 1 2 16 567
74 70 1 2 1 567
74 71 1 1 21 567
74 72 1 3 2 567
74 73 1 1 23 567
74 75 1 3 9 567
74 76 1 2 2 567
74 78 1 2 2 567
74 79 1 3 19 567
74 81 1 1 5 567
74 83 1 2 13 567
74 84 1 2 2 567
74 85 1 2 22 567
74 86 1 1 15 567
74 87 1 1 6 567
74 88 1 2 2 567
74 89 1 3 16 567
74 91 1 1 10 567
74 96 1 1 6 567
74 99 1 1 23 567
75 0 3 2 6 91
75 1 3 3 8 91
75 4 3 2 23 91
75 7 3 3 19 91
75 10 3 3 12 91
75 18 3 3 17 91
75 20 3 3 25 91
75 23 3 1 11 91
75 24 3 3 7 91
75 25 3 1 7 91
75 29 3 1 25 91
75 31 3 1 21 91
75 32 3 1 17 91
75 33 3 1 8 91
75 35 3 3 4 91
75 37 3 3 14 91
75 38 3 2 21 91
75 39 3 3 22 91
75 40 3 2 3 91
75 41 3 1 5 91
75 42 3 1 10 91
75 43 3 3 7 91
75 46 3 3 6 91
75 48 3 2 2 91
75 52 3 1 1 91
75 53 3 3 20 91
75 54 3 2 13 91
75 55 3 1 7 91
75 56 3 3 14 91
75 62 3 3 12 91
75 63 3 3 18 91
75 64 3 3 7 91
75 65 3 2 7 91
75 66 3 1 21 91
75 68 3 1 7 91
75 70 3 2 11 91
75 71 3 1 12 91
75 72 3 3 16 91
75 74 3 1 9 91
75 76 3 2 15 91
75 78 3 2 12 91
75 81 3 1 15 91
75 82 3 2 22 91
75 84 3 2 12 91
75 85 3 2 17 91
75 86 3 1 7 91
75 89 3 3 2 91
75 91 3 1 19 91
75 92 3 1 9 91
75 93 3 3 11 91
75 97 3 1 2 91
75 99 3 1 19 91
76 8 2 2 8 530
76 9 2 3 24 530
76 13 2 1 8 530
76 17 2 3 19 530
76 19 2 2 23 530
76 22 2 1 23 530
76 24 2 3 25 530
76 26 2 1 9 530
76 27 2 2 18 530
76 31 2 1 24 530
76 32 2 1 13 530
76 33 2 1 24 530
76 36 2 1 11 530
76 40 2 2 5 530
76 41 2 1 19 530
76 42 2 1 13 530
76 43 2 3 17 530
76 45 2 2 9 530
76 46 2 3 13 530
76 49 2 3 9 530
76 50 2 1 13 530
76 52 2 1 15 530
76 54 2 2 9 530
76 56 2 3 22 530
76 57 2 2 18 530
76 58 2 2 7 530
76 60 2 1 8 530
76 62 2 3 14 530
76 63 2 3 9 530
76 64 2 3 4 530
76 65 2 2 18 530
76 67 2 3 10 530
76 68 2 1 20 530
76 70 2 2 13 530
76 73 2 1 17 530
76 74 2 1 2 530
76 75 2 3 15 530
76 77 2 1 22 530
76 80 2 2 7 530
76 82 2 2 3 530
76 84 2 2 14 530
76 87 2 1 14 530
76 88 2 2 2 530
76 89 2 3 2 530
76 91 2 1 10 530
76 92 2 1 17 530
76 97 2 1 10 530
76 98 2 3 17 530
77 0 1 2 20 257
77 3 1 1 22 257
77 5 1 1 13 257
77 6 1 1 24 257
77 8 1 2 25 257
77 9 1 3 17 257
77 10 1 3 7 257
77 12 1 2 2 257
77 13 1 1 22 257
77 14 1 2 1 257
77 15 1 2 18 257
77 17 1 3 15 257
77 19 1 2 24 257
77 20 1 3 22 257
77 21 1 3 13 257
77 23 1 1 12 257
77 24 1 3 10 257
77 27 1 2 7 257
77 28 1 2 7 257
77 30 1 2 15 257
77 31 1 1 24 257
77 32 1 1 21 257
77 35 1 3 23 257
77 36 1 1 24 257
77 37 1 3 25 257
77 43 1 3 12 257
77 46 1 3 17 257
77 49 1 3 5 257
77 50 1 1 5 257
77 51 1 3 22 257
77 53 1 3 24 257
77 54 1 2 16 257
77 56 1 3 22 257
77 57 1 2 18 257
77 59 1 2 16 257
77 64 1 3 11 257
77 65 1 2 23 257
77 67 1 3 9 257
77 70 1 2 9 257
77 73 1 1 25 257
77 76 1 2 22 257
77 78 1 2 1 257
77 80 1 2 6 257
77 81 1 1 25 257
77 82 1 2 1 257
77 83 1 2 11 257
77 89 1 3 11 257
77 90 1 2 20 257
77 92 1 1 3 257
77 94 1 3 16 257
77 95 1 3 15 257
77 97 1 1 10 257
78 0 2 2 12 521
78 1 2 3 10 521
78 2 2 2 19 521
78 3 2 1 10 521
78 4 2 2 2 521
78 8 2 2 12 521
78 9 2 3 25 521
78 14 2 2 7 521
78 15 2 2 12 521
78 16 2 1 3 521
78 19 2 2 1 521
78 20 2 3 8 521
78 23 2 1 16 521
78 29 2 1 18 521
78 30 2 2 4 521
78 31 2 1 9 521
78 33 2 1 6 521
78 35 2 3 4 521
78 38 2 2 19 521
78 44 2 2 16 521
78 45 2 2 14 521
78 52 2 1 13 521
78 55 2 1 13 521
78 57 2 2 8 521
78 58 2 2 1 521
78 60 2 1 14 521
78 62 2 3 14 521
78 65 2 2 9 521
78 66 2 1 16 521
78 68 2 1 7 521
78 70 2 2 4 521
78 74 2 1 2 521
78 75 2 3 12 521
78 77 2 1 1 521
78 80 2 2 12 521
78 81 2 1 16 521
78 82 2 2 7 521
78 83 2 2 14 521
78 84 2 2 14 521
78 87 2 1 1 521
78 89 2 3 4 521
78 90 2 2 20 521
78 92 2 1 8 521
78 94 2 3 12 521
78 97 2 1 15 521
78 98 2 3 22 521
78 99 2 1 19 521
79 2 3 2 7 559
79 5 3 1 18 559
79 6 3 1 3 559
79 8 3 2 25 559
79 10 3 3 4 559
79 13 3 1 23 559
79 14 3 2 11 559
79 15 3 2 21 559
79 16 3 1 2 559
79 17 3 3 25 559
79 20 3 3 14 559
79 21 3 3 20 559
79 22 3 1 24 559
79 23 3 1 20 559
79 25 3 1 4 559
79 27 3 2 1 559
79 28 3 2 1 559
79 31 3 1 24 559
79 36 3 1 3 559
79 38 3 2 19 559
79 39 3 3 12 559
79 40 3 2 5 559
79 42 3 1 19 559
79 46 3 3 22 559
79 47 3 1 15 559
79 50 3 1 9 559
79 52 3 1 7 559
79 55 3 1 24 559
79 56 3 3 6 559
79 57 3 2 2 559
79 58 3 2 18 559
79 59 3 2 24 559
79 61 3 3 12 559
79 62 3 3 19 559
79 66 3 1 24 559
79 68 3 1 22 559
79 74 3 1 19 559
79 80 3 2 16 559
79 82 3 2 5 559
79 84 3 2 22 559
79 85 3 2 17 559
79 90 3 2 21 559
79 92 3 1 20 559
79 93 3 3 25 559
79 94 3 3 25 559
79 97 3 1 22 559
79 98 3 3 7 559
79 99 3 1 21 559
80 0 2 2 7 338
80 5 2 1 20 338
80 6 2 1 13 338
80 8 2 2 15 338
80 10 2 3 14 338
80 16 2 1 8 338
80 18 2 3 25 338
80 19 2 2 17 338
80 23 2 1 22 338
80 25 2 1 9 338
80 26 2 1 22 338
80 31 2 1 3 338
80 32 2 1 25 338
80 33 2 1 8 338
80 35 2 3 12 338
80 36 2 1 14 338
80 42 2 1 23 338
80 43 2 3 8 338
80 44 2 2 2 338
80 47 2 1 3 338
80 48 2 2 16 338
80 49 2 3 14 338
80 51 2 3 6 338
80 52 2 1 14 338
80 58 2 2 5 338
80 59 2 2 7 338
80 62 2 3 5 338
80 63 2 3 13 338
80 64 2 3 11 338
80 65 2 2 17 338
80 66 2 1 13 338
80 68 2 1 2 338
80 72 2 3 15 338
80 73 2 1 12 338
80 76 2 2 7 338
80 77 2 1 6 338
80 78 2 2 12 338
80 79 2 3 16 338
80 85 2 2 18 338
80 87 2 1 14 338
80 92 2 1 19 338
80 94 2 3 1 338
80 99 2 1 19 338
81 2 1 2 24 181
81 3 1 1 8 181
81 5 1 1 6 181
81 6 1 1 12 181
81 8 1 2 1 181
81 10 1 3 15 181
81 11 1 1 1 181
81 13 1 1 13 181
81 14 1 2 11 181
81 15 1 2 5 181
81 17 1 3 2 181
81 20 1 3 20 181
81 22 1 1 15 181
81 23 1 1 22 181
81 26 1 1 3 181
81 29 1 1 13 181
81 31 1 1 7 181
81 32 1 1 3 181
81 33 1 1 19 181
81 35 1 3 18 181
81 36 1 1 21 181
81 39 1 3 23 181
81 40 1 2 22 181
81 41 1 1 9 181
81 46 1 3 23 181
81 47 1 1 2 181
81 48 1 2 22 181
81 53 1 3 7 181
81 54 1 2 5 181
81 56 1 3 23 181
81 57 1 2 23 181
81 58 1 2 8 181
81 63 1 3 8 181
81 65 1 2 3 181
81 66 1 1 17 181
81 69 1 2 7 181
81 70 1 2 14 181
81 71 1 1 16 181
81 74 1 1 5 181
81 75 1 3 15 181
81 77 1 1 25 181
81 78 1 2 16 181
81 84 1 2 8 181
81 85 1 2 24 181
81 89 1 3 8 181
81 90 1 2 18 181
81 93 1 3 17 181
81 94 1 3 15 181
81 98 1 3 18 181
81 99 1 1 6 181
82 1 2 3 24 492
82 3 2 1 23 492
82 4 2 2 5 492
82 5 2 1 17 492
82 7 2 3 14 492
82 8 2 2 9 492
82 9 2 3 9 492
82 11 2 1 21 492
82 14 2 2 8 492
82 16 2 1 12 492
82 19 2 2 19 492
82 21 2 3 8 492
82 23 2 1 5 492
82 25 2 1 18 492
82 29 2 1 8 492
82 31 2 1 4 492
82 32 2 1 12 492
82 33 2 1 22 492
82 34 2 1 24 492
82 36 2 1 20 492
82 39 2 3 16 492
82 42 2 1 21 492
82 43 2 3 14 492
82 45 2 2 11 492
82 47 2 1 3 492
82 48 2 2 2 492
82 49 2 3 25 492
82 50 2 1 21 492
82 53 2 3 15 492
82 54 2 2 8 492
82 55 2 1 23 492
82 56 2 3 25 492
82 58 2 2 6 492
82 60 2 1 19 492
82 64 2 3 12 492
82 65 2 2 24 492
82 66 2 1 23 492
82 67 2 3 2 492
82 70 2 2 8 492
82 71 2 1 4 492
82 72 2 3 18 492
82 75 2 3 22 492
82 76 2 2 3 492
82 77 2 1 1 492
82 78 2 2 7 492
82 79 2 3 5 492
82 84 2 2 18 492
82 85 2 2 15 492
82 87 2 1 17 492
82 94 2 3 2 492
82 95 2 3 13 492
82 97 2 1 1 492
82 98 2 3 8 492
82 99 2 1 11 492
83 5 2 1 6 688
83 8 2 2 15 688
83 9 2 3 12 688
83 11 2 1 1 688
83 12 2 2 17 688
83 14 2 2 25 688
83 17 2 3 11 688
83 20 2 3 18 688
83 21 2 3 17 688
83 23 2 1 15 688
83 24 2 3 10 688
83 25 2 1 16 688
83 29 2 1 18 688
83 32 2 1 2 688
83 33 2 1 9 688
83 34 2 1 24 688
83 35 2 3 21 688
83 36 2 1 3 688
83 37 2 3 11 688
83 38 2 2 20 688
83 40 2 2 18 688
83 42 2 1 20 688
83 43 2 3 12 688
83 45 2 2 8 688
83 46 2 3 1 688
83 48 2 2 8 688
83 50 2 1 13 688
83 51 2 3 21 688
83 53 2 3 18 688
83 57 2 2 25 688
83 60 2 1 3 688
83 61 2 3 4 688
83 62 2 3 3 688
83 67 2 3 4 688
83 69 2 2 10 688
83 70 2 2 8 688
83 71 2 1 25 688
83 72 2 3 20 688
83 74 2 1 13 688
83 77 2 1 11 688
83 78 2 2 14 688
83 87 2 1 2 688
83 89 2 3 18 688
83 92 2 1 15 688
83 93 2 3 13 688
83 95 2 3 21 688
83 96 2 1 1 688
83 97 2 1 20 688
83 98 2 3 14 688
83 99 2 1 3 688
84 1 2 3 19 488
84 3 2 1 9 488
84 4 2 2 4 488
84 5 2 1 25 488
84 6 2 1 6 488
84 7 2 3 13 488
84 8 2 2 1 488
84 9 2 3 17 488
84 11 2 1 16 488
84 13 2 1 16 488
84 16 2 1 17 488
84 17 2 3 13 488
84 18 2 3 18 488
84 22 2 1 9 488
84 23 2 1 25 488
84 30 2 2 8 488
84 31 2 1 13 488
84 33 2 1 7 488
84 35 2 3 11 488
84 36 2 1 19 488
84 37 2 3 12 488
84 38 2 2 13 488
84 40 2 2 22 488
84 41 2 1 24 488
84 42 2 1 24 488
84 43 2 3 20 488
84 50 2 1 14 488
84 52 2 1 18 488
84 53 2 3 25 488
84 55 2 1 5 488
84 58 2 2 5 488
84 60 2 1 18 488
84 61 2 3 25 488
84 64 2 3 11 488
84 69 2 2 7 488
84 73 2 1 25 488
84 74 2 1 2 488
84 75 2 3 12 488
84 76 2 2 14 488
84 78 2 2 14 488
84 79 2 3 22 488
84 81 2 1 8 488
84 82 2 2 18 488
84 86 2 1 22 488
84 91 2 1 12 488
84 92 2 1 4 488
84 96 2 1 14 488
84 99 2 1 10 488
85 2 2 2 8 798
85 4 2 2 6 798
85 5 2 1 9 798
85 6 2 1 16 798
85 12 2 2 13 798
85 13 2 1 6 798
85 15 2 2 22 798
85 16 2 1 21 798
85 19 2 2 7 798
85 20 2 3 19 798
85 21 2 3 12 798
85 24 2 3 17 798
85 28 2 2 14 798
85 33 2 1 24 798
85 35 2 3 4 798
85 38 2 2 16 798
85 40 2 2 11 798
85 41 2 1 1 798
85 43 2 3 8 798
85 46 2 3 2 798
85 47 2 1 17 798
85 50 2 1 14 798
85 51 2 3 7 798
85 53 2 3 3 798
85 59 2 2 8 798
85 60 2 1 10 798
85 62 2 3 10 798
85 64 2 3 20 798
85 65 2 2 21 798
85 67 2 3 17 798
85 69 2 2 17 798
85 71 2 1 2 798
85 72 2 3 19 798
85 73 2 1 10 798
85 74 2 1 22 798
85 75 2 3 17 798
85 79 2 3 17 798
85 80 2 2 18 798
85 81 2 1 24 798
85 82 2 2 15 798
85 86 2 1 11 798
85 88 2 2 21 798
85 89 2 3 14 798
85 91 2 1 3 798
85 98 2 3 10 798
86 0 1 2 14 657
86 1 1 3 23 657
86 5 1 1 24 657
86 8 1 2 12 657
86 9 1 3 7 657
86 13 1 1 9 657
86 14 1 2 18 657
86 15 1 2 6 657
86 18 1 3 20 657
86 20 1 3 7 657
86 21 1 3 2 657
86 22 1 1 18 657
86 23 1 1 16 657
86 28 1 2 2 657
86 29 1 1 11 657
86 30 1 2 2 657
86 32 1 1 19 657
86 40 1 2 23 657
86 41 1 1 13 657
86 42 1 1 8 657
86 44 1 2 4 657
86 46 1 3 13 657
86 47 1 1 12 657
86 52 1 1 21 657
86 57 1 2 6 657
86 59 1 2 20 657
86 60 1 1 16 657
86 66 1 1 25 657
86 67 1 3 16 657
86 70 1 2 5 657
86 71 1 1 9 657
86 72 1 3 19 657
86 74 1 1 15 657
86 75 1 3 7 657
86 84 1 2 22 657
86 85 1 2 11 657
86 87 1 1 13 657
86 88 1 2 3 657
86 89 1 3 8 657
86 90 1 2 7 657
86 92 1 1 21 657
86 94 1 3 24 657
86 96 1 1 3 657
86 97 1 1 18 657
87 4 1 2 18 489
87 7 1 3 4 489
87 8 1 2 2 489
87 12 1 2 24 489
87 14 1 2 20 489
87 16 1 1 14 489
87 17 1 3 19 489
87 19 1 2 19 489
87 20 1 3 20 489
87 22 1 1 14 489
87 26 1 1 1 489
87 27 1 2 21 489
87 29 1 1 11 489
87 31 1 1 25 489
87 33 1 1 25 489
87 37 1 3 14 489
87 39 1 3 7 489
87 43 1 3 14 489
87 44 1 2 6 489
87 45 1 2 16 489
87 48 1 2 12 489
87 49 1 3 16 489
87 52 1 1 25 489
87 56 1 3 19 489
87 58 1 2 2 489
87 59 1 2 9 489
87 61 1 3 17 489
87 62 1 3 1 489
87 64 1 3 24 489
87 65 1 2 9 489
87 66 1 1 11 489
87 70 1 2 3 489
87 71 1 1 3 489
87 72 1 3 24 489
87 74 1 1 6 489
87 76 1 2 14 489
87 78 1 2 1 489
87 80 1 2 14 489
87 82 1 2 17 489
87 83 1 2 2 489
87 86 1 1 13 489
87 89 1 3 7 489
87 90 1 2 14 489
87 93 1 3 10 489
87 94 1 3 24 489
87 96 1 1 13 489
87 99 1 1 22 489
88 1 2 3 18 881
88 2 2 2 14 881
88 3 2 1 4 881
88 5 2 1 22 881
88 6 2 1 11 881
88 7 2 3 13 881
88 9 2 3 15 881
88 11 2 1 2 881
88 12 2 2 2 881
88 14 2 2 2 881
88 15 2 2 22 881
88 16 2 1 3 881
88 17 2 3 25 881
88 18 2 3 14 881
88 22 2 1 25 881
88 26 2 1 12 881
88 27 2 2 24 881
88 29 2 1 12 881
88 32 2 1 4 881
88 33 2 1 18 881
88 34 2 1 20 881
88 35 2 3 16 881
88 36 2 1 20 881
88 37 2 3 25 881
88 38 2 2 16 881
88 39 2 3 12 881
88 40 2 2 13 881
88 41 2 1 12 881
88 42 2 1 4 881
88 43 2 3 12 881
88 52 2 1 14 881
88 53 2 3 15 881
88 56 2 3 6 881
88 57 2 2 14 881
88 59 2 2 11 881
88 60 2 1 16 881
88 61 2 3 16 881
88 62 2 3 2 881
88 64 2 3 6 881
88 65 2 2 21 881
88 66 2 1 9 881
88 71 2 1 24 881
88 72 2 3 16 881
88 74 2 1 2 881
88 76 2 2 2 881
88 85 2 2 21 881
88 86 2 1 3 881
88 89 2 3 12 881
88 90 2 2 14 881
88 91 2 1 9 881
88 92 2 1 10 881
88 93 2 3 18 881
88 95 2 3 10 881
88 97 2 1 17 881
89 2 3 2 14 602
89 3 3 1 25 602
89 4 3 2 23 602
89 5 3 1 2 602
89 7 3 3 10 602
89 14 3 2 9 602
89 15 3 2 14 602
89 19 3 2 13 602
89 20 3 3 25 602
89 24 3 3 3 602
89 25 3 1 21 602
89 27 3 2 20 602
89 29 3 1 4 602
89 32 3 1 19 602
89 33 3 1 20 602
89 34 3 1 4 602
89 35 3 3 5 602
89 37 3 3 12 602
89 39 3 3 20 602
89 40 3 2 7 602
89 41 3 1 5 602
89 44 3 2 20 602
89 45 3 2 17 602
89 46 3 3 6 602
89 49 3 3 21 602
89 50 3 1 19 602
89 52 3 1 25 602
89 54 3 2 5 602
89 55 3 1 17 602
89 56 3 3 21 602
89 58 3 2 12 602
89 60 3 1 11 602
89 62 3 3 7 602
89 67 3 3 7 602
89 71 3 1 8 602
89 72 3 3 24 602
89 74 3 1 16 602
89 75 3 3 2 602
89 76 3 2 2 602
89 77 3 1 11 602
89 78 3 2 4 602
89 81 3 1 8 602
89 83 3 2 18 602
89 85 3 2 14 602
89 86 3 1 8 602
89 87 3 1 7 602
89 88 3 2 12 602
89 90 3 2 25 602
89 91 3 1 14 602
89 94 3 3 6 602
89 95 3 3 19 602
89 96 3 1 4 602
90 2 2 2 22 579
90 4 2 2 14 579
90 5 2 1 12 579
90 8 2 2 12 579
90 9 2 3 6 579
90 10 2 3 14 579
90 11 2 1 16 579
90 12 2 2 9 579
90 15 2 2 7 579
90 21 2 3 16 579
90 22 2 1 24 579
90 23 2 1 17 579
90 24 2 3 10 579
90 33 2 1 1 579
90 35 2 3 22 579
90 37 2 3 22 579
90 39 2 3 19 579
90 42 2 1 8 579
90 43 2 3 10 579
90 44 2 2 19 579
90 45 2 2 7 579
90 46 2 3 10 579
90 48 2 2 5 579
90 49 2 3 25 579
90 50 2 1 5 579
90 51 2 3 12 579
90 52 2 1 8 579
90 53 2 3 20 579
90 55 2 1 25 579
90 56 2 3 21 579
90 59 2 2 4 579
90 60 2 1 1 579
90 61 2 3 13 579
90 63 2 3 25 579
90 66 2 1 22 579
90 67 2 3 16 579
90 72 2 3 6 579
90 73 2 1 3 579
90 77 2 1 20 579
90 78 2 2 20 579
90 79 2 3 21 579
90 81 2 1 18 579
90 86 2 1 7 579
90 87 2 1 14 579
90 88 2 2 14 579
90 89 2 3 25 579
90 91 2 1 13 579
90 93 2 3 5 579
90 95 2 3 1 579
91 0 1 2 12 405
91 1 1 3 11 405
91 3 1 1 25 405
91 4 1 2 12 405
91 5 1 1 4 405
91 8 1 2 21 405
91 10 1 3 20 405
91 13 1 1 6 405
91 15 1 2 9 405
91 16 1 1 11 405
91 17 1 3 20 405
91 18 1 3 22 405
91 19 1 2 3 405
91 20 1 3 20 405
91 21 1 3 2 405
91 24 1 3 7 405
91 26 1 1 15 405
91 27 1 2 1 405
91 32 1 1 25 405
91 34 1 1 25 405
91 37 1 3 18 405
91 38 1 2 18 405
91 39 1 3 21 405
91 42 1 1 7 405
91 43 1 3 22 405
91 44 1 2 15 405
91 45 1 2 8 405
91 48 1 2 15 405
91 52 1 1 2 405
91 53 1 3 22 405
91 55 1 1 19 405
91 56 1 3 12 405
91 57 1 2 4 405
91 58 1 2 1 405
91 62 1 3 15 405
91 63 1 3 12 405
91 64 1 3 3 405
91 66 1 1 21 405
91 67 1 3 9 405
91 70 1 2 16 405
91 71 1 1 17 405
91 73 1 1 12 405
91 74 1 1 10 405
91 75 1 3 19 405
91 76 1 2 10 405
91 84 1 2 12 405
91 85 1 2 3 405
91 88 1 2 9 405
91 89 1 3 14 405
91 90 1 2 13 405
91 92 1 1 1 405
91 93 1 3 13 405
91 94 1 3 8 405
91 95 1 3 15 405
91 96 1 1 11 405
91 98 1 3 18 405
92 0 1 2 6 865
92 3 1 1 25 865
92 4 1 2 24 865
92 7 1 3 21 865
92 8 1 2 23 865
92 10 1 3 1 865
92 11 1 1 7 865
92 15 1 2 8 865
92 16 1 1 22 865
92 17 1 3 25 865
92 18 1 3 24 865
92 20 1 3 2 865
92 21 1 3 6 865
92 22 1 1 23 865
92 24 1 3 10 865
92 25 1 1 9 865
92 27 1 2 11 865
92 28 1 2 25 865
92 29 1 1 22 865
92 33 1 1 6 865
92 35 1 3 14 865
92 37 1 3 14 865
92 40 1 2 1 865
92 42 1 1 4 865
92 43 1 3 5 865
92 46 1 3 20 865
92 47 1 1 2 865
92 49 1 3 23 865
92 53 1 3 12 865
92 54 1 2 5 865
92 56 1 3 6 865
92 58 1 2 14 865
92 59 1 2 18 865
92 63 1 3 13 865
92 66 1 1 10 865
92 70 1 2 18 865
92 71 1 1 13 865
92 73 1 1 13 865
92 75 1 3 9 865
92 76 1 2 17 865
92 77 1 1 3 865
92 78 1 2 8 865
92 79 1 3 20 865
92 80 1 2 19 865
92 83 1 2 15 865
92 84 1 2 4 865
92 86 1 1 21 865
92 88 1 2 10 865
92 91 1 1 1 865
92 93 1 3 11 865
92 94 1 3 13 865
92 95 1 3 21 865
92 97 1 1 9 865
92 98 1 3 6 865
92 99 1 1 15 865
93 2 3 2 4 664
93 3 3 1 6 664
93 4 3 2 17 664
93 5 3 1 17 664
93 7 3 3 2 664
93 8 3 2 6 664
93 10 3 3 2 664
93 12 3 2 18 664
93 13 3 1 9 664
93 15 3 2 17 664
93 16 3 1 24 664
93 18 3 3 19 664
93 19 3 2 25 664
93 22 3 1 24 664
93 23 3 1 8 664
93 24 3 3 10 664
93 26 3 1 20 664
93 27 3 2 8 664
93 28 3 2 19 664
93 30 3 2 20 664
93 31 3 1 1 664
93 33 3 1 13 664
93 34 3 1 6 664
93 35 3 3 11 664
93 36 3 1 1 664
93 37 3 3 5 664
93 38 3 2 9 664
93 39 3 3 3 664
93 40 3 2 7 664
93 43 3 3 11 664
93 45 3 2 15 664
93 46 3 3 19 664
93 47 3 1 21 664
93 50 3 1 25 664
93 54 3 2 15 664
93 55 3 1 5 664
93 56 3 3 1 664
93 57 3 2 13 664
93 58 3 2 16 664
93 59 3 2 11 664
93 60 3 1 7 664
93 62 3 3 4 664
93 64 3 3 2 664
93 65 3 2 9 664
93 66 3 1 13 664
93 68 3 1 7 664
93 71 3 1 14 664
93 72 3 3 9 664
93 75 3 3 11 664
93 79 3 3 25 664
93 81 3 1 17 664
93 83 3 2 13 664
93 87 3 1 10 664
93 88 3 2 18 664
93 90 3 2 5 664
93 91 3 1 13 664
93 92 3 1 11 664
93 94 3 3 3 664
93 95 3 3 25 664
93 97 3 1 25 664
93 98 3 3 20 664
94 1 3 3 10 77
94 5 3 1 20 77
94 7 3 3 11 77
94 9 3 3 17 77
94 10 3 3 9 77
94 13 3 1 24 77
94 14 3 2 24 77
94 16 3 1 22 77
94 17 3 3 22 77
94 18 3 3 25 77
94 19 3 2 7 77
94 21 3 3 10 77
94 29 3 1 4 77
94 33 3 1 19 77
94 34 3 1 23 77
94 39 3 3 16 77
94 42 3 1 10 77
94 43 3 3 2 77
94 44 3 2 19 77
94 45 3 2 7 77
94 46 3 3 8 77
94 47 3 1 12 77
94 49 3 3 17 77
94 50 3 1 20 77
94 51 3 3 23 77
94 54 3 2 7 77
94 56 3 3 24 77
94 57 3 2 15 77
94 60 3 1 12 77
94 61 3 3 5 77
94 62 3 3 3 77
94 67 3 3 9 77
94 70 3 2 14 77
94 71 3 1 8 77
94 72 3 3 18 77
94 73 3 1 3 77
94 77 3 1 16 77
94 78 3 2 12 77
94 79 3 3 25 77
94 80 3 2 1 77
94 81 3 1 15 77
94 82 3 2 2 77
94 86 3 1 24 77
94 87 3 1 24 77
94 89 3 3 6 77
94 91 3 1 8 77
94 92 3 1 13 77
94 93 3 3 3 77
94 95 3 3 5 77
94 96 3 1 19 77
94 98 3 3 22 77
95 2 3 2 23 252
95 3 3 1 6 252
95 8 3 2 25 252
95 9 3 3 9 252
95 10 3 3 18 252
95 17 3 3 14 252
95 22 3 1 2 252
95 25 3 1 5 252
95 26 3 1 7 252
95 27 3 2 21 252
95 28 3 2 3 252
95 29 3 1 2 252
95 31 3 1 12 252
95 32 3 1 25 252
95 33 3 1 23 252
95 35 3 3 20 252
95 36 3 1 1 252
95 37 3 3 15 252
95 38 3 2 18 252
95 39 3 3 4 252
95 40 3 2 10 252
95 43 3 3 10 252
95 44 3 2 6 252
95 46 3 3 18 252
95 47 3 1 9 252
95 48 3 2 3 252
95 49 3 3 10 252
95 50 3 1 4 252
95 51 3 3 14 252
95 55 3 1 2 252
95 56 3 3 19 252
95 57 3 2 8 252
95 59 3 2 22 252
95 63 3 3 22 252
95 64 3 3 17 252
95 65 3 2 12 252
95 68 3 1 14 252
95 69 3 2 15 252
95 71 3 1 5 252
95 72 3 3 9 252
95 73 3 1 6 252
95 77 3 1 15 252
95 82 3 2 13 252
95 83 3 2 21 252
95 88 3 2 10 252
95 89 3 3 19 252
95 90 3 2 1 252
95 91 3 1 15 252
95 92 3 1 21 252
95 93 3 3 25 252
95 94 3 3 5 252
95 96 3 1 11 252
95 97 3 1 25 252
95 99 3 1 19 252
96 0 1 2 14 109
96 4 1 2 5 109
96 9 1 3 8 109
96 14 1 2 6 109
96 16 1 1 14 109
96 18 1 3 8 109
96 19 1 2 16 109
96 23 1 1 15 109
96 25 1 1 9 109
96 29 1 1 15 109
96 30 1 2 9 109
96 31 1 1 2 109
96 34 1 1 5 109
96 36 1 1 23 109
96 38 1 2 1 109
96 41 1 1 12 109
96 42 1 1 8 109
96 44 1 2 23 109
96 47 1 1 22 109
96 50 1 1 5 109
96 51 1 3 25 109
96 52 1 1 10 109
96 56 1 3 5 109
96 59 1 2 16 109
96 65 1 2 2 109
96 67 1 3 20 109
96 70 1 2 23 109
96 74 1 1 6 109
96 83 1 2 1 109
96 84 1 2 14 109
96 86 1 1 3 109
96 87 1 1 13 109
96 89 1 3 4 109
96 91 1 1 11 109
96 94 1 3 19 109
96 95 1 3 11 109
96 98 1 3 11 109
96 99 1 1 4 109
97 2 1 2 11 416
97 3 1 1 18 416
97 4 1 2 10 416
97 5 1 1 15 416
97 6 1 1 24 416
97 7 1 3 18 416
97 8 1 2 13 416
97 11 1 1 1 416
97 12 1 2 3 416
97 13 1 1 25 416
97 17 1 3 8 416
97 18 1 3 12 416
97 21 1 3 14 416
97 22 1 1 19 416
97 23 1 1 18 416
97 24 1 3 18 416
97 26 1 1 6 416
97 27 1 2 5 416
97 28 1 2 10 416
97 31 1 1 5 416
97 32 1 1 14 416
97 34 1 1 23 416
97 36 1 1 6 416
97 39 1 3 11 416
97 42 1 1 4 416
97 44 1 2 24 416
97 46 1 3 9 416
97 48 1 2 17 416
97 49 1 3 21 416
97 51 1 3 7 416
97 53 1 3 7 416
97 56 1 3 20 416
97 57 1 2 16 416
97 58 1 2 4 416
97 62 1 3 14 416
97 63 1 3 3 416
97 64 1 3 10 416
97 69 1 2 7 416
97 70 1 2 14 416
97 72 1 3 18 416
97 75 1 3 2 416
97 76 1 2 10 416
97 77 1 1 10 416
97 78 1 2 15 416
97 79 1 3 22 416
97 82 1 2 1 416
97 83 1 2 20 416
97 86 1 1 18 416
97 88 1 2 17 416
97 92 1 1 9 416
97 93 1 3 25 416
97 95 1 3 25 416
97 98 1 3 16 416
97 99 1 1 20 416
98 0 3 2 18 272
98 3 3 1 6 272
98 7 3 3 14 272
98 10 3 3 13 272
98 16 3 1 20 272
98 17 3 3 19 272
98 18 3 3 1 272
98 22 3 1 21 272
98 27 3 2 18 272
98 30 3 2 13 272
98 31 3 1 23 272
98 32 3 1 24 272
98 34 3 1 22 272
98 38 3 2 22 272
98 39 3 3 1 272
98 40 3 2 13 272
98 41 3 1 22 272
98 42 3 1 1 272
98 44 3 2 3 272
98 46 3 3 9 272
98 47 3 1 5 272
98 48 3 2 4 272
98 54 3 2 1 272
98 56 3 3 12 272
98 57 3 2 1 272
98 58 3 2 13 272
98 59 3 2 20 272
98 61 3 3 3 272
98 63 3 3 11 272
98 64 3 3 25 272
98 65 3 2 1 272
98 69 3 2 14 272
98 73 3 1 3 272
98 76 3 2 17 272
98 78 3 2 22 272
98 79 3 3 7 272
98 81 3 1 18 272
98 82 3 2 8 272
98 83 3 2 14 272
98 85 3 2 10 272
98 91 3 1 18 272
98 92 3 1 6 272
98 93 3 3 20 272
98 94 3 3 22 272
98 96 3 1 11 272
98 97 3 1 16 272
99 2 1 2 12 465
99 3 1 1 3 465
99 4 1 2 25 465
99 5 1 1 4 465
99 10 1 3 2 465
99 11 1 1 23 465
99 12 1 2 2 465
99 15 1 2 6 465
99 17 1 3 20 465
99 19 1 2 2 465
99 20 1 3 19 465
99 24 1 3 4 465
99 25 1 1 13 465
99 26 1 1 1 465
99 30 1 2 12 465
99 31 1 1 11 465
99 32 1 1 3 465
99 33 1 1 7 465
99 38 1 2 6 465
99 39 1 3 14 465
99 41 1 1 12 465
99 42 1 1 25 465
99 43 1 3 12 465
99 44 1 2 5 465
99 45 1 2 3 465
99 48 1 2 18 465
99 49 1 3 11 465
99 50 1 1 19 465
99 51 1 3 21 465
99 54 1 2 20 465
99 58 1 2 10 465
99 59 1 2 3 465
99 60 1 1 15 465
99 62 1 3 23 465
99 63 1 3 7 465
99 68 1 1 24 465
99 69 1 2 25 465
99 70 1 2 2 465
99 71 1 1 24 465
99 72 1 3 4 465
99 74 1 1 23 465
99 75 1 3 19 465
99 78 1 2 19 465
99 79 1 3 21 465
99 80 1 2 19 465
99 81 1 1 6 465
99 82 1 2 11 465
99 83 1 2 3 465
99 84 1 2 10 465
99 87 1 1 22 465
99 92 1 1 15 465
99 95 1 3 19 465
99 96 1 1 4 465
99 97 1 1 20 465
