capacity  cost_by_node
nb_functions 8
26 67 80 35 43 29 91 63 100 82 70 79 85 69 28 52 81 21 64 89 12 24 80 90 37 57 50 92 62 51 12 53 87 25 99 93 83 57 81 21 54 15 12 30 60 59 44 17 73 39 12 20 78 41 77 92 33 16 26 62 54 23 48 58 27 27 18 14 10 26 78 10 91 11 66 27 37 34 37 96 26 28 28 78 69 30 87 16 91 23 40 36 19 18 64 58 51 56 39 54 29 
25 17 39 86 26 30 24 63 28 46 11 77 74 98 21 86 35 81 74 64 57 29 17 17 32 64 72 51 32 34 75 13 13 48 53 88 10 68 66 24 69 50 50 60 83 87 20 88 82 40 85 17 80 75 67 67 31 96 72 79 51 15 55 67 52 73 63 55 43 24 36 56 39 95 15 89 84 73 47 88 73 29 78 95 32 95 47 32 30 57 28 84 59 84 77 74 19 30 83 66 13 
26 98 43 52 38 83 13 23 62 30 14 85 82 86 99 97 54 25 97 16 84 51 18 67 31 93 62 74 36 24 38 18 41 34 33 91 27 78 78 76 44 88 57 71 15 37 39 37 29 69 93 47 80 69 55 92 27 12 38 64 27 64 19 92 65 86 60 78 88 33 75 71 21 65 39 20 12 93 94 12 96 82 87 61 23 63 53 56 17 64 15 83 92 68 95 59 97 79 96 83 12 
20 90 88 23 100 71 78 95 61 35 91 100 62 46 87 43 68 91 81 11 91 38 22 34 10 59 20 76 84 96 92 71 42 10 77 87 44 54 18 27 25 62 98 37 18 52 46 34 72 68 62 98 35 61 22 71 87 35 51 72 95 99 75 40 88 87 38 96 11 40 61 22 88 21 38 36 16 38 34 95 96 45 13 17 13 68 47 37 18 71 74 51 51 29 44 36 71 24 43 92 98 
24 47 94 17 83 42 83 21 36 75 94 32 32 92 78 13 11 90 63 30 42 93 26 69 97 62 56 47 95 80 30 58 53 44 89 27 91 46 61 35 40 67 17 29 60 42 96 17 56 50 30 87 20 84 66 16 14 29 12 63 31 94 69 54 48 36 15 77 45 34 33 21 29 64 100 71 64 93 55 26 77 25 18 23 60 16 85 19 88 60 43 66 15 36 60 80 56 46 92 39 90 
26 87 37 36 31 32 24 79 49 98 77 32 92 11 93 68 55 26 36 80 16 31 75 82 94 93 32 35 59 11 27 36 81 94 57 48 79 61 23 33 22 69 15 36 96 87 43 49 78 79 34 59 15 27 92 25 87 86 72 20 81 30 20 49 38 59 74 64 92 77 91 84 92 30 90 81 34 86 88 27 28 65 61 76 83 61 90 67 79 39 28 13 37 58 97 23 44 91 32 92 26 
24 96 72 29 73 58 40 44 36 74 48 100 47 69 95 82 59 42 10 54 60 96 72 16 17 66 91 79 84 68 25 100 74 18 98 50 80 72 92 55 21 18 39 18 27 58 46 41 87 35 12 33 56 90 38 79 89 25 18 70 80 66 91 98 82 47 65 70 57 88 74 46 62 13 71 58 76 98 72 34 11 81 96 83 25 100 62 49 41 29 83 64 89 81 88 70 46 31 18 32 77 
19 90 45 80 64 80 89 58 50 81 81 79 63 26 72 91 21 89 40 40 94 32 58 86 24 88 13 69 72 30 14 93 91 72 70 20 57 39 29 28 99 21 47 38 15 78 92 66 94 87 50 39 53 14 12 85 70 60 42 46 51 49 28 44 43 79 26 33 40 91 54 88 71 95 78 66 23 30 84 37 27 16 65 74 39 28 20 13 94 19 78 83 39 65 64 84 47 48 25 98 11 
