Node_1 Node_2 Capacity_node1 Capacity_node2 Latency_arc node_cost
nb_nodes 100
nb_arcs 4878
0 1 3 4 13 876
0 3 3 5 8 876
0 6 3 4 21 876
0 7 3 2 6 876
0 8 3 3 23 876
0 9 3 5 22 876
0 11 3 1 1 876
0 12 3 5 2 876
0 13 3 5 24 876
0 15 3 2 14 876
0 17 3 1 17 876
0 19 3 5 10 876
0 21 3 4 16 876
0 22 3 4 13 876
0 25 3 3 22 876
0 28 3 4 16 876
0 30 3 4 2 876
0 31 3 5 2 876
0 33 3 2 21 876
0 34 3 5 12 876
0 38 3 2 14 876
0 39 3 3 10 876
0 40 3 1 6 876
0 42 3 1 17 876
0 43 3 3 24 876
0 47 3 1 1 876
0 49 3 1 12 876
0 50 3 4 5 876
0 51 3 4 15 876
0 54 3 3 19 876
0 57 3 2 8 876
0 63 3 1 23 876
0 64 3 4 22 876
0 67 3 4 5 876
0 68 3 1 5 876
0 69 3 5 14 876
0 70 3 5 13 876
0 71 3 2 3 876
0 72 3 3 2 876
0 74 3 4 23 876
0 80 3 3 13 876
0 90 3 1 11 876
0 91 3 4 6 876
0 94 3 3 3 876
0 95 3 1 21 876
0 96 3 2 4 876
0 98 3 2 22 876
1 0 4 3 13 679
1 4 4 1 1 679
1 7 4 2 15 679
1 9 4 5 16 679
1 12 4 5 12 679
1 13 4 5 2 679
1 15 4 2 10 679
1 20 4 1 8 679
1 21 4 4 22 679
1 23 4 5 11 679
1 24 4 5 21 679
1 25 4 3 18 679
1 28 4 4 7 679
1 29 4 5 7 679
1 30 4 4 3 679
1 32 4 5 22 679
1 33 4 2 25 679
1 34 4 5 20 679
1 35 4 2 5 679
1 36 4 2 21 679
1 39 4 3 17 679
1 40 4 1 2 679
1 42 4 1 22 679
1 45 4 3 5 679
1 46 4 3 16 679
1 47 4 1 18 679
1 50 4 4 15 679
1 51 4 4 25 679
1 52 4 2 24 679
1 54 4 3 8 679
1 55 4 2 11 679
1 57 4 2 24 679
1 58 4 1 10 679
1 61 4 4 17 679
1 65 4 1 1 679
1 67 4 4 19 679
1 68 4 1 4 679
1 69 4 5 3 679
1 70 4 5 8 679
1 72 4 3 15 679
1 73 4 5 17 679
1 74 4 4 24 679
1 75 4 5 13 679
1 76 4 4 23 679
1 77 4 2 13 679
1 78 4 2 9 679
1 81 4 3 16 679
1 82 4 4 9 679
1 83 4 3 22 679
1 85 4 4 7 679
1 87 4 4 25 679
1 88 4 2 13 679
1 91 4 4 20 679
1 92 4 5 23 679
1 93 4 2 21 679
2 5 1 5 21 493
2 6 1 4 12 493
2 7 1 2 14 493
2 8 1 3 2 493
2 9 1 5 13 493
2 10 1 3 21 493
2 11 1 1 5 493
2 12 1 5 24 493
2 14 1 5 19 493
2 16 1 4 15 493
2 17 1 1 14 493
2 20 1 1 9 493
2 21 1 4 22 493
2 22 1 4 23 493
2 25 1 3 18 493
2 26 1 1 23 493
2 29 1 5 20 493
2 30 1 4 4 493
2 34 1 5 10 493
2 35 1 2 9 493
2 40 1 1 8 493
2 41 1 4 7 493
2 42 1 1 12 493
2 43 1 3 10 493
2 44 1 5 9 493
2 46 1 3 13 493
2 48 1 1 22 493
2 51 1 4 2 493
2 52 1 2 7 493
2 53 1 5 20 493
2 55 1 2 24 493
2 58 1 1 16 493
2 59 1 5 19 493
2 62 1 4 19 493
2 63 1 1 15 493
2 64 1 4 3 493
2 65 1 1 20 493
2 67 1 4 23 493
2 70 1 5 10 493
2 73 1 5 21 493
2 74 1 4 9 493
2 76 1 4 16 493
2 78 1 2 20 493
2 79 1 4 10 493
2 80 1 3 5 493
2 82 1 4 15 493
2 85 1 4 10 493
2 88 1 2 23 493
2 89 1 4 6 493
2 91 1 4 2 493
2 93 1 2 10 493
2 94 1 3 25 493
2 95 1 1 24 493
2 97 1 1 16 493
2 98 1 2 7 493
3 0 5 3 8 460
3 5 5 5 15 460
3 7 5 2 25 460
3 9 5 5 21 460
3 12 5 5 16 460
3 13 5 5 17 460
3 16 5 4 22 460
3 17 5 1 16 460
3 18 5 5 8 460
3 19 5 5 1 460
3 21 5 4 15 460
3 24 5 5 7 460
3 25 5 3 6 460
3 26 5 1 22 460
3 29 5 5 13 460
3 36 5 2 10 460
3 38 5 2 16 460
3 47 5 1 13 460
3 48 5 1 3 460
3 49 5 1 8 460
3 50 5 4 12 460
3 52 5 2 24 460
3 57 5 2 20 460
3 58 5 1 10 460
3 59 5 5 23 460
3 60 5 2 10 460
3 61 5 4 18 460
3 62 5 4 13 460
3 63 5 1 20 460
3 64 5 4 21 460
3 66 5 3 9 460
3 67 5 4 9 460
3 68 5 1 5 460
3 70 5 5 24 460
3 72 5 3 1 460
3 73 5 5 16 460
3 74 5 4 1 460
3 75 5 5 16 460
3 77 5 2 9 460
3 78 5 2 15 460
3 80 5 3 25 460
3 81 5 3 23 460
3 82 5 4 16 460
3 84 5 1 25 460
3 85 5 4 24 460
3 88 5 2 23 460
3 90 5 1 11 460
3 93 5 2 7 460
3 94 5 3 22 460
3 95 5 1 20 460
3 96 5 2 12 460
3 97 5 1 9 460
4 1 1 4 1 391
4 7 1 2 24 391
4 11 1 1 12 391
4 16 1 4 8 391
4 17 1 1 2 391
4 18 1 5 9 391
4 25 1 3 1 391
4 27 1 4 13 391
4 29 1 5 20 391
4 32 1 5 6 391
4 36 1 2 15 391
4 38 1 2 18 391
4 39 1 3 14 391
4 40 1 1 7 391
4 41 1 4 12 391
4 42 1 1 16 391
4 43 1 3 8 391
4 45 1 3 12 391
4 48 1 1 9 391
4 49 1 1 19 391
4 50 1 4 12 391
4 51 1 4 14 391
4 52 1 2 11 391
4 53 1 5 15 391
4 54 1 3 4 391
4 58 1 1 9 391
4 59 1 5 3 391
4 60 1 2 15 391
4 61 1 4 1 391
4 62 1 4 11 391
4 63 1 1 24 391
4 64 1 4 11 391
4 66 1 3 24 391
4 67 1 4 11 391
4 69 1 5 9 391
4 71 1 2 20 391
4 74 1 4 14 391
4 76 1 4 20 391
4 79 1 4 17 391
4 80 1 3 9 391
4 82 1 4 18 391
4 88 1 2 14 391
4 90 1 1 13 391
4 93 1 2 22 391
4 94 1 3 21 391
4 95 1 1 7 391
4 96 1 2 14 391
4 97 1 1 15 391
4 98 1 2 4 391
5 2 5 1 21 316
5 3 5 5 15 316
5 6 5 4 24 316
5 9 5 5 15 316
5 13 5 5 7 316
5 14 5 5 4 316
5 15 5 2 25 316
5 16 5 4 18 316
5 17 5 1 5 316
5 20 5 1 4 316
5 22 5 4 9 316
5 23 5 5 3 316
5 28 5 4 16 316
5 29 5 5 10 316
5 30 5 4 12 316
5 32 5 5 22 316
5 33 5 2 16 316
5 34 5 5 4 316
5 36 5 2 5 316
5 37 5 1 7 316
5 41 5 4 21 316
5 42 5 1 4 316
5 44 5 5 16 316
5 45 5 3 8 316
5 46 5 3 14 316
5 47 5 1 15 316
5 48 5 1 2 316
5 50 5 4 20 316
5 51 5 4 6 316
5 52 5 2 23 316
5 53 5 5 16 316
5 56 5 1 3 316
5 59 5 5 11 316
5 60 5 2 21 316
5 61 5 4 7 316
5 62 5 4 3 316
5 64 5 4 6 316
5 65 5 1 14 316
5 69 5 5 5 316
5 71 5 2 9 316
5 72 5 3 5 316
5 74 5 4 6 316
5 75 5 5 18 316
5 78 5 2 2 316
5 79 5 4 24 316
5 83 5 3 23 316
5 88 5 2 18 316
5 89 5 4 22 316
5 90 5 1 8 316
5 92 5 5 14 316
5 95 5 1 23 316
5 99 5 3 16 316
6 0 4 3 21 482
6 2 4 1 12 482
6 5 4 5 24 482
6 7 4 2 12 482
6 13 4 5 19 482
6 16 4 4 15 482
6 17 4 1 18 482
6 20 4 1 7 482
6 21 4 4 15 482
6 23 4 5 22 482
6 26 4 1 7 482
6 29 4 5 16 482
6 31 4 5 12 482
6 35 4 2 19 482
6 37 4 1 15 482
6 39 4 3 16 482
6 42 4 1 1 482
6 44 4 5 5 482
6 45 4 3 2 482
6 51 4 4 18 482
6 54 4 3 9 482
6 62 4 4 2 482
6 63 4 1 3 482
6 64 4 4 6 482
6 65 4 1 6 482
6 66 4 3 6 482
6 67 4 4 25 482
6 68 4 1 12 482
6 69 4 5 18 482
6 72 4 3 4 482
6 74 4 4 3 482
6 75 4 5 5 482
6 76 4 4 7 482
6 78 4 2 17 482
6 79 4 4 21 482
6 80 4 3 21 482
6 82 4 4 21 482
6 83 4 3 17 482
6 86 4 4 14 482
6 87 4 4 12 482
6 89 4 4 11 482
6 91 4 4 6 482
6 92 4 5 17 482
6 93 4 2 7 482
6 95 4 1 21 482
7 0 2 3 6 267
7 1 2 4 15 267
7 2 2 1 14 267
7 3 2 5 25 267
7 4 2 1 24 267
7 6 2 4 12 267
7 8 2 3 9 267
7 9 2 5 12 267
7 15 2 2 3 267
7 18 2 5 2 267
7 20 2 1 21 267
7 22 2 4 4 267
7 25 2 3 1 267
7 27 2 4 23 267
7 28 2 4 12 267
7 29 2 5 23 267
7 30 2 4 20 267
7 32 2 5 20 267
7 36 2 2 17 267
7 37 2 1 3 267
7 38 2 2 17 267
7 40 2 1 19 267
7 42 2 1 2 267
7 45 2 3 20 267
7 49 2 1 12 267
7 50 2 4 8 267
7 51 2 4 9 267
7 52 2 2 16 267
7 53 2 5 22 267
7 54 2 3 20 267
7 58 2 1 20 267
7 59 2 5 21 267
7 63 2 1 8 267
7 64 2 4 9 267
7 66 2 3 2 267
7 69 2 5 20 267
7 71 2 2 21 267
7 72 2 3 11 267
7 73 2 5 4 267
7 75 2 5 13 267
7 77 2 2 16 267
7 78 2 2 2 267
7 83 2 3 7 267
7 84 2 1 9 267
7 90 2 1 17 267
7 91 2 4 20 267
7 93 2 2 2 267
7 94 2 3 6 267
7 95 2 1 12 267
7 97 2 1 24 267
7 98 2 2 25 267
7 99 2 3 2 267
8 0 3 3 23 69
8 2 3 1 2 69
8 7 3 2 9 69
8 9 3 5 21 69
8 10 3 3 24 69
8 11 3 1 17 69
8 15 3 2 20 69
8 17 3 1 17 69
8 18 3 5 16 69
8 20 3 1 17 69
8 23 3 5 14 69
8 25 3 3 7 69
8 29 3 5 22 69
8 38 3 2 14 69
8 40 3 1 10 69
8 42 3 1 5 69
8 45 3 3 11 69
8 46 3 3 17 69
8 49 3 1 15 69
8 51 3 4 2 69
8 53 3 5 6 69
8 54 3 3 21 69
8 55 3 2 16 69
8 59 3 5 7 69
8 61 3 4 12 69
8 62 3 4 12 69
8 64 3 4 6 69
8 65 3 1 11 69
8 67 3 4 19 69
8 69 3 5 12 69
8 72 3 3 17 69
8 73 3 5 1 69
8 79 3 4 23 69
8 80 3 3 20 69
8 81 3 3 9 69
8 83 3 3 7 69
8 84 3 1 21 69
8 89 3 4 5 69
8 90 3 1 1 69
8 93 3 2 9 69
8 94 3 3 8 69
8 97 3 1 4 69
8 98 3 2 15 69
8 99 3 3 8 69
9 0 5 3 22 936
9 1 5 4 16 936
9 2 5 1 13 936
9 3 5 5 21 936
9 5 5 5 15 936
9 7 5 2 12 936
9 8 5 3 21 936
9 13 5 5 21 936
9 15 5 2 21 936
9 17 5 1 17 936
9 18 5 5 1 936
9 21 5 4 2 936
9 23 5 5 9 936
9 25 5 3 18 936
9 28 5 4 18 936
9 29 5 5 1 936
9 30 5 4 5 936
9 31 5 5 13 936
9 32 5 5 22 936
9 33 5 2 20 936
9 35 5 2 6 936
9 41 5 4 4 936
9 44 5 5 4 936
9 46 5 3 16 936
9 48 5 1 15 936
9 52 5 2 18 936
9 55 5 2 6 936
9 57 5 2 13 936
9 58 5 1 4 936
9 64 5 4 1 936
9 66 5 3 4 936
9 67 5 4 2 936
9 69 5 5 12 936
9 70 5 5 1 936
9 73 5 5 16 936
9 75 5 5 12 936
9 76 5 4 13 936
9 81 5 3 24 936
9 83 5 3 2 936
9 85 5 4 14 936
9 89 5 4 7 936
9 90 5 1 9 936
9 92 5 5 17 936
9 93 5 2 24 936
9 97 5 1 7 936
10 2 3 1 21 614
10 8 3 3 24 614
10 12 3 5 21 614
10 13 3 5 13 614
10 14 3 5 2 614
10 16 3 4 22 614
10 17 3 1 7 614
10 19 3 5 3 614
10 21 3 4 25 614
10 25 3 3 12 614
10 28 3 4 2 614
10 30 3 4 17 614
10 31 3 5 4 614
10 32 3 5 10 614
10 34 3 5 14 614
10 35 3 2 17 614
10 36 3 2 4 614
10 37 3 1 21 614
10 41 3 4 1 614
10 43 3 3 3 614
10 44 3 5 12 614
10 45 3 3 1 614
10 46 3 3 25 614
10 47 3 1 16 614
10 49 3 1 23 614
10 52 3 2 11 614
10 54 3 3 3 614
10 55 3 2 13 614
10 56 3 1 4 614
10 60 3 2 24 614
10 62 3 4 16 614
10 64 3 4 4 614
10 66 3 3 16 614
10 71 3 2 6 614
10 78 3 2 25 614
10 81 3 3 7 614
10 82 3 4 19 614
10 83 3 3 15 614
10 86 3 4 20 614
10 89 3 4 1 614
10 90 3 1 15 614
10 91 3 4 15 614
10 93 3 2 24 614
10 95 3 1 8 614
10 97 3 1 21 614
11 0 1 3 1 358
11 2 1 1 5 358
11 4 1 1 12 358
11 8 1 3 17 358
11 12 1 5 25 358
11 15 1 2 2 358
11 19 1 5 4 358
11 22 1 4 18 358
11 24 1 5 15 358
11 26 1 1 17 358
11 27 1 4 6 358
11 28 1 4 20 358
11 32 1 5 20 358
11 36 1 2 25 358
11 40 1 1 4 358
11 41 1 4 16 358
11 43 1 3 25 358
11 52 1 2 13 358
11 55 1 2 25 358
11 62 1 4 25 358
11 63 1 1 6 358
11 64 1 4 11 358
11 65 1 1 23 358
11 67 1 4 12 358
11 70 1 5 23 358
11 79 1 4 23 358
11 80 1 3 1 358
11 83 1 3 25 358
11 84 1 1 19 358
11 87 1 4 16 358
11 89 1 4 8 358
11 90 1 1 8 358
11 91 1 4 18 358
11 95 1 1 10 358
11 98 1 2 9 358
11 99 1 3 8 358
12 0 5 3 2 435
12 1 5 4 12 435
12 2 5 1 24 435
12 3 5 5 16 435
12 10 5 3 21 435
12 11 5 1 25 435
12 15 5 2 16 435
12 17 5 1 10 435
12 20 5 1 21 435
12 21 5 4 4 435
12 25 5 3 3 435
12 26 5 1 16 435
12 27 5 4 8 435
12 28 5 4 17 435
12 29 5 5 6 435
12 33 5 2 17 435
12 34 5 5 2 435
12 36 5 2 7 435
12 38 5 2 1 435
12 40 5 1 1 435
12 49 5 1 25 435
12 50 5 4 15 435
12 51 5 4 14 435
12 55 5 2 14 435
12 56 5 1 15 435
12 57 5 2 13 435
12 61 5 4 7 435
12 62 5 4 19 435
12 63 5 1 12 435
12 65 5 1 3 435
12 68 5 1 23 435
12 69 5 5 20 435
12 73 5 5 12 435
12 76 5 4 15 435
12 77 5 2 8 435
12 79 5 4 12 435
12 80 5 3 14 435
12 82 5 4 7 435
12 83 5 3 16 435
12 84 5 1 18 435
12 85 5 4 4 435
12 87 5 4 18 435
12 89 5 4 2 435
12 93 5 2 21 435
12 94 5 3 17 435
12 95 5 1 8 435
12 97 5 1 19 435
12 99 5 3 14 435
13 0 5 3 24 401
13 1 5 4 2 401
13 3 5 5 17 401
13 5 5 5 7 401
13 6 5 4 19 401
13 9 5 5 21 401
13 10 5 3 13 401
13 20 5 1 11 401
13 21 5 4 24 401
13 25 5 3 20 401
13 28 5 4 4 401
13 31 5 5 4 401
13 33 5 2 17 401
13 34 5 5 25 401
13 35 5 2 21 401
13 40 5 1 5 401
13 41 5 4 24 401
13 42 5 1 8 401
13 43 5 3 22 401
13 45 5 3 17 401
13 47 5 1 11 401
13 49 5 1 9 401
13 51 5 4 2 401
13 52 5 2 23 401
13 55 5 2 20 401
13 56 5 1 21 401
13 58 5 1 1 401
13 60 5 2 15 401
13 63 5 1 7 401
13 66 5 3 23 401
13 67 5 4 8 401
13 68 5 1 12 401
13 71 5 2 14 401
13 72 5 3 7 401
13 76 5 4 12 401
13 77 5 2 8 401
13 79 5 4 9 401
13 80 5 3 20 401
13 81 5 3 21 401
13 82 5 4 18 401
13 83 5 3 23 401
13 84 5 1 20 401
13 89 5 4 13 401
13 90 5 1 3 401
13 91 5 4 3 401
13 96 5 2 14 401
13 97 5 1 20 401
13 98 5 2 3 401
13 99 5 3 22 401
14 2 5 1 19 515
14 5 5 5 4 515
14 10 5 3 2 515
14 16 5 4 2 515
14 18 5 5 20 515
14 19 5 5 17 515
14 20 5 1 17 515
14 23 5 5 6 515
14 26 5 1 15 515
14 27 5 4 4 515
14 31 5 5 17 515
14 33 5 2 23 515
14 36 5 2 18 515
14 37 5 1 22 515
14 39 5 3 7 515
14 40 5 1 13 515
14 46 5 3 22 515
14 47 5 1 22 515
14 49 5 1 7 515
14 50 5 4 24 515
14 52 5 2 7 515
14 53 5 5 2 515
14 61 5 4 11 515
14 64 5 4 21 515
14 65 5 1 1 515
14 66 5 3 16 515
14 70 5 5 22 515
14 71 5 2 13 515
14 74 5 4 19 515
14 75 5 5 6 515
14 87 5 4 7 515
14 88 5 2 4 515
14 94 5 3 17 515
14 95 5 1 6 515
14 99 5 3 24 515
15 0 2 3 14 591
15 1 2 4 10 591
15 5 2 5 25 591
15 7 2 2 3 591
15 8 2 3 20 591
15 9 2 5 21 591
15 11 2 1 2 591
15 12 2 5 16 591
15 16 2 4 19 591
15 17 2 1 15 591
15 19 2 5 13 591
15 22 2 4 17 591
15 23 2 5 25 591
15 24 2 5 24 591
15 27 2 4 22 591
15 29 2 5 1 591
15 30 2 4 24 591
15 33 2 2 18 591
15 34 2 5 19 591
15 35 2 2 16 591
15 37 2 1 8 591
15 38 2 2 14 591
15 39 2 3 21 591
15 45 2 3 2 591
15 50 2 4 25 591
15 51 2 4 13 591
15 52 2 2 6 591
15 54 2 3 3 591
15 56 2 1 23 591
15 60 2 2 24 591
15 63 2 1 10 591
15 64 2 4 25 591
15 66 2 3 19 591
15 68 2 1 8 591
15 70 2 5 1 591
15 71 2 2 16 591
15 73 2 5 14 591
15 74 2 4 5 591
15 75 2 5 9 591
15 76 2 4 10 591
15 78 2 2 23 591
15 79 2 4 5 591
15 82 2 4 6 591
15 83 2 3 6 591
15 84 2 1 13 591
15 87 2 4 13 591
15 91 2 4 24 591
15 95 2 1 14 591
16 2 4 1 15 786
16 3 4 5 22 786
16 4 4 1 8 786
16 5 4 5 18 786
16 6 4 4 15 786
16 10 4 3 22 786
16 14 4 5 2 786
16 15 4 2 19 786
16 17 4 1 16 786
16 20 4 1 3 786
16 21 4 4 13 786
16 24 4 5 4 786
16 25 4 3 25 786
16 28 4 4 16 786
16 32 4 5 6 786
16 34 4 5 9 786
16 38 4 2 4 786
16 41 4 4 20 786
16 43 4 3 12 786
16 45 4 3 21 786
16 48 4 1 19 786
16 49 4 1 7 786
16 51 4 4 18 786
16 53 4 5 20 786
16 54 4 3 15 786
16 55 4 2 18 786
16 56 4 1 8 786
16 62 4 4 4 786
16 63 4 1 16 786
16 64 4 4 22 786
16 67 4 4 24 786
16 69 4 5 8 786
16 70 4 5 12 786
16 71 4 2 19 786
16 73 4 5 15 786
16 75 4 5 17 786
16 77 4 2 14 786
16 82 4 4 21 786
16 84 4 1 14 786
16 85 4 4 25 786
16 86 4 4 11 786
16 89 4 4 1 786
16 90 4 1 6 786
16 91 4 4 17 786
16 98 4 2 16 786
17 0 1 3 17 725
17 2 1 1 14 725
17 3 1 5 16 725
17 4 1 1 2 725
17 5 1 5 5 725
17 6 1 4 18 725
17 8 1 3 17 725
17 9 1 5 17 725
17 10 1 3 7 725
17 12 1 5 10 725
17 15 1 2 15 725
17 16 1 4 16 725
17 18 1 5 9 725
17 19 1 5 16 725
17 22 1 4 5 725
17 23 1 5 5 725
17 26 1 1 8 725
17 27 1 4 5 725
17 29 1 5 4 725
17 30 1 4 22 725
17 33 1 2 19 725
17 35 1 2 24 725
17 42 1 1 14 725
17 44 1 5 8 725
17 47 1 1 24 725
17 48 1 1 4 725
17 49 1 1 18 725
17 53 1 5 19 725
17 56 1 1 7 725
17 58 1 1 10 725
17 60 1 2 1 725
17 61 1 4 9 725
17 62 1 4 4 725
17 64 1 4 5 725
17 65 1 1 17 725
17 69 1 5 13 725
17 71 1 2 2 725
17 72 1 3 10 725
17 74 1 4 7 725
17 75 1 5 22 725
17 79 1 4 13 725
17 80 1 3 3 725
17 82 1 4 20 725
17 83 1 3 22 725
17 84 1 1 8 725
17 85 1 4 6 725
17 86 1 4 6 725
17 89 1 4 25 725
17 91 1 4 16 725
17 93 1 2 9 725
17 94 1 3 11 725
17 98 1 2 8 725
17 99 1 3 24 725
18 3 5 5 8 306
18 4 5 1 9 306
18 7 5 2 2 306
18 8 5 3 16 306
18 9 5 5 1 306
18 14 5 5 20 306
18 17 5 1 9 306
18 19 5 5 17 306
18 20 5 1 8 306
18 22 5 4 7 306
18 23 5 5 9 306
18 24 5 5 25 306
18 25 5 3 19 306
18 27 5 4 10 306
18 29 5 5 11 306
18 31 5 5 18 306
18 32 5 5 23 306
18 34 5 5 11 306
18 36 5 2 18 306
18 38 5 2 23 306
18 42 5 1 25 306
18 44 5 5 23 306
18 45 5 3 20 306
18 46 5 3 19 306
18 47 5 1 12 306
18 48 5 1 18 306
18 51 5 4 14 306
18 52 5 2 5 306
18 53 5 5 23 306
18 54 5 3 22 306
18 55 5 2 7 306
18 57 5 2 17 306
18 58 5 1 5 306
18 59 5 5 8 306
18 61 5 4 23 306
18 65 5 1 15 306
18 67 5 4 1 306
18 69 5 5 20 306
18 71 5 2 12 306
18 75 5 5 25 306
18 77 5 2 4 306
18 78 5 2 5 306
18 80 5 3 6 306
18 81 5 3 12 306
18 85 5 4 5 306
18 88 5 2 8 306
18 90 5 1 14 306
18 95 5 1 19 306
18 98 5 2 8 306
18 99 5 3 7 306
19 0 5 3 10 66
19 3 5 5 1 66
19 10 5 3 3 66
19 11 5 1 4 66
19 14 5 5 17 66
19 15 5 2 13 66
19 17 5 1 16 66
19 18 5 5 17 66
19 20 5 1 8 66
19 22 5 4 16 66
19 23 5 5 3 66
19 25 5 3 1 66
19 27 5 4 1 66
19 30 5 4 11 66
19 33 5 2 18 66
19 34 5 5 2 66
19 35 5 2 2 66
19 37 5 1 20 66
19 38 5 2 12 66
19 39 5 3 11 66
19 40 5 1 9 66
19 42 5 1 23 66
19 44 5 5 9 66
19 46 5 3 8 66
19 47 5 1 21 66
19 51 5 4 22 66
19 53 5 5 14 66
19 54 5 3 19 66
19 55 5 2 3 66
19 56 5 1 7 66
19 57 5 2 10 66
19 58 5 1 1 66
19 59 5 5 16 66
19 60 5 2 19 66
19 62 5 4 2 66
19 64 5 4 24 66
19 69 5 5 15 66
19 72 5 3 14 66
19 73 5 5 25 66
19 74 5 4 9 66
19 77 5 2 1 66
19 78 5 2 9 66
19 80 5 3 12 66
19 81 5 3 4 66
19 85 5 4 21 66
19 87 5 4 9 66
19 96 5 2 23 66
19 99 5 3 14 66
20 1 1 4 8 710
20 2 1 1 9 710
20 5 1 5 4 710
20 6 1 4 7 710
20 7 1 2 21 710
20 8 1 3 17 710
20 12 1 5 21 710
20 13 1 5 11 710
20 14 1 5 17 710
20 16 1 4 3 710
20 18 1 5 8 710
20 19 1 5 8 710
20 21 1 4 19 710
20 28 1 4 15 710
20 33 1 2 5 710
20 35 1 2 21 710
20 38 1 2 6 710
20 39 1 3 4 710
20 40 1 1 21 710
20 41 1 4 11 710
20 43 1 3 9 710
20 44 1 5 10 710
20 45 1 3 3 710
20 46 1 3 6 710
20 48 1 1 24 710
20 49 1 1 24 710
20 50 1 4 17 710
20 54 1 3 25 710
20 55 1 2 15 710
20 56 1 1 24 710
20 57 1 2 6 710
20 58 1 1 2 710
20 59 1 5 1 710
20 61 1 4 23 710
20 62 1 4 12 710
20 65 1 1 22 710
20 69 1 5 15 710
20 70 1 5 20 710
20 72 1 3 6 710
20 75 1 5 2 710
20 78 1 2 21 710
20 81 1 3 7 710
20 83 1 3 7 710
20 84 1 1 9 710
20 85 1 4 21 710
20 86 1 4 16 710
20 87 1 4 14 710
20 88 1 2 15 710
20 90 1 1 20 710
20 91 1 4 19 710
20 92 1 5 16 710
20 94 1 3 16 710
20 95 1 1 8 710
20 96 1 2 14 710
20 97 1 1 12 710
21 0 4 3 16 759
21 1 4 4 22 759
21 2 4 1 22 759
21 3 4 5 15 759
21 6 4 4 15 759
21 9 4 5 2 759
21 10 4 3 25 759
21 12 4 5 4 759
21 13 4 5 24 759
21 16 4 4 13 759
21 20 4 1 19 759
21 22 4 4 17 759
21 27 4 4 14 759
21 29 4 5 1 759
21 30 4 4 21 759
21 31 4 5 17 759
21 32 4 5 25 759
21 37 4 1 25 759
21 40 4 1 16 759
21 41 4 4 23 759
21 44 4 5 22 759
21 46 4 3 6 759
21 48 4 1 19 759
21 50 4 4 16 759
21 52 4 2 16 759
21 53 4 5 10 759
21 54 4 3 6 759
21 55 4 2 6 759
21 56 4 1 10 759
21 60 4 2 22 759
21 61 4 4 6 759
21 62 4 4 21 759
21 63 4 1 17 759
21 65 4 1 6 759
21 66 4 3 23 759
21 68 4 1 1 759
21 69 4 5 7 759
21 71 4 2 3 759
21 72 4 3 13 759
21 73 4 5 14 759
21 74 4 4 18 759
21 78 4 2 1 759
21 79 4 4 18 759
21 82 4 4 15 759
21 83 4 3 15 759
21 84 4 1 4 759
21 86 4 4 10 759
21 87 4 4 2 759
21 88 4 2 16 759
21 89 4 4 4 759
21 93 4 2 4 759
21 94 4 3 20 759
21 96 4 2 6 759
21 98 4 2 3 759
21 99 4 3 19 759
22 0 4 3 13 873
22 2 4 1 23 873
22 5 4 5 9 873
22 7 4 2 4 873
22 11 4 1 18 873
22 15 4 2 17 873
22 17 4 1 5 873
22 18 4 5 7 873
22 19 4 5 16 873
22 21 4 4 17 873
22 25 4 3 24 873
22 26 4 1 15 873
22 30 4 4 22 873
22 31 4 5 20 873
22 32 4 5 14 873
22 33 4 2 3 873
22 34 4 5 22 873
22 35 4 2 23 873
22 36 4 2 12 873
22 37 4 1 4 873
22 39 4 3 1 873
22 42 4 1 8 873
22 43 4 3 4 873
22 44 4 5 15 873
22 45 4 3 24 873
22 55 4 2 10 873
22 56 4 1 21 873
22 58 4 1 4 873
22 59 4 5 5 873
22 63 4 1 5 873
22 65 4 1 5 873
22 70 4 5 8 873
22 76 4 4 23 873
22 77 4 2 6 873
22 79 4 4 9 873
22 80 4 3 7 873
22 81 4 3 17 873
22 83 4 3 1 873
22 84 4 1 13 873
22 86 4 4 23 873
22 87 4 4 16 873
22 89 4 4 24 873
22 92 4 5 21 873
22 94 4 3 18 873
22 98 4 2 15 873
22 99 4 3 4 873
23 1 5 4 11 893
23 5 5 5 3 893
23 6 5 4 22 893
23 8 5 3 14 893
23 9 5 5 9 893
23 14 5 5 6 893
23 15 5 2 25 893
23 17 5 1 5 893
23 18 5 5 9 893
23 19 5 5 3 893
23 24 5 5 9 893
23 25 5 3 24 893
23 26 5 1 8 893
23 27 5 4 3 893
23 29 5 5 20 893
23 32 5 5 17 893
23 34 5 5 5 893
23 35 5 2 11 893
23 36 5 2 22 893
23 40 5 1 17 893
23 43 5 3 13 893
23 47 5 1 4 893
23 52 5 2 12 893
23 54 5 3 13 893
23 55 5 2 12 893
23 57 5 2 20 893
23 59 5 5 4 893
23 60 5 2 17 893
23 61 5 4 13 893
23 64 5 4 8 893
23 65 5 1 21 893
23 66 5 3 21 893
23 67 5 4 25 893
23 68 5 1 8 893
23 71 5 2 2 893
23 75 5 5 11 893
23 76 5 4 8 893
23 77 5 2 15 893
23 78 5 2 22 893
23 80 5 3 13 893
23 81 5 3 5 893
23 84 5 1 18 893
23 85 5 4 4 893
23 86 5 4 1 893
23 87 5 4 17 893
23 88 5 2 21 893
23 89 5 4 8 893
23 91 5 4 9 893
23 92 5 5 11 893
23 95 5 1 11 893
23 96 5 2 25 893
24 1 5 4 21 907
24 3 5 5 7 907
24 11 5 1 15 907
24 15 5 2 24 907
24 16 5 4 4 907
24 18 5 5 25 907
24 23 5 5 9 907
24 25 5 3 23 907
24 26 5 1 11 907
24 28 5 4 4 907
24 29 5 5 7 907
24 36 5 2 18 907
24 41 5 4 13 907
24 42 5 1 21 907
24 44 5 5 3 907
24 47 5 1 16 907
24 48 5 1 1 907
24 51 5 4 23 907
24 52 5 2 10 907
24 53 5 5 13 907
24 54 5 3 2 907
24 63 5 1 20 907
24 64 5 4 14 907
24 66 5 3 6 907
24 68 5 1 13 907
24 70 5 5 9 907
24 71 5 2 23 907
24 73 5 5 2 907
24 76 5 4 16 907
24 77 5 2 18 907
24 79 5 4 6 907
24 81 5 3 20 907
24 85 5 4 13 907
24 86 5 4 19 907
24 87 5 4 24 907
24 88 5 2 19 907
24 89 5 4 1 907
24 91 5 4 24 907
24 93 5 2 4 907
24 95 5 1 15 907
24 96 5 2 18 907
24 97 5 1 19 907
25 0 3 3 22 920
25 1 3 4 18 920
25 2 3 1 18 920
25 3 3 5 6 920
25 4 3 1 1 920
25 7 3 2 1 920
25 8 3 3 7 920
25 9 3 5 18 920
25 10 3 3 12 920
25 12 3 5 3 920
25 13 3 5 20 920
25 16 3 4 25 920
25 18 3 5 19 920
25 19 3 5 1 920
25 22 3 4 24 920
25 23 3 5 24 920
25 24 3 5 23 920
25 27 3 4 12 920
25 29 3 5 5 920
25 32 3 5 1 920
25 33 3 2 8 920
25 36 3 2 13 920
25 39 3 3 7 920
25 40 3 1 7 920
25 41 3 4 6 920
25 43 3 3 18 920
25 48 3 1 2 920
25 49 3 1 1 920
25 51 3 4 12 920
25 52 3 2 19 920
25 54 3 3 21 920
25 55 3 2 5 920
25 56 3 1 24 920
25 59 3 5 4 920
25 60 3 2 2 920
25 63 3 1 14 920
25 64 3 4 1 920
25 66 3 3 22 920
25 67 3 4 5 920
25 68 3 1 7 920
25 73 3 5 16 920
25 75 3 5 23 920
25 78 3 2 11 920
25 79 3 4 5 920
25 82 3 4 6 920
25 87 3 4 22 920
25 88 3 2 14 920
25 92 3 5 7 920
25 93 3 2 22 920
25 95 3 1 20 920
25 97 3 1 6 920
25 99 3 3 14 920
26 2 1 1 23 466
26 3 1 5 22 466
26 6 1 4 7 466
26 11 1 1 17 466
26 12 1 5 16 466
26 14 1 5 15 466
26 17 1 1 8 466
26 22 1 4 15 466
26 23 1 5 8 466
26 24 1 5 11 466
26 29 1 5 12 466
26 30 1 4 23 466
26 31 1 5 25 466
26 34 1 5 5 466
26 35 1 2 6 466
26 37 1 1 22 466
26 39 1 3 17 466
26 42 1 1 24 466
26 46 1 3 2 466
26 47 1 1 10 466
26 48 1 1 13 466
26 49 1 1 13 466
26 55 1 2 2 466
26 56 1 1 12 466
26 57 1 2 15 466
26 59 1 5 20 466
26 63 1 1 19 466
26 65 1 1 4 466
26 66 1 3 3 466
26 67 1 4 25 466
26 68 1 1 13 466
26 75 1 5 22 466
26 76 1 4 9 466
26 80 1 3 17 466
26 81 1 3 23 466
26 82 1 4 8 466
26 83 1 3 13 466
26 84 1 1 25 466
26 85 1 4 13 466
26 89 1 4 15 466
26 90 1 1 22 466
26 91 1 4 10 466
26 92 1 5 4 466
26 94 1 3 24 466
26 95 1 1 12 466
26 97 1 1 16 466
26 98 1 2 11 466
26 99 1 3 22 466
27 4 4 1 13 523
27 7 4 2 23 523
27 11 4 1 6 523
27 12 4 5 8 523
27 14 4 5 4 523
27 15 4 2 22 523
27 17 4 1 5 523
27 18 4 5 10 523
27 19 4 5 1 523
27 21 4 4 14 523
27 23 4 5 3 523
27 25 4 3 12 523
27 29 4 5 22 523
27 30 4 4 23 523
27 32 4 5 17 523
27 33 4 2 6 523
27 34 4 5 9 523
27 35 4 2 9 523
27 36 4 2 10 523
27 38 4 2 17 523
27 39 4 3 1 523
27 40 4 1 10 523
27 41 4 4 8 523
27 42 4 1 12 523
27 47 4 1 24 523
27 49 4 1 9 523
27 52 4 2 1 523
27 53 4 5 13 523
27 57 4 2 24 523
27 58 4 1 15 523
27 59 4 5 20 523
27 64 4 4 19 523
27 66 4 3 17 523
27 67 4 4 21 523
27 68 4 1 11 523
27 70 4 5 14 523
27 71 4 2 23 523
27 72 4 3 23 523
27 75 4 5 16 523
27 78 4 2 18 523
27 81 4 3 19 523
27 82 4 4 1 523
27 84 4 1 4 523
27 88 4 2 11 523
27 89 4 4 19 523
27 90 4 1 10 523
27 92 4 5 17 523
28 0 4 3 16 315
28 1 4 4 7 315
28 5 4 5 16 315
28 7 4 2 12 315
28 9 4 5 18 315
28 10 4 3 2 315
28 11 4 1 20 315
28 12 4 5 17 315
28 13 4 5 4 315
28 16 4 4 16 315
28 20 4 1 15 315
28 24 4 5 4 315
28 29 4 5 22 315
28 31 4 5 25 315
28 35 4 2 1 315
28 37 4 1 20 315
28 39 4 3 19 315
28 40 4 1 17 315
28 41 4 4 5 315
28 46 4 3 12 315
28 47 4 1 22 315
28 48 4 1 23 315
28 53 4 5 18 315
28 55 4 2 10 315
28 57 4 2 10 315
28 58 4 1 2 315
28 62 4 4 5 315
28 64 4 4 13 315
28 65 4 1 11 315
28 66 4 3 6 315
28 67 4 4 15 315
28 68 4 1 21 315
28 72 4 3 13 315
28 76 4 4 10 315
28 81 4 3 14 315
28 84 4 1 12 315
28 87 4 4 15 315
28 88 4 2 20 315
28 89 4 4 2 315
28 90 4 1 18 315
28 93 4 2 17 315
28 94 4 3 9 315
28 98 4 2 18 315
29 1 5 4 7 400
29 2 5 1 20 400
29 3 5 5 13 400
29 4 5 1 20 400
29 5 5 5 10 400
29 6 5 4 16 400
29 7 5 2 23 400
29 8 5 3 22 400
29 9 5 5 1 400
29 12 5 5 6 400
29 15 5 2 1 400
29 17 5 1 4 400
29 18 5 5 11 400
29 21 5 4 1 400
29 23 5 5 20 400
29 24 5 5 7 400
29 25 5 3 5 400
29 26 5 1 12 400
29 27 5 4 22 400
29 28 5 4 22 400
29 33 5 2 7 400
29 41 5 4 17 400
29 42 5 1 21 400
29 43 5 3 17 400
29 44 5 5 11 400
29 47 5 1 13 400
29 48 5 1 9 400
29 49 5 1 7 400
29 52 5 2 13 400
29 53 5 5 22 400
29 54 5 3 4 400
29 58 5 1 10 400
29 60 5 2 5 400
29 62 5 4 4 400
29 63 5 1 21 400
29 65 5 1 9 400
29 66 5 3 4 400
29 70 5 5 23 400
29 71 5 2 22 400
29 73 5 5 2 400
29 74 5 4 5 400
29 76 5 4 5 400
29 77 5 2 15 400
29 79 5 4 3 400
29 80 5 3 23 400
29 81 5 3 16 400
29 82 5 4 9 400
29 86 5 4 13 400
29 87 5 4 20 400
29 88 5 2 13 400
29 89 5 4 22 400
29 90 5 1 13 400
29 92 5 5 11 400
29 94 5 3 5 400
29 95 5 1 8 400
29 96 5 2 8 400
29 97 5 1 14 400
30 0 4 3 2 109
30 1 4 4 3 109
30 2 4 1 4 109
30 5 4 5 12 109
30 7 4 2 20 109
30 9 4 5 5 109
30 10 4 3 17 109
30 15 4 2 24 109
30 17 4 1 22 109
30 19 4 5 11 109
30 21 4 4 21 109
30 22 4 4 22 109
30 26 4 1 23 109
30 27 4 4 23 109
30 34 4 5 18 109
30 35 4 2 19 109
30 37 4 1 22 109
30 39 4 3 10 109
30 42 4 1 10 109
30 43 4 3 11 109
30 44 4 5 9 109
30 46 4 3 9 109
30 47 4 1 23 109
30 48 4 1 17 109
30 49 4 1 2 109
30 50 4 4 20 109
30 51 4 4 11 109
30 53 4 5 16 109
30 56 4 1 5 109
30 58 4 1 24 109
30 60 4 2 7 109
30 63 4 1 14 109
30 66 4 3 1 109
30 68 4 1 10 109
30 69 4 5 14 109
30 71 4 2 13 109
30 73 4 5 8 109
30 78 4 2 11 109
30 79 4 4 14 109
30 82 4 4 12 109
30 84 4 1 13 109
30 91 4 4 20 109
30 92 4 5 1 109
30 93 4 2 20 109
30 94 4 3 5 109
30 95 4 1 14 109
30 96 4 2 2 109
30 98 4 2 3 109
31 0 5 3 2 768
31 6 5 4 12 768
31 9 5 5 13 768
31 10 5 3 4 768
31 13 5 5 4 768
31 14 5 5 17 768
31 18 5 5 18 768
31 21 5 4 17 768
31 22 5 4 20 768
31 26 5 1 25 768
31 28 5 4 25 768
31 32 5 5 20 768
31 34 5 5 2 768
31 46 5 3 21 768
31 48 5 1 16 768
31 50 5 4 21 768
31 51 5 4 16 768
31 52 5 2 19 768
31 57 5 2 12 768
31 58 5 1 21 768
31 59 5 5 23 768
31 62 5 4 6 768
31 63 5 1 16 768
31 64 5 4 6 768
31 65 5 1 16 768
31 67 5 4 25 768
31 70 5 5 19 768
31 72 5 3 7 768
31 73 5 5 6 768
31 78 5 2 5 768
31 79 5 4 18 768
31 86 5 4 21 768
31 88 5 2 1 768
31 89 5 4 2 768
31 92 5 5 13 768
31 93 5 2 6 768
31 95 5 1 8 768
31 97 5 1 4 768
31 98 5 2 22 768
31 99 5 3 2 768
32 1 5 4 22 936
32 4 5 1 6 936
32 5 5 5 22 936
32 7 5 2 20 936
32 9 5 5 22 936
32 10 5 3 10 936
32 11 5 1 20 936
32 16 5 4 6 936
32 18 5 5 23 936
32 21 5 4 25 936
32 22 5 4 14 936
32 23 5 5 17 936
32 25 5 3 1 936
32 27 5 4 17 936
32 31 5 5 20 936
32 36 5 2 6 936
32 41 5 4 10 936
32 42 5 1 9 936
32 43 5 3 25 936
32 46 5 3 21 936
32 48 5 1 24 936
32 49 5 1 19 936
32 51 5 4 20 936
32 54 5 3 25 936
32 55 5 2 4 936
32 57 5 2 7 936
32 58 5 1 21 936
32 59 5 5 21 936
32 62 5 4 11 936
32 63 5 1 17 936
32 64 5 4 6 936
32 67 5 4 4 936
32 69 5 5 20 936
32 73 5 5 12 936
32 75 5 5 2 936
32 76 5 4 10 936
32 80 5 3 6 936
32 81 5 3 6 936
32 87 5 4 8 936
32 89 5 4 2 936
32 94 5 3 9 936
32 96 5 2 24 936
32 98 5 2 4 936
32 99 5 3 16 936
33 0 2 3 21 758
33 1 2 4 25 758
33 5 2 5 16 758
33 9 2 5 20 758
33 12 2 5 17 758
33 13 2 5 17 758
33 14 2 5 23 758
33 15 2 2 18 758
33 17 2 1 19 758
33 19 2 5 18 758
33 20 2 1 5 758
33 22 2 4 3 758
33 25 2 3 8 758
33 27 2 4 6 758
33 29 2 5 7 758
33 34 2 5 2 758
33 35 2 2 14 758
33 36 2 2 10 758
33 37 2 1 18 758
33 38 2 2 18 758
33 41 2 4 3 758
33 42 2 1 23 758
33 44 2 5 22 758
33 45 2 3 4 758
33 46 2 3 13 758
33 48 2 1 24 758
33 49 2 1 9 758
33 52 2 2 22 758
33 56 2 1 14 758
33 57 2 2 10 758
33 61 2 4 17 758
33 65 2 1 5 758
33 67 2 4 12 758
33 68 2 1 13 758
33 69 2 5 19 758
33 71 2 2 1 758
33 72 2 3 16 758
33 73 2 5 14 758
33 76 2 4 8 758
33 77 2 2 3 758
33 80 2 3 25 758
33 82 2 4 12 758
33 83 2 3 18 758
33 85 2 4 5 758
33 86 2 4 22 758
33 87 2 4 10 758
33 89 2 4 3 758
33 90 2 1 12 758
33 91 2 4 19 758
33 93 2 2 19 758
33 98 2 2 1 758
33 99 2 3 20 758
34 0 5 3 12 263
34 1 5 4 20 263
34 2 5 1 10 263
34 5 5 5 4 263
34 10 5 3 14 263
34 12 5 5 2 263
34 13 5 5 25 263
34 15 5 2 19 263
34 16 5 4 9 263
34 18 5 5 11 263
34 19 5 5 2 263
34 22 5 4 22 263
34 23 5 5 5 263
34 26 5 1 5 263
34 27 5 4 9 263
34 30 5 4 18 263
34 31 5 5 2 263
34 33 5 2 2 263
34 35 5 2 9 263
34 38 5 2 16 263
34 40 5 1 3 263
34 41 5 4 24 263
34 42 5 1 15 263
34 43 5 3 16 263
34 45 5 3 16 263
34 47 5 1 25 263
34 48 5 1 25 263
34 52 5 2 18 263
34 54 5 3 5 263
34 56 5 1 16 263
34 57 5 2 20 263
34 58 5 1 22 263
34 60 5 2 18 263
34 62 5 4 14 263
34 66 5 3 9 263
34 68 5 1 9 263
34 69 5 5 2 263
34 70 5 5 25 263
34 71 5 2 3 263
34 75 5 5 7 263
34 79 5 4 8 263
34 84 5 1 24 263
34 85 5 4 16 263
34 87 5 4 16 263
34 88 5 2 13 263
34 89 5 4 12 263
34 90 5 1 3 263
34 91 5 4 20 263
34 92 5 5 16 263
34 93 5 2 13 263
34 94 5 3 1 263
34 97 5 1 11 263
35 1 2 4 5 542
35 2 2 1 9 542
35 6 2 4 19 542
35 9 2 5 6 542
35 10 2 3 17 542
35 13 2 5 21 542
35 15 2 2 16 542
35 17 2 1 24 542
35 19 2 5 2 542
35 20 2 1 21 542
35 22 2 4 23 542
35 23 2 5 11 542
35 26 2 1 6 542
35 27 2 4 9 542
35 28 2 4 1 542
35 30 2 4 19 542
35 33 2 2 14 542
35 34 2 5 9 542
35 36 2 2 13 542
35 42 2 1 6 542
35 43 2 3 8 542
35 44 2 5 8 542
35 45 2 3 13 542
35 47 2 1 18 542
35 48 2 1 6 542
35 51 2 4 6 542
35 52 2 2 7 542
35 59 2 5 21 542
35 60 2 2 21 542
35 61 2 4 20 542
35 62 2 4 12 542
35 64 2 4 15 542
35 68 2 1 15 542
35 69 2 5 19 542
35 70 2 5 7 542
35 71 2 2 9 542
35 72 2 3 10 542
35 73 2 5 13 542
35 74 2 4 18 542
35 75 2 5 8 542
35 76 2 4 9 542
35 78 2 2 23 542
35 79 2 4 25 542
35 83 2 3 3 542
35 84 2 1 17 542
35 86 2 4 7 542
35 87 2 4 16 542
35 89 2 4 9 542
35 90 2 1 18 542
35 92 2 5 24 542
35 94 2 3 12 542
35 97 2 1 9 542
35 98 2 2 5 542
36 1 2 4 21 130
36 3 2 5 10 130
36 4 2 1 15 130
36 5 2 5 5 130
36 7 2 2 17 130
36 10 2 3 4 130
36 11 2 1 25 130
36 12 2 5 7 130
36 14 2 5 18 130
36 18 2 5 18 130
36 22 2 4 12 130
36 23 2 5 22 130
36 24 2 5 18 130
36 25 2 3 13 130
36 27 2 4 10 130
36 32 2 5 6 130
36 33 2 2 10 130
36 35 2 2 13 130
36 39 2 3 23 130
36 41 2 4 21 130
36 43 2 3 16 130
36 44 2 5 14 130
36 46 2 3 19 130
36 51 2 4 5 130
36 52 2 2 21 130
36 54 2 3 25 130
36 55 2 2 25 130
36 57 2 2 21 130
36 58 2 1 19 130
36 60 2 2 24 130
36 62 2 4 18 130
36 64 2 4 4 130
36 66 2 3 13 130
36 67 2 4 23 130
36 69 2 5 14 130
36 71 2 2 12 130
36 77 2 2 21 130
36 81 2 3 7 130
36 82 2 4 18 130
36 85 2 4 19 130
36 86 2 4 16 130
36 89 2 4 17 130
36 90 2 1 5 130
36 93 2 2 14 130
36 94 2 3 11 130
36 96 2 2 9 130
36 97 2 1 18 130
36 98 2 2 1 130
36 99 2 3 14 130
37 5 1 5 7 830
37 6 1 4 15 830
37 7 1 2 3 830
37 10 1 3 21 830
37 14 1 5 22 830
37 15 1 2 8 830
37 19 1 5 20 830
37 21 1 4 25 830
37 22 1 4 4 830
37 26 1 1 22 830
37 28 1 4 20 830
37 30 1 4 22 830
37 33 1 2 18 830
37 41 1 4 15 830
37 42 1 1 15 830
37 43 1 3 24 830
37 44 1 5 2 830
37 45 1 3 16 830
37 48 1 1 3 830
37 50 1 4 3 830
37 51 1 4 11 830
37 52 1 2 4 830
37 55 1 2 25 830
37 56 1 1 12 830
37 58 1 1 1 830
37 59 1 5 12 830
37 64 1 4 5 830
37 66 1 3 25 830
37 69 1 5 23 830
37 71 1 2 4 830
37 74 1 4 15 830
37 75 1 5 13 830
37 76 1 4 9 830
37 77 1 2 24 830
37 78 1 2 11 830
37 80 1 3 1 830
37 82 1 4 24 830
37 83 1 3 21 830
37 84 1 1 23 830
37 85 1 4 20 830
37 86 1 4 4 830
37 87 1 4 13 830
37 89 1 4 18 830
37 92 1 5 18 830
37 93 1 2 13 830
37 94 1 3 21 830
38 0 2 3 14 375
38 3 2 5 16 375
38 4 2 1 18 375
38 7 2 2 17 375
38 8 2 3 14 375
38 12 2 5 1 375
38 15 2 2 14 375
38 16 2 4 4 375
38 18 2 5 23 375
38 19 2 5 12 375
38 20 2 1 6 375
38 27 2 4 17 375
38 33 2 2 18 375
38 34 2 5 16 375
38 40 2 1 5 375
38 42 2 1 23 375
38 43 2 3 21 375
38 44 2 5 15 375
38 46 2 3 15 375
38 47 2 1 23 375
38 49 2 1 21 375
38 50 2 4 7 375
38 53 2 5 1 375
38 54 2 3 24 375
38 55 2 2 8 375
38 56 2 1 3 375
38 58 2 1 8 375
38 59 2 5 12 375
38 62 2 4 25 375
38 64 2 4 18 375
38 67 2 4 13 375
38 70 2 5 20 375
38 72 2 3 20 375
38 75 2 5 11 375
38 76 2 4 22 375
38 79 2 4 14 375
38 81 2 3 8 375
38 82 2 4 16 375
38 83 2 3 17 375
38 85 2 4 23 375
38 86 2 4 7 375
38 90 2 1 23 375
38 92 2 5 20 375
38 93 2 2 3 375
38 94 2 3 23 375
38 96 2 2 18 375
38 97 2 1 21 375
38 98 2 2 1 375
38 99 2 3 13 375
39 0 3 3 10 689
39 1 3 4 17 689
39 4 3 1 14 689
39 6 3 4 16 689
39 14 3 5 7 689
39 15 3 2 21 689
39 19 3 5 11 689
39 20 3 1 4 689
39 22 3 4 1 689
39 25 3 3 7 689
39 26 3 1 17 689
39 27 3 4 1 689
39 28 3 4 19 689
39 30 3 4 10 689
39 36 3 2 23 689
39 41 3 4 13 689
39 42 3 1 7 689
39 43 3 3 18 689
39 45 3 3 9 689
39 46 3 3 13 689
39 52 3 2 7 689
39 54 3 3 19 689
39 55 3 2 21 689
39 56 3 1 14 689
39 57 3 2 15 689
39 60 3 2 1 689
39 61 3 4 11 689
39 62 3 4 19 689
39 63 3 1 9 689
39 64 3 4 11 689
39 65 3 1 17 689
39 66 3 3 10 689
39 68 3 1 22 689
39 69 3 5 25 689
39 70 3 5 1 689
39 72 3 3 9 689
39 73 3 5 14 689
39 74 3 4 8 689
39 75 3 5 6 689
39 77 3 2 8 689
39 79 3 4 10 689
39 80 3 3 24 689
39 83 3 3 15 689
39 84 3 1 18 689
39 85 3 4 9 689
39 87 3 4 17 689
39 88 3 2 20 689
39 90 3 1 8 689
39 93 3 2 13 689
39 94 3 3 22 689
39 98 3 2 21 689
40 0 1 3 6 722
40 1 1 4 2 722
40 2 1 1 8 722
40 4 1 1 7 722
40 7 1 2 19 722
40 8 1 3 10 722
40 11 1 1 4 722
40 12 1 5 1 722
40 13 1 5 5 722
40 14 1 5 13 722
40 19 1 5 9 722
40 20 1 1 21 722
40 21 1 4 16 722
40 23 1 5 17 722
40 25 1 3 7 722
40 27 1 4 10 722
40 28 1 4 17 722
40 34 1 5 3 722
40 38 1 2 5 722
40 42 1 1 23 722
40 43 1 3 15 722
40 44 1 5 12 722
40 45 1 3 7 722
40 46 1 3 19 722
40 47 1 1 21 722
40 48 1 1 11 722
40 50 1 4 8 722
40 54 1 3 3 722
40 56 1 1 7 722
40 57 1 2 19 722
40 58 1 1 4 722
40 59 1 5 25 722
40 63 1 1 16 722
40 64 1 4 11 722
40 65 1 1 16 722
40 66 1 3 6 722
40 67 1 4 2 722
40 70 1 5 11 722
40 71 1 2 4 722
40 73 1 5 17 722
40 75 1 5 25 722
40 76 1 4 5 722
40 77 1 2 10 722
40 81 1 3 25 722
40 88 1 2 11 722
40 90 1 1 6 722
40 91 1 4 22 722
40 95 1 1 16 722
40 96 1 2 23 722
40 97 1 1 22 722
41 2 4 1 7 297
41 4 4 1 12 297
41 5 4 5 21 297
41 9 4 5 4 297
41 10 4 3 1 297
41 11 4 1 16 297
41 13 4 5 24 297
41 16 4 4 20 297
41 20 4 1 11 297
41 21 4 4 23 297
41 24 4 5 13 297
41 25 4 3 6 297
41 27 4 4 8 297
41 28 4 4 5 297
41 29 4 5 17 297
41 32 4 5 10 297
41 33 4 2 3 297
41 34 4 5 24 297
41 36 4 2 21 297
41 37 4 1 15 297
41 39 4 3 13 297
41 43 4 3 13 297
41 45 4 3 21 297
41 46 4 3 1 297
41 50 4 4 16 297
41 51 4 4 17 297
41 53 4 5 6 297
41 54 4 3 6 297
41 61 4 4 21 297
41 62 4 4 12 297
41 66 4 3 3 297
41 67 4 4 18 297
41 68 4 1 7 297
41 72 4 3 1 297
41 73 4 5 13 297
41 74 4 4 18 297
41 75 4 5 20 297
41 77 4 2 22 297
41 78 4 2 3 297
41 80 4 3 2 297
41 83 4 3 8 297
41 85 4 4 15 297
41 88 4 2 24 297
41 89 4 4 4 297
41 90 4 1 4 297
41 93 4 2 3 297
41 98 4 2 9 297
41 99 4 3 13 297
42 0 1 3 17 66
42 1 1 4 22 66
42 2 1 1 12 66
42 4 1 1 16 66
42 5 1 5 4 66
42 6 1 4 1 66
42 7 1 2 2 66
42 8 1 3 5 66
42 13 1 5 8 66
42 17 1 1 14 66
42 18 1 5 25 66
42 19 1 5 23 66
42 22 1 4 8 66
42 24 1 5 21 66
42 26 1 1 24 66
42 27 1 4 12 66
42 29 1 5 21 66
42 30 1 4 10 66
42 32 1 5 9 66
42 33 1 2 23 66
42 34 1 5 15 66
42 35 1 2 6 66
42 37 1 1 15 66
42 38 1 2 23 66
42 39 1 3 7 66
42 40 1 1 23 66
42 43 1 3 16 66
42 49 1 1 23 66
42 50 1 4 17 66
42 56 1 1 13 66
42 57 1 2 24 66
42 58 1 1 18 66
42 60 1 2 17 66
42 61 1 4 16 66
42 65 1 1 6 66
42 66 1 3 12 66
42 67 1 4 12 66
42 68 1 1 13 66
42 70 1 5 19 66
42 75 1 5 10 66
42 80 1 3 1 66
42 81 1 3 16 66
42 83 1 3 13 66
42 84 1 1 20 66
42 85 1 4 16 66
42 87 1 4 12 66
42 88 1 2 8 66
42 89 1 4 10 66
42 90 1 1 20 66
42 94 1 3 5 66
42 95 1 1 16 66
42 97 1 1 11 66
42 99 1 3 17 66
43 0 3 3 24 829
43 2 3 1 10 829
43 4 3 1 8 829
43 10 3 3 3 829
43 11 3 1 25 829
43 13 3 5 22 829
43 16 3 4 12 829
43 20 3 1 9 829
43 22 3 4 4 829
43 23 3 5 13 829
43 25 3 3 18 829
43 29 3 5 17 829
43 30 3 4 11 829
43 32 3 5 25 829
43 34 3 5 16 829
43 35 3 2 8 829
43 36 3 2 16 829
43 37 3 1 24 829
43 38 3 2 21 829
43 39 3 3 18 829
43 40 3 1 15 829
43 41 3 4 13 829
43 42 3 1 16 829
43 44 3 5 19 829
43 46 3 3 18 829
43 47 3 1 15 829
43 48 3 1 24 829
43 53 3 5 16 829
43 56 3 1 4 829
43 62 3 4 20 829
43 63 3 1 1 829
43 67 3 4 20 829
43 73 3 5 2 829
43 75 3 5 5 829
43 76 3 4 20 829
43 77 3 2 19 829
43 78 3 2 3 829
43 79 3 4 25 829
43 81 3 3 15 829
43 82 3 4 7 829
43 83 3 3 22 829
43 87 3 4 24 829
43 88 3 2 2 829
43 92 3 5 21 829
43 93 3 2 2 829
43 94 3 3 1 829
43 96 3 2 22 829
43 98 3 2 20 829
44 2 5 1 9 360
44 5 5 5 16 360
44 6 5 4 5 360
44 9 5 5 4 360
44 10 5 3 12 360
44 17 5 1 8 360
44 18 5 5 23 360
44 19 5 5 9 360
44 20 5 1 10 360
44 21 5 4 22 360
44 22 5 4 15 360
44 24 5 5 3 360
44 29 5 5 11 360
44 30 5 4 9 360
44 33 5 2 22 360
44 35 5 2 8 360
44 36 5 2 14 360
44 37 5 1 2 360
44 38 5 2 15 360
44 40 5 1 12 360
44 43 5 3 19 360
44 46 5 3 22 360
44 49 5 1 1 360
44 53 5 5 6 360
44 54 5 3 21 360
44 58 5 1 4 360
44 59 5 5 20 360
44 63 5 1 7 360
44 68 5 1 19 360
44 70 5 5 21 360
44 71 5 2 16 360
44 72 5 3 6 360
44 73 5 5 8 360
44 74 5 4 21 360
44 75 5 5 8 360
44 77 5 2 19 360
44 82 5 4 6 360
44 83 5 3 18 360
44 84 5 1 9 360
44 85 5 4 23 360
44 88 5 2 20 360
44 89 5 4 9 360
44 91 5 4 20 360
44 93 5 2 3 360
44 95 5 1 15 360
44 96 5 2 5 360
44 97 5 1 3 360
45 1 3 4 5 999
45 4 3 1 12 999
45 5 3 5 8 999
45 6 3 4 2 999
45 7 3 2 20 999
45 8 3 3 11 999
45 10 3 3 1 999
45 13 3 5 17 999
45 15 3 2 2 999
45 16 3 4 21 999
45 18 3 5 20 999
45 20 3 1 3 999
45 22 3 4 24 999
45 33 3 2 4 999
45 34 3 5 16 999
45 35 3 2 13 999
45 37 3 1 16 999
45 39 3 3 9 999
45 40 3 1 7 999
45 41 3 4 21 999
45 47 3 1 23 999
45 52 3 2 17 999
45 53 3 5 23 999
45 55 3 2 16 999
45 56 3 1 13 999
45 57 3 2 22 999
45 58 3 1 2 999
45 61 3 4 21 999
45 62 3 4 14 999
45 63 3 1 23 999
45 69 3 5 15 999
45 72 3 3 17 999
45 73 3 5 5 999
45 76 3 4 3 999
45 77 3 2 4 999
45 80 3 3 22 999
45 83 3 3 5 999
45 84 3 1 7 999
45 85 3 4 15 999
45 87 3 4 5 999
45 88 3 2 17 999
45 89 3 4 4 999
45 90 3 1 18 999
45 94 3 3 25 999
45 95 3 1 22 999
45 96 3 2 17 999
45 98 3 2 3 999
46 1 3 4 16 194
46 2 3 1 13 194
46 5 3 5 14 194
46 8 3 3 17 194
46 9 3 5 16 194
46 10 3 3 25 194
46 14 3 5 22 194
46 18 3 5 19 194
46 19 3 5 8 194
46 20 3 1 6 194
46 21 3 4 6 194
46 26 3 1 2 194
46 28 3 4 12 194
46 30 3 4 9 194
46 31 3 5 21 194
46 32 3 5 21 194
46 33 3 2 13 194
46 36 3 2 19 194
46 38 3 2 15 194
46 39 3 3 13 194
46 40 3 1 19 194
46 41 3 4 1 194
46 43 3 3 18 194
46 44 3 5 22 194
46 47 3 1 5 194
46 54 3 3 2 194
46 56 3 1 11 194
46 61 3 4 18 194
46 64 3 4 9 194
46 65 3 1 1 194
46 66 3 3 23 194
46 70 3 5 6 194
46 74 3 4 25 194
46 75 3 5 9 194
46 76 3 4 16 194
46 80 3 3 11 194
46 81 3 3 16 194
46 82 3 4 12 194
46 83 3 3 15 194
46 86 3 4 22 194
46 87 3 4 12 194
46 90 3 1 19 194
46 91 3 4 9 194
46 92 3 5 11 194
46 93 3 2 18 194
46 98 3 2 19 194
46 99 3 3 13 194
47 0 1 3 1 591
47 1 1 4 18 591
47 3 1 5 13 591
47 5 1 5 15 591
47 10 1 3 16 591
47 13 1 5 11 591
47 14 1 5 22 591
47 17 1 1 24 591
47 18 1 5 12 591
47 19 1 5 21 591
47 23 1 5 4 591
47 24 1 5 16 591
47 26 1 1 10 591
47 27 1 4 24 591
47 28 1 4 22 591
47 29 1 5 13 591
47 30 1 4 23 591
47 34 1 5 25 591
47 35 1 2 18 591
47 38 1 2 23 591
47 40 1 1 21 591
47 43 1 3 15 591
47 45 1 3 23 591
47 46 1 3 5 591
47 49 1 1 20 591
47 51 1 4 14 591
47 52 1 2 21 591
47 54 1 3 8 591
47 55 1 2 24 591
47 56 1 1 7 591
47 59 1 5 16 591
47 61 1 4 3 591
47 62 1 4 8 591
47 63 1 1 14 591
47 66 1 3 18 591
47 67 1 4 12 591
47 73 1 5 4 591
47 74 1 4 1 591
47 75 1 5 18 591
47 77 1 2 21 591
47 80 1 3 2 591
47 81 1 3 17 591
47 82 1 4 18 591
47 84 1 1 1 591
47 86 1 4 10 591
47 91 1 4 3 591
47 92 1 5 13 591
47 94 1 3 20 591
47 96 1 2 8 591
47 97 1 1 21 591
47 98 1 2 12 591
47 99 1 3 9 591
48 2 1 1 22 652
48 3 1 5 3 652
48 4 1 1 9 652
48 5 1 5 2 652
48 9 1 5 15 652
48 16 1 4 19 652
48 17 1 1 4 652
48 18 1 5 18 652
48 20 1 1 24 652
48 21 1 4 19 652
48 24 1 5 1 652
48 25 1 3 2 652
48 26 1 1 13 652
48 28 1 4 23 652
48 29 1 5 9 652
48 30 1 4 17 652
48 31 1 5 16 652
48 32 1 5 24 652
48 33 1 2 24 652
48 34 1 5 25 652
48 35 1 2 6 652
48 37 1 1 3 652
48 40 1 1 11 652
48 43 1 3 24 652
48 50 1 4 16 652
48 51 1 4 2 652
48 53 1 5 21 652
48 57 1 2 8 652
48 58 1 1 16 652
48 59 1 5 17 652
48 60 1 2 14 652
48 61 1 4 16 652
48 62 1 4 15 652
48 63 1 1 19 652
48 66 1 3 22 652
48 68 1 1 25 652
48 73 1 5 19 652
48 74 1 4 22 652
48 75 1 5 24 652
48 76 1 4 22 652
48 77 1 2 24 652
48 79 1 4 17 652
48 86 1 4 5 652
48 88 1 2 3 652
48 91 1 4 2 652
48 93 1 2 22 652
48 98 1 2 13 652
49 0 1 3 12 190
49 3 1 5 8 190
49 4 1 1 19 190
49 7 1 2 12 190
49 8 1 3 15 190
49 10 1 3 23 190
49 12 1 5 25 190
49 13 1 5 9 190
49 14 1 5 7 190
49 16 1 4 7 190
49 17 1 1 18 190
49 20 1 1 24 190
49 25 1 3 1 190
49 26 1 1 13 190
49 27 1 4 9 190
49 29 1 5 7 190
49 30 1 4 2 190
49 32 1 5 19 190
49 33 1 2 9 190
49 38 1 2 21 190
49 42 1 1 23 190
49 44 1 5 1 190
49 47 1 1 20 190
49 50 1 4 25 190
49 51 1 4 9 190
49 53 1 5 1 190
49 54 1 3 1 190
49 55 1 2 11 190
49 56 1 1 8 190
49 57 1 2 7 190
49 62 1 4 25 190
49 63 1 1 3 190
49 65 1 1 23 190
49 66 1 3 14 190
49 67 1 4 2 190
49 68 1 1 20 190
49 69 1 5 16 190
49 71 1 2 2 190
49 76 1 4 11 190
49 77 1 2 22 190
49 86 1 4 2 190
49 87 1 4 21 190
49 89 1 4 8 190
49 91 1 4 1 190
49 93 1 2 7 190
49 94 1 3 23 190
49 95 1 1 7 190
49 96 1 2 25 190
49 99 1 3 7 190
50 0 4 3 5 713
50 1 4 4 15 713
50 3 4 5 12 713
50 4 4 1 12 713
50 5 4 5 20 713
50 7 4 2 8 713
50 12 4 5 15 713
50 14 4 5 24 713
50 15 4 2 25 713
50 20 4 1 17 713
50 21 4 4 16 713
50 30 4 4 20 713
50 31 4 5 21 713
50 37 4 1 3 713
50 38 4 2 7 713
50 40 4 1 8 713
50 41 4 4 16 713
50 42 4 1 17 713
50 48 4 1 16 713
50 49 4 1 25 713
50 51 4 4 20 713
50 53 4 5 22 713
50 54 4 3 1 713
50 56 4 1 9 713
50 58 4 1 22 713
50 61 4 4 6 713
50 63 4 1 3 713
50 66 4 3 21 713
50 68 4 1 6 713
50 74 4 4 11 713
50 75 4 5 19 713
50 76 4 4 25 713
50 77 4 2 24 713
50 79 4 4 13 713
50 82 4 4 7 713
50 87 4 4 21 713
50 89 4 4 10 713
50 92 4 5 3 713
50 94 4 3 10 713
50 96 4 2 16 713
50 97 4 1 5 713
51 0 4 3 15 303
51 1 4 4 25 303
51 2 4 1 2 303
51 4 4 1 14 303
51 5 4 5 6 303
51 6 4 4 18 303
51 7 4 2 9 303
51 8 4 3 2 303
51 12 4 5 14 303
51 13 4 5 2 303
51 15 4 2 13 303
51 16 4 4 18 303
51 18 4 5 14 303
51 19 4 5 22 303
51 24 4 5 23 303
51 25 4 3 12 303
51 30 4 4 11 303
51 31 4 5 16 303
51 32 4 5 20 303
51 35 4 2 6 303
51 36 4 2 5 303
51 37 4 1 11 303
51 41 4 4 17 303
51 47 4 1 14 303
51 48 4 1 2 303
51 49 4 1 9 303
51 50 4 4 20 303
51 54 4 3 7 303
51 55 4 2 8 303
51 56 4 1 20 303
51 59 4 5 20 303
51 64 4 4 18 303
51 66 4 3 12 303
51 72 4 3 18 303
51 74 4 4 17 303
51 75 4 5 13 303
51 77 4 2 22 303
51 78 4 2 3 303
51 81 4 3 21 303
51 82 4 4 8 303
51 83 4 3 10 303
51 84 4 1 14 303
51 91 4 4 13 303
51 92 4 5 4 303
51 93 4 2 10 303
51 94 4 3 11 303
51 95 4 1 13 303
51 96 4 2 17 303
51 97 4 1 15 303
51 98 4 2 20 303
51 99 4 3 20 303
52 1 2 4 24 963
52 2 2 1 7 963
52 3 2 5 24 963
52 4 2 1 11 963
52 5 2 5 23 963
52 7 2 2 16 963
52 9 2 5 18 963
52 10 2 3 11 963
52 11 2 1 13 963
52 13 2 5 23 963
52 14 2 5 7 963
52 15 2 2 6 963
52 18 2 5 5 963
52 21 2 4 16 963
52 23 2 5 12 963
52 24 2 5 10 963
52 25 2 3 19 963
52 27 2 4 1 963
52 29 2 5 13 963
52 31 2 5 19 963
52 33 2 2 22 963
52 34 2 5 18 963
52 35 2 2 7 963
52 36 2 2 21 963
52 37 2 1 4 963
52 39 2 3 7 963
52 45 2 3 17 963
52 47 2 1 21 963
52 53 2 5 12 963
52 54 2 3 14 963
52 57 2 2 18 963
52 58 2 1 1 963
52 59 2 5 17 963
52 63 2 1 18 963
52 67 2 4 2 963
52 72 2 3 18 963
52 73 2 5 6 963
52 75 2 5 22 963
52 77 2 2 18 963
52 78 2 2 4 963
52 79 2 4 4 963
52 80 2 3 10 963
52 81 2 3 12 963
52 82 2 4 2 963
52 84 2 1 25 963
52 87 2 4 22 963
52 88 2 2 18 963
52 89 2 4 4 963
52 92 2 5 13 963
52 97 2 1 21 963
52 98 2 2 17 963
53 2 5 1 20 177
53 4 5 1 15 177
53 5 5 5 16 177
53 7 5 2 22 177
53 8 5 3 6 177
53 14 5 5 2 177
53 16 5 4 20 177
53 17 5 1 19 177
53 18 5 5 23 177
53 19 5 5 14 177
53 21 5 4 10 177
53 24 5 5 13 177
53 27 5 4 13 177
53 28 5 4 18 177
53 29 5 5 22 177
53 30 5 4 16 177
53 38 5 2 1 177
53 41 5 4 6 177
53 43 5 3 16 177
53 44 5 5 6 177
53 45 5 3 23 177
53 48 5 1 21 177
53 49 5 1 1 177
53 50 5 4 22 177
53 52 5 2 12 177
53 54 5 3 3 177
53 56 5 1 22 177
53 59 5 5 6 177
53 63 5 1 18 177
53 65 5 1 20 177
53 68 5 1 22 177
53 70 5 5 24 177
53 76 5 4 23 177
53 78 5 2 12 177
53 80 5 3 4 177
53 82 5 4 1 177
53 83 5 3 21 177
53 88 5 2 1 177
53 89 5 4 9 177
53 90 5 1 1 177
53 94 5 3 7 177
53 97 5 1 5 177
53 98 5 2 6 177
54 0 3 3 19 483
54 1 3 4 8 483
54 4 3 1 4 483
54 6 3 4 9 483
54 7 3 2 20 483
54 8 3 3 21 483
54 10 3 3 3 483
54 15 3 2 3 483
54 16 3 4 15 483
54 18 3 5 22 483
54 19 3 5 19 483
54 20 3 1 25 483
54 21 3 4 6 483
54 23 3 5 13 483
54 24 3 5 2 483
54 25 3 3 21 483
54 29 3 5 4 483
54 32 3 5 25 483
54 34 3 5 5 483
54 36 3 2 25 483
54 38 3 2 24 483
54 39 3 3 19 483
54 40 3 1 3 483
54 41 3 4 6 483
54 44 3 5 21 483
54 46 3 3 2 483
54 47 3 1 8 483
54 49 3 1 1 483
54 50 3 4 1 483
54 51 3 4 7 483
54 52 3 2 14 483
54 53 3 5 3 483
54 55 3 2 22 483
54 56 3 1 1 483
54 58 3 1 8 483
54 61 3 4 10 483
54 65 3 1 1 483
54 66 3 3 13 483
54 67 3 4 20 483
54 69 3 5 25 483
54 70 3 5 5 483
54 72 3 3 2 483
54 75 3 5 17 483
54 76 3 4 6 483
54 78 3 2 9 483
54 79 3 4 8 483
54 83 3 3 3 483
54 84 3 1 23 483
54 88 3 2 17 483
54 91 3 4 1 483
54 94 3 3 18 483
54 96 3 2 13 483
54 97 3 1 17 483
54 98 3 2 22 483
54 99 3 3 20 483
55 1 2 4 11 763
55 2 2 1 24 763
55 8 2 3 16 763
55 9 2 5 6 763
55 10 2 3 13 763
55 11 2 1 25 763
55 12 2 5 14 763
55 13 2 5 20 763
55 16 2 4 18 763
55 18 2 5 7 763
55 19 2 5 3 763
55 20 2 1 15 763
55 21 2 4 6 763
55 22 2 4 10 763
55 23 2 5 12 763
55 25 2 3 5 763
55 26 2 1 2 763
55 28 2 4 10 763
55 32 2 5 4 763
55 36 2 2 25 763
55 37 2 1 25 763
55 38 2 2 8 763
55 39 2 3 21 763
55 45 2 3 16 763
55 47 2 1 24 763
55 49 2 1 11 763
55 51 2 4 8 763
55 54 2 3 22 763
55 56 2 1 7 763
55 57 2 2 1 763
55 58 2 1 10 763
55 59 2 5 16 763
55 60 2 2 18 763
55 61 2 4 1 763
55 62 2 4 19 763
55 63 2 1 8 763
55 65 2 1 9 763
55 66 2 3 10 763
55 70 2 5 20 763
55 72 2 3 9 763
55 73 2 5 9 763
55 79 2 4 5 763
55 81 2 3 11 763
55 82 2 4 14 763
55 83 2 3 8 763
55 84 2 1 6 763
55 85 2 4 6 763
55 91 2 4 22 763
55 94 2 3 17 763
55 95 2 1 6 763
55 97 2 1 7 763
56 5 1 5 3 472
56 10 1 3 4 472
56 12 1 5 15 472
56 13 1 5 21 472
56 15 1 2 23 472
56 16 1 4 8 472
56 17 1 1 7 472
56 19 1 5 7 472
56 20 1 1 24 472
56 21 1 4 10 472
56 22 1 4 21 472
56 25 1 3 24 472
56 26 1 1 12 472
56 30 1 4 5 472
56 33 1 2 14 472
56 34 1 5 16 472
56 37 1 1 12 472
56 38 1 2 3 472
56 39 1 3 14 472
56 40 1 1 7 472
56 42 1 1 13 472
56 43 1 3 4 472
56 45 1 3 13 472
56 46 1 3 11 472
56 47 1 1 7 472
56 49 1 1 8 472
56 50 1 4 9 472
56 51 1 4 20 472
56 53 1 5 22 472
56 54 1 3 1 472
56 55 1 2 7 472
56 62 1 4 8 472
56 63 1 1 2 472
56 64 1 4 17 472
56 67 1 4 2 472
56 68 1 1 14 472
56 69 1 5 18 472
56 70 1 5 14 472
56 71 1 2 21 472
56 72 1 3 15 472
56 73 1 5 3 472
56 74 1 4 24 472
56 78 1 2 11 472
56 79 1 4 25 472
56 84 1 1 24 472
56 85 1 4 15 472
56 86 1 4 12 472
56 88 1 2 11 472
56 92 1 5 25 472
56 95 1 1 25 472
56 96 1 2 15 472
56 97 1 1 24 472
57 0 2 3 8 922
57 1 2 4 24 922
57 3 2 5 20 922
57 9 2 5 13 922
57 12 2 5 13 922
57 18 2 5 17 922
57 19 2 5 10 922
57 20 2 1 6 922
57 23 2 5 20 922
57 26 2 1 15 922
57 27 2 4 24 922
57 28 2 4 10 922
57 31 2 5 12 922
57 32 2 5 7 922
57 33 2 2 10 922
57 34 2 5 20 922
57 36 2 2 21 922
57 39 2 3 15 922
57 40 2 1 19 922
57 42 2 1 24 922
57 45 2 3 22 922
57 48 2 1 8 922
57 49 2 1 7 922
57 52 2 2 18 922
57 55 2 2 1 922
57 60 2 2 14 922
57 61 2 4 14 922
57 62 2 4 6 922
57 63 2 1 19 922
57 64 2 4 15 922
57 67 2 4 13 922
57 68 2 1 10 922
57 69 2 5 7 922
57 71 2 2 11 922
57 72 2 3 3 922
57 79 2 4 9 922
57 80 2 3 15 922
57 84 2 1 20 922
57 86 2 4 25 922
57 88 2 2 25 922
57 91 2 4 25 922
57 94 2 3 8 922
57 97 2 1 3 922
57 98 2 2 19 922
58 1 1 4 10 702
58 2 1 1 16 702
58 3 1 5 10 702
58 4 1 1 9 702
58 7 1 2 20 702
58 9 1 5 4 702
58 13 1 5 1 702
58 17 1 1 10 702
58 18 1 5 5 702
58 19 1 5 1 702
58 20 1 1 2 702
58 22 1 4 4 702
58 27 1 4 15 702
58 28 1 4 2 702
58 29 1 5 10 702
58 30 1 4 24 702
58 31 1 5 21 702
58 32 1 5 21 702
58 34 1 5 22 702
58 36 1 2 19 702
58 37 1 1 1 702
58 38 1 2 8 702
58 40 1 1 4 702
58 42 1 1 18 702
58 44 1 5 4 702
58 45 1 3 2 702
58 48 1 1 16 702
58 50 1 4 22 702
58 52 1 2 1 702
58 54 1 3 8 702
58 55 1 2 10 702
58 59 1 5 10 702
58 62 1 4 14 702
58 63 1 1 13 702
58 65 1 1 20 702
58 67 1 4 25 702
58 68 1 1 15 702
58 71 1 2 11 702
58 79 1 4 7 702
58 80 1 3 1 702
58 82 1 4 16 702
58 83 1 3 11 702
58 84 1 1 5 702
58 88 1 2 10 702
58 89 1 4 17 702
58 90 1 1 14 702
58 93 1 2 1 702
58 94 1 3 15 702
58 95 1 1 1 702
58 97 1 1 17 702
58 99 1 3 19 702
59 2 5 1 19 717
59 3 5 5 23 717
59 4 5 1 3 717
59 5 5 5 11 717
59 7 5 2 21 717
59 8 5 3 7 717
59 18 5 5 8 717
59 19 5 5 16 717
59 20 5 1 1 717
59 22 5 4 5 717
59 23 5 5 4 717
59 25 5 3 4 717
59 26 5 1 20 717
59 27 5 4 20 717
59 31 5 5 23 717
59 32 5 5 21 717
59 35 5 2 21 717
59 37 5 1 12 717
59 38 5 2 12 717
59 40 5 1 25 717
59 44 5 5 20 717
59 47 5 1 16 717
59 48 5 1 17 717
59 51 5 4 20 717
59 52 5 2 17 717
59 53 5 5 6 717
59 55 5 2 16 717
59 58 5 1 10 717
59 60 5 2 2 717
59 61 5 4 7 717
59 63 5 1 8 717
59 64 5 4 24 717
59 65 5 1 10 717
59 66 5 3 14 717
59 68 5 1 24 717
59 69 5 5 15 717
59 71 5 2 3 717
59 74 5 4 25 717
59 76 5 4 7 717
59 77 5 2 13 717
59 78 5 2 22 717
59 79 5 4 6 717
59 80 5 3 12 717
59 81 5 3 5 717
59 86 5 4 15 717
59 90 5 1 19 717
59 96 5 2 22 717
59 97 5 1 21 717
60 3 2 5 10 535
60 4 2 1 15 535
60 5 2 5 21 535
60 10 2 3 24 535
60 13 2 5 15 535
60 15 2 2 24 535
60 17 2 1 1 535
60 19 2 5 19 535
60 21 2 4 22 535
60 23 2 5 17 535
60 25 2 3 2 535
60 29 2 5 5 535
60 30 2 4 7 535
60 34 2 5 18 535
60 35 2 2 21 535
60 36 2 2 24 535
60 39 2 3 1 535
60 42 2 1 17 535
60 48 2 1 14 535
60 55 2 2 18 535
60 57 2 2 14 535
60 59 2 5 2 535
60 61 2 4 9 535
60 63 2 1 14 535
60 65 2 1 12 535
60 68 2 1 7 535
60 69 2 5 20 535
60 71 2 2 25 535
60 73 2 5 6 535
60 74 2 4 9 535
60 77 2 2 22 535
60 79 2 4 2 535
60 80 2 3 5 535
60 82 2 4 22 535
60 85 2 4 18 535
60 87 2 4 8 535
60 91 2 4 4 535
60 96 2 2 17 535
60 97 2 1 21 535
60 99 2 3 3 535
61 1 4 4 17 281
61 3 4 5 18 281
61 4 4 1 1 281
61 5 4 5 7 281
61 8 4 3 12 281
61 12 4 5 7 281
61 14 4 5 11 281
61 17 4 1 9 281
61 18 4 5 23 281
61 20 4 1 23 281
61 21 4 4 6 281
61 23 4 5 13 281
61 33 4 2 17 281
61 35 4 2 20 281
61 39 4 3 11 281
61 41 4 4 21 281
61 42 4 1 16 281
61 45 4 3 21 281
61 46 4 3 18 281
61 47 4 1 3 281
61 48 4 1 16 281
61 50 4 4 6 281
61 54 4 3 10 281
61 55 4 2 1 281
61 57 4 2 14 281
61 59 4 5 7 281
61 60 4 2 9 281
61 66 4 3 7 281
61 67 4 4 2 281
61 69 4 5 25 281
61 70 4 5 11 281
61 72 4 3 15 281
61 73 4 5 1 281
61 74 4 4 10 281
61 75 4 5 7 281
61 76 4 4 11 281
61 77 4 2 12 281
61 79 4 4 11 281
61 83 4 3 24 281
61 84 4 1 13 281
61 88 4 2 1 281
61 89 4 4 6 281
61 90 4 1 8 281
61 92 4 5 25 281
61 94 4 3 14 281
61 95 4 1 8 281
61 96 4 2 1 281
61 98 4 2 25 281
62 2 4 1 19 62
62 3 4 5 13 62
62 4 4 1 11 62
62 5 4 5 3 62
62 6 4 4 2 62
62 8 4 3 12 62
62 10 4 3 16 62
62 11 4 1 25 62
62 12 4 5 19 62
62 16 4 4 4 62
62 17 4 1 4 62
62 19 4 5 2 62
62 20 4 1 12 62
62 21 4 4 21 62
62 28 4 4 5 62
62 29 4 5 4 62
62 31 4 5 6 62
62 32 4 5 11 62
62 34 4 5 14 62
62 35 4 2 12 62
62 36 4 2 18 62
62 38 4 2 25 62
62 39 4 3 19 62
62 41 4 4 12 62
62 43 4 3 20 62
62 45 4 3 14 62
62 47 4 1 8 62
62 48 4 1 15 62
62 49 4 1 25 62
62 55 4 2 19 62
62 56 4 1 8 62
62 57 4 2 6 62
62 58 4 1 14 62
62 64 4 4 24 62
62 66 4 3 20 62
62 71 4 2 8 62
62 72 4 3 14 62
62 73 4 5 16 62
62 74 4 4 6 62
62 76 4 4 6 62
62 79 4 4 17 62
62 81 4 3 6 62
62 83 4 3 25 62
62 86 4 4 9 62
62 87 4 4 12 62
62 89 4 4 17 62
62 91 4 4 6 62
62 92 4 5 20 62
62 93 4 2 6 62
62 95 4 1 5 62
62 96 4 2 11 62
62 97 4 1 3 62
63 0 1 3 23 498
63 2 1 1 15 498
63 3 1 5 20 498
63 4 1 1 24 498
63 6 1 4 3 498
63 7 1 2 8 498
63 11 1 1 6 498
63 12 1 5 12 498
63 13 1 5 7 498
63 15 1 2 10 498
63 16 1 4 16 498
63 21 1 4 17 498
63 22 1 4 5 498
63 24 1 5 20 498
63 25 1 3 14 498
63 26 1 1 19 498
63 29 1 5 21 498
63 30 1 4 14 498
63 31 1 5 16 498
63 32 1 5 17 498
63 39 1 3 9 498
63 40 1 1 16 498
63 43 1 3 1 498
63 44 1 5 7 498
63 45 1 3 23 498
63 47 1 1 14 498
63 48 1 1 19 498
63 49 1 1 3 498
63 50 1 4 3 498
63 52 1 2 18 498
63 53 1 5 18 498
63 55 1 2 8 498
63 56 1 1 2 498
63 57 1 2 19 498
63 58 1 1 13 498
63 59 1 5 8 498
63 60 1 2 14 498
63 65 1 1 25 498
63 66 1 3 8 498
63 71 1 2 25 498
63 73 1 5 6 498
63 75 1 5 25 498
63 78 1 2 20 498
63 81 1 3 12 498
63 85 1 4 15 498
63 86 1 4 5 498
63 87 1 4 19 498
63 92 1 5 23 498
63 94 1 3 21 498
63 95 1 1 7 498
63 96 1 2 8 498
63 98 1 2 12 498
63 99 1 3 25 498
64 0 4 3 22 514
64 2 4 1 3 514
64 3 4 5 21 514
64 4 4 1 11 514
64 5 4 5 6 514
64 6 4 4 6 514
64 7 4 2 9 514
64 8 4 3 6 514
64 9 4 5 1 514
64 10 4 3 4 514
64 11 4 1 11 514
64 14 4 5 21 514
64 15 4 2 25 514
64 16 4 4 22 514
64 17 4 1 5 514
64 19 4 5 24 514
64 23 4 5 8 514
64 24 4 5 14 514
64 25 4 3 1 514
64 27 4 4 19 514
64 28 4 4 13 514
64 31 4 5 6 514
64 32 4 5 6 514
64 35 4 2 15 514
64 36 4 2 4 514
64 37 4 1 5 514
64 38 4 2 18 514
64 39 4 3 11 514
64 40 4 1 11 514
64 46 4 3 9 514
64 51 4 4 18 514
64 56 4 1 17 514
64 57 4 2 15 514
64 59 4 5 24 514
64 62 4 4 24 514
64 65 4 1 15 514
64 68 4 1 10 514
64 70 4 5 8 514
64 72 4 3 16 514
64 74 4 4 20 514
64 83 4 3 17 514
64 86 4 4 13 514
64 93 4 2 5 514
64 94 4 3 10 514
64 97 4 1 12 514
64 98 4 2 2 514
64 99 4 3 13 514
65 1 1 4 1 426
65 2 1 1 20 426
65 5 1 5 14 426
65 6 1 4 6 426
65 8 1 3 11 426
65 11 1 1 23 426
65 12 1 5 3 426
65 14 1 5 1 426
65 17 1 1 17 426
65 18 1 5 15 426
65 20 1 1 22 426
65 21 1 4 6 426
65 22 1 4 5 426
65 23 1 5 21 426
65 26 1 1 4 426
65 28 1 4 11 426
65 29 1 5 9 426
65 31 1 5 16 426
65 33 1 2 5 426
65 39 1 3 17 426
65 40 1 1 16 426
65 42 1 1 6 426
65 46 1 3 1 426
65 49 1 1 23 426
65 53 1 5 20 426
65 54 1 3 1 426
65 55 1 2 9 426
65 58 1 1 20 426
65 59 1 5 10 426
65 60 1 2 12 426
65 63 1 1 25 426
65 64 1 4 15 426
65 66 1 3 19 426
65 67 1 4 4 426
65 68 1 1 24 426
65 71 1 2 5 426
65 73 1 5 6 426
65 75 1 5 5 426
65 76 1 4 7 426
65 79 1 4 8 426
65 80 1 3 23 426
65 86 1 4 13 426
65 89 1 4 20 426
65 91 1 4 6 426
65 95 1 1 4 426
66 3 3 5 9 235
66 4 3 1 24 235
66 6 3 4 6 235
66 7 3 2 2 235
66 9 3 5 4 235
66 10 3 3 16 235
66 13 3 5 23 235
66 14 3 5 16 235
66 15 3 2 19 235
66 21 3 4 23 235
66 23 3 5 21 235
66 24 3 5 6 235
66 25 3 3 22 235
66 26 3 1 3 235
66 27 3 4 17 235
66 28 3 4 6 235
66 29 3 5 4 235
66 30 3 4 1 235
66 34 3 5 9 235
66 36 3 2 13 235
66 37 3 1 25 235
66 39 3 3 10 235
66 40 3 1 6 235
66 41 3 4 3 235
66 42 3 1 12 235
66 46 3 3 23 235
66 47 3 1 18 235
66 48 3 1 22 235
66 49 3 1 14 235
66 50 3 4 21 235
66 51 3 4 12 235
66 54 3 3 13 235
66 55 3 2 10 235
66 59 3 5 14 235
66 61 3 4 7 235
66 62 3 4 20 235
66 63 3 1 8 235
66 65 3 1 19 235
66 67 3 4 23 235
66 68 3 1 10 235
66 70 3 5 11 235
66 73 3 5 14 235
66 75 3 5 2 235
66 76 3 4 17 235
66 80 3 3 10 235
66 81 3 3 10 235
66 82 3 4 19 235
66 83 3 3 5 235
66 87 3 4 1 235
66 89 3 4 18 235
66 93 3 2 7 235
66 94 3 3 16 235
66 95 3 1 13 235
66 98 3 2 13 235
67 0 4 3 5 124
67 1 4 4 19 124
67 2 4 1 23 124
67 3 4 5 9 124
67 4 4 1 11 124
67 6 4 4 25 124
67 8 4 3 19 124
67 9 4 5 2 124
67 11 4 1 12 124
67 13 4 5 8 124
67 16 4 4 24 124
67 18 4 5 1 124
67 23 4 5 25 124
67 25 4 3 5 124
67 26 4 1 25 124
67 27 4 4 21 124
67 28 4 4 15 124
67 31 4 5 25 124
67 32 4 5 4 124
67 33 4 2 12 124
67 36 4 2 23 124
67 38 4 2 13 124
67 40 4 1 2 124
67 41 4 4 18 124
67 42 4 1 12 124
67 43 4 3 20 124
67 47 4 1 12 124
67 49 4 1 2 124
67 52 4 2 2 124
67 54 4 3 20 124
67 56 4 1 2 124
67 57 4 2 13 124
67 58 4 1 25 124
67 61 4 4 2 124
67 65 4 1 4 124
67 66 4 3 23 124
67 68 4 1 1 124
67 69 4 5 25 124
67 71 4 2 15 124
67 72 4 3 19 124
67 74 4 4 16 124
67 75 4 5 14 124
67 77 4 2 24 124
67 78 4 2 24 124
67 80 4 3 15 124
67 81 4 3 5 124
67 82 4 4 9 124
67 83 4 3 15 124
67 85 4 4 11 124
67 87 4 4 11 124
67 88 4 2 4 124
67 89 4 4 5 124
67 92 4 5 17 124
67 93 4 2 24 124
67 94 4 3 3 124
68 0 1 3 5 809
68 1 1 4 4 809
68 3 1 5 5 809
68 6 1 4 12 809
68 12 1 5 23 809
68 13 1 5 12 809
68 15 1 2 8 809
68 21 1 4 1 809
68 23 1 5 8 809
68 24 1 5 13 809
68 25 1 3 7 809
68 26 1 1 13 809
68 27 1 4 11 809
68 28 1 4 21 809
68 30 1 4 10 809
68 33 1 2 13 809
68 34 1 5 9 809
68 35 1 2 15 809
68 39 1 3 22 809
68 41 1 4 7 809
68 42 1 1 13 809
68 44 1 5 19 809
68 48 1 1 25 809
68 49 1 1 20 809
68 50 1 4 6 809
68 53 1 5 22 809
68 56 1 1 14 809
68 57 1 2 10 809
68 58 1 1 15 809
68 59 1 5 24 809
68 60 1 2 7 809
68 64 1 4 10 809
68 65 1 1 24 809
68 66 1 3 10 809
68 67 1 4 1 809
68 70 1 5 25 809
68 71 1 2 19 809
68 74 1 4 17 809
68 77 1 2 2 809
68 78 1 2 4 809
68 79 1 4 10 809
68 80 1 3 24 809
68 84 1 1 15 809
68 85 1 4 17 809
68 86 1 4 15 809
68 87 1 4 7 809
68 88 1 2 23 809
68 92 1 5 13 809
68 95 1 1 5 809
68 96 1 2 5 809
68 97 1 1 14 809
68 98 1 2 14 809
69 0 5 3 14 341
69 1 5 4 3 341
69 4 5 1 9 341
69 5 5 5 5 341
69 6 5 4 18 341
69 7 5 2 20 341
69 8 5 3 12 341
69 9 5 5 12 341
69 12 5 5 20 341
69 16 5 4 8 341
69 17 5 1 13 341
69 18 5 5 20 341
69 19 5 5 15 341
69 20 5 1 15 341
69 21 5 4 7 341
69 30 5 4 14 341
69 32 5 5 20 341
69 33 5 2 19 341
69 34 5 5 2 341
69 35 5 2 19 341
69 36 5 2 14 341
69 37 5 1 23 341
69 39 5 3 25 341
69 45 5 3 15 341
69 49 5 1 16 341
69 54 5 3 25 341
69 56 5 1 18 341
69 57 5 2 7 341
69 59 5 5 15 341
69 60 5 2 20 341
69 61 5 4 25 341
69 67 5 4 25 341
69 70 5 5 2 341
69 71 5 2 19 341
69 78 5 2 10 341
69 80 5 3 8 341
69 82 5 4 2 341
69 84 5 1 5 341
69 89 5 4 10 341
69 91 5 4 8 341
69 94 5 3 23 341
69 99 5 3 1 341
70 0 5 3 13 946
70 1 5 4 8 946
70 2 5 1 10 946
70 3 5 5 24 946
70 9 5 5 1 946
70 11 5 1 23 946
70 14 5 5 22 946
70 15 5 2 1 946
70 16 5 4 12 946
70 20 5 1 20 946
70 22 5 4 8 946
70 24 5 5 9 946
70 27 5 4 14 946
70 29 5 5 23 946
70 31 5 5 19 946
70 34 5 5 25 946
70 35 5 2 7 946
70 38 5 2 20 946
70 39 5 3 1 946
70 40 5 1 11 946
70 42 5 1 19 946
70 44 5 5 21 946
70 46 5 3 6 946
70 53 5 5 24 946
70 54 5 3 5 946
70 55 5 2 20 946
70 56 5 1 14 946
70 61 5 4 11 946
70 64 5 4 8 946
70 66 5 3 11 946
70 68 5 1 25 946
70 69 5 5 2 946
70 72 5 3 5 946
70 73 5 5 14 946
70 74 5 4 19 946
70 75 5 5 12 946
70 76 5 4 18 946
70 78 5 2 13 946
70 79 5 4 10 946
70 80 5 3 9 946
70 81 5 3 4 946
70 82 5 4 12 946
70 84 5 1 13 946
70 85 5 4 17 946
70 87 5 4 19 946
70 89 5 4 8 946
70 90 5 1 12 946
70 91 5 4 22 946
70 92 5 5 8 946
70 93 5 2 22 946
70 94 5 3 5 946
70 95 5 1 12 946
70 97 5 1 3 946
71 0 2 3 3 461
71 4 2 1 20 461
71 5 2 5 9 461
71 7 2 2 21 461
71 10 2 3 6 461
71 13 2 5 14 461
71 14 2 5 13 461
71 15 2 2 16 461
71 16 2 4 19 461
71 17 2 1 2 461
71 18 2 5 12 461
71 21 2 4 3 461
71 23 2 5 2 461
71 24 2 5 23 461
71 27 2 4 23 461
71 29 2 5 22 461
71 30 2 4 13 461
71 33 2 2 1 461
71 34 2 5 3 461
71 35 2 2 9 461
71 36 2 2 12 461
71 37 2 1 4 461
71 40 2 1 4 461
71 44 2 5 16 461
71 49 2 1 2 461
71 56 2 1 21 461
71 57 2 2 11 461
71 58 2 1 11 461
71 59 2 5 3 461
71 60 2 2 25 461
71 62 2 4 8 461
71 63 2 1 25 461
71 65 2 1 5 461
71 67 2 4 15 461
71 68 2 1 19 461
71 69 2 5 19 461
71 74 2 4 5 461
71 75 2 5 16 461
71 78 2 2 9 461
71 79 2 4 4 461
71 80 2 3 25 461
71 81 2 3 6 461
71 85 2 4 12 461
71 87 2 4 10 461
71 88 2 2 19 461
71 89 2 4 6 461
71 91 2 4 20 461
71 92 2 5 7 461
71 94 2 3 18 461
71 95 2 1 4 461
71 96 2 2 5 461
71 98 2 2 23 461
71 99 2 3 17 461
72 0 3 3 2 56
72 1 3 4 15 56
72 3 3 5 1 56
72 5 3 5 5 56
72 6 3 4 4 56
72 7 3 2 11 56
72 8 3 3 17 56
72 13 3 5 7 56
72 17 3 1 10 56
72 19 3 5 14 56
72 20 3 1 6 56
72 21 3 4 13 56
72 27 3 4 23 56
72 28 3 4 13 56
72 31 3 5 7 56
72 33 3 2 16 56
72 35 3 2 10 56
72 38 3 2 20 56
72 39 3 3 9 56
72 41 3 4 1 56
72 44 3 5 6 56
72 45 3 3 17 56
72 51 3 4 18 56
72 52 3 2 18 56
72 54 3 3 2 56
72 55 3 2 9 56
72 56 3 1 15 56
72 57 3 2 3 56
72 61 3 4 15 56
72 62 3 4 14 56
72 64 3 4 16 56
72 67 3 4 19 56
72 70 3 5 5 56
72 73 3 5 21 56
72 77 3 2 23 56
72 79 3 4 12 56
72 80 3 3 20 56
72 83 3 3 17 56
72 90 3 1 4 56
72 92 3 5 11 56
72 93 3 2 10 56
72 94 3 3 14 56
72 95 3 1 21 56
72 96 3 2 19 56
72 98 3 2 17 56
72 99 3 3 2 56
73 1 5 4 17 466
73 2 5 1 21 466
73 3 5 5 16 466
73 7 5 2 4 466
73 8 5 3 1 466
73 9 5 5 16 466
73 12 5 5 12 466
73 15 5 2 14 466
73 16 5 4 15 466
73 19 5 5 25 466
73 21 5 4 14 466
73 24 5 5 2 466
73 25 5 3 16 466
73 29 5 5 2 466
73 30 5 4 8 466
73 31 5 5 6 466
73 32 5 5 12 466
73 33 5 2 14 466
73 35 5 2 13 466
73 39 5 3 14 466
73 40 5 1 17 466
73 41 5 4 13 466
73 43 5 3 2 466
73 44 5 5 8 466
73 45 5 3 5 466
73 47 5 1 4 466
73 48 5 1 19 466
73 52 5 2 6 466
73 55 5 2 9 466
73 56 5 1 3 466
73 60 5 2 6 466
73 61 5 4 1 466
73 62 5 4 16 466
73 63 5 1 6 466
73 65 5 1 6 466
73 66 5 3 14 466
73 70 5 5 14 466
73 72 5 3 21 466
73 75 5 5 10 466
73 77 5 2 1 466
73 79 5 4 20 466
73 80 5 3 5 466
73 81 5 3 22 466
73 82 5 4 14 466
73 83 5 3 6 466
73 85 5 4 2 466
73 87 5 4 17 466
73 88 5 2 1 466
73 89 5 4 12 466
73 92 5 5 12 466
73 93 5 2 8 466
73 94 5 3 20 466
73 95 5 1 7 466
73 97 5 1 17 466
74 0 4 3 23 495
74 1 4 4 24 495
74 2 4 1 9 495
74 3 4 5 1 495
74 4 4 1 14 495
74 5 4 5 6 495
74 6 4 4 3 495
74 14 4 5 19 495
74 15 4 2 5 495
74 17 4 1 7 495
74 19 4 5 9 495
74 21 4 4 18 495
74 29 4 5 5 495
74 35 4 2 18 495
74 37 4 1 15 495
74 39 4 3 8 495
74 41 4 4 18 495
74 44 4 5 21 495
74 46 4 3 25 495
74 47 4 1 1 495
74 48 4 1 22 495
74 50 4 4 11 495
74 51 4 4 17 495
74 56 4 1 24 495
74 59 4 5 25 495
74 60 4 2 9 495
74 61 4 4 10 495
74 62 4 4 6 495
74 64 4 4 20 495
74 67 4 4 16 495
74 68 4 1 17 495
74 70 4 5 19 495
74 71 4 2 5 495
74 75 4 5 19 495
74 77 4 2 22 495
74 79 4 4 10 495
74 83 4 3 9 495
74 90 4 1 20 495
74 91 4 4 16 495
74 92 4 5 13 495
74 93 4 2 12 495
74 95 4 1 24 495
74 97 4 1 8 495
74 98 4 2 19 495
74 99 4 3 2 495
75 1 5 4 13 830
75 3 5 5 16 830
75 5 5 5 18 830
75 6 5 4 5 830
75 7 5 2 13 830
75 9 5 5 12 830
75 14 5 5 6 830
75 15 5 2 9 830
75 16 5 4 17 830
75 17 5 1 22 830
75 18 5 5 25 830
75 20 5 1 2 830
75 23 5 5 11 830
75 25 5 3 23 830
75 26 5 1 22 830
75 27 5 4 16 830
75 32 5 5 2 830
75 34 5 5 7 830
75 35 5 2 8 830
75 37 5 1 13 830
75 38 5 2 11 830
75 39 5 3 6 830
75 40 5 1 25 830
75 41 5 4 20 830
75 42 5 1 10 830
75 43 5 3 5 830
75 44 5 5 8 830
75 46 5 3 9 830
75 47 5 1 18 830
75 48 5 1 24 830
75 50 5 4 19 830
75 51 5 4 13 830
75 52 5 2 22 830
75 54 5 3 17 830
75 61 5 4 7 830
75 63 5 1 25 830
75 65 5 1 5 830
75 66 5 3 2 830
75 67 5 4 14 830
75 70 5 5 12 830
75 71 5 2 16 830
75 73 5 5 10 830
75 74 5 4 19 830
75 77 5 2 23 830
75 78 5 2 9 830
75 83 5 3 9 830
75 84 5 1 2 830
75 85 5 4 15 830
75 86 5 4 5 830
75 95 5 1 21 830
75 97 5 1 22 830
75 98 5 2 17 830
76 1 4 4 23 335
76 2 4 1 16 335
76 4 4 1 20 335
76 6 4 4 7 335
76 9 4 5 13 335
76 12 4 5 15 335
76 13 4 5 12 335
76 15 4 2 10 335
76 22 4 4 23 335
76 23 4 5 8 335
76 24 4 5 16 335
76 26 4 1 9 335
76 28 4 4 10 335
76 29 4 5 5 335
76 32 4 5 10 335
76 33 4 2 8 335
76 35 4 2 9 335
76 37 4 1 9 335
76 38 4 2 22 335
76 40 4 1 5 335
76 43 4 3 20 335
76 45 4 3 3 335
76 46 4 3 16 335
76 48 4 1 22 335
76 49 4 1 11 335
76 50 4 4 25 335
76 53 4 5 23 335
76 54 4 3 6 335
76 59 4 5 7 335
76 61 4 4 11 335
76 62 4 4 6 335
76 65 4 1 7 335
76 66 4 3 17 335
76 70 4 5 18 335
76 80 4 3 1 335
76 81 4 3 2 335
76 82 4 4 16 335
76 83 4 3 20 335
76 84 4 1 20 335
76 85 4 4 1 335
76 87 4 4 18 335
76 90 4 1 13 335
76 91 4 4 9 335
76 92 4 5 11 335
76 95 4 1 12 335
76 96 4 2 9 335
76 97 4 1 24 335
76 98 4 2 9 335
76 99 4 3 12 335
77 1 2 4 13 186
77 3 2 5 9 186
77 7 2 2 16 186
77 12 2 5 8 186
77 13 2 5 8 186
77 16 2 4 14 186
77 18 2 5 4 186
77 19 2 5 1 186
77 22 2 4 6 186
77 23 2 5 15 186
77 24 2 5 18 186
77 29 2 5 15 186
77 33 2 2 3 186
77 36 2 2 21 186
77 37 2 1 24 186
77 39 2 3 8 186
77 40 2 1 10 186
77 41 2 4 22 186
77 43 2 3 19 186
77 44 2 5 19 186
77 45 2 3 4 186
77 47 2 1 21 186
77 48 2 1 24 186
77 49 2 1 22 186
77 50 2 4 24 186
77 51 2 4 22 186
77 52 2 2 18 186
77 59 2 5 13 186
77 60 2 2 22 186
77 61 2 4 12 186
77 67 2 4 24 186
77 68 2 1 2 186
77 72 2 3 23 186
77 73 2 5 1 186
77 74 2 4 22 186
77 75 2 5 23 186
77 78 2 2 12 186
77 80 2 3 18 186
77 81 2 3 9 186
77 82 2 4 10 186
77 83 2 3 9 186
77 87 2 4 7 186
77 91 2 4 6 186
77 92 2 5 18 186
77 93 2 2 8 186
77 95 2 1 19 186
77 98 2 2 15 186
78 1 2 4 9 177
78 2 2 1 20 177
78 3 2 5 15 177
78 5 2 5 2 177
78 6 2 4 17 177
78 7 2 2 2 177
78 10 2 3 25 177
78 15 2 2 23 177
78 18 2 5 5 177
78 19 2 5 9 177
78 20 2 1 21 177
78 21 2 4 1 177
78 23 2 5 22 177
78 25 2 3 11 177
78 27 2 4 18 177
78 30 2 4 11 177
78 31 2 5 5 177
78 35 2 2 23 177
78 37 2 1 11 177
78 41 2 4 3 177
78 43 2 3 3 177
78 51 2 4 3 177
78 52 2 2 4 177
78 53 2 5 12 177
78 54 2 3 9 177
78 56 2 1 11 177
78 59 2 5 22 177
78 63 2 1 20 177
78 67 2 4 24 177
78 68 2 1 4 177
78 69 2 5 10 177
78 70 2 5 13 177
78 71 2 2 9 177
78 75 2 5 9 177
78 77 2 2 12 177
78 80 2 3 1 177
78 81 2 3 15 177
78 83 2 3 17 177
78 85 2 4 6 177
78 86 2 4 12 177
78 87 2 4 9 177
78 89 2 4 9 177
78 92 2 5 6 177
78 95 2 1 6 177
78 97 2 1 24 177
79 2 4 1 10 655
79 4 4 1 17 655
79 5 4 5 24 655
79 6 4 4 21 655
79 8 4 3 23 655
79 11 4 1 23 655
79 12 4 5 12 655
79 13 4 5 9 655
79 15 4 2 5 655
79 17 4 1 13 655
79 21 4 4 18 655
79 22 4 4 9 655
79 24 4 5 6 655
79 25 4 3 5 655
79 29 4 5 3 655
79 30 4 4 14 655
79 31 4 5 18 655
79 34 4 5 8 655
79 35 4 2 25 655
79 38 4 2 14 655
79 39 4 3 10 655
79 43 4 3 25 655
79 48 4 1 17 655
79 50 4 4 13 655
79 52 4 2 4 655
79 54 4 3 8 655
79 55 4 2 5 655
79 56 4 1 25 655
79 57 4 2 9 655
79 58 4 1 7 655
79 59 4 5 6 655
79 60 4 2 2 655
79 61 4 4 11 655
79 62 4 4 17 655
79 65 4 1 8 655
79 68 4 1 10 655
79 70 4 5 10 655
79 71 4 2 4 655
79 72 4 3 12 655
79 73 4 5 20 655
79 74 4 4 10 655
79 81 4 3 1 655
79 85 4 4 8 655
79 86 4 4 22 655
79 88 4 2 11 655
79 92 4 5 6 655
79 93 4 2 22 655
79 95 4 1 22 655
79 97 4 1 10 655
79 99 4 3 11 655
80 0 3 3 13 780
80 2 3 1 5 780
80 3 3 5 25 780
80 4 3 1 9 780
80 6 3 4 21 780
80 8 3 3 20 780
80 11 3 1 1 780
80 12 3 5 14 780
80 13 3 5 20 780
80 17 3 1 3 780
80 18 3 5 6 780
80 19 3 5 12 780
80 22 3 4 7 780
80 23 3 5 13 780
80 26 3 1 17 780
80 29 3 5 23 780
80 32 3 5 6 780
80 33 3 2 25 780
80 37 3 1 1 780
80 39 3 3 24 780
80 41 3 4 2 780
80 42 3 1 1 780
80 45 3 3 22 780
80 46 3 3 11 780
80 47 3 1 2 780
80 52 3 2 10 780
80 53 3 5 4 780
80 57 3 2 15 780
80 58 3 1 1 780
80 59 3 5 12 780
80 60 3 2 5 780
80 65 3 1 23 780
80 66 3 3 10 780
80 67 3 4 15 780
80 68 3 1 24 780
80 69 3 5 8 780
80 70 3 5 9 780
80 71 3 2 25 780
80 72 3 3 20 780
80 73 3 5 5 780
80 76 3 4 1 780
80 77 3 2 18 780
80 78 3 2 1 780
80 83 3 3 13 780
80 85 3 4 8 780
80 86 3 4 17 780
80 89 3 4 15 780
80 90 3 1 1 780
80 92 3 5 2 780
80 96 3 2 1 780
80 97 3 1 1 780
80 98 3 2 8 780
80 99 3 3 8 780
81 1 3 4 16 265
81 3 3 5 23 265
81 8 3 3 9 265
81 9 3 5 24 265
81 10 3 3 7 265
81 13 3 5 21 265
81 18 3 5 12 265
81 19 3 5 4 265
81 20 3 1 7 265
81 22 3 4 17 265
81 23 3 5 5 265
81 24 3 5 20 265
81 26 3 1 23 265
81 27 3 4 19 265
81 28 3 4 14 265
81 29 3 5 16 265
81 32 3 5 6 265
81 36 3 2 7 265
81 38 3 2 8 265
81 40 3 1 25 265
81 42 3 1 16 265
81 43 3 3 15 265
81 46 3 3 16 265
81 47 3 1 17 265
81 51 3 4 21 265
81 52 3 2 12 265
81 55 3 2 11 265
81 59 3 5 5 265
81 62 3 4 6 265
81 63 3 1 12 265
81 66 3 3 10 265
81 67 3 4 5 265
81 70 3 5 4 265
81 71 3 2 6 265
81 73 3 5 22 265
81 76 3 4 2 265
81 77 3 2 9 265
81 78 3 2 15 265
81 79 3 4 1 265
81 83 3 3 13 265
81 87 3 4 23 265
81 89 3 4 3 265
81 91 3 4 7 265
81 92 3 5 7 265
81 94 3 3 8 265
81 95 3 1 5 265
81 98 3 2 15 265
82 1 4 4 9 439
82 2 4 1 15 439
82 3 4 5 16 439
82 4 4 1 18 439
82 6 4 4 21 439
82 10 4 3 19 439
82 12 4 5 7 439
82 13 4 5 18 439
82 15 4 2 6 439
82 16 4 4 21 439
82 17 4 1 20 439
82 21 4 4 15 439
82 25 4 3 6 439
82 26 4 1 8 439
82 27 4 4 1 439
82 29 4 5 9 439
82 30 4 4 12 439
82 33 4 2 12 439
82 36 4 2 18 439
82 37 4 1 24 439
82 38 4 2 16 439
82 43 4 3 7 439
82 44 4 5 6 439
82 46 4 3 12 439
82 47 4 1 18 439
82 50 4 4 7 439
82 51 4 4 8 439
82 52 4 2 2 439
82 53 4 5 1 439
82 55 4 2 14 439
82 58 4 1 16 439
82 60 4 2 22 439
82 66 4 3 19 439
82 67 4 4 9 439
82 69 4 5 2 439
82 70 4 5 12 439
82 73 4 5 14 439
82 76 4 4 16 439
82 77 4 2 10 439
82 83 4 3 5 439
82 86 4 4 4 439
82 87 4 4 10 439
82 88 4 2 21 439
82 89 4 4 1 439
82 90 4 1 19 439
82 94 4 3 23 439
82 95 4 1 16 439
82 97 4 1 3 439
83 1 3 4 22 659
83 5 3 5 23 659
83 6 3 4 17 659
83 7 3 2 7 659
83 8 3 3 7 659
83 9 3 5 2 659
83 10 3 3 15 659
83 11 3 1 25 659
83 12 3 5 16 659
83 13 3 5 23 659
83 15 3 2 6 659
83 17 3 1 22 659
83 20 3 1 7 659
83 21 3 4 15 659
83 22 3 4 1 659
83 26 3 1 13 659
83 33 3 2 18 659
83 35 3 2 3 659
83 37 3 1 21 659
83 38 3 2 17 659
83 39 3 3 15 659
83 41 3 4 8 659
83 42 3 1 13 659
83 43 3 3 22 659
83 44 3 5 18 659
83 45 3 3 5 659
83 46 3 3 15 659
83 51 3 4 10 659
83 53 3 5 21 659
83 54 3 3 3 659
83 55 3 2 8 659
83 58 3 1 11 659
83 61 3 4 24 659
83 62 3 4 25 659
83 64 3 4 17 659
83 66 3 3 5 659
83 67 3 4 15 659
83 72 3 3 17 659
83 73 3 5 6 659
83 74 3 4 9 659
83 75 3 5 9 659
83 76 3 4 20 659
83 77 3 2 9 659
83 78 3 2 17 659
83 80 3 3 13 659
83 81 3 3 13 659
83 82 3 4 5 659
83 85 3 4 12 659
83 87 3 4 6 659
83 88 3 2 25 659
83 90 3 1 17 659
83 91 3 4 24 659
83 92 3 5 18 659
83 97 3 1 22 659
83 98 3 2 20 659
84 3 1 5 25 863
84 7 1 2 9 863
84 8 1 3 21 863
84 11 1 1 19 863
84 12 1 5 18 863
84 13 1 5 20 863
84 15 1 2 13 863
84 16 1 4 14 863
84 17 1 1 8 863
84 20 1 1 9 863
84 21 1 4 4 863
84 22 1 4 13 863
84 23 1 5 18 863
84 26 1 1 25 863
84 27 1 4 4 863
84 28 1 4 12 863
84 30 1 4 13 863
84 34 1 5 24 863
84 35 1 2 17 863
84 37 1 1 23 863
84 39 1 3 18 863
84 42 1 1 20 863
84 44 1 5 9 863
84 45 1 3 7 863
84 47 1 1 1 863
84 51 1 4 14 863
84 52 1 2 25 863
84 54 1 3 23 863
84 55 1 2 6 863
84 56 1 1 24 863
84 57 1 2 20 863
84 58 1 1 5 863
84 61 1 4 13 863
84 68 1 1 15 863
84 69 1 5 5 863
84 70 1 5 13 863
84 75 1 5 2 863
84 76 1 4 20 863
84 85 1 4 18 863
84 86 1 4 25 863
84 88 1 2 7 863
84 89 1 4 3 863
84 90 1 1 14 863
84 91 1 4 4 863
84 94 1 3 11 863
84 97 1 1 14 863
84 98 1 2 23 863
84 99 1 3 16 863
85 1 4 4 7 883
85 2 4 1 10 883
85 3 4 5 24 883
85 9 4 5 14 883
85 12 4 5 4 883
85 16 4 4 25 883
85 17 4 1 6 883
85 18 4 5 5 883
85 19 4 5 21 883
85 20 4 1 21 883
85 23 4 5 4 883
85 24 4 5 13 883
85 26 4 1 13 883
85 33 4 2 5 883
85 34 4 5 16 883
85 36 4 2 19 883
85 37 4 1 20 883
85 38 4 2 23 883
85 39 4 3 9 883
85 41 4 4 15 883
85 42 4 1 16 883
85 44 4 5 23 883
85 45 4 3 15 883
85 55 4 2 6 883
85 56 4 1 15 883
85 60 4 2 18 883
85 63 4 1 15 883
85 67 4 4 11 883
85 68 4 1 17 883
85 70 4 5 17 883
85 71 4 2 12 883
85 73 4 5 2 883
85 75 4 5 15 883
85 76 4 4 1 883
85 78 4 2 6 883
85 79 4 4 8 883
85 80 4 3 8 883
85 83 4 3 12 883
85 84 4 1 18 883
85 86 4 4 20 883
85 88 4 2 6 883
85 89 4 4 22 883
85 90 4 1 20 883
85 91 4 4 10 883
85 95 4 1 12 883
85 96 4 2 22 883
85 98 4 2 14 883
86 6 4 4 14 222
86 10 4 3 20 222
86 16 4 4 11 222
86 17 4 1 6 222
86 20 4 1 16 222
86 21 4 4 10 222
86 22 4 4 23 222
86 23 4 5 1 222
86 24 4 5 19 222
86 29 4 5 13 222
86 31 4 5 21 222
86 33 4 2 22 222
86 35 4 2 7 222
86 36 4 2 16 222
86 37 4 1 4 222
86 38 4 2 7 222
86 46 4 3 22 222
86 47 4 1 10 222
86 48 4 1 5 222
86 49 4 1 2 222
86 56 4 1 12 222
86 57 4 2 25 222
86 59 4 5 15 222
86 62 4 4 9 222
86 63 4 1 5 222
86 64 4 4 13 222
86 65 4 1 13 222
86 68 4 1 15 222
86 75 4 5 5 222
86 78 4 2 12 222
86 79 4 4 22 222
86 80 4 3 17 222
86 82 4 4 4 222
86 84 4 1 25 222
86 85 4 4 20 222
86 88 4 2 5 222
86 89 4 4 3 222
86 90 4 1 25 222
86 92 4 5 4 222
86 93 4 2 24 222
86 95 4 1 18 222
86 96 4 2 3 222
86 97 4 1 10 222
86 98 4 2 13 222
87 1 4 4 25 757
87 6 4 4 12 757
87 11 4 1 16 757
87 12 4 5 18 757
87 14 4 5 7 757
87 15 4 2 13 757
87 19 4 5 9 757
87 20 4 1 14 757
87 21 4 4 2 757
87 22 4 4 16 757
87 23 4 5 17 757
87 24 4 5 24 757
87 25 4 3 22 757
87 28 4 4 15 757
87 29 4 5 20 757
87 32 4 5 8 757
87 33 4 2 10 757
87 34 4 5 16 757
87 35 4 2 16 757
87 37 4 1 13 757
87 39 4 3 17 757
87 42 4 1 12 757
87 43 4 3 24 757
87 45 4 3 5 757
87 46 4 3 12 757
87 49 4 1 21 757
87 50 4 4 21 757
87 52 4 2 22 757
87 60 4 2 8 757
87 62 4 4 12 757
87 63 4 1 19 757
87 66 4 3 1 757
87 67 4 4 11 757
87 68 4 1 7 757
87 70 4 5 19 757
87 71 4 2 10 757
87 73 4 5 17 757
87 76 4 4 18 757
87 77 4 2 7 757
87 78 4 2 9 757
87 81 4 3 23 757
87 82 4 4 10 757
87 83 4 3 6 757
87 88 4 2 23 757
87 90 4 1 9 757
87 92 4 5 22 757
87 93 4 2 3 757
87 94 4 3 8 757
87 98 4 2 24 757
88 1 2 4 13 650
88 2 2 1 23 650
88 3 2 5 23 650
88 4 2 1 14 650
88 5 2 5 18 650
88 14 2 5 4 650
88 18 2 5 8 650
88 20 2 1 15 650
88 21 2 4 16 650
88 23 2 5 21 650
88 24 2 5 19 650
88 25 2 3 14 650
88 27 2 4 11 650
88 28 2 4 20 650
88 29 2 5 13 650
88 31 2 5 1 650
88 34 2 5 13 650
88 39 2 3 20 650
88 40 2 1 11 650
88 41 2 4 24 650
88 42 2 1 8 650
88 43 2 3 2 650
88 44 2 5 20 650
88 45 2 3 17 650
88 48 2 1 3 650
88 52 2 2 18 650
88 53 2 5 1 650
88 54 2 3 17 650
88 56 2 1 11 650
88 57 2 2 25 650
88 58 2 1 10 650
88 61 2 4 1 650
88 67 2 4 4 650
88 68 2 1 23 650
88 71 2 2 19 650
88 73 2 5 1 650
88 79 2 4 11 650
88 82 2 4 21 650
88 83 2 3 25 650
88 84 2 1 7 650
88 85 2 4 6 650
88 86 2 4 5 650
88 87 2 4 23 650
88 90 2 1 25 650
88 95 2 1 12 650
88 96 2 2 8 650
88 97 2 1 12 650
88 98 2 2 6 650
88 99 2 3 10 650
89 2 4 1 6 412
89 5 4 5 22 412
89 6 4 4 11 412
89 8 4 3 5 412
89 9 4 5 7 412
89 10 4 3 1 412
89 11 4 1 8 412
89 12 4 5 2 412
89 13 4 5 13 412
89 16 4 4 1 412
89 17 4 1 25 412
89 21 4 4 4 412
89 22 4 4 24 412
89 23 4 5 8 412
89 24 4 5 1 412
89 26 4 1 15 412
89 27 4 4 19 412
89 28 4 4 2 412
89 29 4 5 22 412
89 31 4 5 2 412
89 32 4 5 2 412
89 33 4 2 3 412
89 34 4 5 12 412
89 35 4 2 9 412
89 36 4 2 17 412
89 37 4 1 18 412
89 41 4 4 4 412
89 42 4 1 10 412
89 44 4 5 9 412
89 45 4 3 4 412
89 49 4 1 8 412
89 50 4 4 10 412
89 52 4 2 4 412
89 53 4 5 9 412
89 58 4 1 17 412
89 61 4 4 6 412
89 62 4 4 17 412
89 65 4 1 20 412
89 66 4 3 18 412
89 67 4 4 5 412
89 69 4 5 10 412
89 70 4 5 8 412
89 71 4 2 6 412
89 73 4 5 12 412
89 78 4 2 9 412
89 80 4 3 15 412
89 81 4 3 3 412
89 82 4 4 1 412
89 84 4 1 3 412
89 85 4 4 22 412
89 86 4 4 3 412
89 93 4 2 23 412
89 97 4 1 8 412
89 98 4 2 9 412
89 99 4 3 20 412
90 0 1 3 11 686
90 3 1 5 11 686
90 4 1 1 13 686
90 5 1 5 8 686
90 7 1 2 17 686
90 8 1 3 1 686
90 9 1 5 9 686
90 10 1 3 15 686
90 11 1 1 8 686
90 13 1 5 3 686
90 16 1 4 6 686
90 18 1 5 14 686
90 20 1 1 20 686
90 26 1 1 22 686
90 27 1 4 10 686
90 28 1 4 18 686
90 29 1 5 13 686
90 33 1 2 12 686
90 34 1 5 3 686
90 35 1 2 18 686
90 36 1 2 5 686
90 38 1 2 23 686
90 39 1 3 8 686
90 40 1 1 6 686
90 41 1 4 4 686
90 42 1 1 20 686
90 45 1 3 18 686
90 46 1 3 19 686
90 53 1 5 1 686
90 58 1 1 14 686
90 59 1 5 19 686
90 61 1 4 8 686
90 70 1 5 12 686
90 72 1 3 4 686
90 74 1 4 20 686
90 76 1 4 13 686
90 80 1 3 1 686
90 82 1 4 19 686
90 83 1 3 17 686
90 84 1 1 14 686
90 85 1 4 20 686
90 86 1 4 25 686
90 87 1 4 9 686
90 88 1 2 25 686
90 91 1 4 15 686
90 92 1 5 14 686
90 94 1 3 1 686
90 98 1 2 17 686
91 0 4 3 6 760
91 1 4 4 20 760
91 2 4 1 2 760
91 6 4 4 6 760
91 7 4 2 20 760
91 10 4 3 15 760
91 11 4 1 18 760
91 13 4 5 3 760
91 15 4 2 24 760
91 16 4 4 17 760
91 17 4 1 16 760
91 20 4 1 19 760
91 23 4 5 9 760
91 24 4 5 24 760
91 26 4 1 10 760
91 30 4 4 20 760
91 33 4 2 19 760
91 34 4 5 20 760
91 40 4 1 22 760
91 44 4 5 20 760
91 46 4 3 9 760
91 47 4 1 3 760
91 48 4 1 2 760
91 49 4 1 1 760
91 51 4 4 13 760
91 54 4 3 1 760
91 55 4 2 22 760
91 57 4 2 25 760
91 60 4 2 4 760
91 62 4 4 6 760
91 65 4 1 6 760
91 69 4 5 8 760
91 70 4 5 22 760
91 71 4 2 20 760
91 74 4 4 16 760
91 76 4 4 9 760
91 77 4 2 6 760
91 81 4 3 7 760
91 83 4 3 24 760
91 84 4 1 4 760
91 85 4 4 10 760
91 90 4 1 15 760
91 94 4 3 13 760
91 99 4 3 19 760
92 1 5 4 23 576
92 5 5 5 14 576
92 6 5 4 17 576
92 9 5 5 17 576
92 20 5 1 16 576
92 22 5 4 21 576
92 23 5 5 11 576
92 25 5 3 7 576
92 26 5 1 4 576
92 27 5 4 17 576
92 29 5 5 11 576
92 30 5 4 1 576
92 31 5 5 13 576
92 34 5 5 16 576
92 35 5 2 24 576
92 37 5 1 18 576
92 38 5 2 20 576
92 43 5 3 21 576
92 46 5 3 11 576
92 47 5 1 13 576
92 50 5 4 3 576
92 51 5 4 4 576
92 52 5 2 13 576
92 56 5 1 25 576
92 61 5 4 25 576
92 62 5 4 20 576
92 63 5 1 23 576
92 67 5 4 17 576
92 68 5 1 13 576
92 70 5 5 8 576
92 71 5 2 7 576
92 72 5 3 11 576
92 73 5 5 12 576
92 74 5 4 13 576
92 76 5 4 11 576
92 77 5 2 18 576
92 78 5 2 6 576
92 79 5 4 6 576
92 80 5 3 2 576
92 81 5 3 7 576
92 83 5 3 18 576
92 86 5 4 4 576
92 87 5 4 22 576
92 90 5 1 14 576
92 93 5 2 14 576
92 98 5 2 6 576
92 99 5 3 2 576
93 1 2 4 21 317
93 2 2 1 10 317
93 3 2 5 7 317
93 4 2 1 22 317
93 6 2 4 7 317
93 7 2 2 2 317
93 8 2 3 9 317
93 9 2 5 24 317
93 10 2 3 24 317
93 12 2 5 21 317
93 17 2 1 9 317
93 21 2 4 4 317
93 24 2 5 4 317
93 25 2 3 22 317
93 28 2 4 17 317
93 30 2 4 20 317
93 31 2 5 6 317
93 33 2 2 19 317
93 34 2 5 13 317
93 36 2 2 14 317
93 37 2 1 13 317
93 38 2 2 3 317
93 39 2 3 13 317
93 41 2 4 3 317
93 43 2 3 2 317
93 44 2 5 3 317
93 46 2 3 18 317
93 48 2 1 22 317
93 49 2 1 7 317
93 51 2 4 10 317
93 58 2 1 1 317
93 62 2 4 6 317
93 64 2 4 5 317
93 66 2 3 7 317
93 67 2 4 24 317
93 70 2 5 22 317
93 72 2 3 10 317
93 73 2 5 8 317
93 74 2 4 12 317
93 77 2 2 8 317
93 79 2 4 22 317
93 86 2 4 24 317
93 87 2 4 3 317
93 89 2 4 23 317
93 92 2 5 14 317
93 94 2 3 21 317
93 95 2 1 15 317
94 0 3 3 3 543
94 2 3 1 25 543
94 3 3 5 22 543
94 4 3 1 21 543
94 7 3 2 6 543
94 8 3 3 8 543
94 12 3 5 17 543
94 14 3 5 17 543
94 17 3 1 11 543
94 20 3 1 16 543
94 21 3 4 20 543
94 22 3 4 18 543
94 26 3 1 24 543
94 28 3 4 9 543
94 29 3 5 5 543
94 30 3 4 5 543
94 32 3 5 9 543
94 34 3 5 1 543
94 35 3 2 12 543
94 36 3 2 11 543
94 37 3 1 21 543
94 38 3 2 23 543
94 39 3 3 22 543
94 42 3 1 5 543
94 43 3 3 1 543
94 45 3 3 25 543
94 47 3 1 20 543
94 49 3 1 23 543
94 50 3 4 10 543
94 51 3 4 11 543
94 53 3 5 7 543
94 54 3 3 18 543
94 55 3 2 17 543
94 57 3 2 8 543
94 58 3 1 15 543
94 61 3 4 14 543
94 63 3 1 21 543
94 64 3 4 10 543
94 66 3 3 16 543
94 67 3 4 3 543
94 69 3 5 23 543
94 70 3 5 5 543
94 71 3 2 18 543
94 72 3 3 14 543
94 73 3 5 20 543
94 81 3 3 8 543
94 82 3 4 23 543
94 84 3 1 11 543
94 87 3 4 8 543
94 90 3 1 1 543
94 91 3 4 13 543
94 93 3 2 21 543
94 95 3 1 16 543
94 96 3 2 5 543
94 97 3 1 18 543
94 98 3 2 13 543
95 0 1 3 21 72
95 2 1 1 24 72
95 3 1 5 20 72
95 4 1 1 7 72
95 5 1 5 23 72
95 6 1 4 21 72
95 7 1 2 12 72
95 10 1 3 8 72
95 11 1 1 10 72
95 12 1 5 8 72
95 14 1 5 6 72
95 15 1 2 14 72
95 18 1 5 19 72
95 20 1 1 8 72
95 23 1 5 11 72
95 24 1 5 15 72
95 25 1 3 20 72
95 26 1 1 12 72
95 29 1 5 8 72
95 30 1 4 14 72
95 31 1 5 8 72
95 40 1 1 16 72
95 42 1 1 16 72
95 44 1 5 15 72
95 45 1 3 22 72
95 49 1 1 7 72
95 51 1 4 13 72
95 55 1 2 6 72
95 56 1 1 25 72
95 58 1 1 1 72
95 61 1 4 8 72
95 62 1 4 5 72
95 63 1 1 7 72
95 65 1 1 4 72
95 66 1 3 13 72
95 68 1 1 5 72
95 70 1 5 12 72
95 71 1 2 4 72
95 72 1 3 21 72
95 73 1 5 7 72
95 74 1 4 24 72
95 75 1 5 21 72
95 76 1 4 12 72
95 77 1 2 19 72
95 78 1 2 6 72
95 79 1 4 22 72
95 81 1 3 5 72
95 82 1 4 16 72
95 85 1 4 12 72
95 86 1 4 18 72
95 88 1 2 12 72
95 93 1 2 15 72
95 94 1 3 16 72
95 96 1 2 3 72
96 0 2 3 4 476
96 3 2 5 12 476
96 4 2 1 14 476
96 13 2 5 14 476
96 19 2 5 23 476
96 20 2 1 14 476
96 21 2 4 6 476
96 23 2 5 25 476
96 24 2 5 18 476
96 29 2 5 8 476
96 30 2 4 2 476
96 32 2 5 24 476
96 36 2 2 9 476
96 38 2 2 18 476
96 40 2 1 23 476
96 43 2 3 22 476
96 44 2 5 5 476
96 45 2 3 17 476
96 47 2 1 8 476
96 49 2 1 25 476
96 50 2 4 16 476
96 51 2 4 17 476
96 54 2 3 13 476
96 56 2 1 15 476
96 59 2 5 22 476
96 60 2 2 17 476
96 61 2 4 1 476
96 62 2 4 11 476
96 63 2 1 8 476
96 68 2 1 5 476
96 71 2 2 5 476
96 72 2 3 19 476
96 76 2 4 9 476
96 80 2 3 1 476
96 85 2 4 22 476
96 86 2 4 3 476
96 88 2 2 8 476
96 94 2 3 5 476
96 95 2 1 3 476
96 97 2 1 1 476
96 98 2 2 13 476
96 99 2 3 24 476
97 2 1 1 16 101
97 3 1 5 9 101
97 4 1 1 15 101
97 7 1 2 24 101
97 8 1 3 4 101
97 9 1 5 7 101
97 10 1 3 21 101
97 12 1 5 19 101
97 13 1 5 20 101
97 20 1 1 12 101
97 24 1 5 19 101
97 25 1 3 6 101
97 26 1 1 16 101
97 29 1 5 14 101
97 31 1 5 4 101
97 34 1 5 11 101
97 35 1 2 9 101
97 36 1 2 18 101
97 38 1 2 21 101
97 40 1 1 22 101
97 42 1 1 11 101
97 44 1 5 3 101
97 47 1 1 21 101
97 50 1 4 5 101
97 51 1 4 15 101
97 52 1 2 21 101
97 53 1 5 5 101
97 54 1 3 17 101
97 55 1 2 7 101
97 56 1 1 24 101
97 57 1 2 3 101
97 58 1 1 17 101
97 59 1 5 21 101
97 60 1 2 21 101
97 62 1 4 3 101
97 64 1 4 12 101
97 68 1 1 14 101
97 70 1 5 3 101
97 73 1 5 17 101
97 74 1 4 8 101
97 75 1 5 22 101
97 76 1 4 24 101
97 78 1 2 24 101
97 79 1 4 10 101
97 80 1 3 1 101
97 82 1 4 3 101
97 83 1 3 22 101
97 84 1 1 14 101
97 86 1 4 10 101
97 88 1 2 12 101
97 89 1 4 8 101
97 94 1 3 18 101
97 96 1 2 1 101
97 98 1 2 25 101
98 0 2 3 22 224
98 2 2 1 7 224
98 4 2 1 4 224
98 7 2 2 25 224
98 8 2 3 15 224
98 11 2 1 9 224
98 13 2 5 3 224
98 16 2 4 16 224
98 17 2 1 8 224
98 18 2 5 8 224
98 21 2 4 3 224
98 22 2 4 15 224
98 26 2 1 11 224
98 28 2 4 18 224
98 30 2 4 3 224
98 31 2 5 22 224
98 32 2 5 4 224
98 33 2 2 1 224
98 35 2 2 5 224
98 36 2 2 1 224
98 38 2 2 1 224
98 39 2 3 21 224
98 41 2 4 9 224
98 43 2 3 20 224
98 45 2 3 3 224
98 46 2 3 19 224
98 47 2 1 12 224
98 48 2 1 13 224
98 51 2 4 20 224
98 52 2 2 17 224
98 53 2 5 6 224
98 54 2 3 22 224
98 57 2 2 19 224
98 61 2 4 25 224
98 63 2 1 12 224
98 64 2 4 2 224
98 66 2 3 13 224
98 68 2 1 14 224
98 71 2 2 23 224
98 72 2 3 17 224
98 74 2 4 19 224
98 75 2 5 17 224
98 76 2 4 9 224
98 77 2 2 15 224
98 80 2 3 8 224
98 81 2 3 15 224
98 83 2 3 20 224
98 84 2 1 23 224
98 85 2 4 14 224
98 86 2 4 13 224
98 87 2 4 24 224
98 88 2 2 6 224
98 89 2 4 9 224
98 90 2 1 17 224
98 92 2 5 6 224
98 94 2 3 13 224
98 96 2 2 13 224
98 97 2 1 25 224
99 5 3 5 16 418
99 7 3 2 2 418
99 8 3 3 8 418
99 11 3 1 8 418
99 12 3 5 14 418
99 13 3 5 22 418
99 14 3 5 24 418
99 17 3 1 24 418
99 18 3 5 7 418
99 19 3 5 14 418
99 21 3 4 19 418
99 22 3 4 4 418
99 25 3 3 14 418
99 26 3 1 22 418
99 31 3 5 2 418
99 32 3 5 16 418
99 33 3 2 20 418
99 36 3 2 14 418
99 38 3 2 13 418
99 41 3 4 13 418
99 42 3 1 17 418
99 46 3 3 13 418
99 47 3 1 9 418
99 49 3 1 7 418
99 51 3 4 20 418
99 54 3 3 20 418
99 58 3 1 19 418
99 60 3 2 3 418
99 63 3 1 25 418
99 64 3 4 13 418
99 69 3 5 1 418
99 71 3 2 17 418
99 72 3 3 2 418
99 74 3 4 2 418
99 76 3 4 12 418
99 79 3 4 11 418
99 80 3 3 8 418
99 84 3 1 16 418
99 88 3 2 10 418
99 89 3 4 20 418
99 91 3 4 19 418
99 92 3 5 2 418
99 96 3 2 24 418
