capacity  cost_by_node
nb_functions 8
19 12 85 90 94 48 32 85 88 94 29 100 81 39 41 50 58 84 38 61 16 28 14 99 12 48 
19 40 36 94 83 81 82 18 85 72 68 55 30 66 26 14 31 73 71 18 86 53 95 86 25 32 
14 86 73 57 81 28 66 94 60 13 78 41 76 23 67 61 66 50 45 46 38 32 28 88 23 48 
14 41 94 48 15 75 47 51 49 20 74 28 22 17 21 57 22 35 17 70 11 42 16 88 64 62 
15 85 16 23 34 44 71 35 38 64 15 48 72 61 47 84 50 52 30 80 62 71 56 85 65 98 
19 29 12 59 37 89 82 20 13 20 46 11 45 74 74 53 83 16 65 84 62 24 27 62 19 91 
26 62 39 40 75 90 20 81 98 28 18 70 100 55 85 73 52 24 67 71 63 25 22 49 65 90 
21 30 64 78 64 51 88 28 97 26 23 72 89 47 36 76 35 70 19 15 46 48 70 85 83 98 
