capacity  cost_by_node
nb_functions 8
16 46 59 29 21 85 72 57 98 36 27 29 70 16 32 60 64 20 85 32 46 80 59 88 51 86 
16 37 78 68 75 58 18 86 56 55 12 81 41 42 56 74 89 72 61 82 31 62 20 70 55 28 
16 64 59 81 62 33 71 37 89 40 94 62 57 77 32 36 64 52 42 64 63 43 66 99 100 44 
16 99 35 95 84 21 10 71 44 11 63 28 10 83 20 85 97 19 38 77 92 99 59 53 63 95 
8 58 99 16 86 92 94 60 79 35 54 58 12 52 22 79 44 44 55 15 81 48 48 33 46 73 
11 90 25 87 24 25 31 79 19 84 73 93 59 35 53 98 53 75 44 49 63 90 56 92 16 27 
9 67 55 46 98 64 29 10 38 59 79 95 47 76 18 14 67 25 64 70 13 48 71 61 97 83 
16 28 53 22 31 94 71 89 91 75 74 79 71 46 37 80 58 41 15 98 66 22 81 45 93 74 
