capacity  cost_by_node
nb_functions 8
7 28 81 80 80 60 39 20 88 30 60 38 51 55 45 40 73 47 99 61 39 60 41 12 52 92 56 59 16 23 17 85 82 95 20 55 10 74 85 33 30 79 86 16 66 96 91 82 80 60 53 
6 10 57 98 87 92 79 93 70 90 41 50 80 46 88 77 56 93 18 55 92 31 68 37 36 82 62 14 10 16 96 57 59 80 16 78 30 70 61 86 60 90 37 22 69 98 79 81 35 80 87 
6 91 31 83 86 33 87 77 59 57 94 63 11 48 85 72 52 83 47 57 21 53 66 55 10 70 23 27 15 73 88 78 85 44 34 28 94 25 77 40 58 50 91 22 32 21 61 70 84 62 32 
7 54 23 81 64 60 62 65 58 46 18 73 62 66 42 27 80 47 93 56 22 84 96 35 67 99 68 24 30 15 26 27 11 40 53 59 30 50 35 80 13 98 59 44 17 39 95 86 93 37 10 
5 15 19 55 38 76 76 37 67 71 72 30 68 57 94 11 19 11 75 43 87 98 61 26 93 33 19 67 48 81 64 81 41 73 16 79 75 55 73 31 44 96 23 18 35 20 59 53 60 45 64 
5 14 21 38 26 65 34 65 72 90 38 14 79 29 28 32 93 58 37 79 86 98 42 53 37 19 99 71 20 20 30 47 86 82 88 22 37 33 44 34 99 90 10 33 39 91 96 88 30 86 91 
5 70 43 98 85 70 38 87 34 77 54 35 71 39 50 30 40 33 38 96 77 13 42 60 85 24 92 19 40 87 39 97 49 90 19 92 90 14 38 90 84 36 55 27 33 23 55 70 79 61 57 
7 39 86 12 69 76 75 63 99 89 64 12 71 29 97 10 85 79 29 53 72 84 43 58 22 76 62 15 14 15 80 30 51 36 50 27 29 52 25 70 10 58 53 100 79 96 91 92 41 87 26 
