Node_1 Node_2 Capacity_node1 Capacity_node2 Latency_arc node_cost
nb_nodes 25
nb_arcs 280
0 2 3 4 11 736
0 8 3 3 14 736
0 13 3 1 12 736
0 17 3 4 25 736
0 18 3 1 16 736
0 19 3 3 5 736
0 20 3 1 16 736
0 22 3 1 15 736
1 2 1 4 10 899
1 3 1 3 2 899
1 4 1 4 21 899
1 9 1 1 21 899
1 10 1 4 18 899
1 11 1 3 8 899
1 12 1 1 21 899
1 17 1 4 9 899
1 24 1 2 9 899
2 0 4 3 11 923
2 1 4 1 10 923
2 3 4 3 20 923
2 7 4 3 8 923
2 8 4 3 6 923
2 9 4 1 6 923
2 10 4 4 16 923
2 12 4 1 18 923
2 13 4 1 25 923
2 14 4 4 16 923
2 16 4 3 19 923
2 17 4 4 21 923
2 18 4 1 6 923
2 19 4 3 21 923
2 20 4 1 6 923
2 22 4 1 9 923
2 24 4 2 11 923
3 1 3 1 2 924
3 2 3 4 20 924
3 5 3 2 11 924
3 8 3 3 6 924
3 11 3 3 7 924
3 12 3 1 9 924
3 13 3 1 8 924
3 17 3 4 21 924
3 19 3 3 18 924
3 20 3 1 9 924
3 21 3 3 18 924
3 22 3 1 17 924
3 23 3 3 21 924
4 1 4 1 21 636
4 5 4 2 5 636
4 6 4 1 5 636
4 12 4 1 1 636
4 14 4 4 10 636
4 15 4 3 1 636
4 16 4 3 6 636
4 17 4 4 8 636
4 18 4 1 6 636
4 19 4 3 6 636
4 20 4 1 17 636
4 21 4 3 17 636
4 22 4 1 1 636
4 24 4 2 14 636
5 3 2 3 11 885
5 4 2 4 5 885
5 8 2 3 1 885
5 12 2 1 6 885
5 14 2 4 13 885
5 15 2 3 23 885
5 17 2 4 14 885
5 20 2 1 22 885
5 24 2 2 23 885
6 4 1 4 5 351
6 10 1 4 13 351
6 14 1 4 25 351
6 17 1 4 2 351
6 18 1 1 3 351
6 19 1 3 21 351
6 21 1 3 11 351
7 2 3 4 8 817
7 8 3 3 19 817
7 9 3 1 25 817
7 16 3 3 23 817
7 19 3 3 25 817
7 22 3 1 24 817
7 23 3 3 18 817
7 24 3 2 16 817
8 0 3 3 14 532
8 2 3 4 6 532
8 3 3 3 6 532
8 5 3 2 1 532
8 7 3 3 19 532
8 11 3 3 18 532
8 13 3 1 4 532
8 14 3 4 24 532
8 17 3 4 14 532
8 19 3 3 5 532
8 21 3 3 19 532
8 23 3 3 25 532
8 24 3 2 4 532
9 1 1 1 21 385
9 2 1 4 6 385
9 7 1 3 25 385
9 12 1 1 20 385
9 14 1 4 7 385
9 15 1 3 8 385
9 19 1 3 9 385
9 20 1 1 19 385
9 21 1 3 14 385
9 23 1 3 5 385
10 1 4 1 18 545
10 2 4 4 16 545
10 6 4 1 13 545
10 11 4 3 7 545
10 12 4 1 14 545
10 14 4 4 22 545
10 16 4 3 10 545
10 17 4 4 21 545
10 19 4 3 10 545
10 20 4 1 4 545
10 21 4 3 19 545
10 22 4 1 21 545
10 24 4 2 19 545
11 1 3 1 8 144
11 3 3 3 7 144
11 8 3 3 18 144
11 10 3 4 7 144
11 14 3 4 18 144
11 15 3 3 25 144
11 16 3 3 22 144
11 18 3 1 1 144
11 19 3 3 17 144
11 20 3 1 4 144
11 22 3 1 16 144
11 23 3 3 7 144
11 24 3 2 9 144
12 1 1 1 21 453
12 2 1 4 18 453
12 3 1 3 9 453
12 4 1 4 1 453
12 5 1 2 6 453
12 9 1 1 20 453
12 10 1 4 14 453
12 13 1 1 3 453
12 16 1 3 20 453
12 20 1 1 11 453
12 22 1 1 23 453
12 23 1 3 25 453
12 24 1 2 16 453
13 0 1 3 12 78
13 2 1 4 25 78
13 3 1 3 8 78
13 8 1 3 4 78
13 12 1 1 3 78
13 18 1 1 20 78
13 19 1 3 17 78
13 20 1 1 20 78
13 23 1 3 9 78
13 24 1 2 15 78
14 2 4 4 16 841
14 4 4 4 10 841
14 5 4 2 13 841
14 6 4 1 25 841
14 8 4 3 24 841
14 9 4 1 7 841
14 10 4 4 22 841
14 11 4 3 18 841
14 15 4 3 8 841
14 18 4 1 14 841
14 22 4 1 24 841
15 4 3 4 1 201
15 5 3 2 23 201
15 9 3 1 8 201
15 11 3 3 25 201
15 14 3 4 8 201
15 16 3 3 17 201
15 17 3 4 15 201
15 22 3 1 21 201
16 2 3 4 19 539
16 4 3 4 6 539
16 7 3 3 23 539
16 10 3 4 10 539
16 11 3 3 22 539
16 12 3 1 20 539
16 15 3 3 17 539
16 17 3 4 9 539
16 18 3 1 7 539
16 19 3 3 21 539
17 0 4 3 25 328
17 1 4 1 9 328
17 2 4 4 21 328
17 3 4 3 21 328
17 4 4 4 8 328
17 5 4 2 14 328
17 6 4 1 2 328
17 8 4 3 14 328
17 10 4 4 21 328
17 15 4 3 15 328
17 16 4 3 9 328
17 18 4 1 8 328
17 21 4 3 25 328
17 22 4 1 6 328
17 23 4 3 23 328
18 0 1 3 16 58
18 2 1 4 6 58
18 4 1 4 6 58
18 6 1 1 3 58
18 11 1 3 1 58
18 13 1 1 20 58
18 14 1 4 14 58
18 16 1 3 7 58
18 17 1 4 8 58
18 22 1 1 2 58
18 23 1 3 7 58
19 0 3 3 5 775
19 2 3 4 21 775
19 3 3 3 18 775
19 4 3 4 6 775
19 6 3 1 21 775
19 7 3 3 25 775
19 8 3 3 5 775
19 9 3 1 9 775
19 10 3 4 10 775
19 11 3 3 17 775
19 13 3 1 17 775
19 16 3 3 21 775
19 23 3 3 12 775
20 0 1 3 16 998
20 2 1 4 6 998
20 3 1 3 9 998
20 4 1 4 17 998
20 5 1 2 22 998
20 9 1 1 19 998
20 10 1 4 4 998
20 11 1 3 4 998
20 12 1 1 11 998
20 13 1 1 20 998
20 21 1 3 12 998
20 23 1 3 18 998
21 3 3 3 18 807
21 4 3 4 17 807
21 6 3 1 11 807
21 8 3 3 19 807
21 9 3 1 14 807
21 10 3 4 19 807
21 17 3 4 25 807
21 20 3 1 12 807
22 0 1 3 15 738
22 2 1 4 9 738
22 3 1 3 17 738
22 4 1 4 1 738
22 7 1 3 24 738
22 10 1 4 21 738
22 11 1 3 16 738
22 12 1 1 23 738
22 14 1 4 24 738
22 15 1 3 21 738
22 17 1 4 6 738
22 18 1 1 2 738
22 23 1 3 17 738
23 3 3 3 21 582
23 7 3 3 18 582
23 8 3 3 25 582
23 9 3 1 5 582
23 11 3 3 7 582
23 12 3 1 25 582
23 13 3 1 9 582
23 17 3 4 23 582
23 18 3 1 7 582
23 19 3 3 12 582
23 20 3 1 18 582
23 22 3 1 17 582
24 1 2 1 9 869
24 2 2 4 11 869
24 4 2 4 14 869
24 5 2 2 23 869
24 7 2 3 16 869
24 8 2 3 4 869
24 10 2 4 19 869
24 11 2 3 9 869
24 12 2 1 16 869
24 13 2 1 15 869
