capacity  cost_by_node
nb_functions 8
16 71 99 33 22 80 39 63 35 54 19 17 50 29 92 33 17 24 48 48 18 74 28 83 44 22 41 91 29 77 47 85 82 75 97 68 66 68 70 69 35 50 34 23 53 87 23 13 55 62 54 
19 83 92 83 74 40 30 51 97 60 42 67 38 79 45 94 63 68 63 47 64 86 52 27 34 69 29 21 13 94 79 46 11 57 48 49 56 14 48 51 48 100 94 16 34 92 47 24 91 68 35 
18 62 16 38 32 87 73 51 86 60 79 46 10 84 21 58 73 65 99 40 82 54 91 73 96 14 46 83 58 51 88 76 65 42 96 59 100 39 84 87 98 83 20 70 51 38 34 63 26 17 16 
18 59 92 76 55 83 85 67 32 87 82 36 92 45 45 48 42 40 79 69 14 27 50 27 89 52 25 67 63 69 49 37 26 49 58 97 90 49 11 81 62 55 76 86 22 61 77 63 62 41 66 
26 43 14 97 42 49 29 50 34 30 57 34 20 67 80 96 68 41 89 79 28 34 72 62 52 89 51 20 19 95 93 14 28 94 53 34 42 55 89 75 42 34 70 30 22 68 31 32 40 50 65 
15 14 67 49 97 50 55 16 65 20 85 74 87 37 79 10 14 31 47 78 71 83 48 82 37 18 80 81 89 16 16 63 70 97 43 89 30 86 77 94 56 69 29 94 50 62 63 88 73 29 79 
24 94 31 37 58 11 37 13 77 33 28 32 26 99 10 12 78 68 96 28 61 81 20 57 36 86 38 81 96 46 100 15 74 63 39 38 39 70 95 84 95 18 11 63 59 27 46 16 85 63 56 
24 76 82 69 16 71 37 58 10 83 43 71 96 37 86 12 96 97 42 78 66 89 69 15 53 67 97 94 12 84 21 94 38 16 82 78 60 71 13 34 10 28 52 85 67 69 17 44 95 95 66 
