Node_1 Node_2 Capacity_node1 Capacity_node2 Latency_arc node_cost
nb_nodes 50
nb_arcs 2180
0 1 2 4 23 887
0 2 2 6 3 887
0 3 2 2 14 887
0 5 2 1 20 887
0 6 2 6 5 887
0 7 2 6 23 887
0 8 2 5 14 887
0 9 2 5 23 887
0 10 2 4 6 887
0 11 2 3 3 887
0 12 2 2 25 887
0 13 2 6 14 887
0 14 2 7 6 887
0 15 2 3 22 887
0 16 2 6 15 887
0 17 2 5 6 887
0 18 2 6 4 887
0 19 2 2 23 887
0 20 2 4 1 887
0 21 2 1 20 887
0 22 2 1 18 887
0 23 2 3 6 887
0 24 2 3 18 887
0 25 2 2 11 887
0 26 2 4 24 887
0 27 2 3 22 887
0 28 2 5 21 887
0 29 2 5 5 887
0 30 2 1 18 887
0 31 2 4 13 887
0 32 2 4 16 887
0 33 2 7 16 887
0 34 2 6 14 887
0 36 2 5 8 887
0 37 2 6 24 887
0 38 2 7 23 887
0 39 2 7 15 887
0 40 2 1 1 887
0 41 2 4 19 887
0 42 2 7 19 887
0 43 2 5 10 887
0 44 2 3 18 887
0 45 2 3 17 887
0 46 2 2 23 887
0 47 2 1 8 887
0 48 2 5 20 887
0 49 2 2 20 887
1 0 4 2 23 265
1 2 4 6 20 265
1 3 4 2 16 265
1 4 4 5 11 265
1 5 4 1 16 265
1 6 4 6 4 265
1 7 4 6 5 265
1 8 4 5 10 265
1 9 4 5 17 265
1 10 4 4 17 265
1 11 4 3 10 265
1 13 4 6 3 265
1 14 4 7 13 265
1 15 4 3 20 265
1 16 4 6 15 265
1 18 4 6 11 265
1 19 4 2 15 265
1 20 4 4 11 265
1 21 4 1 6 265
1 22 4 1 7 265
1 23 4 3 15 265
1 24 4 3 2 265
1 25 4 2 9 265
1 26 4 4 17 265
1 27 4 3 4 265
1 28 4 5 19 265
1 29 4 5 6 265
1 30 4 1 23 265
1 32 4 4 15 265
1 33 4 7 3 265
1 34 4 6 1 265
1 35 4 3 14 265
1 36 4 5 6 265
1 39 4 7 21 265
1 40 4 1 11 265
1 41 4 4 19 265
1 42 4 7 5 265
1 43 4 5 21 265
1 45 4 3 25 265
1 46 4 2 9 265
1 49 4 2 13 265
2 0 6 2 3 528
2 1 6 4 20 528
2 3 6 2 21 528
2 4 6 5 6 528
2 6 6 6 14 528
2 7 6 6 15 528
2 10 6 4 25 528
2 11 6 3 7 528
2 12 6 2 16 528
2 13 6 6 24 528
2 14 6 7 3 528
2 15 6 3 12 528
2 17 6 5 13 528
2 18 6 6 24 528
2 19 6 2 19 528
2 20 6 4 12 528
2 21 6 1 23 528
2 22 6 1 19 528
2 23 6 3 14 528
2 24 6 3 8 528
2 28 6 5 15 528
2 29 6 5 18 528
2 30 6 1 5 528
2 31 6 4 14 528
2 33 6 7 21 528
2 34 6 6 1 528
2 35 6 3 21 528
2 36 6 5 1 528
2 37 6 6 20 528
2 39 6 7 23 528
2 40 6 1 24 528
2 41 6 4 4 528
2 42 6 7 17 528
2 43 6 5 12 528
2 44 6 3 3 528
2 46 6 2 20 528
2 47 6 1 6 528
2 48 6 5 8 528
2 49 6 2 21 528
3 0 2 2 14 874
3 1 2 4 16 874
3 2 2 6 21 874
3 4 2 5 22 874
3 6 2 6 22 874
3 7 2 6 6 874
3 8 2 5 2 874
3 9 2 5 23 874
3 10 2 4 10 874
3 12 2 2 11 874
3 13 2 6 25 874
3 14 2 7 6 874
3 15 2 3 21 874
3 16 2 6 20 874
3 17 2 5 10 874
3 18 2 6 10 874
3 19 2 2 20 874
3 21 2 1 12 874
3 22 2 1 5 874
3 23 2 3 18 874
3 24 2 3 11 874
3 25 2 2 25 874
3 27 2 3 13 874
3 28 2 5 15 874
3 29 2 5 18 874
3 30 2 1 3 874
3 31 2 4 15 874
3 32 2 4 25 874
3 33 2 7 25 874
3 34 2 6 15 874
3 35 2 3 7 874
3 36 2 5 8 874
3 37 2 6 21 874
3 38 2 7 15 874
3 39 2 7 19 874
3 40 2 1 6 874
3 41 2 4 9 874
3 42 2 7 7 874
3 44 2 3 21 874
3 45 2 3 7 874
3 46 2 2 4 874
3 47 2 1 15 874
3 48 2 5 20 874
3 49 2 2 7 874
4 1 5 4 11 59
4 2 5 6 6 59
4 3 5 2 22 59
4 5 5 1 1 59
4 6 5 6 17 59
4 8 5 5 1 59
4 9 5 5 20 59
4 10 5 4 25 59
4 12 5 2 9 59
4 13 5 6 8 59
4 14 5 7 23 59
4 15 5 3 22 59
4 16 5 6 25 59
4 17 5 5 16 59
4 18 5 6 19 59
4 19 5 2 14 59
4 20 5 4 11 59
4 21 5 1 2 59
4 22 5 1 2 59
4 23 5 3 7 59
4 24 5 3 21 59
4 25 5 2 19 59
4 26 5 4 19 59
4 27 5 3 7 59
4 28 5 5 24 59
4 30 5 1 21 59
4 32 5 4 2 59
4 33 5 7 13 59
4 34 5 6 15 59
4 35 5 3 4 59
4 36 5 5 25 59
4 37 5 6 22 59
4 38 5 7 2 59
4 39 5 7 20 59
4 40 5 1 24 59
4 41 5 4 20 59
4 42 5 7 23 59
4 43 5 5 10 59
4 44 5 3 14 59
4 45 5 3 8 59
4 46 5 2 15 59
4 47 5 1 7 59
4 48 5 5 10 59
4 49 5 2 7 59
5 0 1 2 20 388
5 1 1 4 16 388
5 4 1 5 1 388
5 6 1 6 6 388
5 7 1 6 19 388
5 8 1 5 23 388
5 10 1 4 11 388
5 11 1 3 22 388
5 12 1 2 21 388
5 13 1 6 14 388
5 14 1 7 15 388
5 15 1 3 6 388
5 16 1 6 12 388
5 17 1 5 20 388
5 18 1 6 2 388
5 19 1 2 24 388
5 21 1 1 11 388
5 22 1 1 17 388
5 23 1 3 3 388
5 24 1 3 20 388
5 25 1 2 22 388
5 26 1 4 10 388
5 27 1 3 20 388
5 28 1 5 8 388
5 29 1 5 8 388
5 30 1 1 23 388
5 31 1 4 12 388
5 32 1 4 19 388
5 33 1 7 11 388
5 34 1 6 10 388
5 35 1 3 23 388
5 36 1 5 10 388
5 37 1 6 3 388
5 38 1 7 12 388
5 39 1 7 23 388
5 40 1 1 19 388
5 41 1 4 15 388
5 42 1 7 18 388
5 43 1 5 10 388
5 44 1 3 13 388
5 45 1 3 9 388
5 46 1 2 18 388
5 47 1 1 25 388
6 0 6 2 5 269
6 1 6 4 4 269
6 2 6 6 14 269
6 3 6 2 22 269
6 4 6 5 17 269
6 5 6 1 6 269
6 7 6 6 19 269
6 8 6 5 10 269
6 9 6 5 20 269
6 11 6 3 9 269
6 12 6 2 8 269
6 13 6 6 12 269
6 14 6 7 17 269
6 15 6 3 23 269
6 16 6 6 7 269
6 17 6 5 13 269
6 18 6 6 24 269
6 19 6 2 25 269
6 20 6 4 24 269
6 22 6 1 1 269
6 23 6 3 20 269
6 24 6 3 8 269
6 25 6 2 24 269
6 26 6 4 23 269
6 27 6 3 2 269
6 28 6 5 10 269
6 29 6 5 11 269
6 30 6 1 2 269
6 31 6 4 12 269
6 32 6 4 12 269
6 33 6 7 22 269
6 35 6 3 16 269
6 36 6 5 16 269
6 37 6 6 24 269
6 38 6 7 19 269
6 39 6 7 9 269
6 41 6 4 6 269
6 42 6 7 24 269
6 43 6 5 3 269
6 44 6 3 10 269
6 45 6 3 1 269
6 46 6 2 9 269
6 47 6 1 22 269
6 48 6 5 2 269
6 49 6 2 15 269
7 0 6 2 23 385
7 1 6 4 5 385
7 2 6 6 15 385
7 3 6 2 6 385
7 5 6 1 19 385
7 6 6 6 19 385
7 8 6 5 10 385
7 9 6 5 22 385
7 10 6 4 25 385
7 11 6 3 13 385
7 12 6 2 10 385
7 13 6 6 11 385
7 14 6 7 8 385
7 15 6 3 13 385
7 16 6 6 6 385
7 17 6 5 16 385
7 19 6 2 19 385
7 20 6 4 15 385
7 21 6 1 15 385
7 22 6 1 22 385
7 23 6 3 18 385
7 24 6 3 11 385
7 25 6 2 11 385
7 26 6 4 7 385
7 27 6 3 7 385
7 28 6 5 8 385
7 29 6 5 23 385
7 30 6 1 2 385
7 31 6 4 6 385
7 32 6 4 15 385
7 33 6 7 22 385
7 34 6 6 13 385
7 35 6 3 8 385
7 36 6 5 24 385
7 37 6 6 16 385
7 38 6 7 1 385
7 39 6 7 5 385
7 40 6 1 12 385
7 41 6 4 12 385
7 43 6 5 9 385
7 44 6 3 12 385
7 45 6 3 23 385
7 46 6 2 16 385
7 47 6 1 14 385
7 48 6 5 25 385
7 49 6 2 17 385
8 0 5 2 14 254
8 1 5 4 10 254
8 3 5 2 2 254
8 4 5 5 1 254
8 5 5 1 23 254
8 6 5 6 10 254
8 7 5 6 10 254
8 9 5 5 17 254
8 10 5 4 19 254
8 11 5 3 24 254
8 12 5 2 14 254
8 13 5 6 4 254
8 14 5 7 17 254
8 16 5 6 23 254
8 18 5 6 16 254
8 19 5 2 19 254
8 20 5 4 25 254
8 21 5 1 10 254
8 22 5 1 21 254
8 23 5 3 22 254
8 24 5 3 7 254
8 25 5 2 18 254
8 26 5 4 4 254
8 27 5 3 18 254
8 28 5 5 23 254
8 30 5 1 7 254
8 31 5 4 12 254
8 33 5 7 16 254
8 35 5 3 8 254
8 36 5 5 18 254
8 37 5 6 3 254
8 39 5 7 3 254
8 40 5 1 24 254
8 41 5 4 16 254
8 42 5 7 11 254
8 43 5 5 18 254
8 44 5 3 16 254
8 46 5 2 13 254
8 47 5 1 5 254
8 48 5 5 2 254
8 49 5 2 16 254
9 0 5 2 23 983
9 1 5 4 17 983
9 3 5 2 23 983
9 4 5 5 20 983
9 6 5 6 20 983
9 7 5 6 22 983
9 8 5 5 17 983
9 11 5 3 19 983
9 12 5 2 15 983
9 13 5 6 18 983
9 14 5 7 3 983
9 15 5 3 17 983
9 16 5 6 13 983
9 17 5 5 2 983
9 18 5 6 23 983
9 19 5 2 20 983
9 20 5 4 25 983
9 21 5 1 13 983
9 22 5 1 6 983
9 23 5 3 2 983
9 24 5 3 17 983
9 25 5 2 6 983
9 26 5 4 6 983
9 27 5 3 4 983
9 28 5 5 15 983
9 29 5 5 25 983
9 30 5 1 6 983
9 31 5 4 12 983
9 32 5 4 25 983
9 35 5 3 19 983
9 36 5 5 14 983
9 37 5 6 19 983
9 38 5 7 5 983
9 39 5 7 18 983
9 40 5 1 1 983
9 41 5 4 25 983
9 42 5 7 20 983
9 43 5 5 7 983
9 44 5 3 5 983
9 45 5 3 4 983
9 46 5 2 18 983
9 47 5 1 13 983
9 48 5 5 20 983
9 49 5 2 15 983
10 0 4 2 6 960
10 1 4 4 17 960
10 2 4 6 25 960
10 3 4 2 10 960
10 4 4 5 25 960
10 5 4 1 11 960
10 7 4 6 25 960
10 8 4 5 19 960
10 11 4 3 5 960
10 12 4 2 25 960
10 13 4 6 4 960
10 14 4 7 16 960
10 15 4 3 8 960
10 17 4 5 15 960
10 18 4 6 7 960
10 19 4 2 23 960
10 20 4 4 7 960
10 21 4 1 21 960
10 22 4 1 3 960
10 23 4 3 6 960
10 24 4 3 18 960
10 25 4 2 8 960
10 26 4 4 23 960
10 27 4 3 21 960
10 28 4 5 21 960
10 29 4 5 1 960
10 30 4 1 17 960
10 32 4 4 22 960
10 33 4 7 23 960
10 34 4 6 4 960
10 35 4 3 1 960
10 36 4 5 17 960
10 37 4 6 11 960
10 38 4 7 13 960
10 39 4 7 18 960
10 40 4 1 11 960
10 41 4 4 9 960
10 43 4 5 16 960
10 44 4 3 20 960
10 45 4 3 5 960
10 46 4 2 2 960
10 47 4 1 16 960
10 48 4 5 14 960
10 49 4 2 25 960
11 0 3 2 3 856
11 1 3 4 10 856
11 2 3 6 7 856
11 5 3 1 22 856
11 6 3 6 9 856
11 7 3 6 13 856
11 8 3 5 24 856
11 9 3 5 19 856
11 10 3 4 5 856
11 13 3 6 12 856
11 14 3 7 20 856
11 15 3 3 16 856
11 16 3 6 18 856
11 17 3 5 3 856
11 18 3 6 11 856
11 19 3 2 1 856
11 21 3 1 22 856
11 24 3 3 18 856
11 25 3 2 9 856
11 27 3 3 21 856
11 28 3 5 11 856
11 29 3 5 19 856
11 30 3 1 15 856
11 31 3 4 1 856
11 32 3 4 23 856
11 33 3 7 17 856
11 34 3 6 12 856
11 35 3 3 8 856
11 36 3 5 1 856
11 37 3 6 21 856
11 38 3 7 4 856
11 39 3 7 15 856
11 40 3 1 1 856
11 41 3 4 5 856
11 42 3 7 8 856
11 43 3 5 11 856
11 44 3 3 18 856
11 45 3 3 24 856
11 46 3 2 7 856
11 47 3 1 1 856
12 0 2 2 25 669
12 2 2 6 16 669
12 3 2 2 11 669
12 4 2 5 9 669
12 5 2 1 21 669
12 6 2 6 8 669
12 7 2 6 10 669
12 8 2 5 14 669
12 9 2 5 15 669
12 10 2 4 25 669
12 13 2 6 24 669
12 14 2 7 1 669
12 15 2 3 24 669
12 16 2 6 23 669
12 17 2 5 17 669
12 18 2 6 9 669
12 19 2 2 10 669
12 21 2 1 5 669
12 22 2 1 5 669
12 23 2 3 14 669
12 24 2 3 17 669
12 25 2 2 2 669
12 26 2 4 5 669
12 27 2 3 10 669
12 28 2 5 6 669
12 29 2 5 1 669
12 31 2 4 12 669
12 32 2 4 11 669
12 34 2 6 12 669
12 36 2 5 6 669
12 37 2 6 22 669
12 38 2 7 8 669
12 39 2 7 15 669
12 40 2 1 25 669
12 41 2 4 21 669
12 42 2 7 9 669
12 43 2 5 2 669
12 44 2 3 22 669
12 45 2 3 2 669
12 46 2 2 13 669
12 47 2 1 1 669
12 48 2 5 7 669
12 49 2 2 20 669
13 0 6 2 14 455
13 1 6 4 3 455
13 2 6 6 24 455
13 3 6 2 25 455
13 4 6 5 8 455
13 5 6 1 14 455
13 6 6 6 12 455
13 7 6 6 11 455
13 8 6 5 4 455
13 9 6 5 18 455
13 10 6 4 4 455
13 11 6 3 12 455
13 12 6 2 24 455
13 14 6 7 4 455
13 15 6 3 10 455
13 16 6 6 23 455
13 17 6 5 2 455
13 18 6 6 15 455
13 19 6 2 11 455
13 20 6 4 12 455
13 21 6 1 25 455
13 22 6 1 21 455
13 23 6 3 16 455
13 24 6 3 12 455
13 25 6 2 1 455
13 26 6 4 17 455
13 27 6 3 14 455
13 28 6 5 22 455
13 29 6 5 12 455
13 30 6 1 12 455
13 31 6 4 10 455
13 32 6 4 3 455
13 33 6 7 25 455
13 34 6 6 23 455
13 35 6 3 16 455
13 36 6 5 10 455
13 37 6 6 10 455
13 38 6 7 18 455
13 40 6 1 12 455
13 41 6 4 2 455
13 42 6 7 11 455
13 43 6 5 7 455
13 44 6 3 23 455
13 45 6 3 3 455
13 46 6 2 15 455
13 47 6 1 8 455
13 48 6 5 19 455
14 0 7 2 6 504
14 1 7 4 13 504
14 2 7 6 3 504
14 3 7 2 6 504
14 4 7 5 23 504
14 5 7 1 15 504
14 6 7 6 17 504
14 7 7 6 8 504
14 8 7 5 17 504
14 9 7 5 3 504
14 10 7 4 16 504
14 11 7 3 20 504
14 12 7 2 1 504
14 13 7 6 4 504
14 15 7 3 7 504
14 17 7 5 11 504
14 19 7 2 6 504
14 20 7 4 15 504
14 21 7 1 3 504
14 22 7 1 11 504
14 23 7 3 4 504
14 24 7 3 3 504
14 25 7 2 25 504
14 27 7 3 9 504
14 28 7 5 24 504
14 29 7 5 16 504
14 30 7 1 12 504
14 32 7 4 15 504
14 33 7 7 24 504
14 34 7 6 23 504
14 35 7 3 3 504
14 36 7 5 14 504
14 37 7 6 15 504
14 38 7 7 23 504
14 39 7 7 16 504
14 40 7 1 20 504
14 41 7 4 23 504
14 42 7 7 11 504
14 43 7 5 6 504
14 44 7 3 8 504
14 45 7 3 25 504
14 46 7 2 14 504
14 47 7 1 9 504
14 48 7 5 6 504
14 49 7 2 6 504
15 0 3 2 22 720
15 1 3 4 20 720
15 2 3 6 12 720
15 3 3 2 21 720
15 4 3 5 22 720
15 5 3 1 6 720
15 6 3 6 23 720
15 7 3 6 13 720
15 9 3 5 17 720
15 10 3 4 8 720
15 11 3 3 16 720
15 12 3 2 24 720
15 13 3 6 10 720
15 14 3 7 7 720
15 16 3 6 25 720
15 17 3 5 21 720
15 18 3 6 18 720
15 19 3 2 14 720
15 20 3 4 24 720
15 21 3 1 21 720
15 22 3 1 6 720
15 23 3 3 2 720
15 26 3 4 14 720
15 27 3 3 18 720
15 28 3 5 18 720
15 29 3 5 17 720
15 30 3 1 19 720
15 32 3 4 7 720
15 33 3 7 14 720
15 34 3 6 17 720
15 35 3 3 6 720
15 37 3 6 21 720
15 38 3 7 2 720
15 40 3 1 6 720
15 41 3 4 16 720
15 42 3 7 10 720
15 43 3 5 11 720
15 45 3 3 21 720
15 46 3 2 20 720
15 47 3 1 13 720
15 48 3 5 11 720
15 49 3 2 7 720
16 0 6 2 15 157
16 1 6 4 15 157
16 3 6 2 20 157
16 4 6 5 25 157
16 5 6 1 12 157
16 6 6 6 7 157
16 7 6 6 6 157
16 8 6 5 23 157
16 9 6 5 13 157
16 11 6 3 18 157
16 12 6 2 23 157
16 13 6 6 23 157
16 15 6 3 25 157
16 17 6 5 17 157
16 18 6 6 19 157
16 19 6 2 4 157
16 20 6 4 22 157
16 21 6 1 14 157
16 22 6 1 3 157
16 24 6 3 14 157
16 25 6 2 8 157
16 26 6 4 4 157
16 27 6 3 24 157
16 28 6 5 16 157
16 29 6 5 8 157
16 30 6 1 5 157
16 31 6 4 7 157
16 32 6 4 3 157
16 33 6 7 10 157
16 34 6 6 24 157
16 35 6 3 17 157
16 36 6 5 8 157
16 37 6 6 10 157
16 38 6 7 9 157
16 39 6 7 4 157
16 41 6 4 6 157
16 42 6 7 21 157
16 43 6 5 5 157
16 44 6 3 4 157
16 45 6 3 9 157
16 47 6 1 8 157
16 48 6 5 25 157
16 49 6 2 19 157
17 0 5 2 6 243
17 2 5 6 13 243
17 3 5 2 10 243
17 4 5 5 16 243
17 5 5 1 20 243
17 6 5 6 13 243
17 7 5 6 16 243
17 9 5 5 2 243
17 10 5 4 15 243
17 11 5 3 3 243
17 12 5 2 17 243
17 13 5 6 2 243
17 14 5 7 11 243
17 15 5 3 21 243
17 16 5 6 17 243
17 18 5 6 21 243
17 20 5 4 5 243
17 21 5 1 9 243
17 22 5 1 9 243
17 23 5 3 11 243
17 24 5 3 23 243
17 25 5 2 9 243
17 26 5 4 16 243
17 27 5 3 2 243
17 28 5 5 6 243
17 29 5 5 12 243
17 30 5 1 5 243
17 31 5 4 25 243
17 32 5 4 9 243
17 33 5 7 21 243
17 34 5 6 10 243
17 35 5 3 17 243
17 36 5 5 25 243
17 37 5 6 10 243
17 38 5 7 3 243
17 39 5 7 1 243
17 40 5 1 12 243
17 41 5 4 6 243
17 42 5 7 13 243
17 43 5 5 11 243
17 45 5 3 15 243
17 46 5 2 14 243
17 47 5 1 21 243
17 48 5 5 16 243
17 49 5 2 8 243
18 0 6 2 4 917
18 1 6 4 11 917
18 2 6 6 24 917
18 3 6 2 10 917
18 4 6 5 19 917
18 5 6 1 2 917
18 6 6 6 24 917
18 8 6 5 16 917
18 9 6 5 23 917
18 10 6 4 7 917
18 11 6 3 11 917
18 12 6 2 9 917
18 13 6 6 15 917
18 15 6 3 18 917
18 16 6 6 19 917
18 17 6 5 21 917
18 19 6 2 16 917
18 20 6 4 24 917
18 21 6 1 3 917
18 22 6 1 19 917
18 23 6 3 17 917
18 24 6 3 13 917
18 25 6 2 2 917
18 26 6 4 6 917
18 27 6 3 15 917
18 29 6 5 21 917
18 30 6 1 13 917
18 31 6 4 1 917
18 32 6 4 10 917
18 33 6 7 4 917
18 34 6 6 13 917
18 35 6 3 9 917
18 37 6 6 3 917
18 39 6 7 3 917
18 40 6 1 22 917
18 41 6 4 16 917
18 42 6 7 11 917
18 44 6 3 21 917
18 45 6 3 17 917
18 46 6 2 18 917
18 47 6 1 12 917
18 48 6 5 25 917
19 0 2 2 23 119
19 1 2 4 15 119
19 2 2 6 19 119
19 3 2 2 20 119
19 4 2 5 14 119
19 5 2 1 24 119
19 6 2 6 25 119
19 7 2 6 19 119
19 8 2 5 19 119
19 9 2 5 20 119
19 10 2 4 23 119
19 11 2 3 1 119
19 12 2 2 10 119
19 13 2 6 11 119
19 14 2 7 6 119
19 15 2 3 14 119
19 16 2 6 4 119
19 18 2 6 16 119
19 20 2 4 14 119
19 23 2 3 5 119
19 24 2 3 9 119
19 25 2 2 10 119
19 26 2 4 8 119
19 27 2 3 7 119
19 28 2 5 7 119
19 29 2 5 22 119
19 30 2 1 11 119
19 31 2 4 9 119
19 32 2 4 11 119
19 33 2 7 17 119
19 34 2 6 22 119
19 35 2 3 17 119
19 36 2 5 8 119
19 37 2 6 19 119
19 38 2 7 13 119
19 39 2 7 15 119
19 40 2 1 1 119
19 41 2 4 15 119
19 43 2 5 6 119
19 44 2 3 23 119
19 45 2 3 21 119
19 46 2 2 14 119
19 47 2 1 24 119
19 48 2 5 24 119
19 49 2 2 14 119
20 0 4 2 1 108
20 1 4 4 11 108
20 2 4 6 12 108
20 4 4 5 11 108
20 6 4 6 24 108
20 7 4 6 15 108
20 8 4 5 25 108
20 9 4 5 25 108
20 10 4 4 7 108
20 13 4 6 12 108
20 14 4 7 15 108
20 15 4 3 24 108
20 16 4 6 22 108
20 17 4 5 5 108
20 18 4 6 24 108
20 19 4 2 14 108
20 22 4 1 2 108
20 23 4 3 20 108
20 24 4 3 12 108
20 25 4 2 23 108
20 26 4 4 11 108
20 27 4 3 16 108
20 28 4 5 4 108
20 29 4 5 14 108
20 30 4 1 1 108
20 31 4 4 17 108
20 32 4 4 7 108
20 34 4 6 21 108
20 35 4 3 20 108
20 36 4 5 3 108
20 37 4 6 10 108
20 38 4 7 19 108
20 39 4 7 12 108
20 40 4 1 14 108
20 41 4 4 15 108
20 42 4 7 9 108
20 43 4 5 12 108
20 44 4 3 2 108
20 45 4 3 12 108
20 46 4 2 1 108
20 47 4 1 5 108
20 48 4 5 15 108
20 49 4 2 14 108
21 0 1 2 20 489
21 1 1 4 6 489
21 2 1 6 23 489
21 3 1 2 12 489
21 4 1 5 2 489
21 5 1 1 11 489
21 7 1 6 15 489
21 8 1 5 10 489
21 9 1 5 13 489
21 10 1 4 21 489
21 11 1 3 22 489
21 12 1 2 5 489
21 13 1 6 25 489
21 14 1 7 3 489
21 15 1 3 21 489
21 16 1 6 14 489
21 17 1 5 9 489
21 18 1 6 3 489
21 22 1 1 17 489
21 23 1 3 10 489
21 24 1 3 3 489
21 25 1 2 16 489
21 26 1 4 22 489
21 27 1 3 22 489
21 28 1 5 2 489
21 29 1 5 23 489
21 30 1 1 22 489
21 31 1 4 11 489
21 33 1 7 1 489
21 34 1 6 6 489
21 35 1 3 18 489
21 36 1 5 13 489
21 37 1 6 21 489
21 38 1 7 14 489
21 39 1 7 6 489
21 40 1 1 9 489
21 41 1 4 14 489
21 42 1 7 20 489
21 43 1 5 3 489
21 44 1 3 22 489
21 45 1 3 4 489
21 46 1 2 15 489
21 47 1 1 18 489
21 48 1 5 18 489
22 0 1 2 18 163
22 1 1 4 7 163
22 2 1 6 19 163
22 3 1 2 5 163
22 4 1 5 2 163
22 5 1 1 17 163
22 6 1 6 1 163
22 7 1 6 22 163
22 8 1 5 21 163
22 9 1 5 6 163
22 10 1 4 3 163
22 12 1 2 5 163
22 13 1 6 21 163
22 14 1 7 11 163
22 15 1 3 6 163
22 16 1 6 3 163
22 17 1 5 9 163
22 18 1 6 19 163
22 20 1 4 2 163
22 21 1 1 17 163
22 23 1 3 6 163
22 24 1 3 10 163
22 25 1 2 23 163
22 26 1 4 8 163
22 27 1 3 13 163
22 28 1 5 13 163
22 29 1 5 7 163
22 30 1 1 5 163
22 31 1 4 3 163
22 32 1 4 18 163
22 33 1 7 21 163
22 34 1 6 4 163
22 35 1 3 6 163
22 36 1 5 19 163
22 37 1 6 5 163
22 38 1 7 5 163
22 39 1 7 11 163
22 40 1 1 1 163
22 41 1 4 21 163
22 42 1 7 22 163
22 43 1 5 14 163
22 44 1 3 15 163
22 46 1 2 13 163
22 47 1 1 17 163
22 48 1 5 19 163
22 49 1 2 2 163
23 0 3 2 6 928
23 1 3 4 15 928
23 2 3 6 14 928
23 3 3 2 18 928
23 4 3 5 7 928
23 5 3 1 3 928
23 6 3 6 20 928
23 7 3 6 18 928
23 8 3 5 22 928
23 9 3 5 2 928
23 10 3 4 6 928
23 12 3 2 14 928
23 13 3 6 16 928
23 14 3 7 4 928
23 15 3 3 2 928
23 17 3 5 11 928
23 18 3 6 17 928
23 19 3 2 5 928
23 20 3 4 20 928
23 21 3 1 10 928
23 22 3 1 6 928
23 24 3 3 11 928
23 25 3 2 23 928
23 28 3 5 21 928
23 29 3 5 20 928
23 30 3 1 25 928
23 31 3 4 5 928
23 32 3 4 5 928
23 33 3 7 6 928
23 34 3 6 1 928
23 35 3 3 6 928
23 36 3 5 8 928
23 37 3 6 18 928
23 38 3 7 8 928
23 39 3 7 24 928
23 40 3 1 10 928
23 41 3 4 12 928
23 42 3 7 11 928
23 43 3 5 1 928
23 44 3 3 14 928
23 46 3 2 2 928
23 47 3 1 14 928
23 49 3 2 3 928
24 0 3 2 18 753
24 1 3 4 2 753
24 2 3 6 8 753
24 3 3 2 11 753
24 4 3 5 21 753
24 5 3 1 20 753
24 6 3 6 8 753
24 7 3 6 11 753
24 8 3 5 7 753
24 9 3 5 17 753
24 10 3 4 18 753
24 11 3 3 18 753
24 12 3 2 17 753
24 13 3 6 12 753
24 14 3 7 3 753
24 16 3 6 14 753
24 17 3 5 23 753
24 18 3 6 13 753
24 19 3 2 9 753
24 20 3 4 12 753
24 21 3 1 3 753
24 22 3 1 10 753
24 23 3 3 11 753
24 25 3 2 7 753
24 26 3 4 17 753
24 27 3 3 23 753
24 28 3 5 15 753
24 29 3 5 16 753
24 30 3 1 17 753
24 31 3 4 12 753
24 33 3 7 6 753
24 34 3 6 25 753
24 35 3 3 23 753
24 36 3 5 7 753
24 37 3 6 14 753
24 38 3 7 4 753
24 39 3 7 17 753
24 40 3 1 10 753
24 42 3 7 2 753
24 43 3 5 5 753
24 44 3 3 2 753
24 45 3 3 25 753
24 46 3 2 23 753
25 0 2 2 11 185
25 1 2 4 9 185
25 3 2 2 25 185
25 4 2 5 19 185
25 5 2 1 22 185
25 6 2 6 24 185
25 7 2 6 11 185
25 8 2 5 18 185
25 9 2 5 6 185
25 10 2 4 8 185
25 11 2 3 9 185
25 12 2 2 2 185
25 13 2 6 1 185
25 14 2 7 25 185
25 16 2 6 8 185
25 17 2 5 9 185
25 18 2 6 2 185
25 19 2 2 10 185
25 20 2 4 23 185
25 21 2 1 16 185
25 22 2 1 23 185
25 23 2 3 23 185
25 24 2 3 7 185
25 26 2 4 4 185
25 27 2 3 22 185
25 28 2 5 12 185
25 29 2 5 16 185
25 30 2 1 17 185
25 31 2 4 24 185
25 32 2 4 9 185
25 33 2 7 14 185
25 34 2 6 3 185
25 35 2 3 17 185
25 36 2 5 10 185
25 37 2 6 12 185
25 38 2 7 20 185
25 39 2 7 2 185
25 40 2 1 24 185
25 41 2 4 12 185
25 42 2 7 12 185
25 43 2 5 13 185
25 44 2 3 15 185
25 46 2 2 13 185
25 47 2 1 13 185
25 48 2 5 19 185
26 0 4 2 24 246
26 1 4 4 17 246
26 4 4 5 19 246
26 5 4 1 10 246
26 6 4 6 23 246
26 7 4 6 7 246
26 8 4 5 4 246
26 9 4 5 6 246
26 10 4 4 23 246
26 12 4 2 5 246
26 13 4 6 17 246
26 15 4 3 14 246
26 16 4 6 4 246
26 17 4 5 16 246
26 18 4 6 6 246
26 19 4 2 8 246
26 20 4 4 11 246
26 21 4 1 22 246
26 22 4 1 8 246
26 24 4 3 17 246
26 25 4 2 4 246
26 27 4 3 18 246
26 28 4 5 16 246
26 29 4 5 16 246
26 31 4 4 15 246
26 32 4 4 6 246
26 33 4 7 15 246
26 34 4 6 19 246
26 35 4 3 25 246
26 36 4 5 16 246
26 37 4 6 18 246
26 38 4 7 24 246
26 39 4 7 9 246
26 41 4 4 1 246
26 42 4 7 7 246
26 43 4 5 15 246
26 45 4 3 9 246
26 46 4 2 14 246
26 47 4 1 5 246
26 49 4 2 21 246
27 0 3 2 22 940
27 1 3 4 4 940
27 3 3 2 13 940
27 4 3 5 7 940
27 5 3 1 20 940
27 6 3 6 2 940
27 7 3 6 7 940
27 8 3 5 18 940
27 9 3 5 4 940
27 10 3 4 21 940
27 11 3 3 21 940
27 12 3 2 10 940
27 13 3 6 14 940
27 14 3 7 9 940
27 15 3 3 18 940
27 16 3 6 24 940
27 17 3 5 2 940
27 18 3 6 15 940
27 19 3 2 7 940
27 20 3 4 16 940
27 21 3 1 22 940
27 22 3 1 13 940
27 24 3 3 23 940
27 25 3 2 22 940
27 26 3 4 18 940
27 30 3 1 13 940
27 31 3 4 8 940
27 32 3 4 5 940
27 33 3 7 24 940
27 35 3 3 1 940
27 36 3 5 11 940
27 38 3 7 20 940
27 39 3 7 25 940
27 40 3 1 12 940
27 42 3 7 5 940
27 43 3 5 17 940
27 44 3 3 14 940
27 45 3 3 8 940
27 46 3 2 13 940
27 47 3 1 2 940
27 48 3 5 7 940
27 49 3 2 2 940
28 0 5 2 21 369
28 1 5 4 19 369
28 2 5 6 15 369
28 3 5 2 15 369
28 4 5 5 24 369
28 5 5 1 8 369
28 6 5 6 10 369
28 7 5 6 8 369
28 8 5 5 23 369
28 9 5 5 15 369
28 10 5 4 21 369
28 11 5 3 11 369
28 12 5 2 6 369
28 13 5 6 22 369
28 14 5 7 24 369
28 15 5 3 18 369
28 16 5 6 16 369
28 17 5 5 6 369
28 19 5 2 7 369
28 20 5 4 4 369
28 21 5 1 2 369
28 22 5 1 13 369
28 23 5 3 21 369
28 24 5 3 15 369
28 25 5 2 12 369
28 26 5 4 16 369
28 29 5 5 2 369
28 30 5 1 22 369
28 31 5 4 21 369
28 32 5 4 1 369
28 33 5 7 16 369
28 34 5 6 18 369
28 35 5 3 16 369
28 36 5 5 6 369
28 39 5 7 17 369
28 40 5 1 21 369
28 41 5 4 3 369
28 43 5 5 23 369
28 44 5 3 8 369
28 45 5 3 23 369
28 46 5 2 19 369
28 47 5 1 2 369
28 48 5 5 9 369
28 49 5 2 7 369
29 0 5 2 5 134
29 1 5 4 6 134
29 2 5 6 18 134
29 3 5 2 18 134
29 5 5 1 8 134
29 6 5 6 11 134
29 7 5 6 23 134
29 9 5 5 25 134
29 10 5 4 1 134
29 11 5 3 19 134
29 12 5 2 1 134
29 13 5 6 12 134
29 14 5 7 16 134
29 15 5 3 17 134
29 16 5 6 8 134
29 17 5 5 12 134
29 18 5 6 21 134
29 19 5 2 22 134
29 20 5 4 14 134
29 21 5 1 23 134
29 22 5 1 7 134
29 23 5 3 20 134
29 24 5 3 16 134
29 25 5 2 16 134
29 26 5 4 16 134
29 28 5 5 2 134
29 30 5 1 2 134
29 31 5 4 20 134
29 32 5 4 25 134
29 33 5 7 8 134
29 34 5 6 16 134
29 35 5 3 12 134
29 38 5 7 25 134
29 39 5 7 15 134
29 40 5 1 7 134
29 41 5 4 22 134
29 42 5 7 15 134
29 43 5 5 7 134
29 44 5 3 1 134
29 45 5 3 9 134
29 46 5 2 7 134
29 47 5 1 16 134
29 48 5 5 21 134
29 49 5 2 3 134
30 0 1 2 18 258
30 1 1 4 23 258
30 2 1 6 5 258
30 3 1 2 3 258
30 4 1 5 21 258
30 5 1 1 23 258
30 6 1 6 2 258
30 7 1 6 2 258
30 8 1 5 7 258
30 9 1 5 6 258
30 10 1 4 17 258
30 11 1 3 15 258
30 13 1 6 12 258
30 14 1 7 12 258
30 15 1 3 19 258
30 16 1 6 5 258
30 17 1 5 5 258
30 18 1 6 13 258
30 19 1 2 11 258
30 20 1 4 1 258
30 21 1 1 22 258
30 22 1 1 5 258
30 23 1 3 25 258
30 24 1 3 17 258
30 25 1 2 17 258
30 27 1 3 13 258
30 28 1 5 22 258
30 29 1 5 2 258
30 31 1 4 22 258
30 32 1 4 6 258
30 33 1 7 25 258
30 34 1 6 5 258
30 35 1 3 25 258
30 36 1 5 15 258
30 37 1 6 23 258
30 38 1 7 17 258
30 39 1 7 10 258
30 40 1 1 11 258
30 41 1 4 7 258
30 42 1 7 16 258
30 43 1 5 8 258
30 44 1 3 16 258
30 45 1 3 23 258
30 46 1 2 25 258
30 47 1 1 11 258
30 48 1 5 3 258
30 49 1 2 23 258
31 0 4 2 13 90
31 2 4 6 14 90
31 3 4 2 15 90
31 5 4 1 12 90
31 6 4 6 12 90
31 7 4 6 6 90
31 8 4 5 12 90
31 9 4 5 12 90
31 11 4 3 1 90
31 12 4 2 12 90
31 13 4 6 10 90
31 16 4 6 7 90
31 17 4 5 25 90
31 18 4 6 1 90
31 19 4 2 9 90
31 20 4 4 17 90
31 21 4 1 11 90
31 22 4 1 3 90
31 23 4 3 5 90
31 24 4 3 12 90
31 25 4 2 24 90
31 26 4 4 15 90
31 27 4 3 8 90
31 28 4 5 21 90
31 29 4 5 20 90
31 30 4 1 22 90
31 32 4 4 12 90
31 33 4 7 8 90
31 35 4 3 24 90
31 36 4 5 9 90
31 38 4 7 12 90
31 39 4 7 20 90
31 40 4 1 1 90
31 41 4 4 23 90
31 42 4 7 12 90
31 43 4 5 13 90
31 44 4 3 2 90
31 45 4 3 14 90
31 46 4 2 25 90
31 47 4 1 18 90
31 48 4 5 16 90
32 0 4 2 16 331
32 1 4 4 15 331
32 3 4 2 25 331
32 4 4 5 2 331
32 5 4 1 19 331
32 6 4 6 12 331
32 7 4 6 15 331
32 9 4 5 25 331
32 10 4 4 22 331
32 11 4 3 23 331
32 12 4 2 11 331
32 13 4 6 3 331
32 14 4 7 15 331
32 15 4 3 7 331
32 16 4 6 3 331
32 17 4 5 9 331
32 18 4 6 10 331
32 19 4 2 11 331
32 20 4 4 7 331
32 22 4 1 18 331
32 23 4 3 5 331
32 25 4 2 9 331
32 26 4 4 6 331
32 27 4 3 5 331
32 28 4 5 1 331
32 29 4 5 25 331
32 30 4 1 6 331
32 31 4 4 12 331
32 33 4 7 16 331
32 34 4 6 1 331
32 35 4 3 23 331
32 37 4 6 17 331
32 38 4 7 25 331
32 39 4 7 1 331
32 40 4 1 17 331
32 41 4 4 13 331
32 42 4 7 14 331
32 43 4 5 4 331
32 44 4 3 18 331
32 45 4 3 15 331
32 46 4 2 13 331
32 47 4 1 7 331
32 48 4 5 20 331
32 49 4 2 18 331
33 0 7 2 16 670
33 1 7 4 3 670
33 2 7 6 21 670
33 3 7 2 25 670
33 4 7 5 13 670
33 5 7 1 11 670
33 6 7 6 22 670
33 7 7 6 22 670
33 8 7 5 16 670
33 10 7 4 23 670
33 11 7 3 17 670
33 13 7 6 25 670
33 14 7 7 24 670
33 15 7 3 14 670
33 16 7 6 10 670
33 17 7 5 21 670
33 18 7 6 4 670
33 19 7 2 17 670
33 21 7 1 1 670
33 22 7 1 21 670
33 23 7 3 6 670
33 24 7 3 6 670
33 25 7 2 14 670
33 26 7 4 15 670
33 27 7 3 24 670
33 28 7 5 16 670
33 29 7 5 8 670
33 30 7 1 25 670
33 31 7 4 8 670
33 32 7 4 16 670
33 34 7 6 23 670
33 35 7 3 12 670
33 36 7 5 15 670
33 38 7 7 25 670
33 40 7 1 18 670
33 41 7 4 11 670
33 42 7 7 22 670
33 43 7 5 10 670
33 44 7 3 13 670
33 45 7 3 22 670
33 46 7 2 25 670
33 47 7 1 11 670
33 48 7 5 7 670
33 49 7 2 20 670
34 0 6 2 14 64
34 1 6 4 1 64
34 2 6 6 1 64
34 3 6 2 15 64
34 4 6 5 15 64
34 5 6 1 10 64
34 7 6 6 13 64
34 10 6 4 4 64
34 11 6 3 12 64
34 12 6 2 12 64
34 13 6 6 23 64
34 14 6 7 23 64
34 15 6 3 17 64
34 16 6 6 24 64
34 17 6 5 10 64
34 18 6 6 13 64
34 19 6 2 22 64
34 20 6 4 21 64
34 21 6 1 6 64
34 22 6 1 4 64
34 23 6 3 1 64
34 24 6 3 25 64
34 25 6 2 3 64
34 26 6 4 19 64
34 28 6 5 18 64
34 29 6 5 16 64
34 30 6 1 5 64
34 32 6 4 1 64
34 33 6 7 23 64
34 36 6 5 10 64
34 38 6 7 16 64
34 39 6 7 11 64
34 40 6 1 1 64
34 42 6 7 14 64
34 43 6 5 13 64
34 44 6 3 11 64
34 45 6 3 1 64
34 46 6 2 7 64
34 47 6 1 16 64
34 48 6 5 13 64
34 49 6 2 25 64
35 1 3 4 14 857
35 2 3 6 21 857
35 3 3 2 7 857
35 4 3 5 4 857
35 5 3 1 23 857
35 6 3 6 16 857
35 7 3 6 8 857
35 8 3 5 8 857
35 9 3 5 19 857
35 10 3 4 1 857
35 11 3 3 8 857
35 13 3 6 16 857
35 14 3 7 3 857
35 15 3 3 6 857
35 16 3 6 17 857
35 17 3 5 17 857
35 18 3 6 9 857
35 19 3 2 17 857
35 20 3 4 20 857
35 21 3 1 18 857
35 22 3 1 6 857
35 23 3 3 6 857
35 24 3 3 23 857
35 25 3 2 17 857
35 26 3 4 25 857
35 27 3 3 1 857
35 28 3 5 16 857
35 29 3 5 12 857
35 30 3 1 25 857
35 31 3 4 24 857
35 32 3 4 23 857
35 33 3 7 12 857
35 36 3 5 17 857
35 37 3 6 14 857
35 38 3 7 16 857
35 39 3 7 18 857
35 40 3 1 2 857
35 41 3 4 2 857
35 42 3 7 16 857
35 44 3 3 10 857
35 45 3 3 7 857
35 46 3 2 8 857
35 47 3 1 22 857
35 48 3 5 1 857
35 49 3 2 14 857
36 0 5 2 8 887
36 1 5 4 6 887
36 2 5 6 1 887
36 3 5 2 8 887
36 4 5 5 25 887
36 5 5 1 10 887
36 6 5 6 16 887
36 7 5 6 24 887
36 8 5 5 18 887
36 9 5 5 14 887
36 10 5 4 17 887
36 11 5 3 1 887
36 12 5 2 6 887
36 13 5 6 10 887
36 14 5 7 14 887
36 16 5 6 8 887
36 17 5 5 25 887
36 19 5 2 8 887
36 20 5 4 3 887
36 21 5 1 13 887
36 22 5 1 19 887
36 23 5 3 8 887
36 24 5 3 7 887
36 25 5 2 10 887
36 26 5 4 16 887
36 27 5 3 11 887
36 28 5 5 6 887
36 30 5 1 15 887
36 31 5 4 9 887
36 33 5 7 15 887
36 34 5 6 10 887
36 35 5 3 17 887
36 37 5 6 21 887
36 38 5 7 13 887
36 39 5 7 13 887
36 40 5 1 6 887
36 41 5 4 23 887
36 42 5 7 24 887
36 43 5 5 23 887
36 44 5 3 1 887
36 45 5 3 8 887
36 46 5 2 10 887
36 47 5 1 17 887
36 48 5 5 20 887
36 49 5 2 20 887
37 0 6 2 24 184
37 2 6 6 20 184
37 3 6 2 21 184
37 4 6 5 22 184
37 5 6 1 3 184
37 6 6 6 24 184
37 7 6 6 16 184
37 8 6 5 3 184
37 9 6 5 19 184
37 10 6 4 11 184
37 11 6 3 21 184
37 12 6 2 22 184
37 13 6 6 10 184
37 14 6 7 15 184
37 15 6 3 21 184
37 16 6 6 10 184
37 17 6 5 10 184
37 18 6 6 3 184
37 19 6 2 19 184
37 20 6 4 10 184
37 21 6 1 21 184
37 22 6 1 5 184
37 23 6 3 18 184
37 24 6 3 14 184
37 25 6 2 12 184
37 26 6 4 18 184
37 30 6 1 23 184
37 32 6 4 17 184
37 35 6 3 14 184
37 36 6 5 21 184
37 38 6 7 2 184
37 39 6 7 19 184
37 40 6 1 2 184
37 41 6 4 11 184
37 42 6 7 19 184
37 43 6 5 8 184
37 44 6 3 3 184
37 45 6 3 9 184
37 46 6 2 17 184
37 48 6 5 5 184
37 49 6 2 6 184
38 0 7 2 23 214
38 3 7 2 15 214
38 4 7 5 2 214
38 5 7 1 12 214
38 6 7 6 19 214
38 7 7 6 1 214
38 9 7 5 5 214
38 10 7 4 13 214
38 11 7 3 4 214
38 12 7 2 8 214
38 13 7 6 18 214
38 14 7 7 23 214
38 15 7 3 2 214
38 16 7 6 9 214
38 17 7 5 3 214
38 19 7 2 13 214
38 20 7 4 19 214
38 21 7 1 14 214
38 22 7 1 5 214
38 23 7 3 8 214
38 24 7 3 4 214
38 25 7 2 20 214
38 26 7 4 24 214
38 27 7 3 20 214
38 29 7 5 25 214
38 30 7 1 17 214
38 31 7 4 12 214
38 32 7 4 25 214
38 33 7 7 25 214
38 34 7 6 16 214
38 35 7 3 16 214
38 36 7 5 13 214
38 37 7 6 2 214
38 39 7 7 24 214
38 40 7 1 24 214
38 41 7 4 8 214
38 42 7 7 23 214
38 43 7 5 2 214
38 44 7 3 4 214
38 47 7 1 18 214
38 48 7 5 23 214
38 49 7 2 8 214
39 0 7 2 15 793
39 1 7 4 21 793
39 2 7 6 23 793
39 3 7 2 19 793
39 4 7 5 20 793
39 5 7 1 23 793
39 6 7 6 9 793
39 7 7 6 5 793
39 8 7 5 3 793
39 9 7 5 18 793
39 10 7 4 18 793
39 11 7 3 15 793
39 12 7 2 15 793
39 14 7 7 16 793
39 16 7 6 4 793
39 17 7 5 1 793
39 18 7 6 3 793
39 19 7 2 15 793
39 20 7 4 12 793
39 21 7 1 6 793
39 22 7 1 11 793
39 23 7 3 24 793
39 24 7 3 17 793
39 25 7 2 2 793
39 26 7 4 9 793
39 27 7 3 25 793
39 28 7 5 17 793
39 29 7 5 15 793
39 30 7 1 10 793
39 31 7 4 20 793
39 32 7 4 1 793
39 34 7 6 11 793
39 35 7 3 18 793
39 36 7 5 13 793
39 37 7 6 19 793
39 38 7 7 24 793
39 40 7 1 13 793
39 41 7 4 10 793
39 42 7 7 22 793
39 43 7 5 5 793
39 44 7 3 20 793
39 45 7 3 13 793
39 46 7 2 2 793
39 47 7 1 5 793
39 48 7 5 24 793
39 49 7 2 24 793
40 0 1 2 1 343
40 1 1 4 11 343
40 2 1 6 24 343
40 3 1 2 6 343
40 4 1 5 24 343
40 5 1 1 19 343
40 7 1 6 12 343
40 8 1 5 24 343
40 9 1 5 1 343
40 10 1 4 11 343
40 11 1 3 1 343
40 12 1 2 25 343
40 13 1 6 12 343
40 14 1 7 20 343
40 15 1 3 6 343
40 17 1 5 12 343
40 18 1 6 22 343
40 19 1 2 1 343
40 20 1 4 14 343
40 21 1 1 9 343
40 22 1 1 1 343
40 23 1 3 10 343
40 24 1 3 10 343
40 25 1 2 24 343
40 27 1 3 12 343
40 28 1 5 21 343
40 29 1 5 7 343
40 30 1 1 11 343
40 31 1 4 1 343
40 32 1 4 17 343
40 33 1 7 18 343
40 34 1 6 1 343
40 35 1 3 2 343
40 36 1 5 6 343
40 37 1 6 2 343
40 38 1 7 24 343
40 39 1 7 13 343
40 41 1 4 16 343
40 42 1 7 23 343
40 43 1 5 19 343
40 45 1 3 15 343
40 46 1 2 14 343
40 47 1 1 24 343
40 48 1 5 5 343
40 49 1 2 12 343
41 0 4 2 19 604
41 1 4 4 19 604
41 2 4 6 4 604
41 3 4 2 9 604
41 4 4 5 20 604
41 5 4 1 15 604
41 6 4 6 6 604
41 7 4 6 12 604
41 8 4 5 16 604
41 9 4 5 25 604
41 10 4 4 9 604
41 11 4 3 5 604
41 12 4 2 21 604
41 13 4 6 2 604
41 14 4 7 23 604
41 15 4 3 16 604
41 16 4 6 6 604
41 17 4 5 6 604
41 18 4 6 16 604
41 19 4 2 15 604
41 20 4 4 15 604
41 21 4 1 14 604
41 22 4 1 21 604
41 23 4 3 12 604
41 25 4 2 12 604
41 26 4 4 1 604
41 28 4 5 3 604
41 29 4 5 22 604
41 30 4 1 7 604
41 31 4 4 23 604
41 32 4 4 13 604
41 33 4 7 11 604
41 35 4 3 2 604
41 36 4 5 23 604
41 37 4 6 11 604
41 38 4 7 8 604
41 39 4 7 10 604
41 40 4 1 16 604
41 42 4 7 25 604
41 43 4 5 2 604
41 44 4 3 24 604
41 45 4 3 5 604
41 46 4 2 11 604
41 47 4 1 23 604
41 48 4 5 7 604
41 49 4 2 4 604
42 0 7 2 19 495
42 1 7 4 5 495
42 2 7 6 17 495
42 3 7 2 7 495
42 4 7 5 23 495
42 5 7 1 18 495
42 6 7 6 24 495
42 8 7 5 11 495
42 9 7 5 20 495
42 11 7 3 8 495
42 12 7 2 9 495
42 13 7 6 11 495
42 14 7 7 11 495
42 15 7 3 10 495
42 16 7 6 21 495
42 17 7 5 13 495
42 18 7 6 11 495
42 20 7 4 9 495
42 21 7 1 20 495
42 22 7 1 22 495
42 23 7 3 11 495
42 24 7 3 2 495
42 25 7 2 12 495
42 26 7 4 7 495
42 27 7 3 5 495
42 29 7 5 15 495
42 30 7 1 16 495
42 31 7 4 12 495
42 32 7 4 14 495
42 33 7 7 22 495
42 34 7 6 14 495
42 35 7 3 16 495
42 36 7 5 24 495
42 37 7 6 19 495
42 38 7 7 23 495
42 39 7 7 22 495
42 40 7 1 23 495
42 41 7 4 25 495
42 43 7 5 23 495
42 44 7 3 11 495
42 45 7 3 16 495
42 46 7 2 4 495
42 47 7 1 20 495
42 48 7 5 17 495
42 49 7 2 2 495
43 0 5 2 10 564
43 1 5 4 21 564
43 2 5 6 12 564
43 4 5 5 10 564
43 5 5 1 10 564
43 6 5 6 3 564
43 7 5 6 9 564
43 8 5 5 18 564
43 9 5 5 7 564
43 10 5 4 16 564
43 11 5 3 11 564
43 12 5 2 2 564
43 13 5 6 7 564
43 14 5 7 6 564
43 15 5 3 11 564
43 16 5 6 5 564
43 17 5 5 11 564
43 19 5 2 6 564
43 20 5 4 12 564
43 21 5 1 3 564
43 22 5 1 14 564
43 23 5 3 1 564
43 24 5 3 5 564
43 25 5 2 13 564
43 26 5 4 15 564
43 27 5 3 17 564
43 28 5 5 23 564
43 29 5 5 7 564
43 30 5 1 8 564
43 31 5 4 13 564
43 32 5 4 4 564
43 33 5 7 10 564
43 34 5 6 13 564
43 36 5 5 23 564
43 37 5 6 8 564
43 38 5 7 2 564
43 39 5 7 5 564
43 40 5 1 19 564
43 41 5 4 2 564
43 42 5 7 23 564
43 45 5 3 8 564
43 47 5 1 24 564
43 48 5 5 24 564
43 49 5 2 18 564
44 0 3 2 18 646
44 2 3 6 3 646
44 3 3 2 21 646
44 4 3 5 14 646
44 5 3 1 13 646
44 6 3 6 10 646
44 7 3 6 12 646
44 8 3 5 16 646
44 9 3 5 5 646
44 10 3 4 20 646
44 11 3 3 18 646
44 12 3 2 22 646
44 13 3 6 23 646
44 14 3 7 8 646
44 16 3 6 4 646
44 18 3 6 21 646
44 19 3 2 23 646
44 20 3 4 2 646
44 21 3 1 22 646
44 22 3 1 15 646
44 23 3 3 14 646
44 24 3 3 2 646
44 25 3 2 15 646
44 27 3 3 14 646
44 28 3 5 8 646
44 29 3 5 1 646
44 30 3 1 16 646
44 31 3 4 2 646
44 32 3 4 18 646
44 33 3 7 13 646
44 34 3 6 11 646
44 35 3 3 10 646
44 36 3 5 1 646
44 37 3 6 3 646
44 38 3 7 4 646
44 39 3 7 20 646
44 41 3 4 24 646
44 42 3 7 11 646
44 45 3 3 16 646
44 46 3 2 24 646
44 47 3 1 24 646
44 49 3 2 1 646
45 0 3 2 17 472
45 1 3 4 25 472
45 3 3 2 7 472
45 4 3 5 8 472
45 5 3 1 9 472
45 6 3 6 1 472
45 7 3 6 23 472
45 9 3 5 4 472
45 10 3 4 5 472
45 11 3 3 24 472
45 12 3 2 2 472
45 13 3 6 3 472
45 14 3 7 25 472
45 15 3 3 21 472
45 16 3 6 9 472
45 17 3 5 15 472
45 18 3 6 17 472
45 19 3 2 21 472
45 20 3 4 12 472
45 21 3 1 4 472
45 24 3 3 25 472
45 26 3 4 9 472
45 27 3 3 8 472
45 28 3 5 23 472
45 29 3 5 9 472
45 30 3 1 23 472
45 31 3 4 14 472
45 32 3 4 15 472
45 33 3 7 22 472
45 34 3 6 1 472
45 35 3 3 7 472
45 36 3 5 8 472
45 37 3 6 9 472
45 39 3 7 13 472
45 40 3 1 15 472
45 41 3 4 5 472
45 42 3 7 16 472
45 43 3 5 8 472
45 44 3 3 16 472
45 46 3 2 19 472
45 47 3 1 8 472
45 48 3 5 16 472
45 49 3 2 19 472
46 0 2 2 23 517
46 1 2 4 9 517
46 2 2 6 20 517
46 3 2 2 4 517
46 4 2 5 15 517
46 5 2 1 18 517
46 6 2 6 9 517
46 7 2 6 16 517
46 8 2 5 13 517
46 9 2 5 18 517
46 10 2 4 2 517
46 11 2 3 7 517
46 12 2 2 13 517
46 13 2 6 15 517
46 14 2 7 14 517
46 15 2 3 20 517
46 17 2 5 14 517
46 18 2 6 18 517
46 19 2 2 14 517
46 20 2 4 1 517
46 21 2 1 15 517
46 22 2 1 13 517
46 23 2 3 2 517
46 24 2 3 23 517
46 25 2 2 13 517
46 26 2 4 14 517
46 27 2 3 13 517
46 28 2 5 19 517
46 29 2 5 7 517
46 30 2 1 25 517
46 31 2 4 25 517
46 32 2 4 13 517
46 33 2 7 25 517
46 34 2 6 7 517
46 35 2 3 8 517
46 36 2 5 10 517
46 37 2 6 17 517
46 39 2 7 2 517
46 40 2 1 14 517
46 41 2 4 11 517
46 42 2 7 4 517
46 44 2 3 24 517
46 45 2 3 19 517
46 47 2 1 7 517
46 48 2 5 25 517
46 49 2 2 18 517
47 0 1 2 8 689
47 2 1 6 6 689
47 3 1 2 15 689
47 4 1 5 7 689
47 5 1 1 25 689
47 6 1 6 22 689
47 7 1 6 14 689
47 8 1 5 5 689
47 9 1 5 13 689
47 10 1 4 16 689
47 11 1 3 1 689
47 12 1 2 1 689
47 13 1 6 8 689
47 14 1 7 9 689
47 15 1 3 13 689
47 16 1 6 8 689
47 17 1 5 21 689
47 18 1 6 12 689
47 19 1 2 24 689
47 20 1 4 5 689
47 21 1 1 18 689
47 22 1 1 17 689
47 23 1 3 14 689
47 25 1 2 13 689
47 26 1 4 5 689
47 27 1 3 2 689
47 28 1 5 2 689
47 29 1 5 16 689
47 30 1 1 11 689
47 31 1 4 18 689
47 32 1 4 7 689
47 33 1 7 11 689
47 34 1 6 16 689
47 35 1 3 22 689
47 36 1 5 17 689
47 38 1 7 18 689
47 39 1 7 5 689
47 40 1 1 24 689
47 41 1 4 23 689
47 42 1 7 20 689
47 43 1 5 24 689
47 44 1 3 24 689
47 45 1 3 8 689
47 46 1 2 7 689
47 48 1 5 1 689
47 49 1 2 25 689
48 0 5 2 20 734
48 2 5 6 8 734
48 3 5 2 20 734
48 4 5 5 10 734
48 6 5 6 2 734
48 7 5 6 25 734
48 8 5 5 2 734
48 9 5 5 20 734
48 10 5 4 14 734
48 12 5 2 7 734
48 13 5 6 19 734
48 14 5 7 6 734
48 15 5 3 11 734
48 16 5 6 25 734
48 17 5 5 16 734
48 18 5 6 25 734
48 19 5 2 24 734
48 20 5 4 15 734
48 21 5 1 18 734
48 22 5 1 19 734
48 25 5 2 19 734
48 27 5 3 7 734
48 28 5 5 9 734
48 29 5 5 21 734
48 30 5 1 3 734
48 31 5 4 16 734
48 32 5 4 20 734
48 33 5 7 7 734
48 34 5 6 13 734
48 35 5 3 1 734
48 36 5 5 20 734
48 37 5 6 5 734
48 38 5 7 23 734
48 39 5 7 24 734
48 40 5 1 5 734
48 41 5 4 7 734
48 42 5 7 17 734
48 43 5 5 24 734
48 45 5 3 16 734
48 46 5 2 25 734
48 47 5 1 1 734
48 49 5 2 7 734
49 0 2 2 20 465
49 1 2 4 13 465
49 2 2 6 21 465
49 3 2 2 7 465
49 4 2 5 7 465
49 6 2 6 15 465
49 7 2 6 17 465
49 8 2 5 16 465
49 9 2 5 15 465
49 10 2 4 25 465
49 12 2 2 20 465
49 14 2 7 6 465
49 15 2 3 7 465
49 16 2 6 19 465
49 17 2 5 8 465
49 19 2 2 14 465
49 20 2 4 14 465
49 22 2 1 2 465
49 23 2 3 3 465
49 26 2 4 21 465
49 27 2 3 2 465
49 28 2 5 7 465
49 29 2 5 3 465
49 30 2 1 23 465
49 32 2 4 18 465
49 33 2 7 20 465
49 34 2 6 25 465
49 35 2 3 14 465
49 36 2 5 20 465
49 37 2 6 6 465
49 38 2 7 8 465
49 39 2 7 24 465
49 40 2 1 12 465
49 41 2 4 4 465
49 42 2 7 2 465
49 43 2 5 18 465
49 44 2 3 1 465
49 45 2 3 19 465
49 46 2 2 18 465
49 47 2 1 25 465
49 48 2 5 7 465
