capacity  cost_by_node
nb_functions 10
5 84 39 38 10 44 50 88 90 43 87 48 61 66 36 42 44 41 11 19 41 82 10 94 33 83 
4 55 100 33 36 90 21 68 96 68 85 56 49 86 65 26 26 98 67 97 85 80 78 100 100 94 
4 46 18 93 19 40 75 10 21 44 39 85 79 13 38 85 41 40 83 91 54 87 89 77 75 13 
5 83 44 87 73 33 10 16 42 26 72 12 14 67 60 57 89 28 85 44 74 50 73 87 22 73 
5 12 20 52 42 41 93 29 42 38 89 30 39 97 63 53 73 71 82 77 23 49 72 80 89 82 
5 41 38 26 60 31 81 68 44 64 26 77 51 60 38 15 10 16 86 64 75 17 37 98 18 30 
6 18 56 26 97 36 58 76 14 30 91 14 20 40 93 50 52 75 37 97 79 47 65 46 24 11 
6 51 63 96 34 12 46 41 11 64 74 97 57 36 34 59 14 100 88 67 64 13 40 44 18 47 
3 20 70 56 11 14 71 69 11 61 26 11 96 38 27 42 96 10 53 49 63 90 56 30 17 11 
5 95 89 46 77 51 62 62 35 84 49 22 76 36 30 100 75 12 33 52 64 48 94 84 67 43 
