capacity  cost_by_node
nb_functions 10
21 68 93 21 88 88 80 66 97 83 58 35 10 53 34 79 86 15 63 40 76 72 28 20 35 60 79 71 63 20 54 94 66 91 51 72 80 45 100 96 78 18 43 92 89 46 40 100 12 81 46 
18 100 40 94 11 66 89 53 99 45 98 23 21 50 70 33 49 84 21 31 38 36 82 76 62 59 95 21 86 97 78 33 83 64 10 10 19 71 17 72 100 25 32 15 81 29 21 25 80 95 66 
32 71 68 19 47 44 58 70 91 20 12 18 15 19 46 88 68 52 39 77 51 22 22 25 39 47 75 70 51 51 22 100 89 44 93 63 56 61 77 65 60 32 92 37 69 83 63 69 92 29 96 
19 91 48 53 62 24 79 13 23 76 31 46 31 94 20 94 27 74 14 90 86 59 38 72 24 93 68 19 70 31 18 19 91 94 58 99 37 51 32 21 53 75 26 83 44 79 26 86 87 19 25 
33 31 50 25 89 13 84 100 47 55 94 36 88 40 35 98 17 76 82 55 46 80 29 24 91 23 38 32 83 71 86 37 25 72 75 32 20 23 36 57 30 94 51 24 12 14 86 48 81 25 45 
25 92 65 62 99 12 53 53 75 22 41 81 16 18 51 93 84 57 41 43 54 89 95 27 35 86 72 40 15 73 54 81 18 58 31 26 43 51 30 100 77 52 21 46 76 14 61 25 61 20 59 
26 61 19 49 79 59 75 60 32 70 77 10 71 69 81 21 11 94 30 75 11 99 57 90 18 41 81 61 91 75 46 49 12 27 24 96 34 11 35 52 52 44 41 30 58 51 96 32 33 61 60 
19 54 42 63 22 31 39 43 88 30 25 19 26 92 76 49 96 95 91 94 55 64 19 84 24 54 48 68 13 62 47 59 52 27 47 15 41 37 56 58 36 12 76 11 74 81 77 55 16 21 46 
21 41 78 92 41 47 85 61 23 83 92 50 97 88 90 54 19 64 47 34 36 94 54 83 22 13 100 14 44 54 40 49 50 85 24 22 65 82 75 95 32 25 77 25 37 10 45 92 86 100 82 
24 16 67 64 62 35 48 12 17 99 23 84 97 42 15 76 53 76 13 75 48 78 12 100 81 53 32 14 13 31 15 64 60 20 82 82 20 46 63 44 46 95 36 56 33 23 33 54 79 50 32 
