capacity  cost_by_node
nb_functions 10
23 76 36 22 38 75 87 35 47 65 67 89 79 78 82 50 42 35 73 97 66 48 82 28 34 62 11 35 76 25 23 52 84 18 32 46 39 20 10 50 61 83 18 10 81 82 12 46 79 48 70 
20 19 86 49 92 69 95 11 33 49 31 13 10 75 95 22 13 25 53 78 99 90 58 57 17 10 65 80 78 74 58 91 23 17 90 90 78 17 62 84 62 30 37 21 86 89 37 87 42 70 86 
30 70 84 72 78 68 58 86 55 35 98 86 84 51 17 92 16 16 22 33 50 12 17 16 68 48 99 47 19 78 84 77 86 96 62 55 81 81 22 55 26 18 83 46 23 52 66 83 32 85 96 
19 57 36 19 34 62 27 30 33 59 81 81 14 38 14 56 100 56 55 32 54 71 97 26 67 27 54 48 87 25 26 84 86 34 38 62 95 42 36 50 15 81 62 89 19 72 47 29 84 27 11 
31 95 52 97 27 65 60 90 72 69 90 34 59 14 82 19 58 15 41 54 46 100 32 98 14 95 21 73 99 33 79 39 19 84 33 67 54 63 84 28 26 81 89 46 100 60 89 25 68 24 64 
28 46 51 64 98 53 67 99 28 58 64 30 32 88 52 60 98 13 87 95 16 76 79 58 35 77 10 88 51 19 21 47 28 52 60 28 63 64 55 87 62 97 48 19 67 74 87 34 65 98 28 
22 15 91 91 81 43 90 57 53 15 94 84 70 43 16 21 75 74 38 10 79 79 41 97 36 25 49 27 16 68 99 91 19 16 81 28 78 76 77 71 94 26 98 27 12 27 24 67 59 37 26 
18 72 70 14 10 88 92 85 68 64 46 72 18 31 77 66 25 67 53 99 78 98 32 99 44 86 39 74 87 36 58 10 80 10 38 11 14 89 60 34 19 15 12 90 91 59 50 75 13 27 48 
28 94 36 10 67 40 66 62 83 96 96 66 77 15 78 43 93 35 71 58 16 64 50 63 15 23 70 18 99 61 18 75 65 86 76 50 46 55 48 82 32 81 42 51 60 28 82 39 74 79 35 
22 80 44 51 18 36 45 24 47 86 53 77 42 21 41 28 48 63 70 57 55 25 28 16 15 95 58 32 49 51 16 27 59 83 55 86 31 10 24 49 71 92 81 59 92 73 71 39 18 64 69 
