capacity  cost_by_node
nb_functions 10
13 41 86 51 74 59 18 16 68 35 62 64 93 23 71 88 12 12 84 82 72 71 48 87 95 97 89 100 17 61 75 53 26 80 73 15 16 97 80 11 45 28 71 42 88 32 78 78 32 32 19 97 71 73 38 27 19 78 22 42 48 99 34 71 25 37 72 21 29 71 71 44 54 78 58 91 30 72 80 41 13 57 19 77 97 54 45 12 41 23 52 31 12 81 25 50 91 14 29 14 51 
12 41 90 26 55 99 24 77 62 99 99 12 30 61 62 86 30 67 37 46 73 38 92 34 23 88 14 22 13 37 68 95 12 82 78 57 32 73 67 99 62 18 14 74 14 63 51 99 58 82 100 76 70 98 69 84 30 58 95 36 98 44 11 21 32 73 87 78 51 20 19 32 33 10 42 37 65 69 30 26 77 32 54 55 67 41 35 49 82 63 82 58 29 40 57 43 51 94 25 77 24 
25 56 20 71 83 75 94 50 14 82 14 62 92 80 96 80 11 48 51 21 85 51 37 73 45 77 82 79 87 90 12 94 70 54 49 53 28 99 31 57 42 49 75 89 23 17 53 50 70 55 63 26 36 70 42 26 55 36 64 98 15 16 27 19 69 63 97 47 91 54 88 47 80 88 34 79 21 73 70 65 54 29 21 24 65 44 24 96 13 83 13 96 77 19 51 40 44 95 58 55 66 
15 76 14 55 24 21 64 80 60 93 27 11 93 76 73 28 58 28 92 98 25 88 69 48 80 27 98 70 95 67 27 92 87 76 73 10 64 13 16 96 26 12 91 80 39 81 33 34 60 100 60 36 21 95 63 70 56 100 48 33 38 73 68 77 76 88 99 25 27 13 34 14 84 44 91 78 69 48 62 57 72 68 84 26 96 44 73 67 14 27 94 30 48 86 87 20 97 71 35 72 82 
18 18 44 88 96 61 54 59 77 67 40 99 33 72 74 62 69 42 89 87 95 62 62 93 43 75 20 44 51 55 70 30 33 60 76 46 79 88 25 98 61 22 100 55 88 32 10 59 45 48 31 39 42 85 60 29 41 10 20 77 18 38 51 17 96 60 26 87 46 61 42 87 21 44 10 98 90 27 71 56 40 40 23 83 11 24 59 44 57 70 45 75 55 68 10 93 44 89 32 84 40 
22 41 18 96 92 25 47 82 90 14 57 51 22 15 53 49 90 43 55 89 86 29 44 80 57 91 41 97 26 37 96 19 30 89 43 11 17 46 76 45 12 82 86 42 18 100 97 69 56 75 44 89 37 47 11 82 68 92 61 69 10 64 65 44 18 22 74 15 81 37 64 87 95 97 90 87 72 45 20 21 39 75 22 88 44 71 21 87 100 99 81 65 51 100 27 96 13 31 47 68 12 
12 52 87 25 73 95 53 11 56 74 34 17 91 95 64 91 74 78 32 66 30 100 98 58 45 88 28 45 92 68 88 82 99 77 88 30 82 87 82 51 51 41 72 95 17 32 91 23 53 94 77 26 20 20 58 20 22 47 68 53 77 24 37 70 38 98 63 70 48 23 97 33 56 30 35 26 25 10 86 37 89 53 62 31 38 32 71 31 49 34 44 50 75 80 53 42 86 52 25 18 76 
17 80 18 92 94 78 65 69 50 32 61 40 33 70 34 19 82 50 60 91 43 63 53 80 66 72 78 82 47 22 55 38 12 15 61 99 18 65 33 86 43 78 54 53 55 45 86 13 29 24 87 55 14 31 79 92 25 97 12 67 71 82 50 49 45 38 19 36 61 30 31 71 66 44 69 97 24 60 65 40 22 96 15 15 35 85 78 70 46 56 22 16 90 97 93 49 47 26 33 92 40 
14 82 77 68 37 86 61 52 40 97 68 14 17 93 65 92 91 77 60 39 11 24 71 27 11 89 59 52 59 48 61 93 83 78 82 30 56 24 65 23 49 27 35 70 72 83 56 21 47 12 38 60 13 81 66 23 27 47 41 24 33 75 19 95 96 98 20 22 69 94 86 66 21 23 32 40 91 53 51 77 27 68 55 94 98 48 98 72 85 34 68 61 26 91 59 27 68 16 55 69 42 
14 37 58 92 12 87 44 76 96 14 97 24 92 29 25 20 16 48 28 31 89 30 71 17 20 43 60 59 97 83 55 88 43 50 96 10 13 20 44 70 28 81 78 91 59 33 30 11 66 41 43 59 78 62 92 22 29 80 62 89 82 73 60 13 49 28 20 13 97 64 25 82 37 78 47 20 90 22 73 59 59 77 58 71 18 12 16 53 62 97 37 78 36 79 38 39 55 93 36 62 75 
