Node_1 Node_2 Capacity_node1 Capacity_node2 Latency_arc node_cost
nb_nodes 100
nb_arcs 5050
0 1 4 2 18 956
0 3 4 3 22 956
0 6 4 6 12 956
0 10 4 3 20 956
0 11 4 4 5 956
0 12 4 6 13 956
0 13 4 6 20 956
0 15 4 6 12 956
0 21 4 4 16 956
0 22 4 4 25 956
0 27 4 4 1 956
0 30 4 3 15 956
0 31 4 3 11 956
0 33 4 3 22 956
0 34 4 6 20 956
0 35 4 4 8 956
0 36 4 3 11 956
0 38 4 2 24 956
0 39 4 5 18 956
0 40 4 5 14 956
0 42 4 4 25 956
0 44 4 6 19 956
0 49 4 2 16 956
0 50 4 5 6 956
0 54 4 4 11 956
0 56 4 4 24 956
0 57 4 5 9 956
0 58 4 3 16 956
0 61 4 1 22 956
0 63 4 4 20 956
0 64 4 5 5 956
0 67 4 4 21 956
0 68 4 2 1 956
0 70 4 6 3 956
0 71 4 6 14 956
0 72 4 5 5 956
0 74 4 2 23 956
0 76 4 6 9 956
0 82 4 4 22 956
0 83 4 3 6 956
0 89 4 6 21 956
0 91 4 4 11 956
0 95 4 5 22 956
0 97 4 1 1 956
0 99 4 1 24 956
1 0 2 4 18 937
1 2 2 5 22 937
1 3 2 3 10 937
1 4 2 3 21 937
1 5 2 1 21 937
1 8 2 4 3 937
1 10 2 3 5 937
1 15 2 6 24 937
1 16 2 2 3 937
1 17 2 1 5 937
1 23 2 5 3 937
1 26 2 6 11 937
1 27 2 4 16 937
1 31 2 3 3 937
1 33 2 3 25 937
1 34 2 6 16 937
1 35 2 4 7 937
1 37 2 6 21 937
1 40 2 5 21 937
1 42 2 4 23 937
1 43 2 6 4 937
1 46 2 2 21 937
1 48 2 2 22 937
1 51 2 1 11 937
1 57 2 5 5 937
1 58 2 3 24 937
1 59 2 2 17 937
1 61 2 1 11 937
1 62 2 6 14 937
1 64 2 5 24 937
1 65 2 5 17 937
1 66 2 2 19 937
1 71 2 6 24 937
1 72 2 5 17 937
1 73 2 5 22 937
1 74 2 2 14 937
1 75 2 6 12 937
1 76 2 6 22 937
1 79 2 1 19 937
1 80 2 1 10 937
1 81 2 4 12 937
1 83 2 3 20 937
1 84 2 6 1 937
1 88 2 5 23 937
1 91 2 4 25 937
1 93 2 6 23 937
1 94 2 3 22 937
1 96 2 4 21 937
1 97 2 1 12 937
1 99 2 1 3 937
2 1 5 2 22 137
2 3 5 3 10 137
2 4 5 3 20 137
2 5 5 1 13 137
2 7 5 4 22 137
2 12 5 6 18 137
2 14 5 5 3 137
2 15 5 6 19 137
2 16 5 2 20 137
2 17 5 1 1 137
2 18 5 5 7 137
2 20 5 1 14 137
2 21 5 4 22 137
2 22 5 4 9 137
2 23 5 5 6 137
2 28 5 4 14 137
2 30 5 3 10 137
2 33 5 3 11 137
2 39 5 5 10 137
2 40 5 5 16 137
2 44 5 6 11 137
2 46 5 2 22 137
2 50 5 5 2 137
2 51 5 1 22 137
2 52 5 1 25 137
2 53 5 2 14 137
2 54 5 4 15 137
2 55 5 6 25 137
2 57 5 5 16 137
2 59 5 2 6 137
2 64 5 5 2 137
2 65 5 5 20 137
2 66 5 2 7 137
2 70 5 6 10 137
2 72 5 5 6 137
2 74 5 2 9 137
2 75 5 6 15 137
2 76 5 6 7 137
2 77 5 3 9 137
2 78 5 4 17 137
2 82 5 4 20 137
2 83 5 3 12 137
2 84 5 6 3 137
2 85 5 5 4 137
2 86 5 1 15 137
2 87 5 6 7 137
2 88 5 5 24 137
2 89 5 6 1 137
2 91 5 4 13 137
2 92 5 5 24 137
2 94 5 3 1 137
2 96 5 4 16 137
2 98 5 2 11 137
3 0 3 4 22 448
3 1 3 2 10 448
3 2 3 5 10 448
3 4 3 3 2 448
3 5 3 1 3 448
3 13 3 6 18 448
3 16 3 2 5 448
3 18 3 5 7 448
3 20 3 1 17 448
3 21 3 4 4 448
3 25 3 6 16 448
3 26 3 6 14 448
3 30 3 3 16 448
3 31 3 3 6 448
3 34 3 6 8 448
3 37 3 6 23 448
3 41 3 1 20 448
3 42 3 4 12 448
3 43 3 6 1 448
3 45 3 1 11 448
3 46 3 2 25 448
3 48 3 2 24 448
3 53 3 2 25 448
3 55 3 6 7 448
3 61 3 1 24 448
3 64 3 5 23 448
3 68 3 2 25 448
3 72 3 5 12 448
3 73 3 5 1 448
3 75 3 6 19 448
3 77 3 3 18 448
3 79 3 1 10 448
3 80 3 1 21 448
3 81 3 4 23 448
3 83 3 3 25 448
3 85 3 5 4 448
3 89 3 6 7 448
3 90 3 1 18 448
3 91 3 4 19 448
3 92 3 5 4 448
3 93 3 6 23 448
3 96 3 4 11 448
3 99 3 1 4 448
4 1 3 2 21 853
4 2 3 5 20 853
4 3 3 3 2 853
4 5 3 1 15 853
4 8 3 4 4 853
4 9 3 3 7 853
4 12 3 6 19 853
4 15 3 6 1 853
4 16 3 2 22 853
4 19 3 2 16 853
4 20 3 1 19 853
4 24 3 4 20 853
4 26 3 6 10 853
4 28 3 4 5 853
4 29 3 2 7 853
4 30 3 3 9 853
4 31 3 3 10 853
4 33 3 3 20 853
4 34 3 6 23 853
4 36 3 3 17 853
4 37 3 6 13 853
4 39 3 5 8 853
4 40 3 5 3 853
4 41 3 1 22 853
4 43 3 6 4 853
4 44 3 6 6 853
4 47 3 1 15 853
4 48 3 2 23 853
4 51 3 1 8 853
4 52 3 1 25 853
4 53 3 2 19 853
4 54 3 4 11 853
4 56 3 4 24 853
4 57 3 5 5 853
4 58 3 3 15 853
4 59 3 2 3 853
4 61 3 1 24 853
4 64 3 5 8 853
4 65 3 5 4 853
4 66 3 2 11 853
4 67 3 4 12 853
4 68 3 2 11 853
4 69 3 4 12 853
4 70 3 6 22 853
4 73 3 5 9 853
4 74 3 2 25 853
4 75 3 6 6 853
4 76 3 6 21 853
4 81 3 4 22 853
4 82 3 4 18 853
4 84 3 6 17 853
4 85 3 5 17 853
4 86 3 1 8 853
4 87 3 6 24 853
4 89 3 6 23 853
4 91 3 4 16 853
4 97 3 1 2 853
4 98 3 2 4 853
4 99 3 1 5 853
5 1 1 2 21 201
5 2 1 5 13 201
5 3 1 3 3 201
5 4 1 3 15 201
5 6 1 6 12 201
5 8 1 4 8 201
5 9 1 3 1 201
5 11 1 4 10 201
5 12 1 6 6 201
5 13 1 6 19 201
5 14 1 5 3 201
5 18 1 5 5 201
5 19 1 2 8 201
5 20 1 1 3 201
5 21 1 4 8 201
5 23 1 5 2 201
5 25 1 6 17 201
5 26 1 6 18 201
5 27 1 4 13 201
5 28 1 4 23 201
5 29 1 2 1 201
5 30 1 3 7 201
5 34 1 6 12 201
5 35 1 4 13 201
5 38 1 2 14 201
5 39 1 5 19 201
5 40 1 5 13 201
5 43 1 6 10 201
5 45 1 1 18 201
5 46 1 2 16 201
5 47 1 1 20 201
5 50 1 5 25 201
5 51 1 1 1 201
5 54 1 4 25 201
5 55 1 6 1 201
5 57 1 5 25 201
5 58 1 3 16 201
5 59 1 2 18 201
5 61 1 1 6 201
5 62 1 6 16 201
5 63 1 4 25 201
5 64 1 5 9 201
5 65 1 5 8 201
5 68 1 2 23 201
5 71 1 6 24 201
5 72 1 5 15 201
5 73 1 5 18 201
5 74 1 2 14 201
5 75 1 6 11 201
5 76 1 6 20 201
5 77 1 3 20 201
5 78 1 4 22 201
5 83 1 3 25 201
5 84 1 6 8 201
5 85 1 5 15 201
5 88 1 5 4 201
5 90 1 1 8 201
5 92 1 5 16 201
5 97 1 1 23 201
6 0 6 4 12 352
6 5 6 1 12 352
6 7 6 4 6 352
6 8 6 4 12 352
6 11 6 4 4 352
6 16 6 2 10 352
6 17 6 1 17 352
6 18 6 5 14 352
6 21 6 4 14 352
6 22 6 4 19 352
6 25 6 6 20 352
6 26 6 6 11 352
6 28 6 4 16 352
6 29 6 2 13 352
6 31 6 3 12 352
6 32 6 6 13 352
6 33 6 3 6 352
6 34 6 6 3 352
6 36 6 3 23 352
6 39 6 5 11 352
6 41 6 1 17 352
6 43 6 6 7 352
6 44 6 6 20 352
6 45 6 1 23 352
6 47 6 1 4 352
6 48 6 2 17 352
6 49 6 2 25 352
6 50 6 5 22 352
6 51 6 1 2 352
6 52 6 1 8 352
6 53 6 2 16 352
6 54 6 4 5 352
6 55 6 6 14 352
6 57 6 5 13 352
6 58 6 3 4 352
6 60 6 5 22 352
6 61 6 1 3 352
6 62 6 6 13 352
6 64 6 5 21 352
6 67 6 4 13 352
6 69 6 4 24 352
6 70 6 6 8 352
6 72 6 5 5 352
6 78 6 4 13 352
6 79 6 1 12 352
6 82 6 4 6 352
6 83 6 3 2 352
6 84 6 6 19 352
6 85 6 5 19 352
6 87 6 6 8 352
6 88 6 5 9 352
6 90 6 1 6 352
6 93 6 6 17 352
6 95 6 5 10 352
6 97 6 1 17 352
6 99 6 1 19 352
7 2 4 5 22 761
7 6 4 6 6 761
7 8 4 4 8 761
7 9 4 3 12 761
7 10 4 3 20 761
7 11 4 4 6 761
7 12 4 6 9 761
7 13 4 6 23 761
7 14 4 5 13 761
7 17 4 1 12 761
7 20 4 1 25 761
7 21 4 4 5 761
7 22 4 4 12 761
7 25 4 6 7 761
7 27 4 4 8 761
7 28 4 4 20 761
7 30 4 3 21 761
7 31 4 3 3 761
7 33 4 3 24 761
7 34 4 6 25 761
7 35 4 4 7 761
7 36 4 3 6 761
7 38 4 2 5 761
7 40 4 5 10 761
7 42 4 4 10 761
7 44 4 6 23 761
7 45 4 1 4 761
7 47 4 1 12 761
7 49 4 2 5 761
7 50 4 5 7 761
7 51 4 1 7 761
7 52 4 1 1 761
7 53 4 2 7 761
7 54 4 4 25 761
7 56 4 4 3 761
7 57 4 5 6 761
7 60 4 5 2 761
7 61 4 1 18 761
7 63 4 4 11 761
7 64 4 5 19 761
7 69 4 4 7 761
7 70 4 6 3 761
7 71 4 6 14 761
7 72 4 5 2 761
7 74 4 2 4 761
7 75 4 6 1 761
7 76 4 6 2 761
7 78 4 4 6 761
7 79 4 1 5 761
7 81 4 4 3 761
7 82 4 4 6 761
7 83 4 3 2 761
7 84 4 6 12 761
7 85 4 5 23 761
7 86 4 1 7 761
7 92 4 5 25 761
7 97 4 1 7 761
7 98 4 2 19 761
8 1 4 2 3 784
8 4 4 3 4 784
8 5 4 1 8 784
8 6 4 6 12 784
8 7 4 4 8 784
8 9 4 3 21 784
8 10 4 3 25 784
8 14 4 5 6 784
8 15 4 6 24 784
8 17 4 1 18 784
8 18 4 5 5 784
8 19 4 2 6 784
8 21 4 4 14 784
8 23 4 5 16 784
8 24 4 4 13 784
8 25 4 6 6 784
8 27 4 4 3 784
8 32 4 6 19 784
8 33 4 3 14 784
8 34 4 6 13 784
8 35 4 4 5 784
8 36 4 3 6 784
8 37 4 6 2 784
8 38 4 2 15 784
8 39 4 5 2 784
8 41 4 1 9 784
8 42 4 4 13 784
8 44 4 6 22 784
8 45 4 1 9 784
8 48 4 2 5 784
8 52 4 1 20 784
8 53 4 2 25 784
8 55 4 6 6 784
8 57 4 5 22 784
8 58 4 3 17 784
8 61 4 1 16 784
8 62 4 6 15 784
8 68 4 2 4 784
8 69 4 4 25 784
8 72 4 5 12 784
8 74 4 2 24 784
8 76 4 6 4 784
8 77 4 3 15 784
8 78 4 4 7 784
8 82 4 4 23 784
8 84 4 6 16 784
8 88 4 5 25 784
8 89 4 6 19 784
8 93 4 6 1 784
8 94 4 3 5 784
8 95 4 5 25 784
9 4 3 3 7 836
9 5 3 1 1 836
9 7 3 4 12 836
9 8 3 4 21 836
9 10 3 3 14 836
9 11 3 4 9 836
9 13 3 6 19 836
9 14 3 5 10 836
9 17 3 1 23 836
9 18 3 5 7 836
9 20 3 1 12 836
9 21 3 4 20 836
9 22 3 4 11 836
9 26 3 6 21 836
9 28 3 4 21 836
9 37 3 6 4 836
9 39 3 5 4 836
9 41 3 1 23 836
9 43 3 6 15 836
9 44 3 6 5 836
9 45 3 1 14 836
9 46 3 2 4 836
9 48 3 2 2 836
9 50 3 5 14 836
9 51 3 1 7 836
9 52 3 1 11 836
9 53 3 2 6 836
9 54 3 4 22 836
9 59 3 2 21 836
9 61 3 1 14 836
9 66 3 2 5 836
9 67 3 4 21 836
9 68 3 2 1 836
9 73 3 5 23 836
9 76 3 6 7 836
9 83 3 3 16 836
9 86 3 1 20 836
9 88 3 5 9 836
9 90 3 1 5 836
9 92 3 5 4 836
9 98 3 2 7 836
9 99 3 1 22 836
10 0 3 4 20 190
10 1 3 2 5 190
10 7 3 4 20 190
10 8 3 4 25 190
10 9 3 3 14 190
10 13 3 6 15 190
10 15 3 6 14 190
10 16 3 2 8 190
10 19 3 2 19 190
10 20 3 1 2 190
10 21 3 4 16 190
10 23 3 5 3 190
10 26 3 6 25 190
10 27 3 4 15 190
10 31 3 3 17 190
10 33 3 3 10 190
10 34 3 6 17 190
10 35 3 4 15 190
10 36 3 3 23 190
10 37 3 6 2 190
10 39 3 5 13 190
10 40 3 5 13 190
10 41 3 1 19 190
10 43 3 6 20 190
10 44 3 6 18 190
10 45 3 1 25 190
10 46 3 2 7 190
10 47 3 1 8 190
10 48 3 2 13 190
10 50 3 5 16 190
10 54 3 4 14 190
10 59 3 2 8 190
10 60 3 5 18 190
10 61 3 1 13 190
10 62 3 6 6 190
10 64 3 5 9 190
10 65 3 5 3 190
10 67 3 4 2 190
10 68 3 2 21 190
10 70 3 6 1 190
10 72 3 5 8 190
10 73 3 5 11 190
10 74 3 2 20 190
10 76 3 6 7 190
10 77 3 3 19 190
10 78 3 4 2 190
10 79 3 1 24 190
10 80 3 1 22 190
10 81 3 4 9 190
10 83 3 3 22 190
10 84 3 6 17 190
10 85 3 5 23 190
10 88 3 5 4 190
10 89 3 6 21 190
10 91 3 4 10 190
10 96 3 4 17 190
11 0 4 4 5 621
11 5 4 1 10 621
11 6 4 6 4 621
11 7 4 4 6 621
11 9 4 3 9 621
11 12 4 6 5 621
11 15 4 6 17 621
11 16 4 2 21 621
11 18 4 5 15 621
11 19 4 2 3 621
11 20 4 1 23 621
11 21 4 4 24 621
11 22 4 4 1 621
11 24 4 4 17 621
11 25 4 6 7 621
11 26 4 6 19 621
11 27 4 4 8 621
11 30 4 3 23 621
11 33 4 3 20 621
11 36 4 3 18 621
11 38 4 2 8 621
11 41 4 1 4 621
11 44 4 6 11 621
11 45 4 1 19 621
11 46 4 2 5 621
11 47 4 1 8 621
11 49 4 2 16 621
11 50 4 5 24 621
11 51 4 1 19 621
11 52 4 1 5 621
11 54 4 4 9 621
11 55 4 6 17 621
11 60 4 5 11 621
11 62 4 6 11 621
11 64 4 5 8 621
11 72 4 5 23 621
11 74 4 2 2 621
11 79 4 1 18 621
11 80 4 1 20 621
11 82 4 4 3 621
11 84 4 6 16 621
11 85 4 5 5 621
11 86 4 1 25 621
11 87 4 6 1 621
11 88 4 5 1 621
11 91 4 4 24 621
11 93 4 6 15 621
11 94 4 3 4 621
11 95 4 5 4 621
11 98 4 2 11 621
11 99 4 1 8 621
12 0 6 4 13 919
12 2 6 5 18 919
12 4 6 3 19 919
12 5 6 1 6 919
12 7 6 4 9 919
12 11 6 4 5 919
12 14 6 5 21 919
12 15 6 6 7 919
12 17 6 1 24 919
12 18 6 5 24 919
12 21 6 4 7 919
12 22 6 4 1 919
12 25 6 6 6 919
12 27 6 4 14 919
12 29 6 2 17 919
12 30 6 3 13 919
12 31 6 3 5 919
12 32 6 6 6 919
12 35 6 4 6 919
12 36 6 3 11 919
12 37 6 6 5 919
12 39 6 5 9 919
12 46 6 2 24 919
12 48 6 2 20 919
12 49 6 2 14 919
12 50 6 5 20 919
12 51 6 1 17 919
12 52 6 1 24 919
12 54 6 4 6 919
12 55 6 6 1 919
12 58 6 3 6 919
12 61 6 1 10 919
12 62 6 6 22 919
12 63 6 4 24 919
12 65 6 5 6 919
12 67 6 4 12 919
12 69 6 4 22 919
12 71 6 6 24 919
12 74 6 2 9 919
12 77 6 3 16 919
12 80 6 1 16 919
12 84 6 6 4 919
12 85 6 5 21 919
12 87 6 6 20 919
12 88 6 5 11 919
12 89 6 6 5 919
12 92 6 5 22 919
12 94 6 3 12 919
12 95 6 5 24 919
12 97 6 1 21 919
12 99 6 1 25 919
13 0 6 4 20 53
13 3 6 3 18 53
13 5 6 1 19 53
13 7 6 4 23 53
13 9 6 3 19 53
13 10 6 3 15 53
13 14 6 5 1 53
13 17 6 1 18 53
13 18 6 5 16 53
13 19 6 2 19 53
13 20 6 1 15 53
13 24 6 4 24 53
13 26 6 6 11 53
13 29 6 2 23 53
13 30 6 3 14 53
13 34 6 6 14 53
13 35 6 4 17 53
13 38 6 2 4 53
13 40 6 5 22 53
13 41 6 1 22 53
13 42 6 4 11 53
13 43 6 6 5 53
13 44 6 6 9 53
13 47 6 1 9 53
13 48 6 2 5 53
13 50 6 5 5 53
13 51 6 1 14 53
13 52 6 1 16 53
13 53 6 2 23 53
13 57 6 5 19 53
13 58 6 3 4 53
13 59 6 2 14 53
13 61 6 1 7 53
13 62 6 6 9 53
13 63 6 4 7 53
13 67 6 4 8 53
13 68 6 2 8 53
13 69 6 4 1 53
13 70 6 6 3 53
13 71 6 6 14 53
13 73 6 5 25 53
13 74 6 2 7 53
13 77 6 3 6 53
13 79 6 1 6 53
13 81 6 4 23 53
13 82 6 4 13 53
13 86 6 1 2 53
13 87 6 6 8 53
13 89 6 6 2 53
13 90 6 1 7 53
13 91 6 4 8 53
13 96 6 4 8 53
13 97 6 1 22 53
13 99 6 1 7 53
14 2 5 5 3 795
14 5 5 1 3 795
14 7 5 4 13 795
14 8 5 4 6 795
14 9 5 3 10 795
14 12 5 6 21 795
14 13 5 6 1 795
14 15 5 6 10 795
14 16 5 2 18 795
14 18 5 5 13 795
14 19 5 2 12 795
14 22 5 4 21 795
14 23 5 5 8 795
14 30 5 3 3 795
14 33 5 3 16 795
14 34 5 6 21 795
14 36 5 3 19 795
14 37 5 6 2 795
14 41 5 1 3 795
14 43 5 6 22 795
14 46 5 2 13 795
14 47 5 1 18 795
14 48 5 2 18 795
14 49 5 2 15 795
14 50 5 5 2 795
14 51 5 1 6 795
14 53 5 2 24 795
14 54 5 4 10 795
14 55 5 6 6 795
14 56 5 4 14 795
14 59 5 2 13 795
14 61 5 1 4 795
14 63 5 4 3 795
14 64 5 5 18 795
14 67 5 4 6 795
14 68 5 2 3 795
14 69 5 4 5 795
14 71 5 6 14 795
14 73 5 5 7 795
14 75 5 6 18 795
14 79 5 1 6 795
14 80 5 1 10 795
14 81 5 4 12 795
14 82 5 4 10 795
14 83 5 3 23 795
14 86 5 1 21 795
14 88 5 5 21 795
14 90 5 1 16 795
14 91 5 4 4 795
14 95 5 5 12 795
14 98 5 2 10 795
14 99 5 1 22 795
15 0 6 4 12 697
15 1 6 2 24 697
15 2 6 5 19 697
15 4 6 3 1 697
15 8 6 4 24 697
15 10 6 3 14 697
15 11 6 4 17 697
15 12 6 6 7 697
15 14 6 5 10 697
15 16 6 2 5 697
15 18 6 5 3 697
15 20 6 1 2 697
15 21 6 4 21 697
15 23 6 5 10 697
15 24 6 4 25 697
15 28 6 4 11 697
15 29 6 2 14 697
15 30 6 3 22 697
15 31 6 3 3 697
15 32 6 6 4 697
15 35 6 4 19 697
15 38 6 2 13 697
15 43 6 6 17 697
15 54 6 4 20 697
15 55 6 6 18 697
15 56 6 4 23 697
15 60 6 5 18 697
15 61 6 1 10 697
15 65 6 5 22 697
15 68 6 2 14 697
15 71 6 6 13 697
15 74 6 2 3 697
15 75 6 6 5 697
15 76 6 6 21 697
15 78 6 4 21 697
15 82 6 4 8 697
15 84 6 6 6 697
15 85 6 5 14 697
15 87 6 6 13 697
15 88 6 5 8 697
15 89 6 6 10 697
15 93 6 6 9 697
15 94 6 3 23 697
15 95 6 5 13 697
15 97 6 1 10 697
15 98 6 2 15 697
16 1 2 2 3 969
16 2 2 5 20 969
16 3 2 3 5 969
16 4 2 3 22 969
16 6 2 6 10 969
16 10 2 3 8 969
16 11 2 4 21 969
16 14 2 5 18 969
16 15 2 6 5 969
16 20 2 1 24 969
16 21 2 4 13 969
16 22 2 4 5 969
16 23 2 5 22 969
16 27 2 4 20 969
16 30 2 3 12 969
16 31 2 3 9 969
16 32 2 6 1 969
16 34 2 6 10 969
16 35 2 4 21 969
16 36 2 3 20 969
16 37 2 6 5 969
16 39 2 5 18 969
16 43 2 6 11 969
16 47 2 1 16 969
16 48 2 2 3 969
16 49 2 2 25 969
16 50 2 5 20 969
16 52 2 1 2 969
16 54 2 4 16 969
16 55 2 6 15 969
16 58 2 3 1 969
16 62 2 6 13 969
16 63 2 4 21 969
16 64 2 5 17 969
16 67 2 4 6 969
16 68 2 2 23 969
16 69 2 4 1 969
16 70 2 6 19 969
16 73 2 5 23 969
16 74 2 2 20 969
16 75 2 6 20 969
16 77 2 3 22 969
16 78 2 4 2 969
16 79 2 1 20 969
16 80 2 1 17 969
16 81 2 4 21 969
16 82 2 4 20 969
16 84 2 6 10 969
16 86 2 1 15 969
16 88 2 5 6 969
16 91 2 4 20 969
16 92 2 5 24 969
16 93 2 6 11 969
16 94 2 3 15 969
16 95 2 5 7 969
16 99 2 1 25 969
17 1 1 2 5 249
17 2 1 5 1 249
17 6 1 6 17 249
17 7 1 4 12 249
17 8 1 4 18 249
17 9 1 3 23 249
17 12 1 6 24 249
17 13 1 6 18 249
17 19 1 2 8 249
17 20 1 1 15 249
17 21 1 4 18 249
17 23 1 5 4 249
17 26 1 6 3 249
17 27 1 4 12 249
17 33 1 3 23 249
17 35 1 4 21 249
17 38 1 2 22 249
17 39 1 5 14 249
17 40 1 5 19 249
17 41 1 1 9 249
17 42 1 4 7 249
17 44 1 6 24 249
17 45 1 1 25 249
17 53 1 2 1 249
17 58 1 3 11 249
17 59 1 2 14 249
17 61 1 1 5 249
17 64 1 5 21 249
17 65 1 5 10 249
17 68 1 2 6 249
17 72 1 5 22 249
17 74 1 2 25 249
17 76 1 6 23 249
17 78 1 4 11 249
17 83 1 3 15 249
17 85 1 5 19 249
17 88 1 5 15 249
17 91 1 4 14 249
17 92 1 5 13 249
17 94 1 3 21 249
17 96 1 4 12 249
17 97 1 1 3 249
17 99 1 1 16 249
18 2 5 5 7 532
18 3 5 3 7 532
18 5 5 1 5 532
18 6 5 6 14 532
18 8 5 4 5 532
18 9 5 3 7 532
18 11 5 4 15 532
18 12 5 6 24 532
18 13 5 6 16 532
18 14 5 5 13 532
18 15 5 6 3 532
18 20 5 1 16 532
18 21 5 4 6 532
18 22 5 4 16 532
18 24 5 4 17 532
18 25 5 6 11 532
18 26 5 6 14 532
18 30 5 3 12 532
18 32 5 6 22 532
18 34 5 6 18 532
18 35 5 4 25 532
18 37 5 6 23 532
18 40 5 5 17 532
18 45 5 1 24 532
18 46 5 2 4 532
18 48 5 2 25 532
18 51 5 1 12 532
18 52 5 1 2 532
18 55 5 6 3 532
18 57 5 5 21 532
18 58 5 3 12 532
18 59 5 2 8 532
18 61 5 1 16 532
18 62 5 6 10 532
18 63 5 4 11 532
18 65 5 5 25 532
18 66 5 2 25 532
18 67 5 4 4 532
18 69 5 4 25 532
18 71 5 6 18 532
18 75 5 6 1 532
18 76 5 6 3 532
18 77 5 3 24 532
18 78 5 4 6 532
18 79 5 1 4 532
18 80 5 1 23 532
18 81 5 4 19 532
18 84 5 6 24 532
18 86 5 1 5 532
18 87 5 6 1 532
18 88 5 5 8 532
18 89 5 6 17 532
18 90 5 1 24 532
18 91 5 4 24 532
18 94 5 3 25 532
18 95 5 5 24 532
18 96 5 4 20 532
18 98 5 2 20 532
19 4 2 3 16 445
19 5 2 1 8 445
19 8 2 4 6 445
19 10 2 3 19 445
19 11 2 4 3 445
19 13 2 6 19 445
19 14 2 5 12 445
19 17 2 1 8 445
19 20 2 1 5 445
19 22 2 4 1 445
19 24 2 4 19 445
19 25 2 6 19 445
19 29 2 2 16 445
19 34 2 6 19 445
19 35 2 4 25 445
19 36 2 3 21 445
19 38 2 2 5 445
19 39 2 5 16 445
19 40 2 5 7 445
19 42 2 4 15 445
19 43 2 6 21 445
19 47 2 1 11 445
19 48 2 2 19 445
19 49 2 2 2 445
19 51 2 1 16 445
19 52 2 1 9 445
19 53 2 2 15 445
19 54 2 4 6 445
19 56 2 4 13 445
19 57 2 5 3 445
19 58 2 3 2 445
19 59 2 2 21 445
19 60 2 5 1 445
19 63 2 4 16 445
19 65 2 5 24 445
19 66 2 2 12 445
19 67 2 4 5 445
19 68 2 2 2 445
19 69 2 4 20 445
19 70 2 6 19 445
19 72 2 5 6 445
19 73 2 5 23 445
19 76 2 6 8 445
19 80 2 1 2 445
19 83 2 3 1 445
19 85 2 5 21 445
19 89 2 6 19 445
19 90 2 1 17 445
19 93 2 6 25 445
19 94 2 3 23 445
19 95 2 5 25 445
20 2 1 5 14 442
20 3 1 3 17 442
20 4 1 3 19 442
20 5 1 1 3 442
20 7 1 4 25 442
20 9 1 3 12 442
20 10 1 3 2 442
20 11 1 4 23 442
20 13 1 6 15 442
20 15 1 6 2 442
20 16 1 2 24 442
20 17 1 1 15 442
20 18 1 5 16 442
20 19 1 2 5 442
20 22 1 4 5 442
20 24 1 4 7 442
20 25 1 6 20 442
20 26 1 6 7 442
20 28 1 4 10 442
20 29 1 2 17 442
20 31 1 3 8 442
20 33 1 3 20 442
20 34 1 6 23 442
20 42 1 4 23 442
20 47 1 1 4 442
20 50 1 5 12 442
20 51 1 1 17 442
20 52 1 1 24 442
20 56 1 4 22 442
20 59 1 2 15 442
20 61 1 1 2 442
20 62 1 6 10 442
20 66 1 2 20 442
20 67 1 4 12 442
20 68 1 2 2 442
20 70 1 6 13 442
20 72 1 5 16 442
20 74 1 2 20 442
20 77 1 3 1 442
20 78 1 4 14 442
20 80 1 1 6 442
20 83 1 3 2 442
20 86 1 1 15 442
20 89 1 6 22 442
20 90 1 1 3 442
20 94 1 3 11 442
20 97 1 1 4 442
20 98 1 2 9 442
21 0 4 4 16 315
21 2 4 5 22 315
21 3 4 3 4 315
21 5 4 1 8 315
21 6 4 6 14 315
21 7 4 4 5 315
21 8 4 4 14 315
21 9 4 3 20 315
21 10 4 3 16 315
21 11 4 4 24 315
21 12 4 6 7 315
21 15 4 6 21 315
21 16 4 2 13 315
21 17 4 1 18 315
21 18 4 5 6 315
21 23 4 5 15 315
21 24 4 4 3 315
21 26 4 6 22 315
21 29 4 2 19 315
21 30 4 3 24 315
21 34 4 6 8 315
21 36 4 3 22 315
21 37 4 6 20 315
21 40 4 5 6 315
21 41 4 1 2 315
21 43 4 6 7 315
21 46 4 2 4 315
21 47 4 1 2 315
21 48 4 2 3 315
21 49 4 2 8 315
21 53 4 2 11 315
21 55 4 6 20 315
21 57 4 5 5 315
21 59 4 2 15 315
21 61 4 1 24 315
21 63 4 4 15 315
21 65 4 5 7 315
21 66 4 2 11 315
21 70 4 6 11 315
21 72 4 5 14 315
21 76 4 6 8 315
21 82 4 4 9 315
21 83 4 3 22 315
21 85 4 5 12 315
21 87 4 6 2 315
21 89 4 6 15 315
21 90 4 1 6 315
21 93 4 6 7 315
21 95 4 5 18 315
22 0 4 4 25 451
22 2 4 5 9 451
22 6 4 6 19 451
22 7 4 4 12 451
22 9 4 3 11 451
22 11 4 4 1 451
22 12 4 6 1 451
22 14 4 5 21 451
22 16 4 2 5 451
22 18 4 5 16 451
22 19 4 2 1 451
22 20 4 1 5 451
22 25 4 6 21 451
22 26 4 6 22 451
22 28 4 4 12 451
22 30 4 3 25 451
22 32 4 6 12 451
22 34 4 6 22 451
22 35 4 4 16 451
22 36 4 3 24 451
22 47 4 1 16 451
22 49 4 2 15 451
22 50 4 5 9 451
22 54 4 4 21 451
22 55 4 6 25 451
22 56 4 4 16 451
22 57 4 5 19 451
22 59 4 2 3 451
22 61 4 1 4 451
22 62 4 6 17 451
22 64 4 5 7 451
22 65 4 5 17 451
22 66 4 2 24 451
22 68 4 2 25 451
22 71 4 6 10 451
22 72 4 5 10 451
22 73 4 5 3 451
22 74 4 2 19 451
22 75 4 6 15 451
22 76 4 6 14 451
22 77 4 3 17 451
22 79 4 1 4 451
22 81 4 4 24 451
22 82 4 4 9 451
22 83 4 3 6 451
22 85 4 5 6 451
22 88 4 5 9 451
22 89 4 6 10 451
22 91 4 4 7 451
22 99 4 1 11 451
23 1 5 2 3 220
23 2 5 5 6 220
23 5 5 1 2 220
23 8 5 4 16 220
23 10 5 3 3 220
23 14 5 5 8 220
23 15 5 6 10 220
23 16 5 2 22 220
23 17 5 1 4 220
23 21 5 4 15 220
23 24 5 4 4 220
23 32 5 6 22 220
23 33 5 3 23 220
23 35 5 4 18 220
23 36 5 3 19 220
23 38 5 2 23 220
23 39 5 5 24 220
23 43 5 6 21 220
23 44 5 6 22 220
23 45 5 1 14 220
23 47 5 1 18 220
23 49 5 2 19 220
23 50 5 5 16 220
23 55 5 6 22 220
23 59 5 2 24 220
23 60 5 5 3 220
23 61 5 1 2 220
23 63 5 4 14 220
23 66 5 2 1 220
23 68 5 2 19 220
23 69 5 4 24 220
23 70 5 6 14 220
23 72 5 5 24 220
23 74 5 2 9 220
23 76 5 6 9 220
23 78 5 4 13 220
23 80 5 1 20 220
23 82 5 4 17 220
23 83 5 3 13 220
23 84 5 6 20 220
23 86 5 1 19 220
23 90 5 1 15 220
23 91 5 4 3 220
23 93 5 6 12 220
23 95 5 5 10 220
23 98 5 2 9 220
23 99 5 1 24 220
24 4 4 3 20 52
24 8 4 4 13 52
24 11 4 4 17 52
24 13 4 6 24 52
24 15 4 6 25 52
24 18 4 5 17 52
24 19 4 2 19 52
24 20 4 1 7 52
24 21 4 4 3 52
24 23 4 5 4 52
24 31 4 3 7 52
24 33 4 3 9 52
24 34 4 6 18 52
24 36 4 3 10 52
24 38 4 2 23 52
24 39 4 5 9 52
24 40 4 5 6 52
24 45 4 1 3 52
24 49 4 2 6 52
24 50 4 5 4 52
24 52 4 1 9 52
24 53 4 2 9 52
24 61 4 1 19 52
24 62 4 6 25 52
24 63 4 4 2 52
24 64 4 5 11 52
24 67 4 4 16 52
24 68 4 2 19 52
24 69 4 4 4 52
24 70 4 6 1 52
24 71 4 6 2 52
24 72 4 5 3 52
24 74 4 2 25 52
24 76 4 6 15 52
24 77 4 3 2 52
24 82 4 4 1 52
24 84 4 6 10 52
24 85 4 5 20 52
24 87 4 6 9 52
24 88 4 5 19 52
24 92 4 5 1 52
24 94 4 3 24 52
24 95 4 5 25 52
24 98 4 2 16 52
24 99 4 1 10 52
25 3 6 3 16 387
25 5 6 1 17 387
25 6 6 6 20 387
25 7 6 4 7 387
25 8 6 4 6 387
25 11 6 4 7 387
25 12 6 6 6 387
25 18 6 5 11 387
25 19 6 2 19 387
25 20 6 1 20 387
25 22 6 4 21 387
25 28 6 4 8 387
25 29 6 2 15 387
25 31 6 3 24 387
25 37 6 6 11 387
25 38 6 2 21 387
25 39 6 5 24 387
25 40 6 5 5 387
25 45 6 1 7 387
25 48 6 2 25 387
25 51 6 1 1 387
25 58 6 3 6 387
25 59 6 2 8 387
25 61 6 1 19 387
25 62 6 6 4 387
25 63 6 4 10 387
25 64 6 5 16 387
25 65 6 5 12 387
25 68 6 2 8 387
25 70 6 6 24 387
25 72 6 5 7 387
25 73 6 5 12 387
25 83 6 3 7 387
25 90 6 1 23 387
25 91 6 4 11 387
25 94 6 3 20 387
25 96 6 4 9 387
25 98 6 2 7 387
26 1 6 2 11 391
26 3 6 3 14 391
26 4 6 3 10 391
26 5 6 1 18 391
26 6 6 6 11 391
26 9 6 3 21 391
26 10 6 3 25 391
26 11 6 4 19 391
26 13 6 6 11 391
26 17 6 1 3 391
26 18 6 5 14 391
26 20 6 1 7 391
26 21 6 4 22 391
26 22 6 4 22 391
26 28 6 4 20 391
26 31 6 3 1 391
26 34 6 6 10 391
26 37 6 6 9 391
26 39 6 5 15 391
26 40 6 5 11 391
26 42 6 4 12 391
26 44 6 6 2 391
26 46 6 2 12 391
26 49 6 2 19 391
26 50 6 5 4 391
26 55 6 6 1 391
26 56 6 4 9 391
26 57 6 5 22 391
26 59 6 2 1 391
26 60 6 5 9 391
26 65 6 5 7 391
26 67 6 4 19 391
26 68 6 2 17 391
26 69 6 4 1 391
26 70 6 6 12 391
26 71 6 6 6 391
26 72 6 5 15 391
26 73 6 5 17 391
26 77 6 3 1 391
26 79 6 1 1 391
26 82 6 4 13 391
26 84 6 6 19 391
26 87 6 6 20 391
26 88 6 5 3 391
26 89 6 6 13 391
26 92 6 5 23 391
26 94 6 3 23 391
26 95 6 5 20 391
26 97 6 1 14 391
26 98 6 2 1 391
27 0 4 4 1 936
27 1 4 2 16 936
27 5 4 1 13 936
27 7 4 4 8 936
27 8 4 4 3 936
27 10 4 3 15 936
27 11 4 4 8 936
27 12 4 6 14 936
27 16 4 2 20 936
27 17 4 1 12 936
27 33 4 3 7 936
27 34 4 6 11 936
27 37 4 6 12 936
27 39 4 5 21 936
27 41 4 1 18 936
27 42 4 4 24 936
27 43 4 6 1 936
27 44 4 6 1 936
27 46 4 2 20 936
27 48 4 2 20 936
27 57 4 5 13 936
27 60 4 5 1 936
27 61 4 1 23 936
27 62 4 6 18 936
27 63 4 4 5 936
27 64 4 5 25 936
27 69 4 4 8 936
27 70 4 6 6 936
27 71 4 6 15 936
27 73 4 5 25 936
27 74 4 2 3 936
27 75 4 6 17 936
27 76 4 6 17 936
27 79 4 1 16 936
27 82 4 4 14 936
27 84 4 6 18 936
27 86 4 1 3 936
27 87 4 6 24 936
27 88 4 5 18 936
27 89 4 6 25 936
27 92 4 5 12 936
27 95 4 5 2 936
27 96 4 4 12 936
27 97 4 1 6 936
27 99 4 1 4 936
28 2 4 5 14 602
28 4 4 3 5 602
28 5 4 1 23 602
28 6 4 6 16 602
28 7 4 4 20 602
28 9 4 3 21 602
28 15 4 6 11 602
28 20 4 1 10 602
28 22 4 4 12 602
28 25 4 6 8 602
28 26 4 6 20 602
28 30 4 3 5 602
28 32 4 6 12 602
28 34 4 6 22 602
28 35 4 4 24 602
28 36 4 3 2 602
28 37 4 6 11 602
28 41 4 1 11 602
28 43 4 6 19 602
28 44 4 6 24 602
28 46 4 2 21 602
28 48 4 2 22 602
28 49 4 2 22 602
28 50 4 5 17 602
28 54 4 4 1 602
28 56 4 4 23 602
28 57 4 5 4 602
28 58 4 3 17 602
28 60 4 5 19 602
28 62 4 6 18 602
28 63 4 4 7 602
28 64 4 5 15 602
28 67 4 4 25 602
28 68 4 2 1 602
28 72 4 5 22 602
28 75 4 6 14 602
28 76 4 6 16 602
28 77 4 3 5 602
28 80 4 1 23 602
28 83 4 3 7 602
28 85 4 5 13 602
28 86 4 1 6 602
28 93 4 6 24 602
28 94 4 3 7 602
28 95 4 5 8 602
28 97 4 1 3 602
29 4 2 3 7 897
29 5 2 1 1 897
29 6 2 6 13 897
29 12 2 6 17 897
29 13 2 6 23 897
29 15 2 6 14 897
29 19 2 2 16 897
29 20 2 1 17 897
29 21 2 4 19 897
29 25 2 6 15 897
29 31 2 3 10 897
29 33 2 3 17 897
29 35 2 4 18 897
29 36 2 3 8 897
29 38 2 2 12 897
29 39 2 5 1 897
29 40 2 5 15 897
29 42 2 4 24 897
29 44 2 6 7 897
29 46 2 2 10 897
29 47 2 1 21 897
29 49 2 2 19 897
29 51 2 1 2 897
29 52 2 1 18 897
29 55 2 6 3 897
29 58 2 3 22 897
29 59 2 2 1 897
29 63 2 4 24 897
29 66 2 2 16 897
29 67 2 4 10 897
29 70 2 6 19 897
29 71 2 6 13 897
29 72 2 5 10 897
29 75 2 6 23 897
29 76 2 6 19 897
29 77 2 3 17 897
29 78 2 4 19 897
29 81 2 4 16 897
29 82 2 4 8 897
29 86 2 1 22 897
29 88 2 5 16 897
29 90 2 1 2 897
29 91 2 4 11 897
29 92 2 5 5 897
29 94 2 3 24 897
30 0 3 4 15 853
30 2 3 5 10 853
30 3 3 3 16 853
30 4 3 3 9 853
30 5 3 1 7 853
30 7 3 4 21 853
30 11 3 4 23 853
30 12 3 6 13 853
30 13 3 6 14 853
30 14 3 5 3 853
30 15 3 6 22 853
30 16 3 2 12 853
30 18 3 5 12 853
30 21 3 4 24 853
30 22 3 4 25 853
30 28 3 4 5 853
30 32 3 6 7 853
30 33 3 3 20 853
30 34 3 6 14 853
30 35 3 4 16 853
30 36 3 3 3 853
30 40 3 5 13 853
30 43 3 6 17 853
30 44 3 6 2 853
30 46 3 2 22 853
30 50 3 5 14 853
30 52 3 1 13 853
30 54 3 4 20 853
30 57 3 5 14 853
30 58 3 3 12 853
30 61 3 1 22 853
30 64 3 5 16 853
30 67 3 4 8 853
30 69 3 4 4 853
30 70 3 6 15 853
30 72 3 5 10 853
30 76 3 6 13 853
30 77 3 3 25 853
30 79 3 1 21 853
30 82 3 4 16 853
30 84 3 6 13 853
30 85 3 5 15 853
30 86 3 1 22 853
30 88 3 5 6 853
30 89 3 6 24 853
30 91 3 4 3 853
30 92 3 5 6 853
30 94 3 3 8 853
30 96 3 4 19 853
30 97 3 1 21 853
31 0 3 4 11 860
31 1 3 2 3 860
31 3 3 3 6 860
31 4 3 3 10 860
31 6 3 6 12 860
31 7 3 4 3 860
31 10 3 3 17 860
31 12 3 6 5 860
31 15 3 6 3 860
31 16 3 2 9 860
31 20 3 1 8 860
31 24 3 4 7 860
31 25 3 6 24 860
31 26 3 6 1 860
31 29 3 2 10 860
31 33 3 3 5 860
31 34 3 6 9 860
31 35 3 4 8 860
31 36 3 3 4 860
31 41 3 1 3 860
31 43 3 6 3 860
31 45 3 1 25 860
31 46 3 2 3 860
31 47 3 1 18 860
31 48 3 2 9 860
31 49 3 2 15 860
31 51 3 1 9 860
31 52 3 1 13 860
31 53 3 2 2 860
31 54 3 4 16 860
31 55 3 6 4 860
31 57 3 5 15 860
31 58 3 3 15 860
31 60 3 5 18 860
31 61 3 1 7 860
31 62 3 6 5 860
31 65 3 5 21 860
31 66 3 2 25 860
31 67 3 4 20 860
31 68 3 2 18 860
31 69 3 4 17 860
31 70 3 6 3 860
31 73 3 5 20 860
31 74 3 2 15 860
31 77 3 3 19 860
31 79 3 1 22 860
31 86 3 1 15 860
31 87 3 6 20 860
31 89 3 6 15 860
31 92 3 5 8 860
31 93 3 6 19 860
31 95 3 5 15 860
31 97 3 1 7 860
32 6 6 6 13 675
32 8 6 4 19 675
32 12 6 6 6 675
32 15 6 6 4 675
32 16 6 2 1 675
32 18 6 5 22 675
32 22 6 4 12 675
32 23 6 5 22 675
32 28 6 4 12 675
32 30 6 3 7 675
32 33 6 3 13 675
32 34 6 6 8 675
32 35 6 4 4 675
32 40 6 5 21 675
32 43 6 6 1 675
32 44 6 6 24 675
32 45 6 1 1 675
32 47 6 1 15 675
32 49 6 2 16 675
32 50 6 5 22 675
32 51 6 1 17 675
32 52 6 1 16 675
32 54 6 4 1 675
32 61 6 1 19 675
32 62 6 6 17 675
32 63 6 4 3 675
32 65 6 5 20 675
32 67 6 4 16 675
32 68 6 2 7 675
32 69 6 4 3 675
32 71 6 6 3 675
32 72 6 5 14 675
32 73 6 5 2 675
32 74 6 2 14 675
32 76 6 6 15 675
32 84 6 6 23 675
32 86 6 1 2 675
32 87 6 6 3 675
32 89 6 6 10 675
32 90 6 1 4 675
32 96 6 4 17 675
32 97 6 1 11 675
32 98 6 2 1 675
32 99 6 1 19 675
33 0 3 4 22 946
33 1 3 2 25 946
33 2 3 5 11 946
33 4 3 3 20 946
33 6 3 6 6 946
33 7 3 4 24 946
33 8 3 4 14 946
33 10 3 3 10 946
33 11 3 4 20 946
33 14 3 5 16 946
33 17 3 1 23 946
33 20 3 1 20 946
33 23 3 5 23 946
33 24 3 4 9 946
33 27 3 4 7 946
33 29 3 2 17 946
33 30 3 3 20 946
33 31 3 3 5 946
33 32 3 6 13 946
33 34 3 6 12 946
33 37 3 6 19 946
33 38 3 2 1 946
33 39 3 5 7 946
33 44 3 6 15 946
33 45 3 1 21 946
33 47 3 1 21 946
33 48 3 2 11 946
33 50 3 5 20 946
33 51 3 1 6 946
33 53 3 2 15 946
33 54 3 4 7 946
33 55 3 6 19 946
33 56 3 4 8 946
33 57 3 5 7 946
33 60 3 5 14 946
33 62 3 6 6 946
33 66 3 2 7 946
33 69 3 4 19 946
33 71 3 6 9 946
33 73 3 5 7 946
33 76 3 6 25 946
33 79 3 1 15 946
33 81 3 4 17 946
33 82 3 4 15 946
33 85 3 5 8 946
33 86 3 1 13 946
33 87 3 6 11 946
33 90 3 1 5 946
33 91 3 4 10 946
33 96 3 4 17 946
33 98 3 2 7 946
33 99 3 1 17 946
34 0 6 4 20 84
34 1 6 2 16 84
34 3 6 3 8 84
34 4 6 3 23 84
34 5 6 1 12 84
34 6 6 6 3 84
34 7 6 4 25 84
34 8 6 4 13 84
34 10 6 3 17 84
34 13 6 6 14 84
34 14 6 5 21 84
34 16 6 2 10 84
34 18 6 5 18 84
34 19 6 2 19 84
34 20 6 1 23 84
34 21 6 4 8 84
34 22 6 4 22 84
34 24 6 4 18 84
34 26 6 6 10 84
34 27 6 4 11 84
34 28 6 4 22 84
34 30 6 3 14 84
34 31 6 3 9 84
34 32 6 6 8 84
34 33 6 3 12 84
34 35 6 4 9 84
34 36 6 3 1 84
34 38 6 2 20 84
34 41 6 1 16 84
34 42 6 4 16 84
34 43 6 6 15 84
34 45 6 1 24 84
34 50 6 5 8 84
34 51 6 1 21 84
34 53 6 2 7 84
34 55 6 6 20 84
34 57 6 5 13 84
34 59 6 2 18 84
34 60 6 5 18 84
34 62 6 6 18 84
34 63 6 4 7 84
34 65 6 5 19 84
34 66 6 2 14 84
34 73 6 5 2 84
34 77 6 3 14 84
34 79 6 1 4 84
34 80 6 1 9 84
34 83 6 3 14 84
34 85 6 5 11 84
34 86 6 1 13 84
34 87 6 6 20 84
34 88 6 5 20 84
34 90 6 1 9 84
34 93 6 6 8 84
34 94 6 3 21 84
34 95 6 5 15 84
34 98 6 2 15 84
34 99 6 1 12 84
35 0 4 4 8 412
35 1 4 2 7 412
35 5 4 1 13 412
35 7 4 4 7 412
35 8 4 4 5 412
35 10 4 3 15 412
35 12 4 6 6 412
35 13 4 6 17 412
35 15 4 6 19 412
35 16 4 2 21 412
35 17 4 1 21 412
35 18 4 5 25 412
35 19 4 2 25 412
35 22 4 4 16 412
35 23 4 5 18 412
35 28 4 4 24 412
35 29 4 2 18 412
35 30 4 3 16 412
35 31 4 3 8 412
35 32 4 6 4 412
35 34 4 6 9 412
35 36 4 3 8 412
35 38 4 2 19 412
35 41 4 1 9 412
35 45 4 1 9 412
35 47 4 1 21 412
35 49 4 2 19 412
35 50 4 5 8 412
35 51 4 1 22 412
35 53 4 2 20 412
35 54 4 4 1 412
35 56 4 4 5 412
35 58 4 3 9 412
35 59 4 2 14 412
35 61 4 1 8 412
35 63 4 4 25 412
35 64 4 5 3 412
35 65 4 5 11 412
35 69 4 4 21 412
35 72 4 5 11 412
35 73 4 5 6 412
35 75 4 6 25 412
35 77 4 3 12 412
35 78 4 4 7 412
35 80 4 1 5 412
35 81 4 4 23 412
35 84 4 6 8 412
35 86 4 1 4 412
35 89 4 6 19 412
35 90 4 1 15 412
35 93 4 6 12 412
35 94 4 3 3 412
35 95 4 5 10 412
35 96 4 4 23 412
35 97 4 1 22 412
35 98 4 2 5 412
35 99 4 1 14 412
36 0 3 4 11 871
36 4 3 3 17 871
36 6 3 6 23 871
36 7 3 4 6 871
36 8 3 4 6 871
36 10 3 3 23 871
36 11 3 4 18 871
36 12 3 6 11 871
36 14 3 5 19 871
36 16 3 2 20 871
36 19 3 2 21 871
36 21 3 4 22 871
36 22 3 4 24 871
36 23 3 5 19 871
36 24 3 4 10 871
36 28 3 4 2 871
36 29 3 2 8 871
36 30 3 3 3 871
36 31 3 3 4 871
36 34 3 6 1 871
36 35 3 4 8 871
36 37 3 6 5 871
36 38 3 2 6 871
36 40 3 5 15 871
36 42 3 4 21 871
36 48 3 2 5 871
36 49 3 2 20 871
36 52 3 1 13 871
36 53 3 2 8 871
36 56 3 4 17 871
36 58 3 3 11 871
36 59 3 2 15 871
36 60 3 5 21 871
36 62 3 6 16 871
36 63 3 4 25 871
36 64 3 5 7 871
36 66 3 2 12 871
36 68 3 2 19 871
36 70 3 6 3 871
36 71 3 6 25 871
36 72 3 5 2 871
36 73 3 5 16 871
36 76 3 6 13 871
36 78 3 4 5 871
36 80 3 1 20 871
36 81 3 4 22 871
36 83 3 3 24 871
36 84 3 6 2 871
36 86 3 1 5 871
36 89 3 6 6 871
36 92 3 5 18 871
36 94 3 3 21 871
36 97 3 1 3 871
36 98 3 2 8 871
37 1 6 2 21 890
37 3 6 3 23 890
37 4 6 3 13 890
37 8 6 4 2 890
37 9 6 3 4 890
37 10 6 3 2 890
37 12 6 6 5 890
37 14 6 5 2 890
37 16 6 2 5 890
37 18 6 5 23 890
37 21 6 4 20 890
37 25 6 6 11 890
37 26 6 6 9 890
37 27 6 4 12 890
37 28 6 4 11 890
37 33 6 3 19 890
37 36 6 3 5 890
37 38 6 2 22 890
37 39 6 5 23 890
37 40 6 5 24 890
37 42 6 4 22 890
37 43 6 6 2 890
37 44 6 6 1 890
37 45 6 1 4 890
37 46 6 2 19 890
37 47 6 1 25 890
37 48 6 2 11 890
37 49 6 2 20 890
37 50 6 5 12 890
37 51 6 1 22 890
37 52 6 1 10 890
37 54 6 4 15 890
37 56 6 4 22 890
37 58 6 3 25 890
37 59 6 2 4 890
37 60 6 5 5 890
37 62 6 6 22 890
37 68 6 2 15 890
37 69 6 4 20 890
37 70 6 6 10 890
37 71 6 6 5 890
37 73 6 5 4 890
37 76 6 6 3 890
37 79 6 1 20 890
37 80 6 1 8 890
37 84 6 6 24 890
37 87 6 6 2 890
37 88 6 5 23 890
37 90 6 1 9 890
37 91 6 4 23 890
37 92 6 5 1 890
37 93 6 6 21 890
37 94 6 3 14 890
37 96 6 4 13 890
37 99 6 1 21 890
38 0 2 4 24 317
38 5 2 1 14 317
38 7 2 4 5 317
38 8 2 4 15 317
38 11 2 4 8 317
38 13 2 6 4 317
38 15 2 6 13 317
38 17 2 1 22 317
38 19 2 2 5 317
38 23 2 5 23 317
38 24 2 4 23 317
38 25 2 6 21 317
38 29 2 2 12 317
38 33 2 3 1 317
38 34 2 6 20 317
38 35 2 4 19 317
38 36 2 3 6 317
38 37 2 6 22 317
38 39 2 5 13 317
38 40 2 5 19 317
38 41 2 1 5 317
38 45 2 1 17 317
38 46 2 2 16 317
38 47 2 1 18 317
38 49 2 2 19 317
38 52 2 1 18 317
38 53 2 2 11 317
38 54 2 4 16 317
38 55 2 6 16 317
38 56 2 4 4 317
38 57 2 5 18 317
38 58 2 3 14 317
38 59 2 2 13 317
38 61 2 1 17 317
38 63 2 4 4 317
38 64 2 5 5 317
38 66 2 2 4 317
38 67 2 4 13 317
38 68 2 2 24 317
38 69 2 4 3 317
38 70 2 6 8 317
38 72 2 5 13 317
38 75 2 6 5 317
38 76 2 6 20 317
38 77 2 3 17 317
38 78 2 4 16 317
38 80 2 1 6 317
38 83 2 3 14 317
38 84 2 6 1 317
38 87 2 6 16 317
38 91 2 4 4 317
38 92 2 5 5 317
38 93 2 6 19 317
38 95 2 5 22 317
38 97 2 1 1 317
38 98 2 2 16 317
38 99 2 1 1 317
39 0 5 4 18 191
39 2 5 5 10 191
39 4 5 3 8 191
39 5 5 1 19 191
39 6 5 6 11 191
39 8 5 4 2 191
39 9 5 3 4 191
39 10 5 3 13 191
39 12 5 6 9 191
39 16 5 2 18 191
39 17 5 1 14 191
39 19 5 2 16 191
39 23 5 5 24 191
39 24 5 4 9 191
39 25 5 6 24 191
39 26 5 6 15 191
39 27 5 4 21 191
39 29 5 2 1 191
39 33 5 3 7 191
39 37 5 6 23 191
39 38 5 2 13 191
39 42 5 4 1 191
39 44 5 6 2 191
39 48 5 2 17 191
39 50 5 5 22 191
39 52 5 1 25 191
39 53 5 2 2 191
39 54 5 4 11 191
39 55 5 6 24 191
39 58 5 3 21 191
39 61 5 1 18 191
39 62 5 6 5 191
39 64 5 5 25 191
39 65 5 5 11 191
39 66 5 2 6 191
39 67 5 4 16 191
39 69 5 4 17 191
39 74 5 2 24 191
39 75 5 6 18 191
39 76 5 6 21 191
39 77 5 3 9 191
39 80 5 1 12 191
39 82 5 4 25 191
39 83 5 3 6 191
39 84 5 6 12 191
39 86 5 1 8 191
39 89 5 6 15 191
39 91 5 4 21 191
39 92 5 5 7 191
39 93 5 6 16 191
39 95 5 5 18 191
39 97 5 1 4 191
40 0 5 4 14 348
40 1 5 2 21 348
40 2 5 5 16 348
40 4 5 3 3 348
40 5 5 1 13 348
40 7 5 4 10 348
40 10 5 3 13 348
40 13 5 6 22 348
40 17 5 1 19 348
40 18 5 5 17 348
40 19 5 2 7 348
40 21 5 4 6 348
40 24 5 4 6 348
40 25 5 6 5 348
40 26 5 6 11 348
40 29 5 2 15 348
40 30 5 3 13 348
40 32 5 6 21 348
40 36 5 3 15 348
40 37 5 6 24 348
40 38 5 2 19 348
40 41 5 1 22 348
40 42 5 4 21 348
40 45 5 1 12 348
40 46 5 2 13 348
40 49 5 2 5 348
40 50 5 5 6 348
40 53 5 2 11 348
40 55 5 6 18 348
40 63 5 4 19 348
40 66 5 2 17 348
40 67 5 4 11 348
40 68 5 2 23 348
40 69 5 4 14 348
40 70 5 6 1 348
40 71 5 6 23 348
40 72 5 5 2 348
40 73 5 5 8 348
40 75 5 6 19 348
40 76 5 6 17 348
40 77 5 3 14 348
40 80 5 1 11 348
40 81 5 4 22 348
40 82 5 4 12 348
40 83 5 3 7 348
40 85 5 5 20 348
40 86 5 1 17 348
40 87 5 6 22 348
40 92 5 5 16 348
40 94 5 3 21 348
40 95 5 5 25 348
40 97 5 1 11 348
40 98 5 2 15 348
40 99 5 1 14 348
41 3 1 3 20 847
41 4 1 3 22 847
41 6 1 6 17 847
41 8 1 4 9 847
41 9 1 3 23 847
41 10 1 3 19 847
41 11 1 4 4 847
41 13 1 6 22 847
41 14 1 5 3 847
41 17 1 1 9 847
41 21 1 4 2 847
41 27 1 4 18 847
41 28 1 4 11 847
41 31 1 3 3 847
41 34 1 6 16 847
41 35 1 4 9 847
41 38 1 2 5 847
41 40 1 5 22 847
41 45 1 1 3 847
41 46 1 2 16 847
41 52 1 1 8 847
41 55 1 6 12 847
41 56 1 4 2 847
41 58 1 3 6 847
41 61 1 1 5 847
41 63 1 4 1 847
41 65 1 5 7 847
41 69 1 4 20 847
41 70 1 6 4 847
41 71 1 6 15 847
41 72 1 5 23 847
41 74 1 2 8 847
41 81 1 4 25 847
41 82 1 4 8 847
41 83 1 3 1 847
41 84 1 6 6 847
41 85 1 5 5 847
41 87 1 6 17 847
41 88 1 5 3 847
41 89 1 6 13 847
41 91 1 4 20 847
41 92 1 5 8 847
41 97 1 1 19 847
41 98 1 2 13 847
42 0 4 4 25 202
42 1 4 2 23 202
42 3 4 3 12 202
42 7 4 4 10 202
42 8 4 4 13 202
42 13 4 6 11 202
42 17 4 1 7 202
42 19 4 2 15 202
42 20 4 1 23 202
42 26 4 6 12 202
42 27 4 4 24 202
42 29 4 2 24 202
42 34 4 6 16 202
42 36 4 3 21 202
42 37 4 6 22 202
42 39 4 5 1 202
42 40 4 5 21 202
42 43 4 6 4 202
42 45 4 1 17 202
42 48 4 2 2 202
42 50 4 5 21 202
42 51 4 1 9 202
42 53 4 2 14 202
42 61 4 1 22 202
42 62 4 6 8 202
42 63 4 4 7 202
42 64 4 5 1 202
42 65 4 5 16 202
42 66 4 2 20 202
42 71 4 6 6 202
42 73 4 5 5 202
42 74 4 2 10 202
42 75 4 6 3 202
42 77 4 3 23 202
42 78 4 4 17 202
42 80 4 1 24 202
42 83 4 3 23 202
42 84 4 6 21 202
42 86 4 1 16 202
42 87 4 6 2 202
42 89 4 6 11 202
42 91 4 4 4 202
42 94 4 3 24 202
42 98 4 2 12 202
42 99 4 1 4 202
43 1 6 2 4 287
43 3 6 3 1 287
43 4 6 3 4 287
43 5 6 1 10 287
43 6 6 6 7 287
43 9 6 3 15 287
43 10 6 3 20 287
43 13 6 6 5 287
43 14 6 5 22 287
43 15 6 6 17 287
43 16 6 2 11 287
43 19 6 2 21 287
43 21 6 4 7 287
43 23 6 5 21 287
43 27 6 4 1 287
43 28 6 4 19 287
43 30 6 3 17 287
43 31 6 3 3 287
43 32 6 6 1 287
43 34 6 6 15 287
43 37 6 6 2 287
43 42 6 4 4 287
43 46 6 2 1 287
43 47 6 1 4 287
43 48 6 2 23 287
43 49 6 2 12 287
43 50 6 5 22 287
43 54 6 4 13 287
43 55 6 6 3 287
43 58 6 3 1 287
43 61 6 1 22 287
43 62 6 6 25 287
43 65 6 5 11 287
43 66 6 2 24 287
43 67 6 4 20 287
43 71 6 6 18 287
43 72 6 5 21 287
43 73 6 5 15 287
43 76 6 6 2 287
43 77 6 3 8 287
43 78 6 4 2 287
43 80 6 1 11 287
43 81 6 4 14 287
43 83 6 3 20 287
43 87 6 6 10 287
43 88 6 5 1 287
43 89 6 6 17 287
43 90 6 1 1 287
43 91 6 4 19 287
43 93 6 6 10 287
43 95 6 5 15 287
43 97 6 1 24 287
43 99 6 1 19 287
44 0 6 4 19 412
44 2 6 5 11 412
44 4 6 3 6 412
44 6 6 6 20 412
44 7 6 4 23 412
44 8 6 4 22 412
44 9 6 3 5 412
44 10 6 3 18 412
44 11 6 4 11 412
44 13 6 6 9 412
44 17 6 1 24 412
44 23 6 5 22 412
44 26 6 6 2 412
44 27 6 4 1 412
44 28 6 4 24 412
44 29 6 2 7 412
44 30 6 3 2 412
44 32 6 6 24 412
44 33 6 3 15 412
44 37 6 6 1 412
44 39 6 5 2 412
44 45 6 1 3 412
44 49 6 2 17 412
44 50 6 5 10 412
44 53 6 2 4 412
44 55 6 6 20 412
44 59 6 2 16 412
44 60 6 5 10 412
44 61 6 1 1 412
44 62 6 6 14 412
44 64 6 5 17 412
44 65 6 5 12 412
44 66 6 2 11 412
44 69 6 4 14 412
44 70 6 6 8 412
44 71 6 6 2 412
44 80 6 1 22 412
44 82 6 4 2 412
44 83 6 3 2 412
44 85 6 5 4 412
44 87 6 6 12 412
44 88 6 5 21 412
44 89 6 6 2 412
44 91 6 4 5 412
44 92 6 5 4 412
44 99 6 1 16 412
45 3 1 3 11 886
45 5 1 1 18 886
45 6 1 6 23 886
45 7 1 4 4 886
45 8 1 4 9 886
45 9 1 3 14 886
45 10 1 3 25 886
45 11 1 4 19 886
45 17 1 1 25 886
45 18 1 5 24 886
45 23 1 5 14 886
45 24 1 4 3 886
45 25 1 6 7 886
45 31 1 3 25 886
45 32 1 6 1 886
45 33 1 3 21 886
45 34 1 6 24 886
45 35 1 4 9 886
45 37 1 6 4 886
45 38 1 2 17 886
45 40 1 5 12 886
45 41 1 1 3 886
45 42 1 4 17 886
45 44 1 6 3 886
45 49 1 2 17 886
45 50 1 5 6 886
45 51 1 1 15 886
45 52 1 1 9 886
45 55 1 6 4 886
45 56 1 4 3 886
45 59 1 2 13 886
45 60 1 5 18 886
45 64 1 5 3 886
45 66 1 2 3 886
45 67 1 4 13 886
45 68 1 2 4 886
45 69 1 4 4 886
45 72 1 5 1 886
45 73 1 5 21 886
45 75 1 6 5 886
45 81 1 4 18 886
45 84 1 6 8 886
45 85 1 5 15 886
45 87 1 6 22 886
45 89 1 6 22 886
45 91 1 4 19 886
45 92 1 5 21 886
45 94 1 3 1 886
45 95 1 5 20 886
45 98 1 2 6 886
46 1 2 2 21 265
46 2 2 5 22 265
46 3 2 3 25 265
46 5 2 1 16 265
46 9 2 3 4 265
46 10 2 3 7 265
46 11 2 4 5 265
46 12 2 6 24 265
46 14 2 5 13 265
46 18 2 5 4 265
46 21 2 4 4 265
46 26 2 6 12 265
46 27 2 4 20 265
46 28 2 4 21 265
46 29 2 2 10 265
46 30 2 3 22 265
46 31 2 3 3 265
46 37 2 6 19 265
46 38 2 2 16 265
46 40 2 5 13 265
46 41 2 1 16 265
46 43 2 6 1 265
46 48 2 2 7 265
46 50 2 5 17 265
46 57 2 5 18 265
46 58 2 3 25 265
46 62 2 6 19 265
46 64 2 5 13 265
46 67 2 4 1 265
46 69 2 4 3 265
46 72 2 5 24 265
46 76 2 6 10 265
46 77 2 3 18 265
46 81 2 4 25 265
46 83 2 3 5 265
46 84 2 6 8 265
46 86 2 1 21 265
46 87 2 6 19 265
46 88 2 5 14 265
46 93 2 6 7 265
46 95 2 5 23 265
46 97 2 1 4 265
46 99 2 1 9 265
47 4 1 3 15 105
47 5 1 1 20 105
47 6 1 6 4 105
47 7 1 4 12 105
47 10 1 3 8 105
47 11 1 4 8 105
47 13 1 6 9 105
47 14 1 5 18 105
47 16 1 2 16 105
47 19 1 2 11 105
47 20 1 1 4 105
47 21 1 4 2 105
47 22 1 4 16 105
47 23 1 5 18 105
47 29 1 2 21 105
47 31 1 3 18 105
47 32 1 6 15 105
47 33 1 3 21 105
47 35 1 4 21 105
47 37 1 6 25 105
47 38 1 2 18 105
47 43 1 6 4 105
47 50 1 5 7 105
47 51 1 1 23 105
47 52 1 1 10 105
47 53 1 2 17 105
47 54 1 4 4 105
47 55 1 6 17 105
47 58 1 3 24 105
47 59 1 2 20 105
47 60 1 5 1 105
47 61 1 1 23 105
47 62 1 6 4 105
47 65 1 5 10 105
47 66 1 2 10 105
47 68 1 2 16 105
47 73 1 5 20 105
47 76 1 6 4 105
47 77 1 3 3 105
47 78 1 4 19 105
47 79 1 1 19 105
47 80 1 1 12 105
47 84 1 6 23 105
47 85 1 5 25 105
47 86 1 1 12 105
47 89 1 6 24 105
47 90 1 1 15 105
47 91 1 4 7 105
47 93 1 6 3 105
47 95 1 5 16 105
47 96 1 4 11 105
47 97 1 1 4 105
47 99 1 1 4 105
48 1 2 2 22 119
48 3 2 3 24 119
48 4 2 3 23 119
48 6 2 6 17 119
48 8 2 4 5 119
48 9 2 3 2 119
48 10 2 3 13 119
48 12 2 6 20 119
48 13 2 6 5 119
48 14 2 5 18 119
48 16 2 2 3 119
48 18 2 5 25 119
48 19 2 2 19 119
48 21 2 4 3 119
48 25 2 6 25 119
48 27 2 4 20 119
48 28 2 4 22 119
48 31 2 3 9 119
48 33 2 3 11 119
48 36 2 3 5 119
48 37 2 6 11 119
48 39 2 5 17 119
48 42 2 4 2 119
48 43 2 6 23 119
48 46 2 2 7 119
48 49 2 2 4 119
48 50 2 5 3 119
48 51 2 1 14 119
48 53 2 2 24 119
48 54 2 4 4 119
48 56 2 4 3 119
48 57 2 5 5 119
48 58 2 3 11 119
48 60 2 5 2 119
48 61 2 1 8 119
48 63 2 4 20 119
48 64 2 5 18 119
48 65 2 5 12 119
48 66 2 2 3 119
48 69 2 4 11 119
48 72 2 5 16 119
48 75 2 6 19 119
48 77 2 3 18 119
48 78 2 4 2 119
48 79 2 1 6 119
48 81 2 4 3 119
48 82 2 4 8 119
48 84 2 6 16 119
48 85 2 5 4 119
48 87 2 6 12 119
48 89 2 6 17 119
48 90 2 1 18 119
48 91 2 4 19 119
48 92 2 5 5 119
48 94 2 3 11 119
48 95 2 5 4 119
48 96 2 4 13 119
48 99 2 1 19 119
49 0 2 4 16 181
49 6 2 6 25 181
49 7 2 4 5 181
49 11 2 4 16 181
49 12 2 6 14 181
49 14 2 5 15 181
49 16 2 2 25 181
49 19 2 2 2 181
49 21 2 4 8 181
49 22 2 4 15 181
49 23 2 5 19 181
49 24 2 4 6 181
49 26 2 6 19 181
49 28 2 4 22 181
49 29 2 2 19 181
49 31 2 3 15 181
49 32 2 6 16 181
49 35 2 4 19 181
49 36 2 3 20 181
49 37 2 6 20 181
49 38 2 2 19 181
49 40 2 5 5 181
49 43 2 6 12 181
49 44 2 6 17 181
49 45 2 1 17 181
49 48 2 2 4 181
49 50 2 5 2 181
49 51 2 1 2 181
49 52 2 1 7 181
49 54 2 4 17 181
49 56 2 4 2 181
49 57 2 5 6 181
49 59 2 2 18 181
49 64 2 5 19 181
49 65 2 5 14 181
49 67 2 4 3 181
49 68 2 2 7 181
49 69 2 4 11 181
49 70 2 6 7 181
49 71 2 6 6 181
49 72 2 5 25 181
49 73 2 5 18 181
49 75 2 6 17 181
49 76 2 6 13 181
49 77 2 3 20 181
49 79 2 1 24 181
49 80 2 1 24 181
49 83 2 3 2 181
49 85 2 5 23 181
49 87 2 6 23 181
49 89 2 6 21 181
49 90 2 1 2 181
49 92 2 5 14 181
49 96 2 4 7 181
49 99 2 1 23 181
50 0 5 4 6 958
50 2 5 5 2 958
50 5 5 1 25 958
50 6 5 6 22 958
50 7 5 4 7 958
50 9 5 3 14 958
50 10 5 3 16 958
50 11 5 4 24 958
50 12 5 6 20 958
50 13 5 6 5 958
50 14 5 5 2 958
50 16 5 2 20 958
50 20 5 1 12 958
50 22 5 4 9 958
50 23 5 5 16 958
50 24 5 4 4 958
50 26 5 6 4 958
50 28 5 4 17 958
50 30 5 3 14 958
50 32 5 6 22 958
50 33 5 3 20 958
50 34 5 6 8 958
50 35 5 4 8 958
50 37 5 6 12 958
50 39 5 5 22 958
50 40 5 5 6 958
50 42 5 4 21 958
50 43 5 6 22 958
50 44 5 6 10 958
50 45 5 1 6 958
50 46 5 2 17 958
50 47 5 1 7 958
50 48 5 2 3 958
50 49 5 2 2 958
50 53 5 2 9 958
50 54 5 4 2 958
50 57 5 5 12 958
50 61 5 1 5 958
50 62 5 6 21 958
50 63 5 4 3 958
50 64 5 5 3 958
50 65 5 5 25 958
50 67 5 4 2 958
50 68 5 2 9 958
50 72 5 5 17 958
50 73 5 5 25 958
50 74 5 2 11 958
50 76 5 6 21 958
50 78 5 4 4 958
50 79 5 1 25 958
50 80 5 1 15 958
50 81 5 4 3 958
50 82 5 4 8 958
50 83 5 3 20 958
50 84 5 6 13 958
50 89 5 6 1 958
50 91 5 4 18 958
50 93 5 6 4 958
50 94 5 3 6 958
50 97 5 1 7 958
50 98 5 2 24 958
50 99 5 1 6 958
51 1 1 2 11 536
51 2 1 5 22 536
51 4 1 3 8 536
51 5 1 1 1 536
51 6 1 6 2 536
51 7 1 4 7 536
51 9 1 3 7 536
51 11 1 4 19 536
51 12 1 6 17 536
51 13 1 6 14 536
51 14 1 5 6 536
51 18 1 5 12 536
51 19 1 2 16 536
51 20 1 1 17 536
51 25 1 6 1 536
51 29 1 2 2 536
51 31 1 3 9 536
51 32 1 6 17 536
51 33 1 3 6 536
51 34 1 6 21 536
51 35 1 4 22 536
51 37 1 6 22 536
51 42 1 4 9 536
51 45 1 1 15 536
51 47 1 1 23 536
51 48 1 2 14 536
51 49 1 2 2 536
51 53 1 2 20 536
51 54 1 4 23 536
51 55 1 6 21 536
51 56 1 4 22 536
51 60 1 5 3 536
51 64 1 5 1 536
51 68 1 2 9 536
51 72 1 5 3 536
51 77 1 3 20 536
51 81 1 4 11 536
51 83 1 3 11 536
51 84 1 6 6 536
51 85 1 5 16 536
51 86 1 1 21 536
51 87 1 6 13 536
51 91 1 4 18 536
51 92 1 5 14 536
51 94 1 3 2 536
51 95 1 5 9 536
51 96 1 4 4 536
51 98 1 2 15 536
52 2 1 5 25 376
52 4 1 3 25 376
52 6 1 6 8 376
52 7 1 4 1 376
52 8 1 4 20 376
52 9 1 3 11 376
52 11 1 4 5 376
52 12 1 6 24 376
52 13 1 6 16 376
52 16 1 2 2 376
52 18 1 5 2 376
52 19 1 2 9 376
52 20 1 1 24 376
52 24 1 4 9 376
52 29 1 2 18 376
52 30 1 3 13 376
52 31 1 3 13 376
52 32 1 6 16 376
52 36 1 3 13 376
52 37 1 6 10 376
52 38 1 2 18 376
52 39 1 5 25 376
52 41 1 1 8 376
52 45 1 1 9 376
52 47 1 1 10 376
52 49 1 2 7 376
52 54 1 4 23 376
52 56 1 4 25 376
52 60 1 5 11 376
52 62 1 6 23 376
52 63 1 4 24 376
52 65 1 5 22 376
52 66 1 2 20 376
52 74 1 2 7 376
52 76 1 6 7 376
52 77 1 3 17 376
52 78 1 4 4 376
52 79 1 1 15 376
52 82 1 4 11 376
52 83 1 3 8 376
52 85 1 5 16 376
52 86 1 1 25 376
52 87 1 6 4 376
52 88 1 5 10 376
52 92 1 5 13 376
52 93 1 6 13 376
52 94 1 3 16 376
52 97 1 1 22 376
52 99 1 1 7 376
53 2 2 5 14 760
53 3 2 3 25 760
53 4 2 3 19 760
53 6 2 6 16 760
53 7 2 4 7 760
53 8 2 4 25 760
53 9 2 3 6 760
53 13 2 6 23 760
53 14 2 5 24 760
53 17 2 1 1 760
53 19 2 2 15 760
53 21 2 4 11 760
53 24 2 4 9 760
53 31 2 3 2 760
53 33 2 3 15 760
53 34 2 6 7 760
53 35 2 4 20 760
53 36 2 3 8 760
53 38 2 2 11 760
53 39 2 5 2 760
53 40 2 5 11 760
53 42 2 4 14 760
53 44 2 6 4 760
53 47 2 1 17 760
53 48 2 2 24 760
53 50 2 5 9 760
53 51 2 1 20 760
53 58 2 3 13 760
53 59 2 2 14 760
53 65 2 5 25 760
53 66 2 2 7 760
53 68 2 2 10 760
53 74 2 2 11 760
53 75 2 6 19 760
53 77 2 3 9 760
53 80 2 1 21 760
53 87 2 6 4 760
53 88 2 5 21 760
53 91 2 4 2 760
53 96 2 4 2 760
53 98 2 2 6 760
53 99 2 1 16 760
54 0 4 4 11 362
54 2 4 5 15 362
54 4 4 3 11 362
54 5 4 1 25 362
54 6 4 6 5 362
54 7 4 4 25 362
54 9 4 3 22 362
54 10 4 3 14 362
54 11 4 4 9 362
54 12 4 6 6 362
54 14 4 5 10 362
54 15 4 6 20 362
54 16 4 2 16 362
54 19 4 2 6 362
54 22 4 4 21 362
54 28 4 4 1 362
54 30 4 3 20 362
54 31 4 3 16 362
54 32 4 6 1 362
54 33 4 3 7 362
54 35 4 4 1 362
54 37 4 6 15 362
54 38 4 2 16 362
54 39 4 5 11 362
54 43 4 6 13 362
54 47 4 1 4 362
54 48 4 2 4 362
54 49 4 2 17 362
54 50 4 5 2 362
54 51 4 1 23 362
54 52 4 1 23 362
54 55 4 6 9 362
54 56 4 4 3 362
54 58 4 3 15 362
54 59 4 2 11 362
54 60 4 5 25 362
54 63 4 4 19 362
54 67 4 4 12 362
54 69 4 4 24 362
54 71 4 6 13 362
54 74 4 2 1 362
54 75 4 6 16 362
54 76 4 6 19 362
54 77 4 3 5 362
54 79 4 1 17 362
54 80 4 1 14 362
54 81 4 4 19 362
54 82 4 4 15 362
54 83 4 3 1 362
54 85 4 5 16 362
54 88 4 5 3 362
54 92 4 5 12 362
54 95 4 5 8 362
54 96 4 4 10 362
54 98 4 2 9 362
55 2 6 5 25 996
55 3 6 3 7 996
55 5 6 1 1 996
55 6 6 6 14 996
55 8 6 4 6 996
55 11 6 4 17 996
55 12 6 6 1 996
55 14 6 5 6 996
55 15 6 6 18 996
55 16 6 2 15 996
55 18 6 5 3 996
55 21 6 4 20 996
55 22 6 4 25 996
55 23 6 5 22 996
55 26 6 6 1 996
55 29 6 2 3 996
55 31 6 3 4 996
55 33 6 3 19 996
55 34 6 6 20 996
55 38 6 2 16 996
55 39 6 5 24 996
55 40 6 5 18 996
55 41 6 1 12 996
55 43 6 6 3 996
55 44 6 6 20 996
55 45 6 1 4 996
55 47 6 1 17 996
55 51 6 1 21 996
55 54 6 4 9 996
55 56 6 4 19 996
55 58 6 3 17 996
55 59 6 2 6 996
55 62 6 6 1 996
55 64 6 5 10 996
55 66 6 2 23 996
55 69 6 4 15 996
55 70 6 6 5 996
55 71 6 6 9 996
55 72 6 5 5 996
55 73 6 5 23 996
55 74 6 2 12 996
55 75 6 6 15 996
55 79 6 1 12 996
55 81 6 4 16 996
55 82 6 4 19 996
55 83 6 3 22 996
55 84 6 6 23 996
55 87 6 6 4 996
55 91 6 4 8 996
55 95 6 5 3 996
55 96 6 4 5 996
55 97 6 1 1 996
55 98 6 2 10 996
56 0 4 4 24 813
56 4 4 3 24 813
56 7 4 4 3 813
56 14 4 5 14 813
56 15 4 6 23 813
56 19 4 2 13 813
56 20 4 1 22 813
56 22 4 4 16 813
56 26 4 6 9 813
56 28 4 4 23 813
56 33 4 3 8 813
56 35 4 4 5 813
56 36 4 3 17 813
56 37 4 6 22 813
56 38 4 2 4 813
56 41 4 1 2 813
56 45 4 1 3 813
56 48 4 2 3 813
56 49 4 2 2 813
56 51 4 1 22 813
56 52 4 1 25 813
56 54 4 4 3 813
56 55 4 6 19 813
56 59 4 2 12 813
56 63 4 4 20 813
56 64 4 5 5 813
56 65 4 5 14 813
56 66 4 2 21 813
56 67 4 4 6 813
56 71 4 6 1 813
56 72 4 5 2 813
56 73 4 5 7 813
56 76 4 6 10 813
56 77 4 3 1 813
56 79 4 1 15 813
56 82 4 4 22 813
56 88 4 5 2 813
56 91 4 4 24 813
56 92 4 5 16 813
56 94 4 3 22 813
56 96 4 4 12 813
56 98 4 2 2 813
57 0 5 4 9 690
57 1 5 2 5 690
57 2 5 5 16 690
57 4 5 3 5 690
57 5 5 1 25 690
57 6 5 6 13 690
57 7 5 4 6 690
57 8 5 4 22 690
57 13 5 6 19 690
57 18 5 5 21 690
57 19 5 2 3 690
57 21 5 4 5 690
57 22 5 4 19 690
57 26 5 6 22 690
57 27 5 4 13 690
57 28 5 4 4 690
57 30 5 3 14 690
57 31 5 3 15 690
57 33 5 3 7 690
57 34 5 6 13 690
57 38 5 2 18 690
57 46 5 2 18 690
57 48 5 2 5 690
57 49 5 2 6 690
57 50 5 5 12 690
57 60 5 5 25 690
57 63 5 4 12 690
57 65 5 5 23 690
57 67 5 4 25 690
57 70 5 6 25 690
57 72 5 5 7 690
57 73 5 5 13 690
57 76 5 6 5 690
57 78 5 4 7 690
57 79 5 1 8 690
57 80 5 1 9 690
57 81 5 4 1 690
57 82 5 4 7 690
57 84 5 6 13 690
57 85 5 5 11 690
57 92 5 5 20 690
57 96 5 4 6 690
57 98 5 2 7 690
58 0 3 4 16 475
58 1 3 2 24 475
58 4 3 3 15 475
58 5 3 1 16 475
58 6 3 6 4 475
58 8 3 4 17 475
58 12 3 6 6 475
58 13 3 6 4 475
58 16 3 2 1 475
58 17 3 1 11 475
58 18 3 5 12 475
58 19 3 2 2 475
58 25 3 6 6 475
58 28 3 4 17 475
58 29 3 2 22 475
58 30 3 3 12 475
58 31 3 3 15 475
58 35 3 4 9 475
58 36 3 3 11 475
58 37 3 6 25 475
58 38 3 2 14 475
58 39 3 5 21 475
58 41 3 1 6 475
58 43 3 6 1 475
58 46 3 2 25 475
58 47 3 1 24 475
58 48 3 2 11 475
58 53 3 2 13 475
58 54 3 4 15 475
58 55 3 6 17 475
58 59 3 2 13 475
58 60 3 5 16 475
58 62 3 6 19 475
58 64 3 5 15 475
58 65 3 5 24 475
58 67 3 4 13 475
58 68 3 2 4 475
58 70 3 6 7 475
58 71 3 6 12 475
58 72 3 5 11 475
58 74 3 2 25 475
58 76 3 6 16 475
58 77 3 3 11 475
58 80 3 1 7 475
58 81 3 4 16 475
58 85 3 5 17 475
58 87 3 6 10 475
58 88 3 5 11 475
58 89 3 6 4 475
58 92 3 5 13 475
58 93 3 6 23 475
58 99 3 1 24 475
59 1 2 2 17 568
59 2 2 5 6 568
59 4 2 3 3 568
59 5 2 1 18 568
59 9 2 3 21 568
59 10 2 3 8 568
59 13 2 6 14 568
59 14 2 5 13 568
59 17 2 1 14 568
59 18 2 5 8 568
59 19 2 2 21 568
59 20 2 1 15 568
59 21 2 4 15 568
59 22 2 4 3 568
59 23 2 5 24 568
59 25 2 6 8 568
59 26 2 6 1 568
59 29 2 2 1 568
59 34 2 6 18 568
59 35 2 4 14 568
59 36 2 3 15 568
59 37 2 6 4 568
59 38 2 2 13 568
59 44 2 6 16 568
59 45 2 1 13 568
59 47 2 1 20 568
59 49 2 2 18 568
59 53 2 2 14 568
59 54 2 4 11 568
59 55 2 6 6 568
59 56 2 4 12 568
59 58 2 3 13 568
59 61 2 1 11 568
59 67 2 4 17 568
59 68 2 2 12 568
59 72 2 5 8 568
59 74 2 2 2 568
59 77 2 3 17 568
59 78 2 4 23 568
59 81 2 4 24 568
59 82 2 4 13 568
59 87 2 6 25 568
59 88 2 5 23 568
59 90 2 1 22 568
59 94 2 3 20 568
59 97 2 1 12 568
60 6 5 6 22 786
60 7 5 4 2 786
60 10 5 3 18 786
60 11 5 4 11 786
60 15 5 6 18 786
60 19 5 2 1 786
60 23 5 5 3 786
60 26 5 6 9 786
60 27 5 4 1 786
60 28 5 4 19 786
60 31 5 3 18 786
60 33 5 3 14 786
60 34 5 6 18 786
60 36 5 3 21 786
60 37 5 6 5 786
60 44 5 6 10 786
60 45 5 1 18 786
60 47 5 1 1 786
60 48 5 2 2 786
60 51 5 1 3 786
60 52 5 1 11 786
60 54 5 4 25 786
60 57 5 5 25 786
60 58 5 3 16 786
60 61 5 1 3 786
60 62 5 6 1 786
60 64 5 5 2 786
60 65 5 5 22 786
60 66 5 2 16 786
60 69 5 4 2 786
60 72 5 5 5 786
60 73 5 5 10 786
60 77 5 3 16 786
60 79 5 1 13 786
60 80 5 1 4 786
60 81 5 4 23 786
60 82 5 4 10 786
60 83 5 3 13 786
60 84 5 6 22 786
60 85 5 5 9 786
60 88 5 5 4 786
60 89 5 6 20 786
60 92 5 5 5 786
60 94 5 3 21 786
60 95 5 5 25 786
60 97 5 1 14 786
60 98 5 2 3 786
60 99 5 1 25 786
61 0 1 4 22 982
61 1 1 2 11 982
61 3 1 3 24 982
61 4 1 3 24 982
61 5 1 1 6 982
61 6 1 6 3 982
61 7 1 4 18 982
61 8 1 4 16 982
61 9 1 3 14 982
61 10 1 3 13 982
61 12 1 6 10 982
61 13 1 6 7 982
61 14 1 5 4 982
61 15 1 6 10 982
61 17 1 1 5 982
61 18 1 5 16 982
61 20 1 1 2 982
61 21 1 4 24 982
61 22 1 4 4 982
61 23 1 5 2 982
61 24 1 4 19 982
61 25 1 6 19 982
61 27 1 4 23 982
61 30 1 3 22 982
61 31 1 3 7 982
61 32 1 6 19 982
61 35 1 4 8 982
61 38 1 2 17 982
61 39 1 5 18 982
61 41 1 1 5 982
61 42 1 4 22 982
61 43 1 6 22 982
61 44 1 6 1 982
61 47 1 1 23 982
61 48 1 2 8 982
61 50 1 5 5 982
61 59 1 2 11 982
61 60 1 5 3 982
61 62 1 6 16 982
61 63 1 4 1 982
61 64 1 5 22 982
61 65 1 5 8 982
61 67 1 4 15 982
61 69 1 4 22 982
61 72 1 5 11 982
61 73 1 5 18 982
61 75 1 6 22 982
61 77 1 3 24 982
61 79 1 1 14 982
61 81 1 4 16 982
61 85 1 5 4 982
61 87 1 6 12 982
61 88 1 5 14 982
61 89 1 6 15 982
61 90 1 1 8 982
61 91 1 4 22 982
61 93 1 6 17 982
61 95 1 5 5 982
61 99 1 1 22 982
62 1 6 2 14 194
62 5 6 1 16 194
62 6 6 6 13 194
62 8 6 4 15 194
62 10 6 3 6 194
62 11 6 4 11 194
62 12 6 6 22 194
62 13 6 6 9 194
62 16 6 2 13 194
62 18 6 5 10 194
62 20 6 1 10 194
62 22 6 4 17 194
62 24 6 4 25 194
62 25 6 6 4 194
62 27 6 4 18 194
62 28 6 4 18 194
62 31 6 3 5 194
62 32 6 6 17 194
62 33 6 3 6 194
62 34 6 6 18 194
62 36 6 3 16 194
62 37 6 6 22 194
62 39 6 5 5 194
62 42 6 4 8 194
62 43 6 6 25 194
62 44 6 6 14 194
62 46 6 2 19 194
62 47 6 1 4 194
62 50 6 5 21 194
62 52 6 1 23 194
62 55 6 6 1 194
62 58 6 3 19 194
62 60 6 5 1 194
62 61 6 1 16 194
62 63 6 4 8 194
62 64 6 5 12 194
62 67 6 4 18 194
62 69 6 4 5 194
62 72 6 5 25 194
62 73 6 5 23 194
62 74 6 2 19 194
62 76 6 6 1 194
62 81 6 4 6 194
62 82 6 4 15 194
62 85 6 5 22 194
62 86 6 1 11 194
62 87 6 6 8 194
62 88 6 5 16 194
62 90 6 1 21 194
62 94 6 3 10 194
62 98 6 2 9 194
63 0 4 4 20 382
63 5 4 1 25 382
63 7 4 4 11 382
63 12 4 6 24 382
63 13 4 6 7 382
63 14 4 5 3 382
63 16 4 2 21 382
63 18 4 5 11 382
63 19 4 2 16 382
63 21 4 4 15 382
63 23 4 5 14 382
63 24 4 4 2 382
63 25 4 6 10 382
63 27 4 4 5 382
63 28 4 4 7 382
63 29 4 2 24 382
63 32 4 6 3 382
63 34 4 6 7 382
63 35 4 4 25 382
63 36 4 3 25 382
63 38 4 2 4 382
63 40 4 5 19 382
63 41 4 1 1 382
63 42 4 4 7 382
63 48 4 2 20 382
63 50 4 5 3 382
63 52 4 1 24 382
63 54 4 4 19 382
63 56 4 4 20 382
63 57 4 5 12 382
63 61 4 1 1 382
63 62 4 6 8 382
63 64 4 5 8 382
63 66 4 2 10 382
63 67 4 4 1 382
63 69 4 4 2 382
63 70 4 6 8 382
63 71 4 6 8 382
63 72 4 5 22 382
63 76 4 6 10 382
63 80 4 1 5 382
63 82 4 4 16 382
63 83 4 3 19 382
63 84 4 6 21 382
63 85 4 5 20 382
63 86 4 1 19 382
63 89 4 6 20 382
63 93 4 6 3 382
64 0 5 4 5 983
64 1 5 2 24 983
64 2 5 5 2 983
64 3 5 3 23 983
64 4 5 3 8 983
64 5 5 1 9 983
64 6 5 6 21 983
64 7 5 4 19 983
64 10 5 3 9 983
64 11 5 4 8 983
64 14 5 5 18 983
64 16 5 2 17 983
64 17 5 1 21 983
64 22 5 4 7 983
64 24 5 4 11 983
64 25 5 6 16 983
64 27 5 4 25 983
64 28 5 4 15 983
64 30 5 3 16 983
64 35 5 4 3 983
64 36 5 3 7 983
64 38 5 2 5 983
64 39 5 5 25 983
64 42 5 4 1 983
64 44 5 6 17 983
64 45 5 1 3 983
64 46 5 2 13 983
64 48 5 2 18 983
64 49 5 2 19 983
64 50 5 5 3 983
64 51 5 1 1 983
64 55 5 6 10 983
64 56 5 4 5 983
64 58 5 3 15 983
64 60 5 5 2 983
64 61 5 1 22 983
64 62 5 6 12 983
64 63 5 4 8 983
64 67 5 4 13 983
64 68 5 2 5 983
64 70 5 6 18 983
64 73 5 5 22 983
64 74 5 2 1 983
64 76 5 6 15 983
64 77 5 3 8 983
64 80 5 1 18 983
64 82 5 4 12 983
64 84 5 6 10 983
64 86 5 1 9 983
64 87 5 6 5 983
64 88 5 5 12 983
64 92 5 5 13 983
64 95 5 5 13 983
64 97 5 1 12 983
64 98 5 2 1 983
64 99 5 1 2 983
65 1 5 2 17 291
65 2 5 5 20 291
65 4 5 3 4 291
65 5 5 1 8 291
65 10 5 3 3 291
65 12 5 6 6 291
65 15 5 6 22 291
65 17 5 1 10 291
65 18 5 5 25 291
65 19 5 2 24 291
65 21 5 4 7 291
65 22 5 4 17 291
65 25 5 6 12 291
65 26 5 6 7 291
65 31 5 3 21 291
65 32 5 6 20 291
65 34 5 6 19 291
65 35 5 4 11 291
65 39 5 5 11 291
65 41 5 1 7 291
65 42 5 4 16 291
65 43 5 6 11 291
65 44 5 6 12 291
65 47 5 1 10 291
65 48 5 2 12 291
65 49 5 2 14 291
65 50 5 5 25 291
65 52 5 1 22 291
65 53 5 2 25 291
65 56 5 4 14 291
65 57 5 5 23 291
65 58 5 3 24 291
65 60 5 5 22 291
65 61 5 1 8 291
65 70 5 6 12 291
65 71 5 6 25 291
65 74 5 2 10 291
65 75 5 6 9 291
65 76 5 6 4 291
65 78 5 4 21 291
65 79 5 1 2 291
65 80 5 1 20 291
65 81 5 4 5 291
65 83 5 3 2 291
65 85 5 5 24 291
65 89 5 6 10 291
65 92 5 5 8 291
65 95 5 5 6 291
65 97 5 1 6 291
65 99 5 1 8 291
66 1 2 2 19 714
66 2 2 5 7 714
66 4 2 3 11 714
66 9 2 3 5 714
66 18 2 5 25 714
66 19 2 2 12 714
66 20 2 1 20 714
66 21 2 4 11 714
66 22 2 4 24 714
66 23 2 5 1 714
66 29 2 2 16 714
66 31 2 3 25 714
66 33 2 3 7 714
66 34 2 6 14 714
66 36 2 3 12 714
66 38 2 2 4 714
66 39 2 5 6 714
66 40 2 5 17 714
66 42 2 4 20 714
66 43 2 6 24 714
66 44 2 6 11 714
66 45 2 1 3 714
66 47 2 1 10 714
66 48 2 2 3 714
66 52 2 1 20 714
66 53 2 2 7 714
66 55 2 6 23 714
66 56 2 4 21 714
66 60 2 5 16 714
66 63 2 4 10 714
66 67 2 4 6 714
66 68 2 2 24 714
66 69 2 4 3 714
66 70 2 6 19 714
66 72 2 5 20 714
66 73 2 5 24 714
66 74 2 2 14 714
66 75 2 6 15 714
66 76 2 6 14 714
66 81 2 4 10 714
66 82 2 4 6 714
66 83 2 3 17 714
66 85 2 5 4 714
66 91 2 4 19 714
66 92 2 5 16 714
66 93 2 6 2 714
66 94 2 3 16 714
66 96 2 4 18 714
66 98 2 2 2 714
67 0 4 4 21 153
67 4 4 3 12 153
67 6 4 6 13 153
67 9 4 3 21 153
67 10 4 3 2 153
67 12 4 6 12 153
67 13 4 6 8 153
67 14 4 5 6 153
67 16 4 2 6 153
67 18 4 5 4 153
67 19 4 2 5 153
67 20 4 1 12 153
67 24 4 4 16 153
67 26 4 6 19 153
67 28 4 4 25 153
67 29 4 2 10 153
67 30 4 3 8 153
67 31 4 3 20 153
67 32 4 6 16 153
67 38 4 2 13 153
67 39 4 5 16 153
67 40 4 5 11 153
67 43 4 6 20 153
67 45 4 1 13 153
67 46 4 2 1 153
67 49 4 2 3 153
67 50 4 5 2 153
67 54 4 4 12 153
67 56 4 4 6 153
67 57 4 5 25 153
67 58 4 3 13 153
67 59 4 2 17 153
67 61 4 1 15 153
67 62 4 6 18 153
67 63 4 4 1 153
67 64 4 5 13 153
67 66 4 2 6 153
67 68 4 2 10 153
67 69 4 4 11 153
67 70 4 6 22 153
67 73 4 5 3 153
67 76 4 6 21 153
67 77 4 3 9 153
67 78 4 4 9 153
67 80 4 1 7 153
67 81 4 4 16 153
67 84 4 6 7 153
67 87 4 6 10 153
67 91 4 4 23 153
67 92 4 5 19 153
67 93 4 6 13 153
67 94 4 3 8 153
67 98 4 2 2 153
68 0 2 4 1 105
68 3 2 3 25 105
68 4 2 3 11 105
68 5 2 1 23 105
68 8 2 4 4 105
68 9 2 3 1 105
68 10 2 3 21 105
68 13 2 6 8 105
68 14 2 5 3 105
68 15 2 6 14 105
68 16 2 2 23 105
68 17 2 1 6 105
68 19 2 2 2 105
68 20 2 1 2 105
68 22 2 4 25 105
68 23 2 5 19 105
68 24 2 4 19 105
68 25 2 6 8 105
68 26 2 6 17 105
68 28 2 4 1 105
68 31 2 3 18 105
68 32 2 6 7 105
68 36 2 3 19 105
68 37 2 6 15 105
68 38 2 2 24 105
68 40 2 5 23 105
68 45 2 1 4 105
68 47 2 1 16 105
68 49 2 2 7 105
68 50 2 5 9 105
68 51 2 1 9 105
68 53 2 2 10 105
68 58 2 3 4 105
68 59 2 2 12 105
68 64 2 5 5 105
68 66 2 2 24 105
68 67 2 4 10 105
68 69 2 4 8 105
68 70 2 6 4 105
68 76 2 6 17 105
68 77 2 3 23 105
68 79 2 1 16 105
68 80 2 1 8 105
68 85 2 5 10 105
68 86 2 1 10 105
68 87 2 6 4 105
68 88 2 5 10 105
68 90 2 1 6 105
68 93 2 6 7 105
68 94 2 3 11 105
68 98 2 2 12 105
69 4 4 3 12 726
69 6 4 6 24 726
69 7 4 4 7 726
69 8 4 4 25 726
69 12 4 6 22 726
69 13 4 6 1 726
69 14 4 5 5 726
69 16 4 2 1 726
69 18 4 5 25 726
69 19 4 2 20 726
69 23 4 5 24 726
69 24 4 4 4 726
69 26 4 6 1 726
69 27 4 4 8 726
69 30 4 3 4 726
69 31 4 3 17 726
69 32 4 6 3 726
69 33 4 3 19 726
69 35 4 4 21 726
69 37 4 6 20 726
69 38 4 2 3 726
69 39 4 5 17 726
69 40 4 5 14 726
69 41 4 1 20 726
69 44 4 6 14 726
69 45 4 1 4 726
69 46 4 2 3 726
69 48 4 2 11 726
69 49 4 2 11 726
69 54 4 4 24 726
69 55 4 6 15 726
69 60 4 5 2 726
69 61 4 1 22 726
69 62 4 6 5 726
69 63 4 4 2 726
69 66 4 2 3 726
69 67 4 4 11 726
69 68 4 2 8 726
69 71 4 6 3 726
69 72 4 5 19 726
69 73 4 5 6 726
69 74 4 2 3 726
69 75 4 6 22 726
69 80 4 1 3 726
69 81 4 4 18 726
69 82 4 4 19 726
69 83 4 3 25 726
69 86 4 1 9 726
69 88 4 5 25 726
69 92 4 5 3 726
69 93 4 6 16 726
69 94 4 3 10 726
69 96 4 4 16 726
69 97 4 1 1 726
69 98 4 2 13 726
70 0 6 4 3 240
70 2 6 5 10 240
70 4 6 3 22 240
70 6 6 6 8 240
70 7 6 4 3 240
70 10 6 3 1 240
70 13 6 6 3 240
70 16 6 2 19 240
70 19 6 2 19 240
70 20 6 1 13 240
70 21 6 4 11 240
70 23 6 5 14 240
70 24 6 4 1 240
70 25 6 6 24 240
70 26 6 6 12 240
70 27 6 4 6 240
70 29 6 2 19 240
70 30 6 3 15 240
70 31 6 3 3 240
70 36 6 3 3 240
70 37 6 6 10 240
70 38 6 2 8 240
70 40 6 5 1 240
70 41 6 1 4 240
70 44 6 6 8 240
70 49 6 2 7 240
70 55 6 6 5 240
70 57 6 5 25 240
70 58 6 3 7 240
70 63 6 4 8 240
70 64 6 5 18 240
70 65 6 5 12 240
70 66 6 2 19 240
70 67 6 4 22 240
70 68 6 2 4 240
70 72 6 5 25 240
70 73 6 5 10 240
70 74 6 2 4 240
70 75 6 6 11 240
70 76 6 6 11 240
70 78 6 4 15 240
70 89 6 6 16 240
70 90 6 1 18 240
70 92 6 5 14 240
70 93 6 6 11 240
70 94 6 3 6 240
70 95 6 5 3 240
70 97 6 1 9 240
70 98 6 2 16 240
71 0 6 4 14 536
71 1 6 2 24 536
71 5 6 1 24 536
71 7 6 4 14 536
71 12 6 6 24 536
71 13 6 6 14 536
71 14 6 5 14 536
71 15 6 6 13 536
71 18 6 5 18 536
71 22 6 4 10 536
71 24 6 4 2 536
71 26 6 6 6 536
71 27 6 4 15 536
71 29 6 2 13 536
71 32 6 6 3 536
71 33 6 3 9 536
71 36 6 3 25 536
71 37 6 6 5 536
71 40 6 5 23 536
71 41 6 1 15 536
71 42 6 4 6 536
71 43 6 6 18 536
71 44 6 6 2 536
71 49 6 2 6 536
71 54 6 4 13 536
71 55 6 6 9 536
71 56 6 4 1 536
71 58 6 3 12 536
71 63 6 4 8 536
71 65 6 5 25 536
71 69 6 4 3 536
71 73 6 5 16 536
71 74 6 2 23 536
71 75 6 6 22 536
71 76 6 6 1 536
71 79 6 1 8 536
71 81 6 4 10 536
71 82 6 4 8 536
71 85 6 5 8 536
71 88 6 5 17 536
71 91 6 4 15 536
71 92 6 5 21 536
71 95 6 5 12 536
71 98 6 2 1 536
72 0 5 4 5 742
72 1 5 2 17 742
72 2 5 5 6 742
72 3 5 3 12 742
72 5 5 1 15 742
72 6 5 6 5 742
72 7 5 4 2 742
72 8 5 4 12 742
72 10 5 3 8 742
72 11 5 4 23 742
72 17 5 1 22 742
72 19 5 2 6 742
72 20 5 1 16 742
72 21 5 4 14 742
72 22 5 4 10 742
72 23 5 5 24 742
72 24 5 4 3 742
72 25 5 6 7 742
72 26 5 6 15 742
72 28 5 4 22 742
72 29 5 2 10 742
72 30 5 3 10 742
72 32 5 6 14 742
72 35 5 4 11 742
72 36 5 3 2 742
72 38 5 2 13 742
72 40 5 5 2 742
72 41 5 1 23 742
72 43 5 6 21 742
72 45 5 1 1 742
72 46 5 2 24 742
72 48 5 2 16 742
72 49 5 2 25 742
72 50 5 5 17 742
72 51 5 1 3 742
72 55 5 6 5 742
72 56 5 4 2 742
72 57 5 5 7 742
72 58 5 3 11 742
72 59 5 2 8 742
72 60 5 5 5 742
72 61 5 1 11 742
72 62 5 6 25 742
72 63 5 4 22 742
72 66 5 2 20 742
72 69 5 4 19 742
72 70 5 6 25 742
72 76 5 6 17 742
72 78 5 4 23 742
72 80 5 1 7 742
72 81 5 4 21 742
72 83 5 3 10 742
72 85 5 5 16 742
72 87 5 6 4 742
72 90 5 1 24 742
72 92 5 5 1 742
72 96 5 4 19 742
72 97 5 1 8 742
72 99 5 1 3 742
73 1 5 2 22 486
73 3 5 3 1 486
73 4 5 3 9 486
73 5 5 1 18 486
73 9 5 3 23 486
73 10 5 3 11 486
73 13 5 6 25 486
73 14 5 5 7 486
73 16 5 2 23 486
73 19 5 2 23 486
73 22 5 4 3 486
73 25 5 6 12 486
73 26 5 6 17 486
73 27 5 4 25 486
73 31 5 3 20 486
73 32 5 6 2 486
73 33 5 3 7 486
73 34 5 6 2 486
73 35 5 4 6 486
73 36 5 3 16 486
73 37 5 6 4 486
73 40 5 5 8 486
73 42 5 4 5 486
73 43 5 6 15 486
73 45 5 1 21 486
73 47 5 1 20 486
73 49 5 2 18 486
73 50 5 5 25 486
73 55 5 6 23 486
73 56 5 4 7 486
73 57 5 5 13 486
73 60 5 5 10 486
73 61 5 1 18 486
73 62 5 6 23 486
73 64 5 5 22 486
73 66 5 2 24 486
73 67 5 4 3 486
73 69 5 4 6 486
73 70 5 6 10 486
73 71 5 6 16 486
73 76 5 6 13 486
73 78 5 4 7 486
73 79 5 1 5 486
73 81 5 4 21 486
73 82 5 4 12 486
73 83 5 3 11 486
73 85 5 5 22 486
73 87 5 6 15 486
73 89 5 6 22 486
73 90 5 1 14 486
73 91 5 4 14 486
73 92 5 5 14 486
73 95 5 5 21 486
73 96 5 4 18 486
73 97 5 1 8 486
74 0 2 4 23 556
74 1 2 2 14 556
74 2 2 5 9 556
74 4 2 3 25 556
74 5 2 1 14 556
74 7 2 4 4 556
74 8 2 4 24 556
74 10 2 3 20 556
74 11 2 4 2 556
74 12 2 6 9 556
74 13 2 6 7 556
74 15 2 6 3 556
74 16 2 2 20 556
74 17 2 1 25 556
74 20 2 1 20 556
74 22 2 4 19 556
74 23 2 5 9 556
74 24 2 4 25 556
74 27 2 4 3 556
74 31 2 3 15 556
74 32 2 6 14 556
74 39 2 5 24 556
74 41 2 1 8 556
74 42 2 4 10 556
74 50 2 5 11 556
74 52 2 1 7 556
74 53 2 2 11 556
74 54 2 4 1 556
74 55 2 6 12 556
74 58 2 3 25 556
74 59 2 2 2 556
74 62 2 6 19 556
74 64 2 5 1 556
74 65 2 5 10 556
74 66 2 2 14 556
74 69 2 4 3 556
74 70 2 6 4 556
74 71 2 6 23 556
74 75 2 6 22 556
74 77 2 3 25 556
74 79 2 1 10 556
74 81 2 4 18 556
74 82 2 4 1 556
74 83 2 3 18 556
74 86 2 1 7 556
74 87 2 6 2 556
74 90 2 1 20 556
74 91 2 4 12 556
74 92 2 5 7 556
74 95 2 5 5 556
74 96 2 4 12 556
74 98 2 2 24 556
74 99 2 1 1 556
75 1 6 2 12 815
75 2 6 5 15 815
75 3 6 3 19 815
75 4 6 3 6 815
75 5 6 1 11 815
75 7 6 4 1 815
75 14 6 5 18 815
75 15 6 6 5 815
75 16 6 2 20 815
75 18 6 5 1 815
75 22 6 4 15 815
75 27 6 4 17 815
75 28 6 4 14 815
75 29 6 2 23 815
75 35 6 4 25 815
75 38 6 2 5 815
75 39 6 5 18 815
75 40 6 5 19 815
75 42 6 4 3 815
75 45 6 1 5 815
75 48 6 2 19 815
75 49 6 2 17 815
75 53 6 2 19 815
75 54 6 4 16 815
75 55 6 6 15 815
75 61 6 1 22 815
75 65 6 5 9 815
75 66 6 2 15 815
75 69 6 4 22 815
75 70 6 6 11 815
75 71 6 6 22 815
75 74 6 2 22 815
75 77 6 3 12 815
75 78 6 4 23 815
75 79 6 1 1 815
75 81 6 4 24 815
75 82 6 4 19 815
75 83 6 3 15 815
75 84 6 6 21 815
75 85 6 5 5 815
75 88 6 5 17 815
75 89 6 6 15 815
75 90 6 1 24 815
75 91 6 4 3 815
75 92 6 5 19 815
75 93 6 6 17 815
75 95 6 5 22 815
75 96 6 4 22 815
75 97 6 1 16 815
75 99 6 1 16 815
76 0 6 4 9 215
76 1 6 2 22 215
76 2 6 5 7 215
76 4 6 3 21 215
76 5 6 1 20 215
76 7 6 4 2 215
76 8 6 4 4 215
76 9 6 3 7 215
76 10 6 3 7 215
76 15 6 6 21 215
76 17 6 1 23 215
76 18 6 5 3 215
76 19 6 2 8 215
76 21 6 4 8 215
76 22 6 4 14 215
76 23 6 5 9 215
76 24 6 4 15 215
76 27 6 4 17 215
76 28 6 4 16 215
76 29 6 2 19 215
76 30 6 3 13 215
76 32 6 6 15 215
76 33 6 3 25 215
76 36 6 3 13 215
76 37 6 6 3 215
76 38 6 2 20 215
76 39 6 5 21 215
76 40 6 5 17 215
76 43 6 6 2 215
76 46 6 2 10 215
76 47 6 1 4 215
76 49 6 2 13 215
76 50 6 5 21 215
76 52 6 1 7 215
76 54 6 4 19 215
76 56 6 4 10 215
76 57 6 5 5 215
76 58 6 3 16 215
76 62 6 6 1 215
76 63 6 4 10 215
76 64 6 5 15 215
76 65 6 5 4 215
76 66 6 2 14 215
76 67 6 4 21 215
76 68 6 2 17 215
76 70 6 6 11 215
76 71 6 6 1 215
76 72 6 5 17 215
76 73 6 5 13 215
76 79 6 1 15 215
76 80 6 1 13 215
76 81 6 4 5 215
76 82 6 4 14 215
76 86 6 1 4 215
76 87 6 6 21 215
76 90 6 1 15 215
76 94 6 3 23 215
76 96 6 4 14 215
76 97 6 1 5 215
76 99 6 1 22 215
77 2 3 5 9 166
77 3 3 3 18 166
77 5 3 1 20 166
77 8 3 4 15 166
77 10 3 3 19 166
77 12 3 6 16 166
77 13 3 6 6 166
77 16 3 2 22 166
77 18 3 5 24 166
77 20 3 1 1 166
77 22 3 4 17 166
77 24 3 4 2 166
77 26 3 6 1 166
77 28 3 4 5 166
77 29 3 2 17 166
77 30 3 3 25 166
77 31 3 3 19 166
77 34 3 6 14 166
77 35 3 4 12 166
77 38 3 2 17 166
77 39 3 5 9 166
77 40 3 5 14 166
77 42 3 4 23 166
77 43 3 6 8 166
77 46 3 2 18 166
77 47 3 1 3 166
77 48 3 2 18 166
77 49 3 2 20 166
77 51 3 1 20 166
77 52 3 1 17 166
77 53 3 2 9 166
77 54 3 4 5 166
77 56 3 4 1 166
77 58 3 3 11 166
77 59 3 2 17 166
77 60 3 5 16 166
77 61 3 1 24 166
77 64 3 5 8 166
77 67 3 4 9 166
77 68 3 2 23 166
77 74 3 2 25 166
77 75 3 6 12 166
77 78 3 4 7 166
77 83 3 3 22 166
77 85 3 5 15 166
77 86 3 1 1 166
77 88 3 5 1 166
77 89 3 6 11 166
77 90 3 1 14 166
77 91 3 4 24 166
77 93 3 6 9 166
77 95 3 5 10 166
77 96 3 4 7 166
77 97 3 1 20 166
77 99 3 1 23 166
78 2 4 5 17 591
78 5 4 1 22 591
78 6 4 6 13 591
78 7 4 4 6 591
78 8 4 4 7 591
78 10 4 3 2 591
78 15 4 6 21 591
78 16 4 2 2 591
78 17 4 1 11 591
78 18 4 5 6 591
78 20 4 1 14 591
78 23 4 5 13 591
78 29 4 2 19 591
78 35 4 4 7 591
78 36 4 3 5 591
78 38 4 2 16 591
78 42 4 4 17 591
78 43 4 6 2 591
78 47 4 1 19 591
78 48 4 2 2 591
78 50 4 5 4 591
78 52 4 1 4 591
78 57 4 5 7 591
78 59 4 2 23 591
78 65 4 5 21 591
78 67 4 4 9 591
78 70 4 6 15 591
78 72 4 5 23 591
78 73 4 5 7 591
78 75 4 6 23 591
78 77 4 3 7 591
78 82 4 4 4 591
78 86 4 1 4 591
78 87 4 6 7 591
78 89 4 6 12 591
78 90 4 1 21 591
78 92 4 5 2 591
78 95 4 5 10 591
78 97 4 1 14 591
78 99 4 1 15 591
79 1 1 2 19 769
79 3 1 3 10 769
79 6 1 6 12 769
79 7 1 4 5 769
79 10 1 3 24 769
79 11 1 4 18 769
79 13 1 6 6 769
79 14 1 5 6 769
79 16 1 2 20 769
79 18 1 5 4 769
79 22 1 4 4 769
79 26 1 6 1 769
79 27 1 4 16 769
79 30 1 3 21 769
79 31 1 3 22 769
79 33 1 3 15 769
79 34 1 6 4 769
79 37 1 6 20 769
79 47 1 1 19 769
79 48 1 2 6 769
79 49 1 2 24 769
79 50 1 5 25 769
79 52 1 1 15 769
79 54 1 4 17 769
79 55 1 6 12 769
79 56 1 4 15 769
79 57 1 5 8 769
79 60 1 5 13 769
79 61 1 1 14 769
79 65 1 5 2 769
79 68 1 2 16 769
79 71 1 6 8 769
79 73 1 5 5 769
79 74 1 2 10 769
79 75 1 6 1 769
79 76 1 6 15 769
79 81 1 4 7 769
79 82 1 4 14 769
79 84 1 6 7 769
79 86 1 1 25 769
79 87 1 6 12 769
79 88 1 5 8 769
79 90 1 1 1 769
79 93 1 6 14 769
79 94 1 3 14 769
79 96 1 4 7 769
79 98 1 2 17 769
79 99 1 1 18 769
80 1 1 2 10 499
80 3 1 3 21 499
80 10 1 3 22 499
80 11 1 4 20 499
80 12 1 6 16 499
80 14 1 5 10 499
80 16 1 2 17 499
80 18 1 5 23 499
80 19 1 2 2 499
80 20 1 1 6 499
80 23 1 5 20 499
80 28 1 4 23 499
80 34 1 6 9 499
80 35 1 4 5 499
80 36 1 3 20 499
80 37 1 6 8 499
80 38 1 2 6 499
80 39 1 5 12 499
80 40 1 5 11 499
80 42 1 4 24 499
80 43 1 6 11 499
80 44 1 6 22 499
80 47 1 1 12 499
80 49 1 2 24 499
80 50 1 5 15 499
80 53 1 2 21 499
80 54 1 4 14 499
80 57 1 5 9 499
80 58 1 3 7 499
80 60 1 5 4 499
80 63 1 4 5 499
80 64 1 5 18 499
80 65 1 5 20 499
80 67 1 4 7 499
80 68 1 2 8 499
80 69 1 4 3 499
80 72 1 5 7 499
80 76 1 6 13 499
80 81 1 4 9 499
80 83 1 3 19 499
80 84 1 6 12 499
80 85 1 5 20 499
80 86 1 1 11 499
80 89 1 6 17 499
80 92 1 5 17 499
80 93 1 6 21 499
80 94 1 3 11 499
80 95 1 5 9 499
80 96 1 4 21 499
80 98 1 2 4 499
81 1 4 2 12 888
81 3 4 3 23 888
81 4 4 3 22 888
81 7 4 4 3 888
81 10 4 3 9 888
81 13 4 6 23 888
81 14 4 5 12 888
81 16 4 2 21 888
81 18 4 5 19 888
81 22 4 4 24 888
81 29 4 2 16 888
81 33 4 3 17 888
81 35 4 4 23 888
81 36 4 3 22 888
81 40 4 5 22 888
81 41 4 1 25 888
81 43 4 6 14 888
81 45 4 1 18 888
81 46 4 2 25 888
81 48 4 2 3 888
81 50 4 5 3 888
81 51 4 1 11 888
81 54 4 4 19 888
81 55 4 6 16 888
81 57 4 5 1 888
81 58 4 3 16 888
81 59 4 2 24 888
81 60 4 5 23 888
81 61 4 1 16 888
81 62 4 6 6 888
81 65 4 5 5 888
81 66 4 2 10 888
81 67 4 4 16 888
81 69 4 4 18 888
81 71 4 6 10 888
81 72 4 5 21 888
81 73 4 5 21 888
81 74 4 2 18 888
81 75 4 6 24 888
81 76 4 6 5 888
81 79 4 1 7 888
81 80 4 1 9 888
81 83 4 3 8 888
81 85 4 5 16 888
81 92 4 5 17 888
81 93 4 6 10 888
81 94 4 3 15 888
81 95 4 5 1 888
82 0 4 4 22 268
82 2 4 5 20 268
82 4 4 3 18 268
82 6 4 6 6 268
82 7 4 4 6 268
82 8 4 4 23 268
82 11 4 4 3 268
82 13 4 6 13 268
82 14 4 5 10 268
82 15 4 6 8 268
82 16 4 2 20 268
82 21 4 4 9 268
82 22 4 4 9 268
82 23 4 5 17 268
82 24 4 4 1 268
82 26 4 6 13 268
82 27 4 4 14 268
82 29 4 2 8 268
82 30 4 3 16 268
82 33 4 3 15 268
82 39 4 5 25 268
82 40 4 5 12 268
82 41 4 1 8 268
82 44 4 6 2 268
82 48 4 2 8 268
82 50 4 5 8 268
82 52 4 1 11 268
82 54 4 4 15 268
82 55 4 6 19 268
82 56 4 4 22 268
82 57 4 5 7 268
82 59 4 2 13 268
82 60 4 5 10 268
82 62 4 6 15 268
82 63 4 4 16 268
82 64 4 5 12 268
82 66 4 2 6 268
82 69 4 4 19 268
82 71 4 6 8 268
82 73 4 5 12 268
82 74 4 2 1 268
82 75 4 6 19 268
82 76 4 6 14 268
82 78 4 4 4 268
82 79 4 1 14 268
82 83 4 3 9 268
82 84 4 6 21 268
82 85 4 5 5 268
82 86 4 1 13 268
82 87 4 6 15 268
82 88 4 5 3 268
82 89 4 6 22 268
82 93 4 6 12 268
82 94 4 3 6 268
82 95 4 5 13 268
82 96 4 4 4 268
82 98 4 2 23 268
83 0 3 4 6 779
83 1 3 2 20 779
83 2 3 5 12 779
83 3 3 3 25 779
83 5 3 1 25 779
83 6 3 6 2 779
83 7 3 4 2 779
83 9 3 3 16 779
83 10 3 3 22 779
83 14 3 5 23 779
83 17 3 1 15 779
83 19 3 2 1 779
83 20 3 1 2 779
83 21 3 4 22 779
83 22 3 4 6 779
83 23 3 5 13 779
83 25 3 6 7 779
83 28 3 4 7 779
83 34 3 6 14 779
83 36 3 3 24 779
83 38 3 2 14 779
83 39 3 5 6 779
83 40 3 5 7 779
83 41 3 1 1 779
83 42 3 4 23 779
83 43 3 6 20 779
83 44 3 6 2 779
83 46 3 2 5 779
83 49 3 2 2 779
83 50 3 5 20 779
83 51 3 1 11 779
83 52 3 1 8 779
83 54 3 4 1 779
83 55 3 6 22 779
83 60 3 5 13 779
83 63 3 4 19 779
83 65 3 5 2 779
83 66 3 2 17 779
83 69 3 4 25 779
83 72 3 5 10 779
83 73 3 5 11 779
83 74 3 2 18 779
83 75 3 6 15 779
83 77 3 3 22 779
83 80 3 1 19 779
83 81 3 4 8 779
83 82 3 4 9 779
83 86 3 1 21 779
83 87 3 6 12 779
83 88 3 5 5 779
83 91 3 4 14 779
83 93 3 6 21 779
83 94 3 3 9 779
83 95 3 5 25 779
83 97 3 1 9 779
83 98 3 2 12 779
83 99 3 1 14 779
84 1 6 2 1 525
84 2 6 5 3 525
84 4 6 3 17 525
84 5 6 1 8 525
84 6 6 6 19 525
84 7 6 4 12 525
84 8 6 4 16 525
84 10 6 3 17 525
84 11 6 4 16 525
84 12 6 6 4 525
84 15 6 6 6 525
84 16 6 2 10 525
84 18 6 5 24 525
84 23 6 5 20 525
84 24 6 4 10 525
84 26 6 6 19 525
84 27 6 4 18 525
84 30 6 3 13 525
84 32 6 6 23 525
84 35 6 4 8 525
84 36 6 3 2 525
84 37 6 6 24 525
84 38 6 2 1 525
84 39 6 5 12 525
84 41 6 1 6 525
84 42 6 4 21 525
84 45 6 1 8 525
84 46 6 2 8 525
84 47 6 1 23 525
84 48 6 2 16 525
84 50 6 5 13 525
84 51 6 1 6 525
84 55 6 6 23 525
84 57 6 5 13 525
84 60 6 5 22 525
84 63 6 4 21 525
84 64 6 5 10 525
84 67 6 4 7 525
84 75 6 6 21 525
84 79 6 1 7 525
84 80 6 1 12 525
84 82 6 4 21 525
84 85 6 5 19 525
84 86 6 1 19 525
84 90 6 1 22 525
84 92 6 5 6 525
84 93 6 6 3 525
84 94 6 3 12 525
84 99 6 1 25 525
85 2 5 5 4 292
85 3 5 3 4 292
85 4 5 3 17 292
85 5 5 1 15 292
85 6 5 6 19 292
85 7 5 4 23 292
85 10 5 3 23 292
85 11 5 4 5 292
85 12 5 6 21 292
85 15 5 6 14 292
85 17 5 1 19 292
85 19 5 2 21 292
85 21 5 4 12 292
85 22 5 4 6 292
85 24 5 4 20 292
85 28 5 4 13 292
85 30 5 3 15 292
85 33 5 3 8 292
85 34 5 6 11 292
85 40 5 5 20 292
85 41 5 1 5 292
85 44 5 6 4 292
85 45 5 1 15 292
85 47 5 1 25 292
85 48 5 2 4 292
85 49 5 2 23 292
85 51 5 1 16 292
85 52 5 1 16 292
85 54 5 4 16 292
85 57 5 5 11 292
85 58 5 3 17 292
85 60 5 5 9 292
85 61 5 1 4 292
85 62 5 6 22 292
85 63 5 4 20 292
85 65 5 5 24 292
85 66 5 2 4 292
85 68 5 2 10 292
85 71 5 6 8 292
85 72 5 5 16 292
85 73 5 5 22 292
85 75 5 6 5 292
85 77 5 3 15 292
85 80 5 1 20 292
85 81 5 4 16 292
85 82 5 4 5 292
85 84 5 6 19 292
85 86 5 1 20 292
85 87 5 6 17 292
85 88 5 5 1 292
85 90 5 1 16 292
85 91 5 4 10 292
85 94 5 3 7 292
85 95 5 5 18 292
85 96 5 4 15 292
85 99 5 1 19 292
86 2 1 5 15 993
86 4 1 3 8 993
86 7 1 4 7 993
86 9 1 3 20 993
86 11 1 4 25 993
86 13 1 6 2 993
86 14 1 5 21 993
86 16 1 2 15 993
86 18 1 5 5 993
86 20 1 1 15 993
86 23 1 5 19 993
86 27 1 4 3 993
86 28 1 4 6 993
86 29 1 2 22 993
86 30 1 3 22 993
86 31 1 3 15 993
86 32 1 6 2 993
86 33 1 3 13 993
86 34 1 6 13 993
86 35 1 4 4 993
86 36 1 3 5 993
86 39 1 5 8 993
86 40 1 5 17 993
86 42 1 4 16 993
86 46 1 2 21 993
86 47 1 1 12 993
86 51 1 1 21 993
86 52 1 1 25 993
86 62 1 6 11 993
86 63 1 4 19 993
86 64 1 5 9 993
86 68 1 2 10 993
86 69 1 4 9 993
86 74 1 2 7 993
86 76 1 6 4 993
86 77 1 3 1 993
86 78 1 4 4 993
86 79 1 1 25 993
86 80 1 1 11 993
86 82 1 4 13 993
86 83 1 3 21 993
86 84 1 6 19 993
86 85 1 5 20 993
86 88 1 5 7 993
86 91 1 4 3 993
86 95 1 5 3 993
86 96 1 4 25 993
86 97 1 1 10 993
87 2 6 5 7 605
87 4 6 3 24 605
87 6 6 6 8 605
87 11 6 4 1 605
87 12 6 6 20 605
87 13 6 6 8 605
87 15 6 6 13 605
87 18 6 5 1 605
87 21 6 4 2 605
87 24 6 4 9 605
87 26 6 6 20 605
87 27 6 4 24 605
87 31 6 3 20 605
87 32 6 6 3 605
87 33 6 3 11 605
87 34 6 6 20 605
87 37 6 6 2 605
87 38 6 2 16 605
87 40 6 5 22 605
87 41 6 1 17 605
87 42 6 4 2 605
87 43 6 6 10 605
87 44 6 6 12 605
87 45 6 1 22 605
87 46 6 2 19 605
87 48 6 2 12 605
87 49 6 2 23 605
87 51 6 1 13 605
87 52 6 1 4 605
87 53 6 2 4 605
87 55 6 6 4 605
87 58 6 3 10 605
87 59 6 2 25 605
87 61 6 1 12 605
87 62 6 6 8 605
87 64 6 5 5 605
87 67 6 4 10 605
87 68 6 2 4 605
87 72 6 5 4 605
87 73 6 5 15 605
87 74 6 2 2 605
87 76 6 6 21 605
87 78 6 4 7 605
87 79 6 1 12 605
87 82 6 4 15 605
87 83 6 3 12 605
87 85 6 5 17 605
87 90 6 1 22 605
87 92 6 5 18 605
87 94 6 3 12 605
87 96 6 4 14 605
87 99 6 1 18 605
88 1 5 2 23 295
88 2 5 5 24 295
88 5 5 1 4 295
88 6 5 6 9 295
88 8 5 4 25 295
88 9 5 3 9 295
88 10 5 3 4 295
88 11 5 4 1 295
88 12 5 6 11 295
88 14 5 5 21 295
88 15 5 6 8 295
88 16 5 2 6 295
88 17 5 1 15 295
88 18 5 5 8 295
88 22 5 4 9 295
88 24 5 4 19 295
88 26 5 6 3 295
88 27 5 4 18 295
88 29 5 2 16 295
88 30 5 3 6 295
88 34 5 6 20 295
88 37 5 6 23 295
88 41 5 1 3 295
88 43 5 6 1 295
88 44 5 6 21 295
88 46 5 2 14 295
88 52 5 1 10 295
88 53 5 2 21 295
88 54 5 4 3 295
88 56 5 4 2 295
88 58 5 3 11 295
88 59 5 2 23 295
88 60 5 5 4 295
88 61 5 1 14 295
88 62 5 6 16 295
88 64 5 5 12 295
88 68 5 2 10 295
88 69 5 4 25 295
88 71 5 6 17 295
88 75 5 6 17 295
88 77 5 3 1 295
88 79 5 1 8 295
88 82 5 4 3 295
88 83 5 3 5 295
88 85 5 5 1 295
88 86 5 1 7 295
88 90 5 1 3 295
88 91 5 4 21 295
88 92 5 5 21 295
88 95 5 5 20 295
88 96 5 4 5 295
88 97 5 1 7 295
89 0 6 4 21 894
89 2 6 5 1 894
89 3 6 3 7 894
89 4 6 3 23 894
89 8 6 4 19 894
89 10 6 3 21 894
89 12 6 6 5 894
89 13 6 6 2 894
89 15 6 6 10 894
89 18 6 5 17 894
89 19 6 2 19 894
89 20 6 1 22 894
89 21 6 4 15 894
89 22 6 4 10 894
89 26 6 6 13 894
89 27 6 4 25 894
89 30 6 3 24 894
89 31 6 3 15 894
89 32 6 6 10 894
89 35 6 4 19 894
89 36 6 3 6 894
89 39 6 5 15 894
89 41 6 1 13 894
89 42 6 4 11 894
89 43 6 6 17 894
89 44 6 6 2 894
89 45 6 1 22 894
89 47 6 1 24 894
89 48 6 2 17 894
89 49 6 2 21 894
89 50 6 5 1 894
89 58 6 3 4 894
89 60 6 5 20 894
89 61 6 1 15 894
89 63 6 4 20 894
89 65 6 5 10 894
89 70 6 6 16 894
89 73 6 5 22 894
89 75 6 6 15 894
89 77 6 3 11 894
89 78 6 4 12 894
89 80 6 1 17 894
89 82 6 4 22 894
89 93 6 6 18 894
89 95 6 5 13 894
89 97 6 1 25 894
89 98 6 2 4 894
90 3 1 3 18 308
90 5 1 1 8 308
90 6 1 6 6 308
90 9 1 3 5 308
90 13 1 6 7 308
90 14 1 5 16 308
90 18 1 5 24 308
90 19 1 2 17 308
90 20 1 1 3 308
90 21 1 4 6 308
90 23 1 5 15 308
90 25 1 6 23 308
90 29 1 2 2 308
90 32 1 6 4 308
90 33 1 3 5 308
90 34 1 6 9 308
90 35 1 4 15 308
90 37 1 6 9 308
90 43 1 6 1 308
90 47 1 1 15 308
90 48 1 2 18 308
90 49 1 2 2 308
90 59 1 2 22 308
90 61 1 1 8 308
90 62 1 6 21 308
90 68 1 2 6 308
90 70 1 6 18 308
90 72 1 5 24 308
90 73 1 5 14 308
90 74 1 2 20 308
90 75 1 6 24 308
90 76 1 6 15 308
90 77 1 3 14 308
90 78 1 4 21 308
90 79 1 1 1 308
90 84 1 6 22 308
90 85 1 5 16 308
90 87 1 6 22 308
90 88 1 5 3 308
90 91 1 4 12 308
90 92 1 5 2 308
90 93 1 6 17 308
90 94 1 3 4 308
90 95 1 5 6 308
90 96 1 4 12 308
90 97 1 1 20 308
91 0 4 4 11 546
91 1 4 2 25 546
91 2 4 5 13 546
91 3 4 3 19 546
91 4 4 3 16 546
91 10 4 3 10 546
91 11 4 4 24 546
91 13 4 6 8 546
91 14 4 5 4 546
91 16 4 2 20 546
91 17 4 1 14 546
91 18 4 5 24 546
91 22 4 4 7 546
91 23 4 5 3 546
91 25 4 6 11 546
91 29 4 2 11 546
91 30 4 3 3 546
91 33 4 3 10 546
91 37 4 6 23 546
91 38 4 2 4 546
91 39 4 5 21 546
91 41 4 1 20 546
91 42 4 4 4 546
91 43 4 6 19 546
91 44 4 6 5 546
91 45 4 1 19 546
91 47 4 1 7 546
91 48 4 2 19 546
91 50 4 5 18 546
91 51 4 1 18 546
91 53 4 2 2 546
91 55 4 6 8 546
91 56 4 4 24 546
91 61 4 1 22 546
91 66 4 2 19 546
91 67 4 4 23 546
91 71 4 6 15 546
91 73 4 5 14 546
91 74 4 2 12 546
91 75 4 6 3 546
91 77 4 3 24 546
91 83 4 3 14 546
91 85 4 5 10 546
91 86 4 1 3 546
91 88 4 5 21 546
91 90 4 1 12 546
91 92 4 5 12 546
91 93 4 6 21 546
91 97 4 1 16 546
92 2 5 5 24 645
92 3 5 3 4 645
92 5 5 1 16 645
92 7 5 4 25 645
92 9 5 3 4 645
92 12 5 6 22 645
92 16 5 2 24 645
92 17 5 1 13 645
92 24 5 4 1 645
92 26 5 6 23 645
92 27 5 4 12 645
92 29 5 2 5 645
92 30 5 3 6 645
92 31 5 3 8 645
92 36 5 3 18 645
92 37 5 6 1 645
92 38 5 2 5 645
92 39 5 5 7 645
92 40 5 5 16 645
92 41 5 1 8 645
92 44 5 6 4 645
92 45 5 1 21 645
92 48 5 2 5 645
92 49 5 2 14 645
92 51 5 1 14 645
92 52 5 1 13 645
92 54 5 4 12 645
92 56 5 4 16 645
92 57 5 5 20 645
92 58 5 3 13 645
92 60 5 5 5 645
92 64 5 5 13 645
92 65 5 5 8 645
92 66 5 2 16 645
92 67 5 4 19 645
92 69 5 4 3 645
92 70 5 6 14 645
92 71 5 6 21 645
92 72 5 5 1 645
92 73 5 5 14 645
92 74 5 2 7 645
92 75 5 6 19 645
92 78 5 4 2 645
92 80 5 1 17 645
92 81 5 4 17 645
92 84 5 6 6 645
92 87 5 6 18 645
92 88 5 5 21 645
92 90 5 1 2 645
92 91 5 4 12 645
92 93 5 6 18 645
92 94 5 3 7 645
93 1 6 2 23 137
93 3 6 3 23 137
93 6 6 6 17 137
93 8 6 4 1 137
93 11 6 4 15 137
93 15 6 6 9 137
93 16 6 2 11 137
93 19 6 2 25 137
93 21 6 4 7 137
93 23 6 5 12 137
93 28 6 4 24 137
93 31 6 3 19 137
93 34 6 6 8 137
93 35 6 4 12 137
93 37 6 6 21 137
93 38 6 2 19 137
93 39 6 5 16 137
93 43 6 6 10 137
93 46 6 2 7 137
93 47 6 1 3 137
93 50 6 5 4 137
93 52 6 1 13 137
93 58 6 3 23 137
93 61 6 1 17 137
93 63 6 4 3 137
93 66 6 2 2 137
93 67 6 4 13 137
93 68 6 2 7 137
93 69 6 4 16 137
93 70 6 6 11 137
93 75 6 6 17 137
93 77 6 3 9 137
93 79 6 1 14 137
93 80 6 1 21 137
93 81 6 4 10 137
93 82 6 4 12 137
93 83 6 3 21 137
93 84 6 6 3 137
93 89 6 6 18 137
93 90 6 1 17 137
93 91 6 4 21 137
93 92 6 5 18 137
94 1 3 2 22 229
94 2 3 5 1 229
94 8 3 4 5 229
94 11 3 4 4 229
94 12 3 6 12 229
94 15 3 6 23 229
94 16 3 2 15 229
94 17 3 1 21 229
94 18 3 5 25 229
94 19 3 2 23 229
94 20 3 1 11 229
94 24 3 4 24 229
94 25 3 6 20 229
94 26 3 6 23 229
94 28 3 4 7 229
94 29 3 2 24 229
94 30 3 3 8 229
94 34 3 6 21 229
94 35 3 4 3 229
94 36 3 3 21 229
94 37 3 6 14 229
94 40 3 5 21 229
94 42 3 4 24 229
94 45 3 1 1 229
94 48 3 2 11 229
94 50 3 5 6 229
94 51 3 1 2 229
94 52 3 1 16 229
94 56 3 4 22 229
94 59 3 2 20 229
94 60 3 5 21 229
94 62 3 6 10 229
94 66 3 2 16 229
94 67 3 4 8 229
94 68 3 2 11 229
94 69 3 4 10 229
94 70 3 6 6 229
94 76 3 6 23 229
94 79 3 1 14 229
94 80 3 1 11 229
94 81 3 4 15 229
94 82 3 4 6 229
94 83 3 3 9 229
94 84 3 6 12 229
94 85 3 5 7 229
94 87 3 6 12 229
94 90 3 1 4 229
94 92 3 5 7 229
94 98 3 2 23 229
95 0 5 4 22 262
95 6 5 6 10 262
95 8 5 4 25 262
95 11 5 4 4 262
95 12 5 6 24 262
95 14 5 5 12 262
95 15 5 6 13 262
95 16 5 2 7 262
95 18 5 5 24 262
95 19 5 2 25 262
95 21 5 4 18 262
95 23 5 5 10 262
95 24 5 4 25 262
95 26 5 6 20 262
95 27 5 4 2 262
95 28 5 4 8 262
95 31 5 3 15 262
95 34 5 6 15 262
95 35 5 4 10 262
95 38 5 2 22 262
95 39 5 5 18 262
95 40 5 5 25 262
95 43 5 6 15 262
95 45 5 1 20 262
95 46 5 2 23 262
95 47 5 1 16 262
95 48 5 2 4 262
95 51 5 1 9 262
95 54 5 4 8 262
95 55 5 6 3 262
95 60 5 5 25 262
95 61 5 1 5 262
95 64 5 5 13 262
95 65 5 5 6 262
95 70 5 6 3 262
95 71 5 6 12 262
95 73 5 5 21 262
95 74 5 2 5 262
95 75 5 6 22 262
95 77 5 3 10 262
95 78 5 4 10 262
95 80 5 1 9 262
95 81 5 4 1 262
95 82 5 4 13 262
95 83 5 3 25 262
95 85 5 5 18 262
95 86 5 1 3 262
95 88 5 5 20 262
95 89 5 6 13 262
95 90 5 1 6 262
95 97 5 1 25 262
95 99 5 1 2 262
96 1 4 2 21 326
96 2 4 5 16 326
96 3 4 3 11 326
96 10 4 3 17 326
96 13 4 6 8 326
96 17 4 1 12 326
96 18 4 5 20 326
96 25 4 6 9 326
96 27 4 4 12 326
96 30 4 3 19 326
96 32 4 6 17 326
96 33 4 3 17 326
96 35 4 4 23 326
96 37 4 6 13 326
96 47 4 1 11 326
96 48 4 2 13 326
96 49 4 2 7 326
96 51 4 1 4 326
96 53 4 2 2 326
96 54 4 4 10 326
96 55 4 6 5 326
96 56 4 4 12 326
96 57 4 5 6 326
96 66 4 2 18 326
96 69 4 4 16 326
96 72 4 5 19 326
96 73 4 5 18 326
96 74 4 2 12 326
96 75 4 6 22 326
96 76 4 6 14 326
96 77 4 3 7 326
96 79 4 1 7 326
96 80 4 1 21 326
96 82 4 4 4 326
96 85 4 5 15 326
96 86 4 1 25 326
96 87 4 6 14 326
96 88 4 5 5 326
96 90 4 1 12 326
96 97 4 1 9 326
96 98 4 2 19 326
97 0 1 4 1 623
97 1 1 2 12 623
97 4 1 3 2 623
97 5 1 1 23 623
97 6 1 6 17 623
97 7 1 4 7 623
97 12 1 6 21 623
97 13 1 6 22 623
97 15 1 6 10 623
97 17 1 1 3 623
97 20 1 1 4 623
97 26 1 6 14 623
97 27 1 4 6 623
97 28 1 4 3 623
97 30 1 3 21 623
97 31 1 3 7 623
97 32 1 6 11 623
97 35 1 4 22 623
97 36 1 3 3 623
97 38 1 2 1 623
97 39 1 5 4 623
97 40 1 5 11 623
97 41 1 1 19 623
97 43 1 6 24 623
97 46 1 2 4 623
97 47 1 1 4 623
97 50 1 5 7 623
97 52 1 1 22 623
97 55 1 6 1 623
97 59 1 2 12 623
97 60 1 5 14 623
97 64 1 5 12 623
97 65 1 5 6 623
97 69 1 4 1 623
97 70 1 6 9 623
97 72 1 5 8 623
97 73 1 5 8 623
97 75 1 6 16 623
97 76 1 6 5 623
97 77 1 3 20 623
97 78 1 4 14 623
97 83 1 3 9 623
97 86 1 1 10 623
97 88 1 5 7 623
97 89 1 6 25 623
97 90 1 1 20 623
97 91 1 4 16 623
97 95 1 5 25 623
97 96 1 4 9 623
97 99 1 1 10 623
98 2 2 5 11 274
98 4 2 3 4 274
98 7 2 4 19 274
98 9 2 3 7 274
98 11 2 4 11 274
98 14 2 5 10 274
98 15 2 6 15 274
98 18 2 5 20 274
98 20 2 1 9 274
98 23 2 5 9 274
98 24 2 4 16 274
98 25 2 6 7 274
98 26 2 6 1 274
98 32 2 6 1 274
98 33 2 3 7 274
98 34 2 6 15 274
98 35 2 4 5 274
98 36 2 3 8 274
98 38 2 2 16 274
98 40 2 5 15 274
98 41 2 1 13 274
98 42 2 4 12 274
98 45 2 1 6 274
98 50 2 5 24 274
98 51 2 1 15 274
98 53 2 2 6 274
98 54 2 4 9 274
98 55 2 6 10 274
98 56 2 4 2 274
98 57 2 5 7 274
98 60 2 5 3 274
98 62 2 6 9 274
98 64 2 5 1 274
98 66 2 2 2 274
98 67 2 4 2 274
98 68 2 2 12 274
98 69 2 4 13 274
98 70 2 6 16 274
98 71 2 6 1 274
98 74 2 2 24 274
98 79 2 1 17 274
98 80 2 1 4 274
98 82 2 4 23 274
98 83 2 3 12 274
98 89 2 6 4 274
98 94 2 3 23 274
98 96 2 4 19 274
99 0 1 4 24 702
99 1 1 2 3 702
99 3 1 3 4 702
99 4 1 3 5 702
99 6 1 6 19 702
99 9 1 3 22 702
99 11 1 4 8 702
99 12 1 6 25 702
99 13 1 6 7 702
99 14 1 5 22 702
99 16 1 2 25 702
99 17 1 1 16 702
99 22 1 4 11 702
99 23 1 5 24 702
99 24 1 4 10 702
99 27 1 4 4 702
99 32 1 6 19 702
99 33 1 3 17 702
99 34 1 6 12 702
99 35 1 4 14 702
99 37 1 6 21 702
99 38 1 2 1 702
99 40 1 5 14 702
99 42 1 4 4 702
99 43 1 6 19 702
99 44 1 6 16 702
99 46 1 2 9 702
99 47 1 1 4 702
99 48 1 2 19 702
99 49 1 2 23 702
99 50 1 5 6 702
99 52 1 1 7 702
99 53 1 2 16 702
99 58 1 3 24 702
99 60 1 5 25 702
99 61 1 1 22 702
99 64 1 5 2 702
99 65 1 5 8 702
99 72 1 5 3 702
99 74 1 2 1 702
99 75 1 6 16 702
99 76 1 6 22 702
99 77 1 3 23 702
99 78 1 4 15 702
99 79 1 1 18 702
99 83 1 3 14 702
99 84 1 6 25 702
99 85 1 5 19 702
99 87 1 6 18 702
99 95 1 5 2 702
99 97 1 1 10 702
