capacity  cost_by_node
nb_functions 8
32 58 62 98 32 89 63 19 98 32 100 10 74 94 78 85 52 31 14 67 15 82 83 58 20 87 38 82 78 65 92 78 46 86 30 74 16 61 67 51 40 39 83 56 44 20 24 89 27 50 30 84 61 75 75 45 89 34 77 11 51 72 33 10 98 84 24 22 59 67 86 35 34 42 79 58 90 41 55 66 49 94 86 37 61 65 31 42 43 71 39 47 14 32 34 29 28 77 60 15 21 
21 100 78 37 97 86 34 66 41 41 48 40 11 59 75 94 75 18 37 70 37 74 52 68 39 21 97 50 36 63 31 100 12 70 21 62 18 39 27 70 11 69 77 42 98 54 91 65 11 27 97 21 100 36 16 39 16 55 51 23 49 47 93 21 41 24 57 92 84 24 34 50 54 40 30 85 71 90 42 84 81 45 63 11 28 89 62 35 35 52 94 96 99 50 14 73 29 17 12 15 63 
33 15 16 51 45 71 21 69 72 69 97 93 81 84 40 23 97 24 91 36 97 62 47 39 28 25 24 68 100 72 49 43 63 34 72 98 96 97 20 76 15 36 80 19 40 43 43 82 82 19 49 15 38 21 63 12 84 81 44 20 44 78 88 62 74 64 40 25 25 40 85 23 74 34 46 80 96 76 45 80 42 66 25 19 55 16 29 67 81 69 47 94 81 25 90 96 59 47 73 43 60 
16 39 74 48 95 94 60 97 72 71 53 10 95 43 33 73 60 59 40 10 91 41 86 83 48 63 67 37 52 62 62 41 72 66 66 84 37 57 44 87 81 85 48 96 92 14 26 78 94 27 91 92 27 51 82 93 62 74 36 45 40 57 87 90 84 36 43 42 48 30 20 74 30 10 77 97 17 11 67 13 20 89 66 76 29 81 79 46 64 20 23 51 95 42 91 26 68 42 11 41 95 
19 91 59 36 75 24 73 52 48 64 60 25 10 86 74 55 75 47 57 75 100 96 11 45 79 94 85 82 22 69 30 46 99 88 14 54 56 52 99 80 21 11 25 33 25 42 85 37 21 88 38 12 41 93 71 76 28 73 20 88 42 98 10 21 27 59 65 90 39 61 42 22 17 82 14 86 100 70 79 63 82 29 39 40 62 36 14 39 28 65 64 99 93 45 51 52 71 71 21 44 43 
28 65 15 27 58 62 12 20 12 66 85 33 56 54 58 48 48 86 58 85 85 38 80 47 85 91 40 80 30 51 70 71 80 78 22 56 74 77 17 78 85 22 51 88 97 25 28 75 68 54 10 86 38 24 95 85 44 23 38 61 46 43 71 64 70 37 74 21 20 55 100 17 11 11 20 42 66 55 35 32 56 51 55 89 64 41 34 18 84 70 14 93 14 35 86 49 29 81 53 30 55 
17 56 86 52 33 59 68 56 80 16 33 27 43 75 90 76 60 66 44 90 43 53 89 59 32 97 19 37 100 96 46 45 65 75 58 36 61 55 62 98 15 89 72 24 71 13 98 89 99 90 81 51 95 73 21 81 78 57 31 65 81 97 24 45 95 33 80 89 51 100 37 58 32 18 37 44 63 64 75 34 60 43 64 15 12 66 80 22 95 11 21 69 80 17 92 54 32 85 47 78 17 
20 10 15 46 40 12 94 53 86 66 79 45 43 92 89 29 72 28 97 94 64 60 61 28 12 93 14 75 39 74 43 96 53 60 11 33 20 60 17 54 66 55 22 28 78 28 96 29 29 36 70 40 66 13 66 60 21 34 30 58 26 20 99 18 90 39 92 80 80 35 31 62 18 35 83 11 63 13 81 93 78 45 56 96 18 21 15 61 52 83 86 22 92 73 21 47 93 69 49 24 69 
