Node_1 Node_2 Capacity_node1 Capacity_node2 Latency_arc node_cost
nb_nodes 100
nb_arcs 4954
0 1 5 4 9 230
0 2 5 2 1 230
0 5 5 3 14 230
0 8 5 5 7 230
0 11 5 3 16 230
0 13 5 1 17 230
0 17 5 5 16 230
0 19 5 2 14 230
0 22 5 1 2 230
0 23 5 5 17 230
0 25 5 5 17 230
0 32 5 5 9 230
0 33 5 3 20 230
0 34 5 1 7 230
0 35 5 2 13 230
0 37 5 1 21 230
0 38 5 5 16 230
0 39 5 3 12 230
0 40 5 1 18 230
0 41 5 4 8 230
0 42 5 5 16 230
0 45 5 4 14 230
0 47 5 2 18 230
0 50 5 5 14 230
0 53 5 5 12 230
0 55 5 4 9 230
0 56 5 3 3 230
0 57 5 4 22 230
0 60 5 5 4 230
0 61 5 2 18 230
0 63 5 2 8 230
0 65 5 1 11 230
0 67 5 4 13 230
0 68 5 4 10 230
0 70 5 2 16 230
0 71 5 1 19 230
0 74 5 3 18 230
0 75 5 4 25 230
0 76 5 2 2 230
0 79 5 5 5 230
0 80 5 5 3 230
0 82 5 1 3 230
0 84 5 3 25 230
0 87 5 1 2 230
0 88 5 4 7 230
0 89 5 4 1 230
0 91 5 2 20 230
0 92 5 4 3 230
0 93 5 3 15 230
0 94 5 1 5 230
0 95 5 1 9 230
1 0 4 5 9 195
1 3 4 3 25 195
1 4 4 1 14 195
1 6 4 3 4 195
1 7 4 4 13 195
1 8 4 5 13 195
1 9 4 4 7 195
1 11 4 3 24 195
1 12 4 1 15 195
1 15 4 4 18 195
1 17 4 5 21 195
1 18 4 4 17 195
1 19 4 2 22 195
1 20 4 3 24 195
1 21 4 3 3 195
1 24 4 3 9 195
1 25 4 5 11 195
1 27 4 5 10 195
1 31 4 3 13 195
1 35 4 2 1 195
1 37 4 1 2 195
1 38 4 5 13 195
1 39 4 3 5 195
1 41 4 4 11 195
1 43 4 2 3 195
1 44 4 4 25 195
1 45 4 4 13 195
1 48 4 2 7 195
1 50 4 5 5 195
1 51 4 1 3 195
1 52 4 4 2 195
1 53 4 5 21 195
1 55 4 4 7 195
1 59 4 4 9 195
1 64 4 4 3 195
1 71 4 1 12 195
1 72 4 2 3 195
1 74 4 3 8 195
1 77 4 4 25 195
1 80 4 5 1 195
1 81 4 4 24 195
1 82 4 1 1 195
1 83 4 4 25 195
1 84 4 3 1 195
1 88 4 4 2 195
1 91 4 2 17 195
1 93 4 3 9 195
1 98 4 3 20 195
1 99 4 1 18 195
2 0 2 5 1 102
2 3 2 3 4 102
2 4 2 1 6 102
2 6 2 3 23 102
2 7 2 4 12 102
2 9 2 4 4 102
2 12 2 1 18 102
2 13 2 1 5 102
2 15 2 4 9 102
2 16 2 3 17 102
2 18 2 4 1 102
2 20 2 3 18 102
2 21 2 3 25 102
2 22 2 1 4 102
2 23 2 5 6 102
2 24 2 3 20 102
2 30 2 3 16 102
2 31 2 3 1 102
2 33 2 3 18 102
2 34 2 1 22 102
2 37 2 1 20 102
2 38 2 5 7 102
2 39 2 3 6 102
2 40 2 1 21 102
2 44 2 4 16 102
2 45 2 4 3 102
2 47 2 2 7 102
2 48 2 2 15 102
2 50 2 5 19 102
2 54 2 5 25 102
2 55 2 4 20 102
2 56 2 3 15 102
2 58 2 3 18 102
2 62 2 1 21 102
2 63 2 2 23 102
2 65 2 1 13 102
2 66 2 1 5 102
2 70 2 2 6 102
2 73 2 2 8 102
2 75 2 4 12 102
2 77 2 4 7 102
2 84 2 3 3 102
2 85 2 5 24 102
2 86 2 5 15 102
2 90 2 1 23 102
2 92 2 4 19 102
2 93 2 3 25 102
2 97 2 4 18 102
3 1 3 4 25 722
3 2 3 2 4 722
3 5 3 3 22 722
3 9 3 4 25 722
3 11 3 3 23 722
3 14 3 3 19 722
3 15 3 4 15 722
3 17 3 5 1 722
3 19 3 2 17 722
3 22 3 1 14 722
3 24 3 3 21 722
3 25 3 5 6 722
3 28 3 5 6 722
3 29 3 5 7 722
3 30 3 3 14 722
3 35 3 2 14 722
3 36 3 3 22 722
3 38 3 5 4 722
3 39 3 3 1 722
3 40 3 1 12 722
3 42 3 5 15 722
3 44 3 4 3 722
3 45 3 4 5 722
3 49 3 3 4 722
3 52 3 4 16 722
3 55 3 4 18 722
3 57 3 4 21 722
3 59 3 4 1 722
3 63 3 2 21 722
3 64 3 4 12 722
3 67 3 4 23 722
3 68 3 4 9 722
3 71 3 1 17 722
3 73 3 2 23 722
3 75 3 4 9 722
3 76 3 2 10 722
3 77 3 4 24 722
3 80 3 5 2 722
3 81 3 4 11 722
3 84 3 3 23 722
3 89 3 4 8 722
3 90 3 1 3 722
3 96 3 1 8 722
3 98 3 3 9 722
3 99 3 1 1 722
4 1 1 4 14 354
4 2 1 2 6 354
4 9 1 4 24 354
4 11 1 3 6 354
4 13 1 1 10 354
4 14 1 3 7 354
4 15 1 4 3 354
4 16 1 3 6 354
4 18 1 4 23 354
4 20 1 3 19 354
4 21 1 3 2 354
4 22 1 1 8 354
4 26 1 5 20 354
4 27 1 5 22 354
4 28 1 5 3 354
4 33 1 3 23 354
4 35 1 2 4 354
4 36 1 3 21 354
4 37 1 1 23 354
4 38 1 5 17 354
4 40 1 1 13 354
4 41 1 4 4 354
4 44 1 4 18 354
4 47 1 2 15 354
4 48 1 2 17 354
4 51 1 1 6 354
4 52 1 4 6 354
4 54 1 5 14 354
4 56 1 3 17 354
4 57 1 4 5 354
4 61 1 2 1 354
4 63 1 2 12 354
4 64 1 4 6 354
4 66 1 1 1 354
4 67 1 4 13 354
4 68 1 4 4 354
4 69 1 1 17 354
4 70 1 2 22 354
4 71 1 1 25 354
4 72 1 2 20 354
4 73 1 2 24 354
4 75 1 4 22 354
4 76 1 2 8 354
4 78 1 2 1 354
4 79 1 5 8 354
4 82 1 1 20 354
4 83 1 4 10 354
4 85 1 5 21 354
4 87 1 1 1 354
4 89 1 4 9 354
4 90 1 1 22 354
4 91 1 2 14 354
4 93 1 3 14 354
4 94 1 1 6 354
4 98 1 3 10 354
5 0 3 5 14 182
5 3 3 3 22 182
5 6 3 3 18 182
5 9 3 4 16 182
5 11 3 3 9 182
5 12 3 1 5 182
5 13 3 1 3 182
5 14 3 3 21 182
5 16 3 3 7 182
5 20 3 3 3 182
5 21 3 3 25 182
5 23 3 5 24 182
5 24 3 3 19 182
5 26 3 5 17 182
5 28 3 5 7 182
5 29 3 5 25 182
5 30 3 3 16 182
5 31 3 3 5 182
5 32 3 5 3 182
5 34 3 1 20 182
5 37 3 1 20 182
5 41 3 4 18 182
5 42 3 5 18 182
5 44 3 4 17 182
5 47 3 2 24 182
5 50 3 5 14 182
5 53 3 5 6 182
5 54 3 5 1 182
5 55 3 4 22 182
5 57 3 4 14 182
5 59 3 4 17 182
5 61 3 2 9 182
5 62 3 1 11 182
5 67 3 4 10 182
5 74 3 3 3 182
5 76 3 2 13 182
5 81 3 4 4 182
5 82 3 1 2 182
5 86 3 5 1 182
5 89 3 4 9 182
5 90 3 1 9 182
5 91 3 2 12 182
5 94 3 1 18 182
5 95 3 1 12 182
5 96 3 1 13 182
5 99 3 1 16 182
6 1 3 4 4 514
6 2 3 2 23 514
6 5 3 3 18 514
6 10 3 4 23 514
6 13 3 1 8 514
6 19 3 2 1 514
6 22 3 1 9 514
6 24 3 3 25 514
6 25 3 5 9 514
6 29 3 5 24 514
6 32 3 5 12 514
6 34 3 1 5 514
6 36 3 3 3 514
6 37 3 1 10 514
6 39 3 3 16 514
6 40 3 1 7 514
6 43 3 2 22 514
6 44 3 4 15 514
6 47 3 2 6 514
6 48 3 2 20 514
6 49 3 3 4 514
6 51 3 1 18 514
6 52 3 4 7 514
6 54 3 5 19 514
6 58 3 3 11 514
6 59 3 4 3 514
6 61 3 2 18 514
6 62 3 1 9 514
6 65 3 1 10 514
6 67 3 4 14 514
6 68 3 4 19 514
6 69 3 1 5 514
6 70 3 2 8 514
6 74 3 3 6 514
6 75 3 4 4 514
6 76 3 2 13 514
6 77 3 4 23 514
6 78 3 2 12 514
6 81 3 4 16 514
6 83 3 4 14 514
6 84 3 3 20 514
6 86 3 5 11 514
6 88 3 4 22 514
6 92 3 4 8 514
6 94 3 1 24 514
6 98 3 3 22 514
6 99 3 1 23 514
7 1 4 4 13 544
7 2 4 2 12 544
7 12 4 1 12 544
7 13 4 1 5 544
7 15 4 4 18 544
7 16 4 3 2 544
7 19 4 2 5 544
7 21 4 3 15 544
7 22 4 1 1 544
7 25 4 5 12 544
7 27 4 5 24 544
7 28 4 5 9 544
7 33 4 3 19 544
7 34 4 1 5 544
7 36 4 3 11 544
7 38 4 5 6 544
7 42 4 5 21 544
7 43 4 2 17 544
7 44 4 4 5 544
7 45 4 4 2 544
7 46 4 5 16 544
7 47 4 2 16 544
7 48 4 2 20 544
7 49 4 3 5 544
7 51 4 1 16 544
7 53 4 5 25 544
7 57 4 4 24 544
7 58 4 3 5 544
7 61 4 2 14 544
7 65 4 1 1 544
7 68 4 4 23 544
7 69 4 1 10 544
7 72 4 2 21 544
7 73 4 2 5 544
7 74 4 3 4 544
7 76 4 2 11 544
7 77 4 4 5 544
7 78 4 2 24 544
7 81 4 4 10 544
7 82 4 1 18 544
7 87 4 1 22 544
7 90 4 1 3 544
7 95 4 1 24 544
7 99 4 1 3 544
8 0 5 5 7 401
8 1 5 4 13 401
8 9 5 4 17 401
8 10 5 4 10 401
8 11 5 3 23 401
8 15 5 4 9 401
8 20 5 3 22 401
8 22 5 1 21 401
8 24 5 3 11 401
8 25 5 5 4 401
8 26 5 5 25 401
8 27 5 5 6 401
8 29 5 5 5 401
8 31 5 3 6 401
8 32 5 5 21 401
8 33 5 3 23 401
8 36 5 3 25 401
8 37 5 1 1 401
8 43 5 2 22 401
8 44 5 4 12 401
8 45 5 4 20 401
8 46 5 5 5 401
8 48 5 2 4 401
8 50 5 5 11 401
8 51 5 1 9 401
8 52 5 4 3 401
8 56 5 3 25 401
8 57 5 4 4 401
8 58 5 3 19 401
8 60 5 5 23 401
8 61 5 2 7 401
8 64 5 4 16 401
8 65 5 1 9 401
8 66 5 1 25 401
8 67 5 4 8 401
8 72 5 2 10 401
8 76 5 2 25 401
8 77 5 4 9 401
8 79 5 5 23 401
8 81 5 4 1 401
8 84 5 3 15 401
8 86 5 5 16 401
8 87 5 1 18 401
8 89 5 4 3 401
8 93 5 3 9 401
8 95 5 1 2 401
8 97 5 4 2 401
8 99 5 1 10 401
9 1 4 4 7 230
9 2 4 2 4 230
9 3 4 3 25 230
9 4 4 1 24 230
9 5 4 3 16 230
9 8 4 5 17 230
9 10 4 4 12 230
9 14 4 3 7 230
9 15 4 4 21 230
9 16 4 3 7 230
9 19 4 2 10 230
9 21 4 3 5 230
9 22 4 1 19 230
9 23 4 5 11 230
9 24 4 3 21 230
9 25 4 5 12 230
9 27 4 5 8 230
9 28 4 5 15 230
9 29 4 5 15 230
9 31 4 3 11 230
9 35 4 2 24 230
9 36 4 3 2 230
9 39 4 3 6 230
9 41 4 4 9 230
9 43 4 2 3 230
9 44 4 4 4 230
9 45 4 4 7 230
9 47 4 2 11 230
9 48 4 2 9 230
9 49 4 3 23 230
9 51 4 1 23 230
9 55 4 4 21 230
9 56 4 3 3 230
9 57 4 4 11 230
9 59 4 4 8 230
9 60 4 5 23 230
9 63 4 2 1 230
9 64 4 4 2 230
9 65 4 1 4 230
9 67 4 4 23 230
9 70 4 2 13 230
9 77 4 4 9 230
9 78 4 2 4 230
9 80 4 5 15 230
9 81 4 4 7 230
9 82 4 1 24 230
9 83 4 4 5 230
9 85 4 5 25 230
9 86 4 5 12 230
9 87 4 1 5 230
9 88 4 4 7 230
9 90 4 1 4 230
9 97 4 4 2 230
9 99 4 1 10 230
10 6 4 3 23 170
10 8 4 5 10 170
10 9 4 4 12 170
10 11 4 3 5 170
10 12 4 1 1 170
10 14 4 3 13 170
10 18 4 4 13 170
10 20 4 3 10 170
10 21 4 3 2 170
10 23 4 5 13 170
10 24 4 3 7 170
10 26 4 5 8 170
10 27 4 5 9 170
10 32 4 5 15 170
10 33 4 3 7 170
10 35 4 2 10 170
10 37 4 1 17 170
10 38 4 5 24 170
10 41 4 4 14 170
10 43 4 2 4 170
10 45 4 4 4 170
10 46 4 5 16 170
10 47 4 2 6 170
10 48 4 2 14 170
10 50 4 5 20 170
10 54 4 5 10 170
10 55 4 4 16 170
10 56 4 3 7 170
10 58 4 3 9 170
10 59 4 4 5 170
10 60 4 5 10 170
10 61 4 2 18 170
10 62 4 1 11 170
10 63 4 2 24 170
10 64 4 4 14 170
10 66 4 1 11 170
10 67 4 4 18 170
10 68 4 4 5 170
10 70 4 2 7 170
10 71 4 1 7 170
10 72 4 2 3 170
10 74 4 3 1 170
10 77 4 4 10 170
10 78 4 2 25 170
10 80 4 5 15 170
10 83 4 4 3 170
10 84 4 3 9 170
10 90 4 1 23 170
10 91 4 2 3 170
10 92 4 4 10 170
10 93 4 3 21 170
10 94 4 1 4 170
10 97 4 4 12 170
11 0 3 5 16 929
11 1 3 4 24 929
11 3 3 3 23 929
11 4 3 1 6 929
11 5 3 3 9 929
11 8 3 5 23 929
11 10 3 4 5 929
11 13 3 1 17 929
11 14 3 3 25 929
11 15 3 4 12 929
11 16 3 3 4 929
11 18 3 4 21 929
11 20 3 3 19 929
11 21 3 3 20 929
11 22 3 1 12 929
11 26 3 5 5 929
11 28 3 5 4 929
11 30 3 3 6 929
11 31 3 3 18 929
11 33 3 3 15 929
11 34 3 1 15 929
11 36 3 3 2 929
11 40 3 1 19 929
11 42 3 5 7 929
11 43 3 2 13 929
11 44 3 4 8 929
11 50 3 5 24 929
11 51 3 1 16 929
11 56 3 3 10 929
11 58 3 3 6 929
11 60 3 5 2 929
11 61 3 2 22 929
11 62 3 1 23 929
11 66 3 1 15 929
11 67 3 4 8 929
11 69 3 1 16 929
11 70 3 2 23 929
11 72 3 2 1 929
11 79 3 5 1 929
11 82 3 1 13 929
11 84 3 3 11 929
11 85 3 5 9 929
11 90 3 1 1 929
11 91 3 2 21 929
11 92 3 4 17 929
11 93 3 3 10 929
11 94 3 1 23 929
11 95 3 1 20 929
11 97 3 4 8 929
11 99 3 1 21 929
12 1 1 4 15 853
12 2 1 2 18 853
12 5 1 3 5 853
12 7 1 4 12 853
12 10 1 4 1 853
12 16 1 3 16 853
12 17 1 5 8 853
12 20 1 3 3 853
12 21 1 3 20 853
12 22 1 1 6 853
12 23 1 5 19 853
12 29 1 5 6 853
12 30 1 3 4 853
12 32 1 5 19 853
12 34 1 1 25 853
12 35 1 2 5 853
12 37 1 1 19 853
12 42 1 5 6 853
12 44 1 4 3 853
12 45 1 4 5 853
12 46 1 5 18 853
12 47 1 2 22 853
12 48 1 2 1 853
12 53 1 5 8 853
12 55 1 4 8 853
12 57 1 4 9 853
12 60 1 5 4 853
12 61 1 2 2 853
12 63 1 2 5 853
12 65 1 1 7 853
12 67 1 4 8 853
12 68 1 4 8 853
12 70 1 2 13 853
12 73 1 2 13 853
12 75 1 4 3 853
12 79 1 5 8 853
12 80 1 5 15 853
12 81 1 4 23 853
12 82 1 1 15 853
12 83 1 4 21 853
12 85 1 5 7 853
12 87 1 1 8 853
12 89 1 4 20 853
12 90 1 1 4 853
12 92 1 4 15 853
12 93 1 3 5 853
12 97 1 4 17 853
12 98 1 3 13 853
13 0 1 5 17 892
13 2 1 2 5 892
13 4 1 1 10 892
13 5 1 3 3 892
13 6 1 3 8 892
13 7 1 4 5 892
13 11 1 3 17 892
13 16 1 3 16 892
13 17 1 5 12 892
13 23 1 5 2 892
13 25 1 5 19 892
13 26 1 5 21 892
13 28 1 5 23 892
13 31 1 3 25 892
13 34 1 1 12 892
13 36 1 3 15 892
13 37 1 1 14 892
13 39 1 3 5 892
13 40 1 1 8 892
13 45 1 4 23 892
13 46 1 5 20 892
13 48 1 2 9 892
13 49 1 3 20 892
13 51 1 1 16 892
13 52 1 4 11 892
13 54 1 5 7 892
13 62 1 1 3 892
13 67 1 4 20 892
13 68 1 4 9 892
13 69 1 1 8 892
13 71 1 1 1 892
13 72 1 2 19 892
13 76 1 2 1 892
13 80 1 5 25 892
13 82 1 1 7 892
13 85 1 5 22 892
13 86 1 5 24 892
13 89 1 4 4 892
13 90 1 1 4 892
13 93 1 3 11 892
13 96 1 1 9 892
14 3 3 3 19 868
14 4 3 1 7 868
14 5 3 3 21 868
14 9 3 4 7 868
14 10 3 4 13 868
14 11 3 3 25 868
14 20 3 3 14 868
14 22 3 1 16 868
14 26 3 5 17 868
14 27 3 5 25 868
14 28 3 5 10 868
14 30 3 3 25 868
14 32 3 5 15 868
14 33 3 3 25 868
14 35 3 2 5 868
14 36 3 3 24 868
14 37 3 1 12 868
14 39 3 3 5 868
14 40 3 1 3 868
14 43 3 2 2 868
14 45 3 4 25 868
14 48 3 2 5 868
14 49 3 3 18 868
14 51 3 1 4 868
14 54 3 5 3 868
14 58 3 3 7 868
14 61 3 2 20 868
14 62 3 1 2 868
14 66 3 1 4 868
14 68 3 4 10 868
14 69 3 1 20 868
14 73 3 2 20 868
14 74 3 3 8 868
14 75 3 4 3 868
14 76 3 2 1 868
14 80 3 5 11 868
14 81 3 4 8 868
14 84 3 3 19 868
14 85 3 5 3 868
14 87 3 1 21 868
14 88 3 4 12 868
14 89 3 4 24 868
14 91 3 2 22 868
14 92 3 4 23 868
14 93 3 3 14 868
14 94 3 1 6 868
14 96 3 1 11 868
14 97 3 4 10 868
14 99 3 1 19 868
15 1 4 4 18 430
15 2 4 2 9 430
15 3 4 3 15 430
15 4 4 1 3 430
15 7 4 4 18 430
15 8 4 5 9 430
15 9 4 4 21 430
15 11 4 3 12 430
15 16 4 3 3 430
15 18 4 4 3 430
15 19 4 2 22 430
15 20 4 3 19 430
15 22 4 1 3 430
15 24 4 3 18 430
15 25 4 5 11 430
15 27 4 5 19 430
15 29 4 5 20 430
15 31 4 3 19 430
15 33 4 3 7 430
15 34 4 1 1 430
15 36 4 3 1 430
15 37 4 1 24 430
15 38 4 5 6 430
15 40 4 1 23 430
15 41 4 4 17 430
15 43 4 2 18 430
15 44 4 4 10 430
15 45 4 4 17 430
15 47 4 2 6 430
15 48 4 2 20 430
15 51 4 1 7 430
15 52 4 4 17 430
15 53 4 5 16 430
15 57 4 4 21 430
15 63 4 2 25 430
15 64 4 4 5 430
15 65 4 1 12 430
15 66 4 1 19 430
15 67 4 4 25 430
15 68 4 4 12 430
15 69 4 1 21 430
15 70 4 2 13 430
15 74 4 3 8 430
15 78 4 2 1 430
15 82 4 1 15 430
15 86 4 5 22 430
15 89 4 4 19 430
15 96 4 1 13 430
15 98 4 3 19 430
15 99 4 1 11 430
16 2 3 2 17 909
16 4 3 1 6 909
16 5 3 3 7 909
16 7 3 4 2 909
16 9 3 4 7 909
16 11 3 3 4 909
16 12 3 1 16 909
16 13 3 1 16 909
16 15 3 4 3 909
16 17 3 5 14 909
16 21 3 3 8 909
16 23 3 5 20 909
16 25 3 5 24 909
16 26 3 5 5 909
16 28 3 5 14 909
16 33 3 3 7 909
16 38 3 5 23 909
16 39 3 3 9 909
16 40 3 1 20 909
16 41 3 4 25 909
16 42 3 5 14 909
16 44 3 4 13 909
16 46 3 5 6 909
16 48 3 2 5 909
16 50 3 5 8 909
16 52 3 4 9 909
16 54 3 5 11 909
16 57 3 4 22 909
16 58 3 3 14 909
16 59 3 4 3 909
16 60 3 5 21 909
16 63 3 2 6 909
16 65 3 1 4 909
16 66 3 1 18 909
16 70 3 2 17 909
16 71 3 1 12 909
16 72 3 2 23 909
16 74 3 3 25 909
16 75 3 4 15 909
16 77 3 4 25 909
16 78 3 2 24 909
16 79 3 5 13 909
16 82 3 1 23 909
16 84 3 3 24 909
16 86 3 5 16 909
16 89 3 4 20 909
16 90 3 1 3 909
16 91 3 2 12 909
16 92 3 4 7 909
16 93 3 3 4 909
16 94 3 1 23 909
16 96 3 1 23 909
16 98 3 3 16 909
17 0 5 5 16 245
17 1 5 4 21 245
17 3 5 3 1 245
17 12 5 1 8 245
17 13 5 1 12 245
17 16 5 3 14 245
17 18 5 4 13 245
17 20 5 3 14 245
17 21 5 3 3 245
17 26 5 5 17 245
17 29 5 5 7 245
17 31 5 3 8 245
17 32 5 5 16 245
17 33 5 3 14 245
17 35 5 2 17 245
17 37 5 1 7 245
17 41 5 4 5 245
17 43 5 2 6 245
17 46 5 5 22 245
17 48 5 2 1 245
17 49 5 3 25 245
17 53 5 5 24 245
17 55 5 4 12 245
17 56 5 3 10 245
17 57 5 4 2 245
17 58 5 3 23 245
17 60 5 5 23 245
17 61 5 2 7 245
17 62 5 1 18 245
17 65 5 1 14 245
17 68 5 4 8 245
17 70 5 2 16 245
17 73 5 2 24 245
17 75 5 4 3 245
17 76 5 2 10 245
17 77 5 4 2 245
17 78 5 2 13 245
17 81 5 4 9 245
17 83 5 4 20 245
17 86 5 5 23 245
17 87 5 1 9 245
17 88 5 4 19 245
17 91 5 2 22 245
17 92 5 4 13 245
17 94 5 1 19 245
17 96 5 1 16 245
17 98 5 3 10 245
18 1 4 4 17 907
18 2 4 2 1 907
18 4 4 1 23 907
18 10 4 4 13 907
18 11 4 3 21 907
18 15 4 4 3 907
18 17 4 5 13 907
18 22 4 1 8 907
18 23 4 5 25 907
18 26 4 5 8 907
18 29 4 5 9 907
18 31 4 3 21 907
18 35 4 2 9 907
18 38 4 5 11 907
18 39 4 3 21 907
18 40 4 1 16 907
18 41 4 4 6 907
18 42 4 5 5 907
18 44 4 4 14 907
18 45 4 4 20 907
18 47 4 2 19 907
18 49 4 3 20 907
18 50 4 5 9 907
18 51 4 1 7 907
18 52 4 4 14 907
18 56 4 3 8 907
18 60 4 5 4 907
18 63 4 2 24 907
18 64 4 4 25 907
18 65 4 1 15 907
18 74 4 3 9 907
18 76 4 2 23 907
18 77 4 4 25 907
18 78 4 2 15 907
18 80 4 5 10 907
18 81 4 4 10 907
18 83 4 4 13 907
18 85 4 5 12 907
18 87 4 1 23 907
18 88 4 4 13 907
18 89 4 4 8 907
18 91 4 2 19 907
18 92 4 4 14 907
18 93 4 3 9 907
18 95 4 1 13 907
18 96 4 1 16 907
18 97 4 4 7 907
18 98 4 3 3 907
19 0 2 5 14 865
19 1 2 4 22 865
19 3 2 3 17 865
19 6 2 3 1 865
19 7 2 4 5 865
19 9 2 4 10 865
19 15 2 4 22 865
19 22 2 1 1 865
19 23 2 5 22 865
19 25 2 5 13 865
19 28 2 5 18 865
19 32 2 5 24 865
19 33 2 3 18 865
19 35 2 2 19 865
19 36 2 3 14 865
19 37 2 1 12 865
19 38 2 5 16 865
19 39 2 3 7 865
19 40 2 1 15 865
19 42 2 5 8 865
19 43 2 2 1 865
19 44 2 4 16 865
19 46 2 5 20 865
19 47 2 2 22 865
19 51 2 1 15 865
19 56 2 3 17 865
19 57 2 4 21 865
19 58 2 3 22 865
19 60 2 5 21 865
19 61 2 2 23 865
19 62 2 1 24 865
19 64 2 4 23 865
19 66 2 1 12 865
19 67 2 4 25 865
19 68 2 4 17 865
19 73 2 2 13 865
19 74 2 3 22 865
19 76 2 2 15 865
19 77 2 4 6 865
19 78 2 2 16 865
19 82 2 1 13 865
19 85 2 5 11 865
19 86 2 5 20 865
19 87 2 1 1 865
19 90 2 1 23 865
19 92 2 4 13 865
19 94 2 1 14 865
19 95 2 1 1 865
19 96 2 1 24 865
19 97 2 4 2 865
19 98 2 3 5 865
20 1 3 4 24 416
20 2 3 2 18 416
20 4 3 1 19 416
20 5 3 3 3 416
20 8 3 5 22 416
20 10 3 4 10 416
20 11 3 3 19 416
20 12 3 1 3 416
20 14 3 3 14 416
20 15 3 4 19 416
20 17 3 5 14 416
20 23 3 5 20 416
20 27 3 5 2 416
20 31 3 3 6 416
20 33 3 3 9 416
20 34 3 1 3 416
20 35 3 2 5 416
20 38 3 5 8 416
20 40 3 1 4 416
20 43 3 2 5 416
20 44 3 4 19 416
20 46 3 5 5 416
20 49 3 3 25 416
20 51 3 1 15 416
20 53 3 5 13 416
20 54 3 5 20 416
20 55 3 4 14 416
20 61 3 2 15 416
20 64 3 4 10 416
20 65 3 1 8 416
20 66 3 1 14 416
20 67 3 4 16 416
20 70 3 2 5 416
20 73 3 2 7 416
20 74 3 3 6 416
20 75 3 4 22 416
20 79 3 5 6 416
20 81 3 4 7 416
20 83 3 4 18 416
20 85 3 5 10 416
20 90 3 1 5 416
20 91 3 2 15 416
20 95 3 1 6 416
20 96 3 1 24 416
20 97 3 4 8 416
20 98 3 3 15 416
21 1 3 4 3 446
21 2 3 2 25 446
21 4 3 1 2 446
21 5 3 3 25 446
21 7 3 4 15 446
21 9 3 4 5 446
21 10 3 4 2 446
21 11 3 3 20 446
21 12 3 1 20 446
21 16 3 3 8 446
21 17 3 5 3 446
21 24 3 3 18 446
21 29 3 5 8 446
21 31 3 3 7 446
21 34 3 1 22 446
21 35 3 2 25 446
21 36 3 3 9 446
21 38 3 5 1 446
21 40 3 1 1 446
21 42 3 5 24 446
21 47 3 2 20 446
21 48 3 2 17 446
21 50 3 5 17 446
21 51 3 1 8 446
21 52 3 4 4 446
21 55 3 4 8 446
21 57 3 4 22 446
21 60 3 5 24 446
21 63 3 2 7 446
21 64 3 4 4 446
21 65 3 1 19 446
21 67 3 4 5 446
21 68 3 4 10 446
21 72 3 2 25 446
21 73 3 2 6 446
21 74 3 3 18 446
21 75 3 4 23 446
21 76 3 2 17 446
21 77 3 4 19 446
21 78 3 2 12 446
21 79 3 5 18 446
21 80 3 5 9 446
21 81 3 4 17 446
21 83 3 4 10 446
21 86 3 5 6 446
21 88 3 4 14 446
21 89 3 4 11 446
21 90 3 1 21 446
21 91 3 2 1 446
21 93 3 3 7 446
21 98 3 3 11 446
22 0 1 5 2 139
22 2 1 2 4 139
22 3 1 3 14 139
22 4 1 1 8 139
22 6 1 3 9 139
22 7 1 4 1 139
22 8 1 5 21 139
22 9 1 4 19 139
22 11 1 3 12 139
22 12 1 1 6 139
22 14 1 3 16 139
22 15 1 4 3 139
22 18 1 4 8 139
22 19 1 2 1 139
22 23 1 5 17 139
22 24 1 3 4 139
22 25 1 5 24 139
22 27 1 5 25 139
22 31 1 3 3 139
22 33 1 3 5 139
22 34 1 1 17 139
22 36 1 3 14 139
22 41 1 4 11 139
22 42 1 5 11 139
22 43 1 2 6 139
22 44 1 4 13 139
22 45 1 4 11 139
22 47 1 2 23 139
22 48 1 2 12 139
22 49 1 3 13 139
22 52 1 4 25 139
22 57 1 4 24 139
22 60 1 5 23 139
22 65 1 1 23 139
22 67 1 4 9 139
22 68 1 4 15 139
22 74 1 3 8 139
22 76 1 2 2 139
22 77 1 4 11 139
22 78 1 2 10 139
22 79 1 5 17 139
22 80 1 5 14 139
22 81 1 4 24 139
22 83 1 4 20 139
22 85 1 5 11 139
22 86 1 5 13 139
22 87 1 1 5 139
22 88 1 4 25 139
22 92 1 4 14 139
22 93 1 3 9 139
22 95 1 1 23 139
22 96 1 1 19 139
22 97 1 4 25 139
22 99 1 1 4 139
23 0 5 5 17 147
23 2 5 2 6 147
23 5 5 3 24 147
23 9 5 4 11 147
23 10 5 4 13 147
23 12 5 1 19 147
23 13 5 1 2 147
23 16 5 3 20 147
23 18 5 4 25 147
23 19 5 2 22 147
23 20 5 3 20 147
23 22 5 1 17 147
23 24 5 3 23 147
23 27 5 5 16 147
23 28 5 5 16 147
23 32 5 5 20 147
23 36 5 3 18 147
23 37 5 1 16 147
23 41 5 4 3 147
23 49 5 3 23 147
23 50 5 5 4 147
23 52 5 4 18 147
23 55 5 4 23 147
23 59 5 4 16 147
23 60 5 5 10 147
23 63 5 2 2 147
23 64 5 4 20 147
23 66 5 1 14 147
23 68 5 4 18 147
23 69 5 1 12 147
23 71 5 1 6 147
23 73 5 2 24 147
23 74 5 3 9 147
23 79 5 5 22 147
23 81 5 4 14 147
23 82 5 1 24 147
23 83 5 4 24 147
23 85 5 5 22 147
23 86 5 5 6 147
23 87 5 1 21 147
23 88 5 4 17 147
23 89 5 4 10 147
23 91 5 2 2 147
23 92 5 4 20 147
23 94 5 1 13 147
23 95 5 1 22 147
23 96 5 1 4 147
23 97 5 4 17 147
23 98 5 3 4 147
24 1 3 4 9 474
24 2 3 2 20 474
24 3 3 3 21 474
24 5 3 3 19 474
24 6 3 3 25 474
24 8 3 5 11 474
24 9 3 4 21 474
24 10 3 4 7 474
24 15 3 4 18 474
24 21 3 3 18 474
24 22 3 1 4 474
24 23 3 5 23 474
24 26 3 5 8 474
24 27 3 5 5 474
24 30 3 3 10 474
24 31 3 3 4 474
24 33 3 3 10 474
24 38 3 5 25 474
24 39 3 3 16 474
24 41 3 4 7 474
24 43 3 2 23 474
24 44 3 4 18 474
24 46 3 5 10 474
24 51 3 1 1 474
24 54 3 5 10 474
24 56 3 3 4 474
24 57 3 4 22 474
24 59 3 4 19 474
24 62 3 1 24 474
24 63 3 2 1 474
24 65 3 1 17 474
24 66 3 1 9 474
24 67 3 4 11 474
24 68 3 4 3 474
24 70 3 2 9 474
24 71 3 1 18 474
24 72 3 2 3 474
24 73 3 2 9 474
24 76 3 2 20 474
24 80 3 5 4 474
24 83 3 4 3 474
24 84 3 3 23 474
24 86 3 5 11 474
24 88 3 4 9 474
24 89 3 4 8 474
24 91 3 2 9 474
24 92 3 4 16 474
24 93 3 3 9 474
24 96 3 1 19 474
24 98 3 3 3 474
24 99 3 1 6 474
25 0 5 5 17 177
25 1 5 4 11 177
25 3 5 3 6 177
25 6 5 3 9 177
25 7 5 4 12 177
25 8 5 5 4 177
25 9 5 4 12 177
25 13 5 1 19 177
25 15 5 4 11 177
25 16 5 3 24 177
25 19 5 2 13 177
25 22 5 1 24 177
25 27 5 5 1 177
25 28 5 5 25 177
25 29 5 5 18 177
25 31 5 3 8 177
25 32 5 5 3 177
25 34 5 1 8 177
25 35 5 2 21 177
25 37 5 1 20 177
25 39 5 3 17 177
25 41 5 4 18 177
25 49 5 3 9 177
25 50 5 5 6 177
25 51 5 1 4 177
25 55 5 4 1 177
25 58 5 3 6 177
25 61 5 2 13 177
25 63 5 2 17 177
25 64 5 4 3 177
25 66 5 1 25 177
25 67 5 4 9 177
25 72 5 2 19 177
25 73 5 2 19 177
25 76 5 2 9 177
25 80 5 5 2 177
25 82 5 1 11 177
25 85 5 5 22 177
25 86 5 5 14 177
25 88 5 4 23 177
25 89 5 4 4 177
25 92 5 4 24 177
25 94 5 1 1 177
25 95 5 1 18 177
25 96 5 1 16 177
25 97 5 4 9 177
26 4 5 1 20 667
26 5 5 3 17 667
26 8 5 5 25 667
26 10 5 4 8 667
26 11 5 3 5 667
26 13 5 1 21 667
26 14 5 3 17 667
26 16 5 3 5 667
26 17 5 5 17 667
26 18 5 4 8 667
26 24 5 3 8 667
26 29 5 5 23 667
26 30 5 3 4 667
26 32 5 5 17 667
26 35 5 2 14 667
26 38 5 5 23 667
26 42 5 5 5 667
26 43 5 2 21 667
26 47 5 2 25 667
26 48 5 2 11 667
26 49 5 3 22 667
26 51 5 1 5 667
26 53 5 5 4 667
26 54 5 5 16 667
26 55 5 4 21 667
26 56 5 3 17 667
26 59 5 4 7 667
26 62 5 1 24 667
26 63 5 2 21 667
26 64 5 4 22 667
26 66 5 1 23 667
26 68 5 4 11 667
26 69 5 1 23 667
26 71 5 1 25 667
26 73 5 2 25 667
26 76 5 2 25 667
26 78 5 2 14 667
26 79 5 5 22 667
26 80 5 5 23 667
26 82 5 1 22 667
26 84 5 3 16 667
26 86 5 5 18 667
26 88 5 4 13 667
26 90 5 1 8 667
26 94 5 1 25 667
26 96 5 1 24 667
26 97 5 4 6 667
26 99 5 1 16 667
27 1 5 4 10 163
27 4 5 1 22 163
27 7 5 4 24 163
27 8 5 5 6 163
27 9 5 4 8 163
27 10 5 4 9 163
27 14 5 3 25 163
27 15 5 4 19 163
27 20 5 3 2 163
27 22 5 1 25 163
27 23 5 5 16 163
27 24 5 3 5 163
27 25 5 5 1 163
27 28 5 5 8 163
27 33 5 3 8 163
27 34 5 1 24 163
27 37 5 1 18 163
27 40 5 1 16 163
27 41 5 4 19 163
27 43 5 2 25 163
27 44 5 4 19 163
27 45 5 4 19 163
27 50 5 5 19 163
27 53 5 5 2 163
27 56 5 3 8 163
27 58 5 3 25 163
27 61 5 2 7 163
27 62 5 1 21 163
27 67 5 4 12 163
27 69 5 1 1 163
27 72 5 2 12 163
27 73 5 2 14 163
27 76 5 2 7 163
27 77 5 4 1 163
27 79 5 5 14 163
27 85 5 5 17 163
27 87 5 1 25 163
27 88 5 4 5 163
27 90 5 1 25 163
27 95 5 1 13 163
27 96 5 1 2 163
27 97 5 4 15 163
27 98 5 3 18 163
27 99 5 1 19 163
28 3 5 3 6 888
28 4 5 1 3 888
28 5 5 3 7 888
28 7 5 4 9 888
28 9 5 4 15 888
28 11 5 3 4 888
28 13 5 1 23 888
28 14 5 3 10 888
28 16 5 3 14 888
28 19 5 2 18 888
28 23 5 5 16 888
28 25 5 5 25 888
28 27 5 5 8 888
28 32 5 5 15 888
28 33 5 3 11 888
28 34 5 1 19 888
28 36 5 3 3 888
28 37 5 1 9 888
28 38 5 5 8 888
28 42 5 5 7 888
28 43 5 2 12 888
28 44 5 4 3 888
28 45 5 4 10 888
28 47 5 2 6 888
28 49 5 3 1 888
28 50 5 5 18 888
28 52 5 4 8 888
28 53 5 5 18 888
28 55 5 4 7 888
28 56 5 3 8 888
28 59 5 4 24 888
28 61 5 2 2 888
28 62 5 1 15 888
28 66 5 1 7 888
28 72 5 2 6 888
28 73 5 2 20 888
28 74 5 3 10 888
28 76 5 2 22 888
28 77 5 4 16 888
28 80 5 5 6 888
28 81 5 4 15 888
28 84 5 3 23 888
28 85 5 5 21 888
28 89 5 4 2 888
28 90 5 1 4 888
28 91 5 2 16 888
28 92 5 4 25 888
28 97 5 4 1 888
28 98 5 3 20 888
28 99 5 1 20 888
29 3 5 3 7 771
29 5 5 3 25 771
29 6 5 3 24 771
29 8 5 5 5 771
29 9 5 4 15 771
29 12 5 1 6 771
29 15 5 4 20 771
29 17 5 5 7 771
29 18 5 4 9 771
29 21 5 3 8 771
29 25 5 5 18 771
29 26 5 5 23 771
29 30 5 3 24 771
29 31 5 3 15 771
29 32 5 5 4 771
29 33 5 3 2 771
29 34 5 1 15 771
29 41 5 4 21 771
29 42 5 5 3 771
29 44 5 4 2 771
29 45 5 4 11 771
29 47 5 2 4 771
29 48 5 2 6 771
29 50 5 5 10 771
29 51 5 1 21 771
29 54 5 5 3 771
29 55 5 4 4 771
29 56 5 3 24 771
29 57 5 4 3 771
29 58 5 3 20 771
29 60 5 5 22 771
29 61 5 2 16 771
29 63 5 2 14 771
29 65 5 1 8 771
29 66 5 1 11 771
29 67 5 4 10 771
29 68 5 4 6 771
29 69 5 1 15 771
29 71 5 1 12 771
29 72 5 2 6 771
29 78 5 2 23 771
29 82 5 1 1 771
29 83 5 4 18 771
29 85 5 5 25 771
29 87 5 1 9 771
29 89 5 4 3 771
29 91 5 2 1 771
29 92 5 4 6 771
29 93 5 3 23 771
29 97 5 4 24 771
30 2 3 2 16 518
30 3 3 3 14 518
30 5 3 3 16 518
30 11 3 3 6 518
30 12 3 1 4 518
30 14 3 3 25 518
30 24 3 3 10 518
30 26 3 5 4 518
30 29 3 5 24 518
30 32 3 5 25 518
30 33 3 3 11 518
30 34 3 1 9 518
30 35 3 2 5 518
30 40 3 1 10 518
30 42 3 5 16 518
30 44 3 4 18 518
30 45 3 4 7 518
30 46 3 5 17 518
30 49 3 3 13 518
30 50 3 5 12 518
30 51 3 1 15 518
30 53 3 5 12 518
30 55 3 4 22 518
30 57 3 4 16 518
30 61 3 2 4 518
30 64 3 4 17 518
30 66 3 1 8 518
30 67 3 4 16 518
30 68 3 4 9 518
30 70 3 2 9 518
30 71 3 1 8 518
30 73 3 2 6 518
30 76 3 2 24 518
30 77 3 4 17 518
30 78 3 2 10 518
30 79 3 5 3 518
30 81 3 4 5 518
30 84 3 3 23 518
30 85 3 5 14 518
30 91 3 2 13 518
30 93 3 3 8 518
30 94 3 1 21 518
30 95 3 1 10 518
30 96 3 1 25 518
30 97 3 4 2 518
30 99 3 1 12 518
31 1 3 4 13 125
31 2 3 2 1 125
31 5 3 3 5 125
31 8 3 5 6 125
31 9 3 4 11 125
31 11 3 3 18 125
31 13 3 1 25 125
31 15 3 4 19 125
31 17 3 5 8 125
31 18 3 4 21 125
31 20 3 3 6 125
31 21 3 3 7 125
31 22 3 1 3 125
31 24 3 3 4 125
31 25 3 5 8 125
31 29 3 5 15 125
31 33 3 3 10 125
31 34 3 1 10 125
31 35 3 2 13 125
31 36 3 3 5 125
31 42 3 5 4 125
31 43 3 2 13 125
31 44 3 4 12 125
31 45 3 4 18 125
31 48 3 2 18 125
31 52 3 4 11 125
31 54 3 5 13 125
31 57 3 4 10 125
31 59 3 4 11 125
31 60 3 5 4 125
31 61 3 2 8 125
31 66 3 1 7 125
31 68 3 4 9 125
31 69 3 1 22 125
31 71 3 1 18 125
31 72 3 2 7 125
31 73 3 2 15 125
31 75 3 4 10 125
31 77 3 4 1 125
31 79 3 5 4 125
31 84 3 3 6 125
31 85 3 5 25 125
31 86 3 5 21 125
31 87 3 1 11 125
31 91 3 2 24 125
31 92 3 4 21 125
31 94 3 1 17 125
31 97 3 4 20 125
31 98 3 3 14 125
31 99 3 1 7 125
32 0 5 5 9 780
32 5 5 3 3 780
32 6 5 3 12 780
32 8 5 5 21 780
32 10 5 4 15 780
32 12 5 1 19 780
32 14 5 3 15 780
32 17 5 5 16 780
32 19 5 2 24 780
32 23 5 5 20 780
32 25 5 5 3 780
32 26 5 5 17 780
32 28 5 5 15 780
32 29 5 5 4 780
32 30 5 3 25 780
32 35 5 2 17 780
32 37 5 1 19 780
32 40 5 1 20 780
32 43 5 2 3 780
32 46 5 5 8 780
32 47 5 2 22 780
32 53 5 5 8 780
32 55 5 4 22 780
32 57 5 4 16 780
32 58 5 3 4 780
32 59 5 4 8 780
32 60 5 5 19 780
32 62 5 1 9 780
32 63 5 2 11 780
32 67 5 4 15 780
32 70 5 2 7 780
32 72 5 2 2 780
32 74 5 3 4 780
32 75 5 4 18 780
32 76 5 2 10 780
32 77 5 4 5 780
32 78 5 2 3 780
32 81 5 4 13 780
32 83 5 4 24 780
32 85 5 5 19 780
32 90 5 1 22 780
32 92 5 4 18 780
32 93 5 3 2 780
32 95 5 1 22 780
32 98 5 3 17 780
33 0 3 5 20 137
33 2 3 2 18 137
33 4 3 1 23 137
33 7 3 4 19 137
33 8 3 5 23 137
33 10 3 4 7 137
33 11 3 3 15 137
33 14 3 3 25 137
33 15 3 4 7 137
33 16 3 3 7 137
33 17 3 5 14 137
33 19 3 2 18 137
33 20 3 3 9 137
33 22 3 1 5 137
33 24 3 3 10 137
33 27 3 5 8 137
33 28 3 5 11 137
33 29 3 5 2 137
33 30 3 3 11 137
33 31 3 3 10 137
33 35 3 2 6 137
33 37 3 1 25 137
33 38 3 5 21 137
33 44 3 4 1 137
33 45 3 4 11 137
33 46 3 5 8 137
33 47 3 2 5 137
33 48 3 2 15 137
33 49 3 3 13 137
33 50 3 5 20 137
33 52 3 4 2 137
33 55 3 4 10 137
33 56 3 3 4 137
33 57 3 4 22 137
33 58 3 3 14 137
33 61 3 2 8 137
33 62 3 1 13 137
33 63 3 2 11 137
33 65 3 1 8 137
33 68 3 4 1 137
33 69 3 1 15 137
33 73 3 2 22 137
33 74 3 3 16 137
33 75 3 4 3 137
33 76 3 2 8 137
33 78 3 2 3 137
33 79 3 5 14 137
33 82 3 1 19 137
33 84 3 3 13 137
33 85 3 5 15 137
33 86 3 5 7 137
33 89 3 4 5 137
33 93 3 3 3 137
33 96 3 1 3 137
33 97 3 4 13 137
33 99 3 1 23 137
34 0 1 5 7 126
34 2 1 2 22 126
34 5 1 3 20 126
34 6 1 3 5 126
34 7 1 4 5 126
34 11 1 3 15 126
34 12 1 1 25 126
34 13 1 1 12 126
34 15 1 4 1 126
34 20 1 3 3 126
34 21 1 3 22 126
34 22 1 1 17 126
34 25 1 5 8 126
34 27 1 5 24 126
34 28 1 5 19 126
34 29 1 5 15 126
34 30 1 3 9 126
34 31 1 3 10 126
34 35 1 2 12 126
34 37 1 1 22 126
34 38 1 5 13 126
34 39 1 3 25 126
34 40 1 1 17 126
34 41 1 4 11 126
34 42 1 5 9 126
34 43 1 2 21 126
34 44 1 4 15 126
34 45 1 4 2 126
34 50 1 5 11 126
34 51 1 1 23 126
34 52 1 4 10 126
34 53 1 5 2 126
34 55 1 4 4 126
34 57 1 4 25 126
34 59 1 4 7 126
34 60 1 5 1 126
34 62 1 1 9 126
34 64 1 4 14 126
34 65 1 1 9 126
34 66 1 1 9 126
34 75 1 4 18 126
34 77 1 4 6 126
34 79 1 5 12 126
34 80 1 5 2 126
34 83 1 4 15 126
34 84 1 3 23 126
34 87 1 1 25 126
34 90 1 1 4 126
34 92 1 4 5 126
34 97 1 4 6 126
35 0 2 5 13 566
35 1 2 4 1 566
35 3 2 3 14 566
35 4 2 1 4 566
35 9 2 4 24 566
35 10 2 4 10 566
35 12 2 1 5 566
35 14 2 3 5 566
35 17 2 5 17 566
35 18 2 4 9 566
35 19 2 2 19 566
35 20 2 3 5 566
35 21 2 3 25 566
35 25 2 5 21 566
35 26 2 5 14 566
35 30 2 3 5 566
35 31 2 3 13 566
35 32 2 5 17 566
35 33 2 3 6 566
35 34 2 1 12 566
35 36 2 3 23 566
35 37 2 1 17 566
35 38 2 5 5 566
35 41 2 4 12 566
35 44 2 4 19 566
35 46 2 5 23 566
35 47 2 2 14 566
35 51 2 1 16 566
35 53 2 5 5 566
35 56 2 3 22 566
35 57 2 4 11 566
35 62 2 1 8 566
35 66 2 1 22 566
35 71 2 1 15 566
35 72 2 2 19 566
35 73 2 2 3 566
35 74 2 3 9 566
35 75 2 4 10 566
35 78 2 2 6 566
35 81 2 4 6 566
35 82 2 1 4 566
35 83 2 4 1 566
35 86 2 5 25 566
35 87 2 1 16 566
35 90 2 1 18 566
35 91 2 2 4 566
35 94 2 1 3 566
35 95 2 1 7 566
35 99 2 1 22 566
36 3 3 3 22 302
36 4 3 1 21 302
36 6 3 3 3 302
36 7 3 4 11 302
36 8 3 5 25 302
36 9 3 4 2 302
36 11 3 3 2 302
36 13 3 1 15 302
36 14 3 3 24 302
36 15 3 4 1 302
36 19 3 2 14 302
36 21 3 3 9 302
36 22 3 1 14 302
36 23 3 5 18 302
36 28 3 5 3 302
36 31 3 3 5 302
36 35 3 2 23 302
36 38 3 5 6 302
36 41 3 4 7 302
36 47 3 2 11 302
36 49 3 3 2 302
36 52 3 4 5 302
36 53 3 5 18 302
36 54 3 5 6 302
36 57 3 4 3 302
36 59 3 4 25 302
36 65 3 1 2 302
36 66 3 1 19 302
36 67 3 4 14 302
36 68 3 4 10 302
36 70 3 2 18 302
36 71 3 1 9 302
36 73 3 2 3 302
36 74 3 3 12 302
36 76 3 2 22 302
36 77 3 4 8 302
36 78 3 2 2 302
36 79 3 5 7 302
36 80 3 5 3 302
36 83 3 4 15 302
36 84 3 3 20 302
36 86 3 5 25 302
36 92 3 4 17 302
36 93 3 3 12 302
36 94 3 1 8 302
36 95 3 1 10 302
36 97 3 4 20 302
36 98 3 3 9 302
36 99 3 1 20 302
37 0 1 5 21 853
37 1 1 4 2 853
37 2 1 2 20 853
37 4 1 1 23 853
37 5 1 3 20 853
37 6 1 3 10 853
37 8 1 5 1 853
37 10 1 4 17 853
37 12 1 1 19 853
37 13 1 1 14 853
37 14 1 3 12 853
37 15 1 4 24 853
37 17 1 5 7 853
37 19 1 2 12 853
37 23 1 5 16 853
37 25 1 5 20 853
37 27 1 5 18 853
37 28 1 5 9 853
37 32 1 5 19 853
37 33 1 3 25 853
37 34 1 1 22 853
37 35 1 2 17 853
37 40 1 1 8 853
37 43 1 2 8 853
37 44 1 4 12 853
37 46 1 5 21 853
37 47 1 2 4 853
37 48 1 2 13 853
37 49 1 3 10 853
37 52 1 4 23 853
37 54 1 5 1 853
37 55 1 4 21 853
37 58 1 3 20 853
37 59 1 4 17 853
37 60 1 5 7 853
37 63 1 2 20 853
37 64 1 4 1 853
37 65 1 1 6 853
37 68 1 4 14 853
37 69 1 1 19 853
37 75 1 4 15 853
37 77 1 4 9 853
37 78 1 2 17 853
37 80 1 5 1 853
37 82 1 1 7 853
37 87 1 1 3 853
37 88 1 4 13 853
37 89 1 4 4 853
37 90 1 1 12 853
37 91 1 2 13 853
37 92 1 4 17 853
37 93 1 3 14 853
37 94 1 1 16 853
37 95 1 1 3 853
37 96 1 1 12 853
37 97 1 4 1 853
37 99 1 1 10 853
38 0 5 5 16 739
38 1 5 4 13 739
38 2 5 2 7 739
38 3 5 3 4 739
38 4 5 1 17 739
38 7 5 4 6 739
38 10 5 4 24 739
38 15 5 4 6 739
38 16 5 3 23 739
38 18 5 4 11 739
38 19 5 2 16 739
38 20 5 3 8 739
38 21 5 3 1 739
38 24 5 3 25 739
38 26 5 5 23 739
38 28 5 5 8 739
38 33 5 3 21 739
38 34 5 1 13 739
38 35 5 2 5 739
38 36 5 3 6 739
38 39 5 3 1 739
38 41 5 4 5 739
38 43 5 2 6 739
38 44 5 4 21 739
38 47 5 2 6 739
38 51 5 1 10 739
38 54 5 5 10 739
38 55 5 4 14 739
38 56 5 3 6 739
38 57 5 4 13 739
38 58 5 3 22 739
38 59 5 4 7 739
38 63 5 2 18 739
38 66 5 1 5 739
38 69 5 1 11 739
38 71 5 1 24 739
38 72 5 2 16 739
38 77 5 4 19 739
38 78 5 2 8 739
38 79 5 5 1 739
38 80 5 5 25 739
38 81 5 4 15 739
38 82 5 1 25 739
38 83 5 4 5 739
38 84 5 3 11 739
38 86 5 5 18 739
38 88 5 4 13 739
38 90 5 1 20 739
38 91 5 2 1 739
38 92 5 4 14 739
38 94 5 1 10 739
38 95 5 1 11 739
38 96 5 1 22 739
38 97 5 4 17 739
38 98 5 3 2 739
39 0 3 5 12 566
39 1 3 4 5 566
39 2 3 2 6 566
39 3 3 3 1 566
39 6 3 3 16 566
39 9 3 4 6 566
39 13 3 1 5 566
39 14 3 3 5 566
39 16 3 3 9 566
39 18 3 4 21 566
39 19 3 2 7 566
39 24 3 3 16 566
39 25 3 5 17 566
39 34 3 1 25 566
39 38 3 5 1 566
39 42 3 5 17 566
39 44 3 4 11 566
39 45 3 4 12 566
39 47 3 2 10 566
39 51 3 1 2 566
39 57 3 4 17 566
39 60 3 5 18 566
39 61 3 2 10 566
39 68 3 4 11 566
39 74 3 3 13 566
39 75 3 4 11 566
39 77 3 4 17 566
39 83 3 4 11 566
39 86 3 5 11 566
39 89 3 4 14 566
39 90 3 1 13 566
39 91 3 2 15 566
39 92 3 4 16 566
39 94 3 1 16 566
39 96 3 1 19 566
39 97 3 4 18 566
39 98 3 3 7 566
39 99 3 1 21 566
40 0 1 5 18 677
40 2 1 2 21 677
40 3 1 3 12 677
40 4 1 1 13 677
40 6 1 3 7 677
40 11 1 3 19 677
40 13 1 1 8 677
40 14 1 3 3 677
40 15 1 4 23 677
40 16 1 3 20 677
40 18 1 4 16 677
40 19 1 2 15 677
40 20 1 3 4 677
40 21 1 3 1 677
40 27 1 5 16 677
40 30 1 3 10 677
40 32 1 5 20 677
40 34 1 1 17 677
40 37 1 1 8 677
40 41 1 4 22 677
40 42 1 5 6 677
40 45 1 4 25 677
40 46 1 5 5 677
40 47 1 2 19 677
40 49 1 3 24 677
40 50 1 5 22 677
40 53 1 5 5 677
40 54 1 5 11 677
40 58 1 3 12 677
40 60 1 5 13 677
40 61 1 2 10 677
40 64 1 4 21 677
40 67 1 4 11 677
40 70 1 2 15 677
40 71 1 1 24 677
40 72 1 2 9 677
40 73 1 2 8 677
40 74 1 3 24 677
40 76 1 2 9 677
40 77 1 4 24 677
40 80 1 5 15 677
40 83 1 4 19 677
40 86 1 5 1 677
40 87 1 1 7 677
40 91 1 2 23 677
40 94 1 1 11 677
40 96 1 1 7 677
40 98 1 3 14 677
40 99 1 1 1 677
41 0 4 5 8 646
41 1 4 4 11 646
41 4 4 1 4 646
41 5 4 3 18 646
41 9 4 4 9 646
41 10 4 4 14 646
41 15 4 4 17 646
41 16 4 3 25 646
41 17 4 5 5 646
41 18 4 4 6 646
41 22 4 1 11 646
41 23 4 5 3 646
41 24 4 3 7 646
41 25 4 5 18 646
41 27 4 5 19 646
41 29 4 5 21 646
41 34 4 1 11 646
41 35 4 2 12 646
41 36 4 3 7 646
41 38 4 5 5 646
41 40 4 1 22 646
41 42 4 5 8 646
41 46 4 5 9 646
41 49 4 3 23 646
41 51 4 1 25 646
41 52 4 4 2 646
41 53 4 5 4 646
41 54 4 5 1 646
41 55 4 4 17 646
41 57 4 4 20 646
41 59 4 4 7 646
41 62 4 1 2 646
41 67 4 4 7 646
41 71 4 1 11 646
41 74 4 3 12 646
41 78 4 2 18 646
41 85 4 5 11 646
41 86 4 5 5 646
41 89 4 4 21 646
41 90 4 1 6 646
41 91 4 2 10 646
41 96 4 1 14 646
41 97 4 4 23 646
41 99 4 1 5 646
42 0 5 5 16 195
42 3 5 3 15 195
42 5 5 3 18 195
42 7 5 4 21 195
42 11 5 3 7 195
42 12 5 1 6 195
42 16 5 3 14 195
42 18 5 4 5 195
42 19 5 2 8 195
42 21 5 3 24 195
42 22 5 1 11 195
42 26 5 5 5 195
42 28 5 5 7 195
42 29 5 5 3 195
42 30 5 3 16 195
42 31 5 3 4 195
42 34 5 1 9 195
42 39 5 3 17 195
42 40 5 1 6 195
42 41 5 4 8 195
42 44 5 4 16 195
42 47 5 2 18 195
42 48 5 2 2 195
42 49 5 3 3 195
42 51 5 1 2 195
42 53 5 5 6 195
42 55 5 4 16 195
42 57 5 4 18 195
42 58 5 3 10 195
42 59 5 4 8 195
42 60 5 5 1 195
42 63 5 2 10 195
42 64 5 4 11 195
42 66 5 1 13 195
42 67 5 4 25 195
42 72 5 2 16 195
42 74 5 3 13 195
42 75 5 4 5 195
42 76 5 2 25 195
42 77 5 4 12 195
42 78 5 2 18 195
42 82 5 1 17 195
42 83 5 4 13 195
42 84 5 3 18 195
42 85 5 5 11 195
42 88 5 4 14 195
42 89 5 4 2 195
42 96 5 1 19 195
42 97 5 4 4 195
42 98 5 3 20 195
43 1 2 4 3 111
43 6 2 3 22 111
43 7 2 4 17 111
43 8 2 5 22 111
43 9 2 4 3 111
43 10 2 4 4 111
43 11 2 3 13 111
43 14 2 3 2 111
43 15 2 4 18 111
43 17 2 5 6 111
43 19 2 2 1 111
43 20 2 3 5 111
43 22 2 1 6 111
43 24 2 3 23 111
43 26 2 5 21 111
43 27 2 5 25 111
43 28 2 5 12 111
43 31 2 3 13 111
43 32 2 5 3 111
43 34 2 1 21 111
43 37 2 1 8 111
43 38 2 5 6 111
43 44 2 4 15 111
43 45 2 4 2 111
43 47 2 2 12 111
43 49 2 3 13 111
43 50 2 5 14 111
43 54 2 5 24 111
43 55 2 4 12 111
43 57 2 4 13 111
43 58 2 3 20 111
43 60 2 5 3 111
43 62 2 1 18 111
43 63 2 2 4 111
43 64 2 4 17 111
43 65 2 1 19 111
43 66 2 1 1 111
43 67 2 4 16 111
43 70 2 2 19 111
43 75 2 4 5 111
43 76 2 2 12 111
43 77 2 4 1 111
43 78 2 2 23 111
43 80 2 5 20 111
43 82 2 1 11 111
43 84 2 3 8 111
43 85 2 5 18 111
43 86 2 5 21 111
43 89 2 4 18 111
43 90 2 1 10 111
43 91 2 2 4 111
43 93 2 3 25 111
43 97 2 4 20 111
43 98 2 3 10 111
44 1 4 4 25 930
44 2 4 2 16 930
44 3 4 3 3 930
44 4 4 1 18 930
44 5 4 3 17 930
44 6 4 3 15 930
44 7 4 4 5 930
44 8 4 5 12 930
44 9 4 4 4 930
44 11 4 3 8 930
44 12 4 1 3 930
44 15 4 4 10 930
44 16 4 3 13 930
44 18 4 4 14 930
44 19 4 2 16 930
44 20 4 3 19 930
44 22 4 1 13 930
44 24 4 3 18 930
44 27 4 5 19 930
44 28 4 5 3 930
44 29 4 5 2 930
44 30 4 3 18 930
44 31 4 3 12 930
44 33 4 3 1 930
44 34 4 1 15 930
44 35 4 2 19 930
44 37 4 1 12 930
44 38 4 5 21 930
44 39 4 3 11 930
44 42 4 5 16 930
44 43 4 2 15 930
44 45 4 4 13 930
44 46 4 5 10 930
44 47 4 2 16 930
44 48 4 2 17 930
44 50 4 5 10 930
44 53 4 5 15 930
44 54 4 5 14 930
44 58 4 3 10 930
44 59 4 4 20 930
44 61 4 2 15 930
44 62 4 1 11 930
44 63 4 2 2 930
44 64 4 4 23 930
44 66 4 1 12 930
44 68 4 4 25 930
44 70 4 2 15 930
44 71 4 1 2 930
44 72 4 2 2 930
44 73 4 2 15 930
44 75 4 4 1 930
44 76 4 2 20 930
44 82 4 1 23 930
44 91 4 2 17 930
44 96 4 1 17 930
44 98 4 3 15 930
45 0 4 5 14 434
45 1 4 4 13 434
45 2 4 2 3 434
45 3 4 3 5 434
45 7 4 4 2 434
45 8 4 5 20 434
45 9 4 4 7 434
45 10 4 4 4 434
45 12 4 1 5 434
45 13 4 1 23 434
45 14 4 3 25 434
45 15 4 4 17 434
45 18 4 4 20 434
45 22 4 1 11 434
45 27 4 5 19 434
45 28 4 5 10 434
45 29 4 5 11 434
45 30 4 3 7 434
45 31 4 3 18 434
45 33 4 3 11 434
45 34 4 1 2 434
45 39 4 3 12 434
45 40 4 1 25 434
45 43 4 2 2 434
45 44 4 4 13 434
45 46 4 5 12 434
45 47 4 2 5 434
45 48 4 2 10 434
45 49 4 3 14 434
45 50 4 5 1 434
45 52 4 4 3 434
45 53 4 5 6 434
45 56 4 3 4 434
45 59 4 4 9 434
45 60 4 5 4 434
45 64 4 4 6 434
45 65 4 1 20 434
45 68 4 4 13 434
45 69 4 1 1 434
45 70 4 2 12 434
45 71 4 1 3 434
45 73 4 2 9 434
45 81 4 4 9 434
45 83 4 4 11 434
45 84 4 3 8 434
45 90 4 1 1 434
45 91 4 2 8 434
45 94 4 1 22 434
45 95 4 1 5 434
45 97 4 4 23 434
46 7 5 4 16 145
46 8 5 5 5 145
46 10 5 4 16 145
46 12 5 1 18 145
46 13 5 1 20 145
46 16 5 3 6 145
46 17 5 5 22 145
46 19 5 2 20 145
46 20 5 3 5 145
46 24 5 3 10 145
46 30 5 3 17 145
46 32 5 5 8 145
46 33 5 3 8 145
46 35 5 2 23 145
46 37 5 1 21 145
46 40 5 1 5 145
46 41 5 4 9 145
46 44 5 4 10 145
46 45 5 4 12 145
46 48 5 2 24 145
46 51 5 1 12 145
46 54 5 5 25 145
46 55 5 4 24 145
46 58 5 3 8 145
46 59 5 4 13 145
46 60 5 5 20 145
46 62 5 1 13 145
46 64 5 4 1 145
46 67 5 4 13 145
46 69 5 1 9 145
46 70 5 2 11 145
46 73 5 2 1 145
46 74 5 3 14 145
46 75 5 4 24 145
46 76 5 2 19 145
46 78 5 2 4 145
46 84 5 3 24 145
46 85 5 5 16 145
46 87 5 1 25 145
46 88 5 4 8 145
46 90 5 1 16 145
46 92 5 4 1 145
46 94 5 1 8 145
46 95 5 1 22 145
46 96 5 1 5 145
46 98 5 3 9 145
46 99 5 1 23 145
47 0 2 5 18 774
47 2 2 2 7 774
47 4 2 1 15 774
47 5 2 3 24 774
47 6 2 3 6 774
47 7 2 4 16 774
47 9 2 4 11 774
47 10 2 4 6 774
47 12 2 1 22 774
47 15 2 4 6 774
47 18 2 4 19 774
47 19 2 2 22 774
47 21 2 3 20 774
47 22 2 1 23 774
47 26 2 5 25 774
47 28 2 5 6 774
47 29 2 5 4 774
47 32 2 5 22 774
47 33 2 3 5 774
47 35 2 2 14 774
47 36 2 3 11 774
47 37 2 1 4 774
47 38 2 5 6 774
47 39 2 3 10 774
47 40 2 1 19 774
47 42 2 5 18 774
47 43 2 2 12 774
47 44 2 4 16 774
47 45 2 4 5 774
47 49 2 3 10 774
47 50 2 5 11 774
47 57 2 4 23 774
47 58 2 3 3 774
47 59 2 4 23 774
47 61 2 2 9 774
47 62 2 1 21 774
47 63 2 2 25 774
47 71 2 1 10 774
47 73 2 2 8 774
47 74 2 3 17 774
47 76 2 2 19 774
47 77 2 4 2 774
47 78 2 2 16 774
47 81 2 4 15 774
47 82 2 1 9 774
47 85 2 5 2 774
47 86 2 5 16 774
47 89 2 4 23 774
47 91 2 2 10 774
47 92 2 4 15 774
47 93 2 3 7 774
47 94 2 1 6 774
47 95 2 1 4 774
47 99 2 1 18 774
48 1 2 4 7 477
48 2 2 2 15 477
48 4 2 1 17 477
48 6 2 3 20 477
48 7 2 4 20 477
48 8 2 5 4 477
48 9 2 4 9 477
48 10 2 4 14 477
48 12 2 1 1 477
48 13 2 1 9 477
48 14 2 3 5 477
48 15 2 4 20 477
48 16 2 3 5 477
48 17 2 5 1 477
48 21 2 3 17 477
48 22 2 1 12 477
48 26 2 5 11 477
48 29 2 5 6 477
48 31 2 3 18 477
48 33 2 3 15 477
48 37 2 1 13 477
48 42 2 5 2 477
48 44 2 4 17 477
48 45 2 4 10 477
48 46 2 5 24 477
48 50 2 5 24 477
48 52 2 4 8 477
48 55 2 4 18 477
48 57 2 4 11 477
48 58 2 3 17 477
48 60 2 5 14 477
48 63 2 2 12 477
48 64 2 4 23 477
48 65 2 1 8 477
48 73 2 2 16 477
48 74 2 3 7 477
48 76 2 2 13 477
48 81 2 4 20 477
48 84 2 3 12 477
48 85 2 5 10 477
48 89 2 4 19 477
48 90 2 1 13 477
48 92 2 4 18 477
48 93 2 3 19 477
48 97 2 4 8 477
49 3 3 3 4 189
49 6 3 3 4 189
49 7 3 4 5 189
49 9 3 4 23 189
49 13 3 1 20 189
49 14 3 3 18 189
49 17 3 5 25 189
49 18 3 4 20 189
49 20 3 3 25 189
49 22 3 1 13 189
49 23 3 5 23 189
49 25 3 5 9 189
49 26 3 5 22 189
49 28 3 5 1 189
49 30 3 3 13 189
49 33 3 3 13 189
49 36 3 3 2 189
49 37 3 1 10 189
49 40 3 1 24 189
49 41 3 4 23 189
49 42 3 5 3 189
49 43 3 2 13 189
49 45 3 4 14 189
49 47 3 2 10 189
49 51 3 1 13 189
49 52 3 4 11 189
49 53 3 5 15 189
49 54 3 5 2 189
49 57 3 4 11 189
49 58 3 3 23 189
49 59 3 4 16 189
49 61 3 2 2 189
49 62 3 1 2 189
49 65 3 1 16 189
49 66 3 1 5 189
49 67 3 4 19 189
49 68 3 4 17 189
49 71 3 1 7 189
49 72 3 2 11 189
49 74 3 3 13 189
49 76 3 2 15 189
49 77 3 4 16 189
49 78 3 2 8 189
49 80 3 5 23 189
49 81 3 4 23 189
49 85 3 5 22 189
49 86 3 5 19 189
49 87 3 1 16 189
49 88 3 4 5 189
49 92 3 4 18 189
49 93 3 3 21 189
49 98 3 3 18 189
50 0 5 5 14 865
50 1 5 4 5 865
50 2 5 2 19 865
50 5 5 3 14 865
50 8 5 5 11 865
50 10 5 4 20 865
50 11 5 3 24 865
50 16 5 3 8 865
50 18 5 4 9 865
50 21 5 3 17 865
50 23 5 5 4 865
50 25 5 5 6 865
50 27 5 5 19 865
50 28 5 5 18 865
50 29 5 5 10 865
50 30 5 3 12 865
50 33 5 3 20 865
50 34 5 1 11 865
50 40 5 1 22 865
50 43 5 2 14 865
50 44 5 4 10 865
50 45 5 4 1 865
50 47 5 2 11 865
50 48 5 2 24 865
50 51 5 1 4 865
50 52 5 4 7 865
50 54 5 5 25 865
50 55 5 4 6 865
50 56 5 3 13 865
50 57 5 4 25 865
50 59 5 4 5 865
50 64 5 4 20 865
50 65 5 1 7 865
50 67 5 4 1 865
50 72 5 2 4 865
50 74 5 3 9 865
50 76 5 2 10 865
50 81 5 4 12 865
50 82 5 1 9 865
50 84 5 3 8 865
50 85 5 5 8 865
50 86 5 5 10 865
50 88 5 4 9 865
50 89 5 4 10 865
50 93 5 3 8 865
50 98 5 3 8 865
50 99 5 1 10 865
51 1 1 4 3 555
51 4 1 1 6 555
51 6 1 3 18 555
51 7 1 4 16 555
51 8 1 5 9 555
51 9 1 4 23 555
51 11 1 3 16 555
51 13 1 1 16 555
51 14 1 3 4 555
51 15 1 4 7 555
51 18 1 4 7 555
51 19 1 2 15 555
51 20 1 3 15 555
51 21 1 3 8 555
51 24 1 3 1 555
51 25 1 5 4 555
51 26 1 5 5 555
51 29 1 5 21 555
51 30 1 3 15 555
51 34 1 1 23 555
51 35 1 2 16 555
51 38 1 5 10 555
51 39 1 3 2 555
51 41 1 4 25 555
51 42 1 5 2 555
51 46 1 5 12 555
51 49 1 3 13 555
51 50 1 5 4 555
51 56 1 3 23 555
51 59 1 4 9 555
51 61 1 2 16 555
51 63 1 2 3 555
51 69 1 1 17 555
51 73 1 2 25 555
51 76 1 2 8 555
51 77 1 4 18 555
51 78 1 2 15 555
51 80 1 5 21 555
51 82 1 1 8 555
51 83 1 4 12 555
51 86 1 5 11 555
51 87 1 1 20 555
51 88 1 4 25 555
51 91 1 2 3 555
51 94 1 1 14 555
51 96 1 1 22 555
51 99 1 1 8 555
52 1 4 4 2 322
52 3 4 3 16 322
52 4 4 1 6 322
52 6 4 3 7 322
52 8 4 5 3 322
52 13 4 1 11 322
52 15 4 4 17 322
52 16 4 3 9 322
52 18 4 4 14 322
52 21 4 3 4 322
52 22 4 1 25 322
52 23 4 5 18 322
52 28 4 5 8 322
52 31 4 3 11 322
52 33 4 3 2 322
52 34 4 1 10 322
52 36 4 3 5 322
52 37 4 1 23 322
52 41 4 4 2 322
52 45 4 4 3 322
52 48 4 2 8 322
52 49 4 3 11 322
52 50 4 5 7 322
52 56 4 3 7 322
52 58 4 3 4 322
52 59 4 4 2 322
52 61 4 2 21 322
52 63 4 2 18 322
52 65 4 1 2 322
52 67 4 4 10 322
52 68 4 4 16 322
52 73 4 2 21 322
52 74 4 3 10 322
52 76 4 2 6 322
52 79 4 5 8 322
52 80 4 5 13 322
52 85 4 5 15 322
52 87 4 1 10 322
52 88 4 4 20 322
52 89 4 4 21 322
52 90 4 1 19 322
52 94 4 1 21 322
52 95 4 1 8 322
52 96 4 1 5 322
52 97 4 4 4 322
52 98 4 3 22 322
52 99 4 1 17 322
53 0 5 5 12 228
53 1 5 4 21 228
53 5 5 3 6 228
53 7 5 4 25 228
53 12 5 1 8 228
53 15 5 4 16 228
53 17 5 5 24 228
53 20 5 3 13 228
53 26 5 5 4 228
53 27 5 5 2 228
53 28 5 5 18 228
53 30 5 3 12 228
53 32 5 5 8 228
53 34 5 1 2 228
53 35 5 2 5 228
53 36 5 3 18 228
53 40 5 1 5 228
53 41 5 4 4 228
53 42 5 5 6 228
53 44 5 4 15 228
53 45 5 4 6 228
53 49 5 3 15 228
53 55 5 4 24 228
53 56 5 3 17 228
53 57 5 4 24 228
53 58 5 3 8 228
53 61 5 2 20 228
53 63 5 2 18 228
53 66 5 1 12 228
53 67 5 4 17 228
53 70 5 2 9 228
53 73 5 2 11 228
53 75 5 4 14 228
53 76 5 2 2 228
53 77 5 4 1 228
53 82 5 1 17 228
53 83 5 4 9 228
53 84 5 3 6 228
53 85 5 5 15 228
53 86 5 5 18 228
53 88 5 4 11 228
53 89 5 4 24 228
53 92 5 4 7 228
53 93 5 3 5 228
53 94 5 1 20 228
53 95 5 1 14 228
53 96 5 1 11 228
53 99 5 1 19 228
54 2 5 2 25 624
54 4 5 1 14 624
54 5 5 3 1 624
54 6 5 3 19 624
54 10 5 4 10 624
54 13 5 1 7 624
54 14 5 3 3 624
54 16 5 3 11 624
54 20 5 3 20 624
54 24 5 3 10 624
54 26 5 5 16 624
54 29 5 5 3 624
54 31 5 3 13 624
54 36 5 3 6 624
54 37 5 1 1 624
54 38 5 5 10 624
54 40 5 1 11 624
54 41 5 4 1 624
54 43 5 2 24 624
54 44 5 4 14 624
54 46 5 5 25 624
54 49 5 3 2 624
54 50 5 5 25 624
54 55 5 4 11 624
54 56 5 3 3 624
54 62 5 1 21 624
54 68 5 4 13 624
54 69 5 1 23 624
54 70 5 2 3 624
54 71 5 1 8 624
54 75 5 4 2 624
54 76 5 2 13 624
54 78 5 2 16 624
54 81 5 4 16 624
54 82 5 1 8 624
54 83 5 4 17 624
54 84 5 3 18 624
54 85 5 5 22 624
54 86 5 5 17 624
54 93 5 3 5 624
54 94 5 1 10 624
54 97 5 4 23 624
55 0 4 5 9 835
55 1 4 4 7 835
55 2 4 2 20 835
55 3 4 3 18 835
55 5 4 3 22 835
55 9 4 4 21 835
55 10 4 4 16 835
55 12 4 1 8 835
55 17 4 5 12 835
55 20 4 3 14 835
55 21 4 3 8 835
55 23 4 5 23 835
55 25 4 5 1 835
55 26 4 5 21 835
55 28 4 5 7 835
55 29 4 5 4 835
55 30 4 3 22 835
55 32 4 5 22 835
55 33 4 3 10 835
55 34 4 1 4 835
55 37 4 1 21 835
55 38 4 5 14 835
55 41 4 4 17 835
55 42 4 5 16 835
55 43 4 2 12 835
55 46 4 5 24 835
55 48 4 2 18 835
55 50 4 5 6 835
55 53 4 5 24 835
55 54 4 5 11 835
55 58 4 3 4 835
55 59 4 4 22 835
55 60 4 5 7 835
55 61 4 2 3 835
55 63 4 2 5 835
55 64 4 4 2 835
55 65 4 1 25 835
55 67 4 4 21 835
55 69 4 1 9 835
55 71 4 1 8 835
55 73 4 2 17 835
55 75 4 4 17 835
55 77 4 4 8 835
55 78 4 2 8 835
55 81 4 4 15 835
55 82 4 1 22 835
55 83 4 4 18 835
55 86 4 5 13 835
55 87 4 1 18 835
55 88 4 4 11 835
55 90 4 1 24 835
55 92 4 4 16 835
55 93 4 3 15 835
55 97 4 4 11 835
56 0 3 5 3 320
56 2 3 2 15 320
56 4 3 1 17 320
56 8 3 5 25 320
56 9 3 4 3 320
56 10 3 4 7 320
56 11 3 3 10 320
56 17 3 5 10 320
56 18 3 4 8 320
56 19 3 2 17 320
56 24 3 3 4 320
56 26 3 5 17 320
56 27 3 5 8 320
56 28 3 5 8 320
56 29 3 5 24 320
56 33 3 3 4 320
56 35 3 2 22 320
56 38 3 5 6 320
56 45 3 4 4 320
56 50 3 5 13 320
56 51 3 1 23 320
56 52 3 4 7 320
56 53 3 5 17 320
56 54 3 5 3 320
56 59 3 4 15 320
56 61 3 2 17 320
56 63 3 2 20 320
56 64 3 4 12 320
56 66 3 1 3 320
56 68 3 4 14 320
56 73 3 2 17 320
56 74 3 3 5 320
56 75 3 4 25 320
56 76 3 2 9 320
56 78 3 2 14 320
56 80 3 5 18 320
56 82 3 1 13 320
56 83 3 4 1 320
56 87 3 1 24 320
56 88 3 4 4 320
56 90 3 1 14 320
56 92 3 4 10 320
56 93 3 3 21 320
56 94 3 1 17 320
56 95 3 1 14 320
56 99 3 1 18 320
57 0 4 5 22 93
57 3 4 3 21 93
57 4 4 1 5 93
57 5 4 3 14 93
57 7 4 4 24 93
57 8 4 5 4 93
57 9 4 4 11 93
57 12 4 1 9 93
57 15 4 4 21 93
57 16 4 3 22 93
57 17 4 5 2 93
57 19 4 2 21 93
57 21 4 3 22 93
57 22 4 1 24 93
57 24 4 3 22 93
57 29 4 5 3 93
57 30 4 3 16 93
57 31 4 3 10 93
57 32 4 5 16 93
57 33 4 3 22 93
57 34 4 1 25 93
57 35 4 2 11 93
57 36 4 3 3 93
57 38 4 5 13 93
57 39 4 3 17 93
57 41 4 4 20 93
57 42 4 5 18 93
57 43 4 2 13 93
57 47 4 2 23 93
57 48 4 2 11 93
57 49 4 3 11 93
57 50 4 5 25 93
57 53 4 5 24 93
57 58 4 3 5 93
57 59 4 4 25 93
57 63 4 2 11 93
57 67 4 4 17 93
57 73 4 2 5 93
57 79 4 5 6 93
57 80 4 5 10 93
57 82 4 1 10 93
57 85 4 5 7 93
57 88 4 4 7 93
57 90 4 1 10 93
57 91 4 2 4 93
57 94 4 1 22 93
57 95 4 1 15 93
57 98 4 3 17 93
57 99 4 1 12 93
58 2 3 2 18 226
58 6 3 3 11 226
58 7 3 4 5 226
58 8 3 5 19 226
58 10 3 4 9 226
58 11 3 3 6 226
58 14 3 3 7 226
58 16 3 3 14 226
58 17 3 5 23 226
58 19 3 2 22 226
58 25 3 5 6 226
58 27 3 5 25 226
58 29 3 5 20 226
58 32 3 5 4 226
58 33 3 3 14 226
58 37 3 1 20 226
58 38 3 5 22 226
58 40 3 1 12 226
58 42 3 5 10 226
58 43 3 2 20 226
58 44 3 4 10 226
58 46 3 5 8 226
58 47 3 2 3 226
58 48 3 2 17 226
58 49 3 3 23 226
58 52 3 4 4 226
58 53 3 5 8 226
58 55 3 4 4 226
58 57 3 4 5 226
58 59 3 4 22 226
58 61 3 2 22 226
58 62 3 1 15 226
58 63 3 2 12 226
58 67 3 4 23 226
58 69 3 1 20 226
58 70 3 2 12 226
58 71 3 1 7 226
58 72 3 2 14 226
58 75 3 4 8 226
58 76 3 2 2 226
58 78 3 2 17 226
58 80 3 5 20 226
58 83 3 4 4 226
58 88 3 4 10 226
58 89 3 4 2 226
58 90 3 1 23 226
58 91 3 2 8 226
58 93 3 3 19 226
58 94 3 1 16 226
58 95 3 1 12 226
58 96 3 1 24 226
58 98 3 3 2 226
58 99 3 1 21 226
59 1 4 4 9 736
59 3 4 3 1 736
59 5 4 3 17 736
59 6 4 3 3 736
59 9 4 4 8 736
59 10 4 4 5 736
59 16 4 3 3 736
59 23 4 5 16 736
59 24 4 3 19 736
59 26 4 5 7 736
59 28 4 5 24 736
59 31 4 3 11 736
59 32 4 5 8 736
59 34 4 1 7 736
59 36 4 3 25 736
59 37 4 1 17 736
59 38 4 5 7 736
59 41 4 4 7 736
59 42 4 5 8 736
59 44 4 4 20 736
59 45 4 4 9 736
59 46 4 5 13 736
59 47 4 2 23 736
59 49 4 3 16 736
59 50 4 5 5 736
59 51 4 1 9 736
59 52 4 4 2 736
59 55 4 4 22 736
59 56 4 3 15 736
59 57 4 4 25 736
59 58 4 3 22 736
59 61 4 2 7 736
59 62 4 1 10 736
59 63 4 2 19 736
59 65 4 1 2 736
59 66 4 1 23 736
59 69 4 1 13 736
59 70 4 2 8 736
59 71 4 1 2 736
59 74 4 3 25 736
59 75 4 4 2 736
59 76 4 2 5 736
59 77 4 4 9 736
59 79 4 5 15 736
59 80 4 5 1 736
59 82 4 1 7 736
59 87 4 1 11 736
59 89 4 4 6 736
59 91 4 2 25 736
59 92 4 4 13 736
59 94 4 1 4 736
59 96 4 1 22 736
59 98 4 3 19 736
60 0 5 5 4 786
60 8 5 5 23 786
60 9 5 4 23 786
60 10 5 4 10 786
60 11 5 3 2 786
60 12 5 1 4 786
60 16 5 3 21 786
60 17 5 5 23 786
60 18 5 4 4 786
60 19 5 2 21 786
60 21 5 3 24 786
60 22 5 1 23 786
60 23 5 5 10 786
60 29 5 5 22 786
60 31 5 3 4 786
60 32 5 5 19 786
60 34 5 1 1 786
60 37 5 1 7 786
60 39 5 3 18 786
60 40 5 1 13 786
60 42 5 5 1 786
60 43 5 2 3 786
60 45 5 4 4 786
60 46 5 5 20 786
60 48 5 2 14 786
60 55 5 4 7 786
60 61 5 2 12 786
60 62 5 1 2 786
60 63 5 2 19 786
60 64 5 4 21 786
60 65 5 1 20 786
60 66 5 1 20 786
60 73 5 2 16 786
60 74 5 3 6 786
60 75 5 4 1 786
60 76 5 2 25 786
60 83 5 4 4 786
60 84 5 3 19 786
60 85 5 5 24 786
60 86 5 5 4 786
60 87 5 1 23 786
60 88 5 4 20 786
60 89 5 4 5 786
60 90 5 1 7 786
60 94 5 1 17 786
60 95 5 1 3 786
60 97 5 4 13 786
60 99 5 1 20 786
61 0 2 5 18 662
61 4 2 1 1 662
61 5 2 3 9 662
61 6 2 3 18 662
61 7 2 4 14 662
61 8 2 5 7 662
61 10 2 4 18 662
61 11 2 3 22 662
61 12 2 1 2 662
61 14 2 3 20 662
61 17 2 5 7 662
61 19 2 2 23 662
61 20 2 3 15 662
61 25 2 5 13 662
61 27 2 5 7 662
61 28 2 5 2 662
61 29 2 5 16 662
61 30 2 3 4 662
61 31 2 3 8 662
61 33 2 3 8 662
61 39 2 3 10 662
61 40 2 1 10 662
61 44 2 4 15 662
61 47 2 2 9 662
61 49 2 3 2 662
61 51 2 1 16 662
61 52 2 4 21 662
61 53 2 5 20 662
61 55 2 4 3 662
61 56 2 3 17 662
61 58 2 3 22 662
61 59 2 4 7 662
61 60 2 5 12 662
61 62 2 1 11 662
61 63 2 2 6 662
61 66 2 1 6 662
61 67 2 4 16 662
61 69 2 1 5 662
61 70 2 2 19 662
61 72 2 2 11 662
61 73 2 2 18 662
61 74 2 3 25 662
61 77 2 4 7 662
61 79 2 5 22 662
61 81 2 4 13 662
61 82 2 1 18 662
61 83 2 4 20 662
61 84 2 3 16 662
61 85 2 5 2 662
61 88 2 4 12 662
61 89 2 4 14 662
61 92 2 4 16 662
61 95 2 1 18 662
61 96 2 1 17 662
61 98 2 3 18 662
61 99 2 1 24 662
62 2 1 2 21 584
62 5 1 3 11 584
62 6 1 3 9 584
62 10 1 4 11 584
62 11 1 3 23 584
62 13 1 1 3 584
62 14 1 3 2 584
62 17 1 5 18 584
62 19 1 2 24 584
62 24 1 3 24 584
62 26 1 5 24 584
62 27 1 5 21 584
62 28 1 5 15 584
62 32 1 5 9 584
62 33 1 3 13 584
62 34 1 1 9 584
62 35 1 2 8 584
62 41 1 4 2 584
62 43 1 2 18 584
62 44 1 4 11 584
62 46 1 5 13 584
62 47 1 2 21 584
62 49 1 3 2 584
62 54 1 5 21 584
62 58 1 3 15 584
62 59 1 4 10 584
62 60 1 5 2 584
62 61 1 2 11 584
62 65 1 1 13 584
62 66 1 1 19 584
62 69 1 1 17 584
62 72 1 2 20 584
62 74 1 3 16 584
62 78 1 2 22 584
62 79 1 5 25 584
62 81 1 4 9 584
62 83 1 4 10 584
62 84 1 3 16 584
62 86 1 5 6 584
62 88 1 4 17 584
62 89 1 4 22 584
62 93 1 3 14 584
62 94 1 1 17 584
62 97 1 4 18 584
63 0 2 5 8 961
63 2 2 2 23 961
63 3 2 3 21 961
63 4 2 1 12 961
63 9 2 4 1 961
63 10 2 4 24 961
63 12 2 1 5 961
63 15 2 4 25 961
63 16 2 3 6 961
63 18 2 4 24 961
63 21 2 3 7 961
63 23 2 5 2 961
63 24 2 3 1 961
63 25 2 5 17 961
63 26 2 5 21 961
63 29 2 5 14 961
63 32 2 5 11 961
63 33 2 3 11 961
63 37 2 1 20 961
63 38 2 5 18 961
63 42 2 5 10 961
63 43 2 2 4 961
63 44 2 4 2 961
63 47 2 2 25 961
63 48 2 2 12 961
63 51 2 1 3 961
63 52 2 4 18 961
63 53 2 5 18 961
63 55 2 4 5 961
63 56 2 3 20 961
63 57 2 4 11 961
63 58 2 3 12 961
63 59 2 4 19 961
63 60 2 5 19 961
63 61 2 2 6 961
63 65 2 1 4 961
63 66 2 1 24 961
63 67 2 4 9 961
63 68 2 4 8 961
63 69 2 1 9 961
63 72 2 2 2 961
63 73 2 2 5 961
63 76 2 2 21 961
63 77 2 4 23 961
63 78 2 2 11 961
63 79 2 5 14 961
63 81 2 4 15 961
63 83 2 4 6 961
63 85 2 5 23 961
63 89 2 4 23 961
63 92 2 4 3 961
63 93 2 3 5 961
63 94 2 1 25 961
63 96 2 1 24 961
63 98 2 3 20 961
64 1 4 4 3 739
64 3 4 3 12 739
64 4 4 1 6 739
64 8 4 5 16 739
64 9 4 4 2 739
64 10 4 4 14 739
64 15 4 4 5 739
64 18 4 4 25 739
64 19 4 2 23 739
64 20 4 3 10 739
64 21 4 3 4 739
64 23 4 5 20 739
64 25 4 5 3 739
64 26 4 5 22 739
64 30 4 3 17 739
64 34 4 1 14 739
64 37 4 1 1 739
64 40 4 1 21 739
64 42 4 5 11 739
64 43 4 2 17 739
64 44 4 4 23 739
64 45 4 4 6 739
64 46 4 5 1 739
64 48 4 2 23 739
64 50 4 5 20 739
64 55 4 4 2 739
64 56 4 3 12 739
64 60 4 5 21 739
64 65 4 1 16 739
64 67 4 4 16 739
64 69 4 1 14 739
64 71 4 1 20 739
64 73 4 2 14 739
64 76 4 2 9 739
64 77 4 4 20 739
64 79 4 5 12 739
64 81 4 4 14 739
64 82 4 1 20 739
64 85 4 5 10 739
64 86 4 5 1 739
64 87 4 1 25 739
64 89 4 4 7 739
64 92 4 4 10 739
64 94 4 1 9 739
64 95 4 1 3 739
64 97 4 4 14 739
64 99 4 1 12 739
65 0 1 5 11 323
65 2 1 2 13 323
65 6 1 3 10 323
65 7 1 4 1 323
65 8 1 5 9 323
65 9 1 4 4 323
65 12 1 1 7 323
65 15 1 4 12 323
65 16 1 3 4 323
65 17 1 5 14 323
65 18 1 4 15 323
65 20 1 3 8 323
65 21 1 3 19 323
65 22 1 1 23 323
65 24 1 3 17 323
65 29 1 5 8 323
65 33 1 3 8 323
65 34 1 1 9 323
65 36 1 3 2 323
65 37 1 1 6 323
65 43 1 2 19 323
65 45 1 4 20 323
65 48 1 2 8 323
65 49 1 3 16 323
65 50 1 5 7 323
65 52 1 4 2 323
65 55 1 4 25 323
65 59 1 4 2 323
65 60 1 5 20 323
65 62 1 1 13 323
65 63 1 2 4 323
65 64 1 4 16 323
65 67 1 4 20 323
65 68 1 4 2 323
65 69 1 1 25 323
65 70 1 2 14 323
65 71 1 1 20 323
65 72 1 2 5 323
65 75 1 4 7 323
65 79 1 5 3 323
65 80 1 5 17 323
65 83 1 4 7 323
65 86 1 5 12 323
65 87 1 1 7 323
65 88 1 4 11 323
65 89 1 4 6 323
65 90 1 1 4 323
65 91 1 2 17 323
65 92 1 4 3 323
65 93 1 3 7 323
65 95 1 1 6 323
65 97 1 4 23 323
65 99 1 1 1 323
66 2 1 2 5 870
66 4 1 1 1 870
66 8 1 5 25 870
66 10 1 4 11 870
66 11 1 3 15 870
66 14 1 3 4 870
66 15 1 4 19 870
66 16 1 3 18 870
66 19 1 2 12 870
66 20 1 3 14 870
66 23 1 5 14 870
66 24 1 3 9 870
66 25 1 5 25 870
66 26 1 5 23 870
66 28 1 5 7 870
66 29 1 5 11 870
66 30 1 3 8 870
66 31 1 3 7 870
66 34 1 1 9 870
66 35 1 2 22 870
66 36 1 3 19 870
66 38 1 5 5 870
66 42 1 5 13 870
66 43 1 2 1 870
66 44 1 4 12 870
66 49 1 3 5 870
66 53 1 5 12 870
66 56 1 3 3 870
66 59 1 4 23 870
66 60 1 5 20 870
66 61 1 2 6 870
66 62 1 1 19 870
66 63 1 2 24 870
66 69 1 1 24 870
66 71 1 1 20 870
66 72 1 2 15 870
66 73 1 2 20 870
66 76 1 2 20 870
66 78 1 2 20 870
66 79 1 5 3 870
66 80 1 5 3 870
66 81 1 4 1 870
66 82 1 1 8 870
66 83 1 4 10 870
66 84 1 3 24 870
66 85 1 5 4 870
66 87 1 1 20 870
66 91 1 2 24 870
66 94 1 1 12 870
66 95 1 1 2 870
67 0 4 5 13 147
67 3 4 3 23 147
67 4 4 1 13 147
67 5 4 3 10 147
67 6 4 3 14 147
67 8 4 5 8 147
67 9 4 4 23 147
67 10 4 4 18 147
67 11 4 3 8 147
67 12 4 1 8 147
67 13 4 1 20 147
67 15 4 4 25 147
67 19 4 2 25 147
67 20 4 3 16 147
67 21 4 3 5 147
67 22 4 1 9 147
67 24 4 3 11 147
67 25 4 5 9 147
67 27 4 5 12 147
67 29 4 5 10 147
67 30 4 3 16 147
67 32 4 5 15 147
67 36 4 3 14 147
67 40 4 1 11 147
67 41 4 4 7 147
67 42 4 5 25 147
67 43 4 2 16 147
67 46 4 5 13 147
67 49 4 3 19 147
67 50 4 5 1 147
67 52 4 4 10 147
67 53 4 5 17 147
67 55 4 4 21 147
67 57 4 4 17 147
67 58 4 3 23 147
67 61 4 2 16 147
67 63 4 2 9 147
67 64 4 4 16 147
67 65 4 1 20 147
67 68 4 4 25 147
67 70 4 2 20 147
67 75 4 4 25 147
67 78 4 2 4 147
67 79 4 5 22 147
67 85 4 5 1 147
67 86 4 5 24 147
67 87 4 1 17 147
67 88 4 4 1 147
67 89 4 4 6 147
67 91 4 2 14 147
67 92 4 4 13 147
67 95 4 1 2 147
67 96 4 1 21 147
67 97 4 4 21 147
68 0 4 5 10 918
68 3 4 3 9 918
68 4 4 1 4 918
68 6 4 3 19 918
68 7 4 4 23 918
68 10 4 4 5 918
68 12 4 1 8 918
68 13 4 1 9 918
68 14 4 3 10 918
68 15 4 4 12 918
68 17 4 5 8 918
68 19 4 2 17 918
68 21 4 3 10 918
68 22 4 1 15 918
68 23 4 5 18 918
68 24 4 3 3 918
68 26 4 5 11 918
68 29 4 5 6 918
68 30 4 3 9 918
68 31 4 3 9 918
68 33 4 3 1 918
68 36 4 3 10 918
68 37 4 1 14 918
68 39 4 3 11 918
68 44 4 4 25 918
68 45 4 4 13 918
68 49 4 3 17 918
68 52 4 4 16 918
68 54 4 5 13 918
68 56 4 3 14 918
68 63 4 2 8 918
68 65 4 1 2 918
68 67 4 4 25 918
68 70 4 2 19 918
68 72 4 2 16 918
68 73 4 2 1 918
68 76 4 2 18 918
68 77 4 4 11 918
68 78 4 2 20 918
68 79 4 5 12 918
68 80 4 5 16 918
68 81 4 4 22 918
68 82 4 1 8 918
68 83 4 4 10 918
68 85 4 5 23 918
68 86 4 5 9 918
68 87 4 1 14 918
68 88 4 4 25 918
68 89 4 4 15 918
68 90 4 1 7 918
68 93 4 3 4 918
68 94 4 1 21 918
68 95 4 1 18 918
68 96 4 1 14 918
69 4 1 1 17 634
69 6 1 3 5 634
69 7 1 4 10 634
69 11 1 3 16 634
69 13 1 1 8 634
69 14 1 3 20 634
69 15 1 4 21 634
69 23 1 5 12 634
69 26 1 5 23 634
69 27 1 5 1 634
69 29 1 5 15 634
69 31 1 3 22 634
69 33 1 3 15 634
69 37 1 1 19 634
69 38 1 5 11 634
69 45 1 4 1 634
69 46 1 5 9 634
69 51 1 1 17 634
69 54 1 5 23 634
69 55 1 4 9 634
69 58 1 3 20 634
69 59 1 4 13 634
69 61 1 2 5 634
69 62 1 1 17 634
69 63 1 2 9 634
69 64 1 4 14 634
69 65 1 1 25 634
69 66 1 1 24 634
69 72 1 2 13 634
69 73 1 2 20 634
69 74 1 3 14 634
69 77 1 4 16 634
69 78 1 2 23 634
69 79 1 5 6 634
69 80 1 5 5 634
69 85 1 5 20 634
69 87 1 1 9 634
69 88 1 4 1 634
69 89 1 4 13 634
69 90 1 1 6 634
69 91 1 2 15 634
69 97 1 4 9 634
69 98 1 3 1 634
70 0 2 5 16 700
70 2 2 2 6 700
70 4 2 1 22 700
70 6 2 3 8 700
70 9 2 4 13 700
70 10 2 4 7 700
70 11 2 3 23 700
70 12 2 1 13 700
70 15 2 4 13 700
70 16 2 3 17 700
70 17 2 5 16 700
70 20 2 3 5 700
70 24 2 3 9 700
70 30 2 3 9 700
70 32 2 5 7 700
70 36 2 3 18 700
70 40 2 1 15 700
70 43 2 2 19 700
70 44 2 4 15 700
70 45 2 4 12 700
70 46 2 5 11 700
70 53 2 5 9 700
70 54 2 5 3 700
70 58 2 3 12 700
70 59 2 4 8 700
70 61 2 2 19 700
70 65 2 1 14 700
70 67 2 4 20 700
70 68 2 4 19 700
70 71 2 1 11 700
70 72 2 2 5 700
70 73 2 2 10 700
70 77 2 4 5 700
70 78 2 2 14 700
70 79 2 5 21 700
70 81 2 4 3 700
70 83 2 4 11 700
70 85 2 5 24 700
70 86 2 5 5 700
70 89 2 4 24 700
70 90 2 1 15 700
70 91 2 2 13 700
70 92 2 4 11 700
70 93 2 3 1 700
70 94 2 1 12 700
70 95 2 1 25 700
70 98 2 3 1 700
71 0 1 5 19 664
71 1 1 4 12 664
71 3 1 3 17 664
71 4 1 1 25 664
71 10 1 4 7 664
71 13 1 1 1 664
71 16 1 3 12 664
71 23 1 5 6 664
71 24 1 3 18 664
71 26 1 5 25 664
71 29 1 5 12 664
71 30 1 3 8 664
71 31 1 3 18 664
71 35 1 2 15 664
71 36 1 3 9 664
71 38 1 5 24 664
71 40 1 1 24 664
71 41 1 4 11 664
71 44 1 4 2 664
71 45 1 4 3 664
71 47 1 2 10 664
71 49 1 3 7 664
71 54 1 5 8 664
71 55 1 4 8 664
71 58 1 3 7 664
71 59 1 4 2 664
71 64 1 4 20 664
71 65 1 1 20 664
71 66 1 1 20 664
71 70 1 2 11 664
71 75 1 4 1 664
71 77 1 4 12 664
71 78 1 2 25 664
71 81 1 4 19 664
71 82 1 1 24 664
71 83 1 4 18 664
71 84 1 3 4 664
71 85 1 5 4 664
71 90 1 1 25 664
71 91 1 2 18 664
71 92 1 4 14 664
71 93 1 3 8 664
71 94 1 1 19 664
71 95 1 1 10 664
71 96 1 1 9 664
71 97 1 4 1 664
71 98 1 3 18 664
71 99 1 1 21 664
72 1 2 4 3 185
72 4 2 1 20 185
72 7 2 4 21 185
72 8 2 5 10 185
72 10 2 4 3 185
72 11 2 3 1 185
72 13 2 1 19 185
72 16 2 3 23 185
72 21 2 3 25 185
72 24 2 3 3 185
72 25 2 5 19 185
72 27 2 5 12 185
72 28 2 5 6 185
72 29 2 5 6 185
72 31 2 3 7 185
72 32 2 5 2 185
72 35 2 2 19 185
72 38 2 5 16 185
72 40 2 1 9 185
72 42 2 5 16 185
72 44 2 4 2 185
72 49 2 3 11 185
72 50 2 5 4 185
72 58 2 3 14 185
72 61 2 2 11 185
72 62 2 1 20 185
72 63 2 2 2 185
72 65 2 1 5 185
72 66 2 1 15 185
72 68 2 4 16 185
72 69 2 1 13 185
72 70 2 2 5 185
72 74 2 3 21 185
72 75 2 4 5 185
72 79 2 5 4 185
72 80 2 5 21 185
72 81 2 4 2 185
72 82 2 1 17 185
72 85 2 5 14 185
72 88 2 4 2 185
72 89 2 4 9 185
72 91 2 2 7 185
72 92 2 4 8 185
72 93 2 3 15 185
72 94 2 1 25 185
73 2 2 2 8 102
73 3 2 3 23 102
73 4 2 1 24 102
73 7 2 4 5 102
73 12 2 1 13 102
73 14 2 3 20 102
73 17 2 5 24 102
73 19 2 2 13 102
73 20 2 3 7 102
73 21 2 3 6 102
73 23 2 5 24 102
73 24 2 3 9 102
73 25 2 5 19 102
73 26 2 5 25 102
73 27 2 5 14 102
73 28 2 5 20 102
73 30 2 3 6 102
73 31 2 3 15 102
73 33 2 3 22 102
73 35 2 2 3 102
73 36 2 3 3 102
73 40 2 1 8 102
73 44 2 4 15 102
73 45 2 4 9 102
73 46 2 5 1 102
73 47 2 2 8 102
73 48 2 2 16 102
73 51 2 1 25 102
73 52 2 4 21 102
73 53 2 5 11 102
73 55 2 4 17 102
73 56 2 3 17 102
73 57 2 4 5 102
73 60 2 5 16 102
73 61 2 2 18 102
73 63 2 2 5 102
73 64 2 4 14 102
73 66 2 1 20 102
73 68 2 4 1 102
73 69 2 1 20 102
73 70 2 2 10 102
73 74 2 3 13 102
73 81 2 4 4 102
73 83 2 4 25 102
73 85 2 5 22 102
73 86 2 5 7 102
73 87 2 1 18 102
73 92 2 4 24 102
73 96 2 1 22 102
73 98 2 3 2 102
73 99 2 1 25 102
74 0 3 5 18 962
74 1 3 4 8 962
74 5 3 3 3 962
74 6 3 3 6 962
74 7 3 4 4 962
74 10 3 4 1 962
74 14 3 3 8 962
74 15 3 4 8 962
74 16 3 3 25 962
74 18 3 4 9 962
74 19 3 2 22 962
74 20 3 3 6 962
74 21 3 3 18 962
74 22 3 1 8 962
74 23 3 5 9 962
74 28 3 5 10 962
74 32 3 5 4 962
74 33 3 3 16 962
74 35 3 2 9 962
74 36 3 3 12 962
74 39 3 3 13 962
74 40 3 1 24 962
74 41 3 4 12 962
74 42 3 5 13 962
74 46 3 5 14 962
74 47 3 2 17 962
74 48 3 2 7 962
74 49 3 3 13 962
74 50 3 5 9 962
74 52 3 4 10 962
74 56 3 3 5 962
74 59 3 4 25 962
74 60 3 5 6 962
74 61 3 2 25 962
74 62 3 1 16 962
74 69 3 1 14 962
74 72 3 2 21 962
74 73 3 2 13 962
74 76 3 2 14 962
74 81 3 4 3 962
74 89 3 4 10 962
74 90 3 1 3 962
74 92 3 4 15 962
74 95 3 1 20 962
74 99 3 1 5 962
75 0 4 5 25 428
75 2 4 2 12 428
75 3 4 3 9 428
75 4 4 1 22 428
75 6 4 3 4 428
75 12 4 1 3 428
75 14 4 3 3 428
75 16 4 3 15 428
75 17 4 5 3 428
75 20 4 3 22 428
75 21 4 3 23 428
75 31 4 3 10 428
75 32 4 5 18 428
75 33 4 3 3 428
75 34 4 1 18 428
75 35 4 2 10 428
75 37 4 1 15 428
75 39 4 3 11 428
75 42 4 5 5 428
75 43 4 2 5 428
75 44 4 4 1 428
75 46 4 5 24 428
75 53 4 5 14 428
75 54 4 5 2 428
75 55 4 4 17 428
75 56 4 3 25 428
75 58 4 3 8 428
75 59 4 4 2 428
75 60 4 5 1 428
75 65 4 1 7 428
75 67 4 4 25 428
75 71 4 1 1 428
75 72 4 2 5 428
75 77 4 4 9 428
75 79 4 5 14 428
75 81 4 4 8 428
75 84 4 3 16 428
75 85 4 5 24 428
75 86 4 5 11 428
75 88 4 4 1 428
75 91 4 2 16 428
75 92 4 4 22 428
75 95 4 1 25 428
75 96 4 1 6 428
75 97 4 4 2 428
75 98 4 3 16 428
75 99 4 1 5 428
76 0 2 5 2 241
76 3 2 3 10 241
76 4 2 1 8 241
76 5 2 3 13 241
76 6 2 3 13 241
76 7 2 4 11 241
76 8 2 5 25 241
76 13 2 1 1 241
76 14 2 3 1 241
76 17 2 5 10 241
76 18 2 4 23 241
76 19 2 2 15 241
76 21 2 3 17 241
76 22 2 1 2 241
76 24 2 3 20 241
76 25 2 5 9 241
76 26 2 5 25 241
76 27 2 5 7 241
76 28 2 5 22 241
76 30 2 3 24 241
76 32 2 5 10 241
76 33 2 3 8 241
76 36 2 3 22 241
76 40 2 1 9 241
76 42 2 5 25 241
76 43 2 2 12 241
76 44 2 4 20 241
76 46 2 5 19 241
76 47 2 2 19 241
76 48 2 2 13 241
76 49 2 3 15 241
76 50 2 5 10 241
76 51 2 1 8 241
76 52 2 4 6 241
76 53 2 5 2 241
76 54 2 5 13 241
76 56 2 3 9 241
76 58 2 3 2 241
76 59 2 4 5 241
76 60 2 5 25 241
76 63 2 2 21 241
76 64 2 4 9 241
76 66 2 1 20 241
76 68 2 4 18 241
76 74 2 3 14 241
76 78 2 2 13 241
76 79 2 5 23 241
76 80 2 5 21 241
76 82 2 1 8 241
76 84 2 3 21 241
76 85 2 5 6 241
76 87 2 1 16 241
76 89 2 4 23 241
76 90 2 1 6 241
76 91 2 2 16 241
76 95 2 1 8 241
76 96 2 1 20 241
76 99 2 1 20 241
77 1 4 4 25 682
77 2 4 2 7 682
77 3 4 3 24 682
77 6 4 3 23 682
77 7 4 4 5 682
77 8 4 5 9 682
77 9 4 4 9 682
77 10 4 4 10 682
77 16 4 3 25 682
77 17 4 5 2 682
77 18 4 4 25 682
77 19 4 2 6 682
77 21 4 3 19 682
77 22 4 1 11 682
77 27 4 5 1 682
77 28 4 5 16 682
77 30 4 3 17 682
77 31 4 3 1 682
77 32 4 5 5 682
77 34 4 1 6 682
77 36 4 3 8 682
77 37 4 1 9 682
77 38 4 5 19 682
77 39 4 3 17 682
77 40 4 1 24 682
77 42 4 5 12 682
77 43 4 2 1 682
77 47 4 2 2 682
77 49 4 3 16 682
77 51 4 1 18 682
77 53 4 5 1 682
77 55 4 4 8 682
77 59 4 4 9 682
77 61 4 2 7 682
77 63 4 2 23 682
77 64 4 4 20 682
77 68 4 4 11 682
77 69 4 1 16 682
77 70 4 2 5 682
77 71 4 1 12 682
77 75 4 4 9 682
77 78 4 2 3 682
77 80 4 5 19 682
77 83 4 4 11 682
77 84 4 3 10 682
77 85 4 5 19 682
77 86 4 5 15 682
77 87 4 1 3 682
77 89 4 4 16 682
77 94 4 1 1 682
77 95 4 1 3 682
77 96 4 1 15 682
77 99 4 1 2 682
78 4 2 1 1 782
78 6 2 3 12 782
78 7 2 4 24 782
78 9 2 4 4 782
78 10 2 4 25 782
78 15 2 4 1 782
78 16 2 3 24 782
78 17 2 5 13 782
78 18 2 4 15 782
78 19 2 2 16 782
78 21 2 3 12 782
78 22 2 1 10 782
78 26 2 5 14 782
78 29 2 5 23 782
78 30 2 3 10 782
78 32 2 5 3 782
78 33 2 3 3 782
78 35 2 2 6 782
78 36 2 3 2 782
78 37 2 1 17 782
78 38 2 5 8 782
78 41 2 4 18 782
78 42 2 5 18 782
78 43 2 2 23 782
78 46 2 5 4 782
78 47 2 2 16 782
78 49 2 3 8 782
78 51 2 1 15 782
78 54 2 5 16 782
78 55 2 4 8 782
78 56 2 3 14 782
78 58 2 3 17 782
78 62 2 1 22 782
78 63 2 2 11 782
78 66 2 1 20 782
78 67 2 4 4 782
78 68 2 4 20 782
78 69 2 1 23 782
78 70 2 2 14 782
78 71 2 1 25 782
78 76 2 2 13 782
78 77 2 4 3 782
78 80 2 5 10 782
78 81 2 4 24 782
78 82 2 1 13 782
78 88 2 4 4 782
78 89 2 4 19 782
78 91 2 2 18 782
78 95 2 1 18 782
78 96 2 1 1 782
78 98 2 3 7 782
79 0 5 5 5 457
79 4 5 1 8 457
79 8 5 5 23 457
79 11 5 3 1 457
79 12 5 1 8 457
79 16 5 3 13 457
79 20 5 3 6 457
79 21 5 3 18 457
79 22 5 1 17 457
79 23 5 5 22 457
79 26 5 5 22 457
79 27 5 5 14 457
79 30 5 3 3 457
79 31 5 3 4 457
79 33 5 3 14 457
79 34 5 1 12 457
79 36 5 3 7 457
79 38 5 5 1 457
79 52 5 4 8 457
79 57 5 4 6 457
79 59 5 4 15 457
79 61 5 2 22 457
79 62 5 1 25 457
79 63 5 2 14 457
79 64 5 4 12 457
79 65 5 1 3 457
79 66 5 1 3 457
79 67 5 4 22 457
79 68 5 4 12 457
79 69 5 1 6 457
79 70 5 2 21 457
79 72 5 2 4 457
79 75 5 4 14 457
79 76 5 2 23 457
79 82 5 1 16 457
79 84 5 3 25 457
79 85 5 5 8 457
79 87 5 1 13 457
79 88 5 4 8 457
79 89 5 4 19 457
79 93 5 3 9 457
79 94 5 1 1 457
79 96 5 1 21 457
79 97 5 4 25 457
80 0 5 5 3 239
80 1 5 4 1 239
80 3 5 3 2 239
80 9 5 4 15 239
80 10 5 4 15 239
80 12 5 1 15 239
80 13 5 1 25 239
80 14 5 3 11 239
80 18 5 4 10 239
80 21 5 3 9 239
80 22 5 1 14 239
80 24 5 3 4 239
80 25 5 5 2 239
80 26 5 5 23 239
80 28 5 5 6 239
80 34 5 1 2 239
80 36 5 3 3 239
80 37 5 1 1 239
80 38 5 5 25 239
80 40 5 1 15 239
80 43 5 2 20 239
80 49 5 3 23 239
80 51 5 1 21 239
80 52 5 4 13 239
80 56 5 3 18 239
80 57 5 4 10 239
80 58 5 3 20 239
80 59 5 4 1 239
80 65 5 1 17 239
80 66 5 1 3 239
80 68 5 4 16 239
80 69 5 1 5 239
80 72 5 2 21 239
80 76 5 2 21 239
80 77 5 4 19 239
80 78 5 2 10 239
80 82 5 1 10 239
80 84 5 3 17 239
80 87 5 1 11 239
80 88 5 4 23 239
80 91 5 2 6 239
80 93 5 3 18 239
80 95 5 1 7 239
80 96 5 1 19 239
80 97 5 4 14 239
81 1 4 4 24 143
81 3 4 3 11 143
81 5 4 3 4 143
81 6 4 3 16 143
81 7 4 4 10 143
81 8 4 5 1 143
81 9 4 4 7 143
81 12 4 1 23 143
81 14 4 3 8 143
81 17 4 5 9 143
81 18 4 4 10 143
81 20 4 3 7 143
81 21 4 3 17 143
81 22 4 1 24 143
81 23 4 5 14 143
81 28 4 5 15 143
81 30 4 3 5 143
81 32 4 5 13 143
81 35 4 2 6 143
81 38 4 5 15 143
81 45 4 4 9 143
81 47 4 2 15 143
81 48 4 2 20 143
81 49 4 3 23 143
81 50 4 5 12 143
81 54 4 5 16 143
81 55 4 4 15 143
81 61 4 2 13 143
81 62 4 1 9 143
81 63 4 2 15 143
81 64 4 4 14 143
81 66 4 1 1 143
81 68 4 4 22 143
81 70 4 2 3 143
81 71 4 1 19 143
81 72 4 2 2 143
81 73 4 2 4 143
81 74 4 3 3 143
81 75 4 4 8 143
81 78 4 2 24 143
81 82 4 1 22 143
81 83 4 4 11 143
81 85 4 5 14 143
81 87 4 1 17 143
81 88 4 4 20 143
81 91 4 2 21 143
81 92 4 4 18 143
81 93 4 3 23 143
81 96 4 1 8 143
82 0 1 5 3 602
82 1 1 4 1 602
82 4 1 1 20 602
82 5 1 3 2 602
82 7 1 4 18 602
82 9 1 4 24 602
82 11 1 3 13 602
82 12 1 1 15 602
82 13 1 1 7 602
82 15 1 4 15 602
82 16 1 3 23 602
82 19 1 2 13 602
82 23 1 5 24 602
82 25 1 5 11 602
82 26 1 5 22 602
82 29 1 5 1 602
82 33 1 3 19 602
82 35 1 2 4 602
82 37 1 1 7 602
82 38 1 5 25 602
82 42 1 5 17 602
82 43 1 2 11 602
82 44 1 4 23 602
82 47 1 2 9 602
82 50 1 5 9 602
82 51 1 1 8 602
82 53 1 5 17 602
82 54 1 5 8 602
82 55 1 4 22 602
82 56 1 3 13 602
82 57 1 4 10 602
82 59 1 4 7 602
82 61 1 2 18 602
82 64 1 4 20 602
82 66 1 1 8 602
82 68 1 4 8 602
82 71 1 1 24 602
82 72 1 2 17 602
82 76 1 2 8 602
82 78 1 2 13 602
82 79 1 5 16 602
82 80 1 5 10 602
82 81 1 4 22 602
82 83 1 4 1 602
82 85 1 5 20 602
82 87 1 1 19 602
82 88 1 4 19 602
82 89 1 4 15 602
82 91 1 2 8 602
82 93 1 3 1 602
82 95 1 1 2 602
83 1 4 4 25 88
83 4 4 1 10 88
83 6 4 3 14 88
83 9 4 4 5 88
83 10 4 4 3 88
83 12 4 1 21 88
83 17 4 5 20 88
83 18 4 4 13 88
83 20 4 3 18 88
83 21 4 3 10 88
83 22 4 1 20 88
83 23 4 5 24 88
83 24 4 3 3 88
83 29 4 5 18 88
83 32 4 5 24 88
83 34 4 1 15 88
83 35 4 2 1 88
83 36 4 3 15 88
83 38 4 5 5 88
83 39 4 3 11 88
83 40 4 1 19 88
83 42 4 5 13 88
83 45 4 4 11 88
83 51 4 1 12 88
83 53 4 5 9 88
83 54 4 5 17 88
83 55 4 4 18 88
83 56 4 3 1 88
83 58 4 3 4 88
83 60 4 5 4 88
83 61 4 2 20 88
83 62 4 1 10 88
83 63 4 2 6 88
83 65 4 1 7 88
83 66 4 1 10 88
83 68 4 4 10 88
83 70 4 2 11 88
83 71 4 1 18 88
83 73 4 2 25 88
83 77 4 4 11 88
83 81 4 4 11 88
83 82 4 1 1 88
83 86 4 5 20 88
83 91 4 2 19 88
83 92 4 4 25 88
83 94 4 1 17 88
83 96 4 1 10 88
83 98 4 3 17 88
83 99 4 1 2 88
84 0 3 5 25 891
84 1 3 4 1 891
84 2 3 2 3 891
84 3 3 3 23 891
84 6 3 3 20 891
84 8 3 5 15 891
84 10 3 4 9 891
84 11 3 3 11 891
84 14 3 3 19 891
84 16 3 3 24 891
84 24 3 3 23 891
84 26 3 5 16 891
84 28 3 5 23 891
84 30 3 3 23 891
84 31 3 3 6 891
84 33 3 3 13 891
84 34 3 1 23 891
84 36 3 3 20 891
84 38 3 5 11 891
84 42 3 5 18 891
84 43 3 2 8 891
84 45 3 4 8 891
84 46 3 5 24 891
84 48 3 2 12 891
84 50 3 5 8 891
84 53 3 5 6 891
84 54 3 5 18 891
84 60 3 5 19 891
84 61 3 2 16 891
84 62 3 1 16 891
84 66 3 1 24 891
84 71 3 1 4 891
84 75 3 4 16 891
84 76 3 2 21 891
84 77 3 4 10 891
84 79 3 5 25 891
84 80 3 5 17 891
84 86 3 5 11 891
84 87 3 1 20 891
84 88 3 4 23 891
84 89 3 4 9 891
84 91 3 2 5 891
84 96 3 1 21 891
84 98 3 3 23 891
84 99 3 1 6 891
85 2 5 2 24 497
85 4 5 1 21 497
85 9 5 4 25 497
85 11 5 3 9 497
85 12 5 1 7 497
85 13 5 1 22 497
85 14 5 3 3 497
85 18 5 4 12 497
85 19 5 2 11 497
85 20 5 3 10 497
85 22 5 1 11 497
85 23 5 5 22 497
85 25 5 5 22 497
85 27 5 5 17 497
85 28 5 5 21 497
85 29 5 5 25 497
85 30 5 3 14 497
85 31 5 3 25 497
85 32 5 5 19 497
85 33 5 3 15 497
85 41 5 4 11 497
85 42 5 5 11 497
85 43 5 2 18 497
85 46 5 5 16 497
85 47 5 2 2 497
85 48 5 2 10 497
85 49 5 3 22 497
85 50 5 5 8 497
85 52 5 4 15 497
85 53 5 5 15 497
85 54 5 5 22 497
85 57 5 4 7 497
85 60 5 5 24 497
85 61 5 2 2 497
85 63 5 2 23 497
85 64 5 4 10 497
85 66 5 1 4 497
85 67 5 4 1 497
85 68 5 4 23 497
85 69 5 1 20 497
85 70 5 2 24 497
85 71 5 1 4 497
85 72 5 2 14 497
85 73 5 2 22 497
85 75 5 4 24 497
85 76 5 2 6 497
85 77 5 4 19 497
85 79 5 5 8 497
85 81 5 4 14 497
85 82 5 1 20 497
85 88 5 4 1 497
85 90 5 1 12 497
85 91 5 2 11 497
85 93 5 3 2 497
85 94 5 1 23 497
85 95 5 1 12 497
85 97 5 4 12 497
85 99 5 1 7 497
86 2 5 2 15 497
86 5 5 3 1 497
86 6 5 3 11 497
86 8 5 5 16 497
86 9 5 4 12 497
86 13 5 1 24 497
86 15 5 4 22 497
86 16 5 3 16 497
86 17 5 5 23 497
86 19 5 2 20 497
86 21 5 3 6 497
86 22 5 1 13 497
86 23 5 5 6 497
86 24 5 3 11 497
86 25 5 5 14 497
86 26 5 5 18 497
86 31 5 3 21 497
86 33 5 3 7 497
86 35 5 2 25 497
86 36 5 3 25 497
86 38 5 5 18 497
86 39 5 3 11 497
86 40 5 1 1 497
86 41 5 4 5 497
86 43 5 2 21 497
86 47 5 2 16 497
86 49 5 3 19 497
86 50 5 5 10 497
86 51 5 1 11 497
86 53 5 5 18 497
86 54 5 5 17 497
86 55 5 4 13 497
86 60 5 5 4 497
86 62 5 1 6 497
86 64 5 4 1 497
86 65 5 1 12 497
86 67 5 4 24 497
86 68 5 4 9 497
86 70 5 2 5 497
86 73 5 2 7 497
86 75 5 4 11 497
86 77 5 4 15 497
86 83 5 4 20 497
86 84 5 3 11 497
86 91 5 2 12 497
86 93 5 3 3 497
86 94 5 1 4 497
86 96 5 1 4 497
86 97 5 4 1 497
86 99 5 1 12 497
87 0 1 5 2 996
87 4 1 1 1 996
87 7 1 4 22 996
87 8 1 5 18 996
87 9 1 4 5 996
87 12 1 1 8 996
87 14 1 3 21 996
87 17 1 5 9 996
87 18 1 4 23 996
87 19 1 2 1 996
87 22 1 1 5 996
87 23 1 5 21 996
87 27 1 5 25 996
87 29 1 5 9 996
87 31 1 3 11 996
87 34 1 1 25 996
87 35 1 2 16 996
87 37 1 1 3 996
87 40 1 1 7 996
87 46 1 5 25 996
87 49 1 3 16 996
87 51 1 1 20 996
87 52 1 4 10 996
87 55 1 4 18 996
87 56 1 3 24 996
87 59 1 4 11 996
87 60 1 5 23 996
87 64 1 4 25 996
87 65 1 1 7 996
87 66 1 1 20 996
87 67 1 4 17 996
87 68 1 4 14 996
87 69 1 1 9 996
87 73 1 2 18 996
87 76 1 2 16 996
87 77 1 4 3 996
87 79 1 5 13 996
87 80 1 5 11 996
87 81 1 4 17 996
87 82 1 1 19 996
87 84 1 3 20 996
87 88 1 4 5 996
87 90 1 1 20 996
87 91 1 2 3 996
87 95 1 1 9 996
87 97 1 4 13 996
87 98 1 3 9 996
87 99 1 1 10 996
88 0 4 5 7 925
88 1 4 4 2 925
88 6 4 3 22 925
88 9 4 4 7 925
88 14 4 3 12 925
88 17 4 5 19 925
88 18 4 4 13 925
88 21 4 3 14 925
88 22 4 1 25 925
88 23 4 5 17 925
88 24 4 3 9 925
88 25 4 5 23 925
88 26 4 5 13 925
88 27 4 5 5 925
88 37 4 1 13 925
88 38 4 5 13 925
88 42 4 5 14 925
88 46 4 5 8 925
88 49 4 3 5 925
88 50 4 5 9 925
88 51 4 1 25 925
88 52 4 4 20 925
88 53 4 5 11 925
88 55 4 4 11 925
88 56 4 3 4 925
88 57 4 4 7 925
88 58 4 3 10 925
88 60 4 5 20 925
88 61 4 2 12 925
88 62 4 1 17 925
88 65 4 1 11 925
88 67 4 4 1 925
88 68 4 4 25 925
88 69 4 1 1 925
88 72 4 2 2 925
88 75 4 4 1 925
88 78 4 2 4 925
88 79 4 5 8 925
88 80 4 5 23 925
88 81 4 4 20 925
88 82 4 1 19 925
88 84 4 3 23 925
88 85 4 5 1 925
88 87 4 1 5 925
88 92 4 4 20 925
88 93 4 3 7 925
88 94 4 1 2 925
88 96 4 1 17 925
88 97 4 4 6 925
88 98 4 3 13 925
89 0 4 5 1 851
89 3 4 3 8 851
89 4 4 1 9 851
89 5 4 3 9 851
89 8 4 5 3 851
89 12 4 1 20 851
89 13 4 1 4 851
89 14 4 3 24 851
89 15 4 4 19 851
89 16 4 3 20 851
89 18 4 4 8 851
89 21 4 3 11 851
89 23 4 5 10 851
89 24 4 3 8 851
89 25 4 5 4 851
89 28 4 5 2 851
89 29 4 5 3 851
89 33 4 3 5 851
89 37 4 1 4 851
89 39 4 3 14 851
89 41 4 4 21 851
89 42 4 5 2 851
89 43 4 2 18 851
89 47 4 2 23 851
89 48 4 2 19 851
89 50 4 5 10 851
89 52 4 4 21 851
89 53 4 5 24 851
89 58 4 3 2 851
89 59 4 4 6 851
89 60 4 5 5 851
89 61 4 2 14 851
89 62 4 1 22 851
89 63 4 2 23 851
89 64 4 4 7 851
89 65 4 1 6 851
89 67 4 4 6 851
89 68 4 4 15 851
89 69 4 1 13 851
89 70 4 2 24 851
89 72 4 2 9 851
89 74 4 3 10 851
89 76 4 2 23 851
89 77 4 4 16 851
89 78 4 2 19 851
89 79 4 5 19 851
89 82 4 1 15 851
89 84 4 3 9 851
89 90 4 1 12 851
89 92 4 4 6 851
89 95 4 1 6 851
89 99 4 1 10 851
90 2 1 2 23 288
90 3 1 3 3 288
90 4 1 1 22 288
90 5 1 3 9 288
90 7 1 4 3 288
90 9 1 4 4 288
90 10 1 4 23 288
90 11 1 3 1 288
90 12 1 1 4 288
90 13 1 1 4 288
90 16 1 3 3 288
90 19 1 2 23 288
90 20 1 3 5 288
90 21 1 3 21 288
90 26 1 5 8 288
90 27 1 5 25 288
90 28 1 5 4 288
90 32 1 5 22 288
90 34 1 1 4 288
90 35 1 2 18 288
90 37 1 1 12 288
90 38 1 5 20 288
90 39 1 3 13 288
90 41 1 4 6 288
90 43 1 2 10 288
90 45 1 4 1 288
90 46 1 5 16 288
90 48 1 2 13 288
90 52 1 4 19 288
90 55 1 4 24 288
90 56 1 3 14 288
90 57 1 4 10 288
90 58 1 3 23 288
90 60 1 5 7 288
90 65 1 1 4 288
90 68 1 4 7 288
90 69 1 1 6 288
90 70 1 2 15 288
90 71 1 1 25 288
90 74 1 3 3 288
90 76 1 2 6 288
90 85 1 5 12 288
90 87 1 1 20 288
90 89 1 4 12 288
90 91 1 2 17 288
90 92 1 4 18 288
90 93 1 3 24 288
90 94 1 1 6 288
90 96 1 1 6 288
90 97 1 4 12 288
90 98 1 3 9 288
91 0 2 5 20 942
91 1 2 4 17 942
91 4 2 1 14 942
91 5 2 3 12 942
91 10 2 4 3 942
91 11 2 3 21 942
91 14 2 3 22 942
91 16 2 3 12 942
91 17 2 5 22 942
91 18 2 4 19 942
91 20 2 3 15 942
91 21 2 3 1 942
91 23 2 5 2 942
91 24 2 3 9 942
91 28 2 5 16 942
91 29 2 5 1 942
91 30 2 3 13 942
91 31 2 3 24 942
91 35 2 2 4 942
91 37 2 1 13 942
91 38 2 5 1 942
91 39 2 3 15 942
91 40 2 1 23 942
91 41 2 4 10 942
91 43 2 2 4 942
91 44 2 4 17 942
91 45 2 4 8 942
91 47 2 2 10 942
91 51 2 1 3 942
91 57 2 4 4 942
91 58 2 3 8 942
91 59 2 4 25 942
91 65 2 1 17 942
91 66 2 1 24 942
91 67 2 4 14 942
91 69 2 1 15 942
91 70 2 2 13 942
91 71 2 1 18 942
91 72 2 2 7 942
91 75 2 4 16 942
91 76 2 2 16 942
91 78 2 2 18 942
91 80 2 5 6 942
91 81 2 4 21 942
91 82 2 1 8 942
91 83 2 4 19 942
91 84 2 3 5 942
91 85 2 5 11 942
91 86 2 5 12 942
91 87 2 1 3 942
91 90 2 1 17 942
91 92 2 4 8 942
91 94 2 1 25 942
91 95 2 1 17 942
91 99 2 1 5 942
92 0 4 5 3 694
92 2 4 2 19 694
92 6 4 3 8 694
92 10 4 4 10 694
92 11 4 3 17 694
92 12 4 1 15 694
92 14 4 3 23 694
92 16 4 3 7 694
92 17 4 5 13 694
92 18 4 4 14 694
92 19 4 2 13 694
92 22 4 1 14 694
92 23 4 5 20 694
92 24 4 3 16 694
92 25 4 5 24 694
92 28 4 5 25 694
92 29 4 5 6 694
92 31 4 3 21 694
92 32 4 5 18 694
92 34 4 1 5 694
92 36 4 3 17 694
92 37 4 1 17 694
92 38 4 5 14 694
92 39 4 3 16 694
92 46 4 5 1 694
92 47 4 2 15 694
92 48 4 2 18 694
92 49 4 3 18 694
92 53 4 5 7 694
92 55 4 4 16 694
92 56 4 3 10 694
92 59 4 4 13 694
92 61 4 2 16 694
92 63 4 2 3 694
92 64 4 4 10 694
92 65 4 1 3 694
92 67 4 4 13 694
92 70 4 2 11 694
92 71 4 1 14 694
92 72 4 2 8 694
92 73 4 2 24 694
92 74 4 3 15 694
92 75 4 4 22 694
92 81 4 4 18 694
92 83 4 4 25 694
92 88 4 4 20 694
92 89 4 4 6 694
92 90 4 1 18 694
92 91 4 2 8 694
92 93 4 3 3 694
92 94 4 1 9 694
93 0 3 5 15 699
93 1 3 4 9 699
93 2 3 2 25 699
93 4 3 1 14 699
93 8 3 5 9 699
93 10 3 4 21 699
93 11 3 3 10 699
93 12 3 1 5 699
93 13 3 1 11 699
93 14 3 3 14 699
93 16 3 3 4 699
93 18 3 4 9 699
93 21 3 3 7 699
93 22 3 1 9 699
93 24 3 3 9 699
93 29 3 5 23 699
93 30 3 3 8 699
93 32 3 5 2 699
93 33 3 3 3 699
93 36 3 3 12 699
93 37 3 1 14 699
93 43 3 2 25 699
93 47 3 2 7 699
93 48 3 2 19 699
93 49 3 3 21 699
93 50 3 5 8 699
93 53 3 5 5 699
93 54 3 5 5 699
93 55 3 4 15 699
93 56 3 3 21 699
93 58 3 3 19 699
93 62 3 1 14 699
93 63 3 2 5 699
93 65 3 1 7 699
93 68 3 4 4 699
93 70 3 2 1 699
93 71 3 1 8 699
93 72 3 2 15 699
93 79 3 5 9 699
93 80 3 5 18 699
93 81 3 4 23 699
93 82 3 1 1 699
93 85 3 5 2 699
93 86 3 5 3 699
93 88 3 4 7 699
93 90 3 1 24 699
93 92 3 4 3 699
93 94 3 1 12 699
93 97 3 4 2 699
93 99 3 1 21 699
94 0 1 5 5 207
94 4 1 1 6 207
94 5 1 3 18 207
94 6 1 3 24 207
94 10 1 4 4 207
94 11 1 3 23 207
94 14 1 3 6 207
94 16 1 3 23 207
94 17 1 5 19 207
94 19 1 2 14 207
94 23 1 5 13 207
94 25 1 5 1 207
94 26 1 5 25 207
94 30 1 3 21 207
94 31 1 3 17 207
94 35 1 2 3 207
94 36 1 3 8 207
94 37 1 1 16 207
94 38 1 5 10 207
94 39 1 3 16 207
94 40 1 1 11 207
94 45 1 4 22 207
94 46 1 5 8 207
94 47 1 2 6 207
94 51 1 1 14 207
94 52 1 4 21 207
94 53 1 5 20 207
94 54 1 5 10 207
94 56 1 3 17 207
94 57 1 4 22 207
94 58 1 3 16 207
94 59 1 4 4 207
94 60 1 5 17 207
94 62 1 1 17 207
94 63 1 2 25 207
94 64 1 4 9 207
94 66 1 1 12 207
94 68 1 4 21 207
94 70 1 2 12 207
94 71 1 1 19 207
94 72 1 2 25 207
94 77 1 4 1 207
94 79 1 5 1 207
94 83 1 4 17 207
94 85 1 5 23 207
94 86 1 5 4 207
94 88 1 4 2 207
94 90 1 1 6 207
94 91 1 2 25 207
94 92 1 4 9 207
94 93 1 3 12 207
94 95 1 1 8 207
94 96 1 1 8 207
94 97 1 4 19 207
95 0 1 5 9 100
95 5 1 3 12 100
95 7 1 4 24 100
95 8 1 5 2 100
95 11 1 3 20 100
95 18 1 4 13 100
95 19 1 2 1 100
95 20 1 3 6 100
95 22 1 1 23 100
95 23 1 5 22 100
95 25 1 5 18 100
95 27 1 5 13 100
95 30 1 3 10 100
95 32 1 5 22 100
95 35 1 2 7 100
95 36 1 3 10 100
95 37 1 1 3 100
95 38 1 5 11 100
95 45 1 4 5 100
95 46 1 5 22 100
95 47 1 2 4 100
95 52 1 4 8 100
95 53 1 5 14 100
95 56 1 3 14 100
95 57 1 4 15 100
95 58 1 3 12 100
95 60 1 5 3 100
95 61 1 2 18 100
95 64 1 4 3 100
95 65 1 1 6 100
95 66 1 1 2 100
95 67 1 4 2 100
95 68 1 4 18 100
95 70 1 2 25 100
95 71 1 1 10 100
95 74 1 3 20 100
95 75 1 4 25 100
95 76 1 2 8 100
95 77 1 4 3 100
95 78 1 2 18 100
95 80 1 5 7 100
95 82 1 1 2 100
95 85 1 5 12 100
95 87 1 1 9 100
95 89 1 4 6 100
95 91 1 2 17 100
95 94 1 1 8 100
95 96 1 1 6 100
95 98 1 3 6 100
96 3 1 3 8 376
96 5 1 3 13 376
96 13 1 1 9 376
96 14 1 3 11 376
96 15 1 4 13 376
96 16 1 3 23 376
96 17 1 5 16 376
96 18 1 4 16 376
96 19 1 2 24 376
96 20 1 3 24 376
96 22 1 1 19 376
96 23 1 5 4 376
96 24 1 3 19 376
96 25 1 5 16 376
96 26 1 5 24 376
96 27 1 5 2 376
96 30 1 3 25 376
96 33 1 3 3 376
96 37 1 1 12 376
96 38 1 5 22 376
96 39 1 3 19 376
96 40 1 1 7 376
96 41 1 4 14 376
96 42 1 5 19 376
96 44 1 4 17 376
96 46 1 5 5 376
96 51 1 1 22 376
96 52 1 4 5 376
96 53 1 5 11 376
96 58 1 3 24 376
96 59 1 4 22 376
96 61 1 2 17 376
96 63 1 2 24 376
96 67 1 4 21 376
96 68 1 4 14 376
96 71 1 1 9 376
96 73 1 2 22 376
96 75 1 4 6 376
96 76 1 2 20 376
96 77 1 4 15 376
96 78 1 2 1 376
96 79 1 5 21 376
96 80 1 5 19 376
96 81 1 4 8 376
96 83 1 4 10 376
96 84 1 3 21 376
96 86 1 5 4 376
96 88 1 4 17 376
96 90 1 1 6 376
96 94 1 1 8 376
96 95 1 1 6 376
96 99 1 1 22 376
97 2 4 2 18 798
97 8 4 5 2 798
97 9 4 4 2 798
97 10 4 4 12 798
97 11 4 3 8 798
97 12 4 1 17 798
97 14 4 3 10 798
97 18 4 4 7 798
97 19 4 2 2 798
97 20 4 3 8 798
97 22 4 1 25 798
97 23 4 5 17 798
97 25 4 5 9 798
97 26 4 5 6 798
97 27 4 5 15 798
97 28 4 5 1 798
97 29 4 5 24 798
97 30 4 3 2 798
97 31 4 3 20 798
97 33 4 3 13 798
97 34 4 1 6 798
97 36 4 3 20 798
97 37 4 1 1 798
97 38 4 5 17 798
97 39 4 3 18 798
97 41 4 4 23 798
97 42 4 5 4 798
97 43 4 2 20 798
97 45 4 4 23 798
97 48 4 2 8 798
97 52 4 4 4 798
97 54 4 5 23 798
97 55 4 4 11 798
97 60 4 5 13 798
97 62 4 1 18 798
97 64 4 4 14 798
97 65 4 1 23 798
97 67 4 4 21 798
97 69 4 1 9 798
97 71 4 1 1 798
97 75 4 4 2 798
97 79 4 5 25 798
97 80 4 5 14 798
97 85 4 5 12 798
97 86 4 5 1 798
97 87 4 1 13 798
97 88 4 4 6 798
97 90 4 1 12 798
97 93 4 3 2 798
97 94 4 1 19 798
97 98 4 3 20 798
97 99 4 1 12 798
98 1 3 4 20 238
98 3 3 3 9 238
98 4 3 1 10 238
98 6 3 3 22 238
98 12 3 1 13 238
98 15 3 4 19 238
98 16 3 3 16 238
98 17 3 5 10 238
98 18 3 4 3 238
98 19 3 2 5 238
98 20 3 3 15 238
98 21 3 3 11 238
98 23 3 5 4 238
98 24 3 3 3 238
98 27 3 5 18 238
98 28 3 5 20 238
98 31 3 3 14 238
98 32 3 5 17 238
98 36 3 3 9 238
98 38 3 5 2 238
98 39 3 3 7 238
98 40 3 1 14 238
98 42 3 5 20 238
98 43 3 2 10 238
98 44 3 4 15 238
98 46 3 5 9 238
98 49 3 3 18 238
98 50 3 5 8 238
98 52 3 4 22 238
98 57 3 4 17 238
98 58 3 3 2 238
98 59 3 4 19 238
98 61 3 2 18 238
98 63 3 2 20 238
98 69 3 1 1 238
98 70 3 2 1 238
98 71 3 1 18 238
98 73 3 2 2 238
98 75 3 4 16 238
98 78 3 2 7 238
98 83 3 4 17 238
98 84 3 3 23 238
98 87 3 1 9 238
98 88 3 4 13 238
98 90 3 1 9 238
98 95 3 1 6 238
98 97 3 4 20 238
98 99 3 1 15 238
99 1 1 4 18 834
99 3 1 3 1 834
99 5 1 3 16 834
99 6 1 3 23 834
99 7 1 4 3 834
99 8 1 5 10 834
99 9 1 4 10 834
99 11 1 3 21 834
99 14 1 3 19 834
99 15 1 4 11 834
99 22 1 1 4 834
99 24 1 3 6 834
99 26 1 5 16 834
99 27 1 5 19 834
99 28 1 5 20 834
99 30 1 3 12 834
99 31 1 3 7 834
99 33 1 3 23 834
99 35 1 2 22 834
99 36 1 3 20 834
99 37 1 1 10 834
99 39 1 3 21 834
99 40 1 1 1 834
99 41 1 4 5 834
99 46 1 5 23 834
99 47 1 2 18 834
99 50 1 5 10 834
99 51 1 1 8 834
99 52 1 4 17 834
99 53 1 5 19 834
99 56 1 3 18 834
99 57 1 4 12 834
99 58 1 3 21 834
99 60 1 5 20 834
99 61 1 2 24 834
99 64 1 4 12 834
99 65 1 1 1 834
99 71 1 1 21 834
99 73 1 2 25 834
99 74 1 3 5 834
99 75 1 4 5 834
99 76 1 2 20 834
99 77 1 4 2 834
99 83 1 4 2 834
99 84 1 3 6 834
99 85 1 5 7 834
99 86 1 5 12 834
99 87 1 1 10 834
99 89 1 4 10 834
99 91 1 2 5 834
99 93 1 3 21 834
99 96 1 1 22 834
99 97 1 4 12 834
99 98 1 3 15 834
