capacity  cost_by_node
nb_functions 8
8 76 97 92 21 86 83 78 91 84 40 37 51 21 90 60 87 78 72 14 84 81 51 52 42 81 21 62 82 97 19 72 26 40 92 64 56 72 37 98 26 54 57 87 56 71 58 20 98 91 84 44 89 31 90 37 86 81 72 44 87 32 15 41 40 77 36 26 23 93 88 49 63 70 54 81 62 85 84 59 85 82 53 14 59 31 77 43 59 42 82 29 59 69 48 69 30 63 94 18 94 
5 11 31 75 29 53 83 65 53 85 94 45 11 80 88 63 70 99 36 53 25 29 95 30 31 24 77 66 77 24 34 61 40 10 23 80 67 74 13 20 14 32 33 90 32 76 31 56 65 84 61 17 31 30 99 33 60 95 66 64 67 79 80 71 90 45 36 30 15 68 54 66 47 11 98 70 86 12 15 57 40 39 82 50 81 48 93 25 15 17 75 96 65 62 54 72 35 33 100 33 11 
6 66 88 75 64 31 14 98 87 69 32 37 62 63 59 37 57 57 48 76 69 17 74 80 95 54 26 63 74 93 12 41 45 11 70 75 37 49 36 91 82 65 19 57 89 16 87 77 49 55 62 98 77 29 78 82 32 17 55 79 17 91 89 81 88 14 11 61 60 10 23 89 54 89 33 19 12 28 48 46 80 69 64 93 19 56 85 47 38 26 22 84 59 66 80 59 38 91 33 46 48 
5 99 82 69 97 24 12 36 66 67 18 42 58 40 65 74 46 87 86 11 95 82 25 53 48 16 30 53 49 32 51 49 65 84 55 13 91 68 20 29 20 62 78 47 90 36 76 18 28 90 10 100 54 41 33 14 75 34 17 75 34 90 20 95 87 54 29 73 30 48 14 28 12 86 31 94 17 35 79 57 45 50 47 65 33 30 46 40 92 20 94 41 62 11 40 18 17 17 46 30 25 
10 24 80 91 23 67 49 58 67 99 46 35 96 78 68 74 30 13 36 69 53 78 16 56 82 16 70 66 25 25 30 12 45 28 51 20 89 83 52 93 50 20 68 78 86 30 95 32 28 33 46 17 73 64 27 95 24 47 28 17 19 43 51 79 35 48 52 46 37 79 88 61 97 47 94 35 10 71 35 49 65 95 95 65 21 17 69 12 38 46 100 79 67 96 49 33 79 59 79 25 16 
8 42 59 61 36 43 57 25 62 73 42 16 88 88 78 97 88 51 34 15 13 91 83 100 80 44 68 30 56 82 92 41 84 41 19 89 36 80 32 17 22 86 45 30 51 43 79 25 64 15 87 56 57 24 95 51 57 61 25 40 63 12 87 98 52 40 33 41 81 45 16 21 18 27 98 52 72 63 58 28 24 79 90 46 41 19 86 33 33 78 85 62 22 96 84 26 20 60 42 67 53 
7 76 18 31 42 95 22 83 15 64 37 59 85 47 77 58 55 49 35 22 49 83 94 29 16 35 53 68 25 12 29 69 95 78 42 32 86 54 60 31 75 38 21 66 26 90 44 41 97 10 25 23 20 97 74 23 38 16 19 14 97 81 70 50 90 95 71 34 16 68 58 61 82 43 73 42 45 69 20 68 54 19 31 37 77 29 75 71 82 23 42 91 15 31 62 70 33 37 64 74 55 
9 78 88 12 86 100 20 87 79 100 63 98 70 69 76 15 41 64 99 92 65 60 34 63 38 24 12 27 24 12 70 48 45 82 100 55 51 14 23 11 75 69 41 45 36 49 67 80 33 90 95 31 77 85 94 43 88 67 72 60 70 92 60 24 47 81 30 50 11 49 56 61 59 55 66 90 20 14 58 76 90 66 51 57 97 54 86 58 10 42 87 10 24 99 93 68 74 35 54 27 45 
