capacity  cost_by_node
nb_functions 10
6 83 77 11 63 31 11 38 18 100 55 51 18 92 50 10 29 15 19 57 27 62 77 31 14 51 
7 16 23 95 77 43 100 84 28 46 100 95 28 63 57 36 79 56 25 47 94 47 44 65 70 38 
7 80 94 89 60 61 70 22 42 17 51 14 96 99 28 27 39 69 10 66 27 14 94 78 26 19 
13 60 38 80 98 53 28 28 58 99 38 30 19 68 88 31 77 67 100 42 83 67 37 37 33 21 
6 89 97 48 30 93 18 99 52 60 49 70 81 25 86 83 39 52 96 85 47 34 97 64 45 70 
10 26 13 30 62 67 42 58 78 98 12 48 58 27 47 11 60 21 53 29 29 97 82 86 67 19 
7 20 82 53 63 25 34 45 23 48 68 90 81 28 30 96 89 29 67 28 67 77 85 81 90 59 
12 92 92 50 95 80 56 76 73 74 56 87 82 87 55 99 80 69 63 78 91 82 39 45 20 31 
11 15 86 97 71 94 21 15 76 97 81 91 81 46 81 15 34 24 78 49 10 16 16 97 30 72 
9 83 44 59 100 20 95 10 75 44 27 71 13 92 47 17 29 44 43 84 40 18 52 63 76 42 
