capacity  cost_by_node
nb_functions 10
23 69 66 22 41 21 66 97 15 66 51 38 96 52 27 69 41 42 94 95 57 43 40 38 41 67 
18 88 58 60 42 99 26 47 63 68 68 32 52 28 13 40 50 78 78 15 40 18 27 89 31 54 
29 84 86 12 17 92 45 18 25 27 23 58 27 20 46 69 67 91 61 93 43 70 80 79 72 94 
20 45 75 36 35 57 77 10 20 63 59 36 91 86 80 87 54 61 64 18 59 70 88 97 16 31 
27 46 45 60 37 41 30 43 16 39 19 40 92 41 16 97 29 57 84 94 10 36 76 100 70 48 
19 66 64 38 27 53 83 94 50 100 77 31 86 68 17 86 10 98 31 51 88 35 83 92 29 39 
21 75 55 89 11 35 89 53 76 66 79 55 47 78 41 76 49 31 28 58 65 94 74 81 78 50 
15 29 62 29 87 22 44 76 30 100 79 97 33 24 10 95 22 98 52 28 18 42 59 50 48 88 
15 44 94 80 58 73 51 97 82 57 100 41 62 34 51 44 45 52 15 49 73 53 91 96 50 91 
24 84 68 44 79 98 82 36 25 60 93 81 54 49 86 11 68 23 68 49 96 88 83 73 55 49 
