Node_1 Node_2 Capacity_node1 Capacity_node2 Latency_arc node_cost
nb_nodes 100
nb_arcs 4954
0 1 7 7 17 897
0 2 7 7 23 897
0 7 7 3 5 897
0 10 7 2 22 897
0 11 7 4 19 897
0 12 7 6 11 897
0 13 7 3 16 897
0 14 7 4 17 897
0 15 7 1 13 897
0 16 7 1 4 897
0 17 7 1 14 897
0 19 7 6 21 897
0 27 7 1 21 897
0 28 7 2 8 897
0 32 7 6 13 897
0 33 7 7 13 897
0 34 7 7 25 897
0 36 7 4 7 897
0 41 7 7 9 897
0 45 7 4 24 897
0 47 7 7 14 897
0 48 7 3 20 897
0 53 7 7 12 897
0 56 7 7 9 897
0 61 7 3 13 897
0 63 7 3 16 897
0 64 7 1 1 897
0 67 7 4 25 897
0 70 7 1 12 897
0 71 7 4 10 897
0 76 7 3 19 897
0 77 7 5 22 897
0 78 7 6 5 897
0 79 7 2 6 897
0 84 7 6 19 897
0 85 7 1 14 897
0 86 7 2 19 897
0 88 7 5 17 897
0 90 7 6 24 897
0 91 7 6 12 897
0 92 7 3 23 897
0 93 7 6 2 897
0 94 7 4 13 897
0 95 7 6 6 897
0 99 7 6 13 897
1 0 7 7 17 624
1 4 7 2 13 624
1 6 7 6 25 624
1 7 7 3 25 624
1 9 7 1 23 624
1 10 7 2 16 624
1 14 7 4 24 624
1 16 7 1 21 624
1 17 7 1 25 624
1 19 7 6 6 624
1 21 7 5 12 624
1 30 7 1 5 624
1 31 7 4 10 624
1 33 7 7 4 624
1 34 7 7 22 624
1 35 7 5 6 624
1 37 7 6 18 624
1 38 7 2 2 624
1 41 7 7 16 624
1 47 7 7 15 624
1 50 7 5 20 624
1 51 7 5 1 624
1 53 7 7 10 624
1 55 7 4 4 624
1 57 7 4 18 624
1 59 7 5 7 624
1 63 7 3 10 624
1 68 7 3 23 624
1 69 7 5 8 624
1 71 7 4 10 624
1 74 7 5 23 624
1 78 7 6 22 624
1 81 7 3 9 624
1 82 7 3 20 624
1 84 7 6 21 624
1 86 7 2 10 624
1 88 7 5 21 624
1 89 7 3 11 624
1 90 7 6 16 624
1 91 7 6 7 624
1 93 7 6 6 624
1 95 7 6 23 624
1 97 7 5 8 624
2 0 7 7 23 627
2 3 7 2 3 627
2 6 7 6 14 627
2 8 7 1 1 627
2 12 7 6 2 627
2 14 7 4 11 627
2 15 7 1 1 627
2 20 7 7 13 627
2 21 7 5 12 627
2 22 7 5 5 627
2 23 7 1 20 627
2 25 7 1 10 627
2 26 7 4 9 627
2 29 7 4 22 627
2 31 7 4 23 627
2 34 7 7 6 627
2 37 7 6 21 627
2 41 7 7 12 627
2 42 7 1 23 627
2 43 7 4 5 627
2 45 7 4 1 627
2 49 7 7 9 627
2 51 7 5 22 627
2 52 7 4 16 627
2 54 7 4 14 627
2 56 7 7 23 627
2 58 7 5 4 627
2 59 7 5 18 627
2 60 7 1 8 627
2 61 7 3 14 627
2 62 7 2 4 627
2 66 7 2 4 627
2 70 7 1 12 627
2 71 7 4 12 627
2 73 7 4 14 627
2 75 7 2 9 627
2 76 7 3 8 627
2 78 7 6 21 627
2 79 7 2 6 627
2 81 7 3 8 627
2 82 7 3 13 627
2 84 7 6 12 627
2 86 7 2 24 627
2 91 7 6 21 627
2 95 7 6 18 627
2 96 7 7 22 627
2 98 7 1 7 627
3 2 2 7 3 818
3 4 2 2 9 818
3 6 2 6 1 818
3 7 2 3 1 818
3 8 2 1 11 818
3 10 2 2 12 818
3 11 2 4 4 818
3 12 2 6 23 818
3 16 2 1 21 818
3 18 2 7 19 818
3 19 2 6 16 818
3 20 2 7 7 818
3 21 2 5 13 818
3 23 2 1 19 818
3 25 2 1 21 818
3 26 2 4 9 818
3 29 2 4 4 818
3 33 2 7 24 818
3 35 2 5 7 818
3 36 2 4 11 818
3 37 2 6 5 818
3 39 2 5 5 818
3 41 2 7 13 818
3 46 2 4 12 818
3 49 2 7 14 818
3 50 2 5 23 818
3 51 2 5 21 818
3 52 2 4 22 818
3 53 2 7 22 818
3 54 2 4 21 818
3 56 2 7 11 818
3 57 2 4 15 818
3 58 2 5 9 818
3 60 2 1 6 818
3 62 2 2 9 818
3 63 2 3 7 818
3 64 2 1 20 818
3 67 2 4 13 818
3 69 2 5 11 818
3 72 2 1 14 818
3 79 2 2 4 818
3 80 2 1 10 818
3 81 2 3 10 818
3 84 2 6 6 818
3 86 2 2 24 818
3 87 2 1 12 818
3 90 2 6 9 818
3 98 2 1 15 818
4 1 2 7 13 534
4 3 2 2 9 534
4 14 2 4 6 534
4 15 2 1 3 534
4 16 2 1 21 534
4 17 2 1 2 534
4 20 2 7 6 534
4 21 2 5 24 534
4 22 2 5 19 534
4 23 2 1 2 534
4 26 2 4 12 534
4 27 2 1 21 534
4 32 2 6 15 534
4 34 2 7 9 534
4 35 2 5 24 534
4 36 2 4 13 534
4 38 2 2 2 534
4 39 2 5 9 534
4 40 2 7 23 534
4 41 2 7 8 534
4 43 2 4 24 534
4 44 2 7 22 534
4 45 2 4 2 534
4 46 2 4 8 534
4 47 2 7 11 534
4 48 2 3 21 534
4 50 2 5 7 534
4 52 2 4 3 534
4 53 2 7 3 534
4 54 2 4 22 534
4 57 2 4 2 534
4 59 2 5 21 534
4 60 2 1 25 534
4 64 2 1 25 534
4 65 2 7 6 534
4 68 2 3 17 534
4 71 2 4 7 534
4 72 2 1 15 534
4 74 2 5 12 534
4 76 2 3 5 534
4 77 2 5 18 534
4 78 2 6 12 534
4 80 2 1 6 534
4 81 2 3 15 534
4 86 2 2 11 534
4 88 2 5 22 534
4 89 2 3 5 534
4 90 2 6 23 534
4 91 2 6 23 534
4 92 2 3 19 534
4 93 2 6 8 534
4 96 2 7 8 534
4 98 2 1 6 534
5 11 3 4 6 544
5 13 3 3 1 544
5 16 3 1 5 544
5 17 3 1 14 544
5 18 3 7 22 544
5 24 3 2 23 544
5 26 3 4 5 544
5 28 3 2 15 544
5 32 3 6 14 544
5 36 3 4 6 544
5 38 3 2 19 544
5 39 3 5 18 544
5 42 3 1 21 544
5 43 3 4 19 544
5 44 3 7 13 544
5 47 3 7 25 544
5 48 3 3 22 544
5 49 3 7 19 544
5 50 3 5 5 544
5 51 3 5 16 544
5 52 3 4 24 544
5 53 3 7 22 544
5 56 3 7 14 544
5 58 3 5 3 544
5 59 3 5 7 544
5 60 3 1 7 544
5 62 3 2 5 544
5 63 3 3 9 544
5 65 3 7 2 544
5 67 3 4 3 544
5 69 3 5 10 544
5 71 3 4 2 544
5 72 3 1 7 544
5 75 3 2 15 544
5 76 3 3 24 544
5 77 3 5 24 544
5 79 3 2 17 544
5 83 3 2 25 544
5 84 3 6 12 544
5 85 3 1 22 544
5 89 3 3 16 544
5 91 3 6 24 544
5 93 3 6 13 544
5 94 3 4 4 544
5 95 3 6 8 544
6 1 6 7 25 431
6 2 6 7 14 431
6 3 6 2 1 431
6 7 6 3 18 431
6 8 6 1 6 431
6 9 6 1 3 431
6 16 6 1 11 431
6 19 6 6 8 431
6 21 6 5 17 431
6 23 6 1 3 431
6 27 6 1 5 431
6 29 6 4 5 431
6 32 6 6 11 431
6 33 6 7 3 431
6 34 6 7 3 431
6 35 6 5 11 431
6 36 6 4 2 431
6 40 6 7 24 431
6 43 6 4 13 431
6 45 6 4 9 431
6 46 6 4 10 431
6 49 6 7 20 431
6 50 6 5 21 431
6 53 6 7 6 431
6 56 6 7 4 431
6 58 6 5 20 431
6 59 6 5 3 431
6 60 6 1 24 431
6 61 6 3 2 431
6 63 6 3 11 431
6 64 6 1 10 431
6 69 6 5 17 431
6 70 6 1 16 431
6 71 6 4 21 431
6 73 6 4 21 431
6 76 6 3 8 431
6 78 6 6 3 431
6 84 6 6 23 431
6 86 6 2 20 431
6 91 6 6 11 431
6 92 6 3 19 431
6 94 6 4 4 431
6 96 6 7 18 431
6 97 6 5 19 431
6 99 6 6 5 431
7 0 3 7 5 563
7 1 3 7 25 563
7 3 3 2 1 563
7 6 3 6 18 563
7 13 3 3 22 563
7 14 3 4 3 563
7 17 3 1 1 563
7 18 3 7 13 563
7 19 3 6 18 563
7 20 3 7 24 563
7 21 3 5 23 563
7 22 3 5 15 563
7 23 3 1 18 563
7 24 3 2 25 563
7 26 3 4 23 563
7 29 3 4 15 563
7 30 3 1 13 563
7 32 3 6 10 563
7 35 3 5 25 563
7 36 3 4 23 563
7 38 3 2 17 563
7 39 3 5 17 563
7 41 3 7 5 563
7 42 3 1 21 563
7 43 3 4 1 563
7 45 3 4 23 563
7 46 3 4 21 563
7 47 3 7 19 563
7 50 3 5 14 563
7 51 3 5 9 563
7 52 3 4 20 563
7 53 3 7 8 563
7 55 3 4 1 563
7 57 3 4 18 563
7 60 3 1 19 563
7 61 3 3 9 563
7 62 3 2 4 563
7 63 3 3 12 563
7 66 3 2 11 563
7 68 3 3 2 563
7 70 3 1 7 563
7 71 3 4 6 563
7 72 3 1 7 563
7 75 3 2 14 563
7 76 3 3 3 563
7 78 3 6 24 563
7 81 3 3 6 563
7 84 3 6 14 563
7 85 3 1 14 563
7 89 3 3 14 563
7 90 3 6 11 563
7 93 3 6 5 563
7 95 3 6 12 563
7 96 3 7 23 563
7 98 3 1 24 563
8 2 1 7 1 253
8 3 1 2 11 253
8 6 1 6 6 253
8 9 1 1 3 253
8 10 1 2 1 253
8 11 1 4 18 253
8 13 1 3 22 253
8 14 1 4 7 253
8 16 1 1 1 253
8 23 1 1 11 253
8 25 1 1 22 253
8 28 1 2 3 253
8 29 1 4 15 253
8 30 1 1 18 253
8 32 1 6 14 253
8 33 1 7 3 253
8 35 1 5 11 253
8 40 1 7 16 253
8 45 1 4 19 253
8 48 1 3 18 253
8 49 1 7 21 253
8 50 1 5 16 253
8 51 1 5 22 253
8 55 1 4 15 253
8 56 1 7 18 253
8 57 1 4 15 253
8 60 1 1 11 253
8 62 1 2 10 253
8 63 1 3 17 253
8 68 1 3 1 253
8 69 1 5 7 253
8 72 1 1 17 253
8 73 1 4 15 253
8 74 1 5 20 253
8 76 1 3 11 253
8 78 1 6 11 253
8 79 1 2 7 253
8 80 1 1 2 253
8 81 1 3 18 253
8 85 1 1 8 253
8 86 1 2 6 253
8 88 1 5 6 253
8 89 1 3 8 253
8 90 1 6 13 253
8 92 1 3 24 253
8 95 1 6 17 253
8 98 1 1 6 253
8 99 1 6 2 253
9 1 1 7 23 324
9 6 1 6 3 324
9 8 1 1 3 324
9 12 1 6 18 324
9 13 1 3 5 324
9 17 1 1 1 324
9 22 1 5 24 324
9 23 1 1 15 324
9 25 1 1 5 324
9 26 1 4 25 324
9 30 1 1 15 324
9 34 1 7 25 324
9 35 1 5 16 324
9 36 1 4 24 324
9 40 1 7 13 324
9 41 1 7 15 324
9 43 1 4 1 324
9 53 1 7 17 324
9 54 1 4 25 324
9 57 1 4 6 324
9 58 1 5 14 324
9 59 1 5 2 324
9 60 1 1 6 324
9 64 1 1 5 324
9 65 1 7 20 324
9 66 1 2 7 324
9 68 1 3 12 324
9 69 1 5 4 324
9 70 1 1 23 324
9 71 1 4 4 324
9 74 1 5 7 324
9 75 1 2 10 324
9 78 1 6 2 324
9 80 1 1 8 324
9 82 1 3 22 324
9 85 1 1 23 324
9 88 1 5 18 324
9 89 1 3 1 324
9 90 1 6 13 324
9 94 1 4 14 324
9 95 1 6 15 324
9 98 1 1 25 324
10 0 2 7 22 211
10 1 2 7 16 211
10 3 2 2 12 211
10 8 2 1 1 211
10 12 2 6 9 211
10 13 2 3 12 211
10 14 2 4 20 211
10 16 2 1 9 211
10 22 2 5 24 211
10 23 2 1 5 211
10 25 2 1 25 211
10 27 2 1 2 211
10 28 2 2 21 211
10 30 2 1 8 211
10 31 2 4 3 211
10 33 2 7 11 211
10 35 2 5 22 211
10 36 2 4 25 211
10 37 2 6 5 211
10 42 2 1 9 211
10 43 2 4 21 211
10 45 2 4 22 211
10 48 2 3 12 211
10 51 2 5 12 211
10 53 2 7 21 211
10 56 2 7 8 211
10 57 2 4 6 211
10 60 2 1 18 211
10 62 2 2 11 211
10 65 2 7 24 211
10 66 2 2 11 211
10 69 2 5 8 211
10 73 2 4 24 211
10 78 2 6 7 211
10 79 2 2 2 211
10 81 2 3 14 211
10 82 2 3 12 211
10 85 2 1 20 211
10 87 2 1 13 211
10 88 2 5 6 211
10 92 2 3 3 211
10 93 2 6 16 211
10 94 2 4 21 211
10 95 2 6 5 211
11 0 4 7 19 76
11 3 4 2 4 76
11 5 4 3 6 76
11 8 4 1 18 76
11 13 4 3 19 76
11 16 4 1 8 76
11 17 4 1 13 76
11 18 4 7 19 76
11 19 4 6 25 76
11 20 4 7 4 76
11 23 4 1 12 76
11 25 4 1 2 76
11 26 4 4 10 76
11 28 4 2 22 76
11 30 4 1 9 76
11 32 4 6 21 76
11 33 4 7 9 76
11 36 4 4 9 76
11 39 4 5 13 76
11 40 4 7 24 76
11 41 4 7 25 76
11 45 4 4 19 76
11 46 4 4 22 76
11 50 4 5 12 76
11 51 4 5 5 76
11 56 4 7 10 76
11 57 4 4 6 76
11 59 4 5 21 76
11 63 4 3 11 76
11 64 4 1 21 76
11 65 4 7 17 76
11 70 4 1 1 76
11 71 4 4 13 76
11 72 4 1 7 76
11 76 4 3 24 76
11 77 4 5 23 76
11 80 4 1 16 76
11 83 4 2 4 76
11 85 4 1 18 76
11 86 4 2 7 76
11 89 4 3 9 76
11 90 4 6 25 76
11 91 4 6 19 76
11 92 4 3 25 76
11 94 4 4 1 76
11 95 4 6 22 76
11 96 4 7 18 76
12 0 6 7 11 552
12 2 6 7 2 552
12 3 6 2 23 552
12 9 6 1 18 552
12 10 6 2 9 552
12 13 6 3 23 552
12 14 6 4 6 552
12 17 6 1 20 552
12 19 6 6 20 552
12 22 6 5 1 552
12 24 6 2 11 552
12 25 6 1 6 552
12 26 6 4 25 552
12 28 6 2 4 552
12 29 6 4 20 552
12 30 6 1 22 552
12 31 6 4 2 552
12 33 6 7 7 552
12 35 6 5 21 552
12 38 6 2 22 552
12 39 6 5 25 552
12 43 6 4 9 552
12 44 6 7 10 552
12 47 6 7 1 552
12 48 6 3 11 552
12 50 6 5 2 552
12 53 6 7 19 552
12 55 6 4 16 552
12 56 6 7 12 552
12 58 6 5 13 552
12 59 6 5 12 552
12 64 6 1 19 552
12 67 6 4 16 552
12 73 6 4 21 552
12 75 6 2 13 552
12 76 6 3 23 552
12 77 6 5 24 552
12 78 6 6 2 552
12 79 6 2 2 552
12 82 6 3 20 552
12 84 6 6 15 552
12 88 6 5 20 552
12 89 6 3 14 552
12 90 6 6 10 552
12 92 6 3 8 552
12 93 6 6 12 552
12 94 6 4 22 552
12 95 6 6 4 552
12 97 6 5 7 552
12 98 6 1 21 552
13 0 3 7 16 849
13 5 3 3 1 849
13 7 3 3 22 849
13 8 3 1 22 849
13 9 3 1 5 849
13 10 3 2 12 849
13 11 3 4 19 849
13 12 3 6 23 849
13 18 3 7 2 849
13 19 3 6 4 849
13 20 3 7 5 849
13 21 3 5 14 849
13 23 3 1 20 849
13 25 3 1 24 849
13 26 3 4 3 849
13 27 3 1 14 849
13 28 3 2 17 849
13 29 3 4 16 849
13 33 3 7 25 849
13 39 3 5 24 849
13 40 3 7 18 849
13 41 3 7 3 849
13 43 3 4 20 849
13 47 3 7 22 849
13 48 3 3 15 849
13 54 3 4 12 849
13 56 3 7 13 849
13 58 3 5 25 849
13 59 3 5 13 849
13 60 3 1 7 849
13 61 3 3 9 849
13 62 3 2 17 849
13 63 3 3 11 849
13 65 3 7 25 849
13 66 3 2 24 849
13 67 3 4 16 849
13 68 3 3 17 849
13 69 3 5 4 849
13 70 3 1 1 849
13 72 3 1 23 849
13 73 3 4 18 849
13 74 3 5 6 849
13 75 3 2 19 849
13 77 3 5 23 849
13 79 3 2 7 849
13 80 3 1 15 849
13 83 3 2 6 849
13 84 3 6 2 849
13 86 3 2 23 849
13 88 3 5 6 849
13 89 3 3 5 849
13 92 3 3 1 849
13 93 3 6 2 849
13 94 3 4 14 849
13 95 3 6 7 849
13 97 3 5 6 849
13 98 3 1 16 849
13 99 3 6 9 849
14 0 4 7 17 718
14 1 4 7 24 718
14 2 4 7 11 718
14 4 4 2 6 718
14 7 4 3 3 718
14 8 4 1 7 718
14 10 4 2 20 718
14 12 4 6 6 718
14 17 4 1 22 718
14 21 4 5 3 718
14 22 4 5 15 718
14 23 4 1 19 718
14 25 4 1 19 718
14 27 4 1 12 718
14 29 4 4 23 718
14 30 4 1 10 718
14 32 4 6 4 718
14 36 4 4 23 718
14 37 4 6 15 718
14 38 4 2 17 718
14 39 4 5 15 718
14 40 4 7 1 718
14 41 4 7 17 718
14 42 4 1 23 718
14 43 4 4 16 718
14 44 4 7 3 718
14 45 4 4 16 718
14 47 4 7 7 718
14 48 4 3 14 718
14 49 4 7 6 718
14 51 4 5 24 718
14 52 4 4 19 718
14 56 4 7 3 718
14 57 4 4 2 718
14 60 4 1 12 718
14 61 4 3 4 718
14 64 4 1 24 718
14 65 4 7 1 718
14 66 4 2 6 718
14 67 4 4 3 718
14 68 4 3 14 718
14 69 4 5 23 718
14 71 4 4 22 718
14 76 4 3 11 718
14 78 4 6 8 718
14 79 4 2 1 718
14 87 4 1 3 718
14 89 4 3 6 718
14 92 4 3 5 718
14 95 4 6 25 718
15 0 1 7 13 984
15 2 1 7 1 984
15 4 1 2 3 984
15 16 1 1 9 984
15 18 1 7 23 984
15 20 1 7 15 984
15 22 1 5 21 984
15 28 1 2 21 984
15 30 1 1 20 984
15 33 1 7 25 984
15 37 1 6 14 984
15 38 1 2 21 984
15 39 1 5 11 984
15 40 1 7 1 984
15 41 1 7 17 984
15 43 1 4 7 984
15 44 1 7 4 984
15 48 1 3 22 984
15 49 1 7 8 984
15 50 1 5 12 984
15 53 1 7 13 984
15 56 1 7 3 984
15 57 1 4 16 984
15 58 1 5 24 984
15 59 1 5 16 984
15 61 1 3 19 984
15 62 1 2 24 984
15 63 1 3 6 984
15 64 1 1 12 984
15 73 1 4 18 984
15 74 1 5 15 984
15 75 1 2 22 984
15 83 1 2 9 984
15 87 1 1 17 984
15 88 1 5 13 984
15 89 1 3 5 984
15 91 1 6 5 984
15 93 1 6 1 984
15 95 1 6 19 984
15 97 1 5 19 984
15 99 1 6 4 984
16 0 1 7 4 672
16 1 1 7 21 672
16 3 1 2 21 672
16 4 1 2 21 672
16 5 1 3 5 672
16 6 1 6 11 672
16 8 1 1 1 672
16 10 1 2 9 672
16 11 1 4 8 672
16 15 1 1 9 672
16 17 1 1 24 672
16 19 1 6 1 672
16 20 1 7 13 672
16 24 1 2 13 672
16 27 1 1 14 672
16 30 1 1 9 672
16 31 1 4 12 672
16 32 1 6 7 672
16 35 1 5 17 672
16 36 1 4 13 672
16 40 1 7 21 672
16 41 1 7 9 672
16 44 1 7 4 672
16 47 1 7 11 672
16 50 1 5 8 672
16 51 1 5 1 672
16 52 1 4 15 672
16 55 1 4 1 672
16 56 1 7 19 672
16 60 1 1 21 672
16 62 1 2 12 672
16 65 1 7 14 672
16 66 1 2 12 672
16 67 1 4 3 672
16 69 1 5 22 672
16 70 1 1 7 672
16 71 1 4 19 672
16 75 1 2 24 672
16 77 1 5 18 672
16 79 1 2 2 672
16 82 1 3 7 672
16 87 1 1 9 672
16 88 1 5 16 672
16 89 1 3 19 672
16 90 1 6 8 672
16 95 1 6 3 672
16 96 1 7 13 672
16 97 1 5 4 672
16 98 1 1 10 672
16 99 1 6 19 672
17 0 1 7 14 327
17 1 1 7 25 327
17 4 1 2 2 327
17 5 1 3 14 327
17 7 1 3 1 327
17 9 1 1 1 327
17 11 1 4 13 327
17 12 1 6 20 327
17 14 1 4 22 327
17 16 1 1 24 327
17 19 1 6 16 327
17 25 1 1 1 327
17 26 1 4 10 327
17 27 1 1 2 327
17 28 1 2 21 327
17 29 1 4 9 327
17 30 1 1 20 327
17 31 1 4 12 327
17 32 1 6 23 327
17 35 1 5 5 327
17 36 1 4 15 327
17 39 1 5 20 327
17 43 1 4 15 327
17 50 1 5 14 327
17 53 1 7 21 327
17 54 1 4 6 327
17 55 1 4 19 327
17 57 1 4 25 327
17 58 1 5 5 327
17 59 1 5 13 327
17 60 1 1 15 327
17 62 1 2 21 327
17 63 1 3 10 327
17 64 1 1 8 327
17 65 1 7 23 327
17 66 1 2 19 327
17 70 1 1 20 327
17 72 1 1 6 327
17 73 1 4 11 327
17 75 1 2 11 327
17 77 1 5 17 327
17 81 1 3 21 327
17 89 1 3 10 327
17 90 1 6 25 327
17 93 1 6 7 327
17 95 1 6 10 327
17 96 1 7 15 327
17 97 1 5 24 327
17 98 1 1 14 327
17 99 1 6 1 327
18 3 7 2 19 949
18 5 7 3 22 949
18 7 7 3 13 949
18 11 7 4 19 949
18 13 7 3 2 949
18 15 7 1 23 949
18 21 7 5 3 949
18 26 7 4 6 949
18 27 7 1 2 949
18 28 7 2 21 949
18 29 7 4 21 949
18 31 7 4 15 949
18 32 7 6 1 949
18 34 7 7 22 949
18 37 7 6 10 949
18 39 7 5 25 949
18 44 7 7 18 949
18 46 7 4 20 949
18 47 7 7 3 949
18 48 7 3 24 949
18 49 7 7 19 949
18 50 7 5 11 949
18 53 7 7 6 949
18 54 7 4 15 949
18 55 7 4 20 949
18 58 7 5 24 949
18 59 7 5 18 949
18 60 7 1 16 949
18 61 7 3 2 949
18 62 7 2 18 949
18 66 7 2 6 949
18 73 7 4 24 949
18 77 7 5 2 949
18 80 7 1 4 949
18 81 7 3 5 949
18 84 7 6 20 949
18 85 7 1 11 949
18 86 7 2 19 949
18 87 7 1 22 949
18 88 7 5 2 949
18 91 7 6 6 949
18 92 7 3 21 949
18 99 7 6 10 949
19 0 6 7 21 953
19 1 6 7 6 953
19 3 6 2 16 953
19 6 6 6 8 953
19 7 6 3 18 953
19 11 6 4 25 953
19 12 6 6 20 953
19 13 6 3 4 953
19 16 6 1 1 953
19 17 6 1 16 953
19 20 6 7 1 953
19 21 6 5 21 953
19 22 6 5 10 953
19 25 6 1 19 953
19 27 6 1 20 953
19 28 6 2 19 953
19 32 6 6 3 953
19 33 6 7 25 953
19 35 6 5 4 953
19 38 6 2 12 953
19 42 6 1 15 953
19 43 6 4 5 953
19 44 6 7 19 953
19 48 6 3 5 953
19 49 6 7 10 953
19 50 6 5 7 953
19 51 6 5 11 953
19 54 6 4 3 953
19 56 6 7 13 953
19 60 6 1 5 953
19 65 6 7 15 953
19 66 6 2 15 953
19 68 6 3 23 953
19 69 6 5 15 953
19 70 6 1 6 953
19 71 6 4 21 953
19 72 6 1 22 953
19 73 6 4 17 953
19 76 6 3 12 953
19 79 6 2 2 953
19 81 6 3 8 953
19 82 6 3 11 953
19 83 6 2 23 953
19 86 6 2 13 953
19 89 6 3 5 953
19 93 6 6 25 953
19 97 6 5 16 953
19 98 6 1 10 953
20 2 7 7 13 749
20 3 7 2 7 749
20 4 7 2 6 749
20 7 7 3 24 749
20 11 7 4 4 749
20 13 7 3 5 749
20 15 7 1 15 749
20 16 7 1 13 749
20 19 7 6 1 749
20 23 7 1 19 749
20 24 7 2 21 749
20 26 7 4 15 749
20 29 7 4 9 749
20 30 7 1 14 749
20 31 7 4 13 749
20 33 7 7 16 749
20 35 7 5 14 749
20 36 7 4 14 749
20 39 7 5 10 749
20 41 7 7 24 749
20 42 7 1 5 749
20 44 7 7 19 749
20 45 7 4 18 749
20 47 7 7 10 749
20 48 7 3 17 749
20 49 7 7 25 749
20 51 7 5 19 749
20 54 7 4 3 749
20 58 7 5 1 749
20 60 7 1 11 749
20 65 7 7 13 749
20 67 7 4 13 749
20 68 7 3 8 749
20 69 7 5 23 749
20 70 7 1 19 749
20 72 7 1 2 749
20 74 7 5 3 749
20 75 7 2 8 749
20 77 7 5 22 749
20 78 7 6 9 749
20 81 7 3 23 749
20 83 7 2 10 749
20 85 7 1 6 749
20 87 7 1 21 749
20 88 7 5 7 749
20 91 7 6 22 749
20 93 7 6 11 749
20 94 7 4 14 749
20 95 7 6 1 749
20 96 7 7 20 749
20 97 7 5 24 749
20 99 7 6 19 749
21 1 5 7 12 316
21 2 5 7 12 316
21 3 5 2 13 316
21 4 5 2 24 316
21 6 5 6 17 316
21 7 5 3 23 316
21 13 5 3 14 316
21 14 5 4 3 316
21 18 5 7 3 316
21 19 5 6 21 316
21 22 5 5 3 316
21 23 5 1 15 316
21 25 5 1 21 316
21 26 5 4 5 316
21 27 5 1 17 316
21 28 5 2 11 316
21 29 5 4 6 316
21 30 5 1 3 316
21 31 5 4 20 316
21 33 5 7 6 316
21 39 5 5 4 316
21 41 5 7 4 316
21 43 5 4 5 316
21 44 5 7 14 316
21 48 5 3 10 316
21 50 5 5 13 316
21 51 5 5 17 316
21 53 5 7 8 316
21 54 5 4 20 316
21 55 5 4 11 316
21 56 5 7 2 316
21 58 5 5 5 316
21 59 5 5 8 316
21 60 5 1 2 316
21 65 5 7 11 316
21 68 5 3 10 316
21 69 5 5 15 316
21 70 5 1 14 316
21 71 5 4 11 316
21 76 5 3 24 316
21 78 5 6 22 316
21 82 5 3 2 316
21 83 5 2 11 316
21 85 5 1 18 316
21 88 5 5 21 316
21 93 5 6 21 316
21 96 5 7 18 316
21 98 5 1 11 316
21 99 5 6 15 316
22 2 5 7 5 583
22 4 5 2 19 583
22 7 5 3 15 583
22 9 5 1 24 583
22 10 5 2 24 583
22 12 5 6 1 583
22 14 5 4 15 583
22 15 5 1 21 583
22 19 5 6 10 583
22 21 5 5 3 583
22 25 5 1 17 583
22 26 5 4 6 583
22 27 5 1 18 583
22 30 5 1 5 583
22 36 5 4 11 583
22 37 5 6 4 583
22 38 5 2 2 583
22 39 5 5 25 583
22 40 5 7 20 583
22 43 5 4 5 583
22 44 5 7 23 583
22 45 5 4 10 583
22 46 5 4 19 583
22 48 5 3 3 583
22 50 5 5 18 583
22 57 5 4 3 583
22 58 5 5 1 583
22 61 5 3 7 583
22 62 5 2 14 583
22 63 5 3 15 583
22 66 5 2 1 583
22 69 5 5 9 583
22 71 5 4 11 583
22 73 5 4 9 583
22 76 5 3 16 583
22 77 5 5 6 583
22 78 5 6 25 583
22 81 5 3 3 583
22 83 5 2 3 583
22 84 5 6 21 583
22 87 5 1 17 583
22 88 5 5 4 583
22 90 5 6 12 583
22 92 5 3 12 583
22 95 5 6 21 583
22 96 5 7 8 583
22 98 5 1 5 583
23 2 1 7 20 731
23 3 1 2 19 731
23 4 1 2 2 731
23 6 1 6 3 731
23 7 1 3 18 731
23 8 1 1 11 731
23 9 1 1 15 731
23 10 1 2 5 731
23 11 1 4 12 731
23 13 1 3 20 731
23 14 1 4 19 731
23 20 1 7 19 731
23 21 1 5 15 731
23 27 1 1 6 731
23 30 1 1 16 731
23 31 1 4 1 731
23 32 1 6 7 731
23 34 1 7 13 731
23 35 1 5 25 731
23 36 1 4 7 731
23 37 1 6 24 731
23 38 1 2 15 731
23 39 1 5 10 731
23 41 1 7 18 731
23 43 1 4 15 731
23 45 1 4 2 731
23 49 1 7 2 731
23 50 1 5 4 731
23 51 1 5 24 731
23 52 1 4 11 731
23 53 1 7 1 731
23 55 1 4 10 731
23 56 1 7 6 731
23 63 1 3 10 731
23 64 1 1 16 731
23 65 1 7 13 731
23 73 1 4 17 731
23 74 1 5 3 731
23 75 1 2 3 731
23 76 1 3 16 731
23 80 1 1 22 731
23 83 1 2 15 731
23 86 1 2 16 731
23 89 1 3 9 731
23 90 1 6 1 731
23 92 1 3 16 731
23 93 1 6 19 731
23 94 1 4 21 731
23 95 1 6 18 731
23 96 1 7 19 731
23 98 1 1 23 731
24 5 2 3 23 557
24 7 2 3 25 557
24 12 2 6 11 557
24 16 2 1 13 557
24 20 2 7 21 557
24 30 2 1 5 557
24 31 2 4 4 557
24 32 2 6 4 557
24 33 2 7 14 557
24 34 2 7 7 557
24 38 2 2 7 557
24 40 2 7 17 557
24 41 2 7 22 557
24 42 2 1 19 557
24 43 2 4 12 557
24 44 2 7 9 557
24 46 2 4 3 557
24 47 2 7 21 557
24 48 2 3 11 557
24 49 2 7 20 557
24 53 2 7 20 557
24 55 2 4 8 557
24 58 2 5 3 557
24 59 2 5 10 557
24 63 2 3 5 557
24 65 2 7 5 557
24 66 2 2 24 557
24 68 2 3 23 557
24 69 2 5 7 557
24 70 2 1 11 557
24 71 2 4 20 557
24 72 2 1 10 557
24 73 2 4 7 557
24 74 2 5 24 557
24 82 2 3 8 557
24 84 2 6 6 557
24 86 2 2 2 557
24 87 2 1 14 557
24 88 2 5 23 557
24 89 2 3 4 557
24 91 2 6 19 557
24 95 2 6 24 557
24 96 2 7 24 557
24 97 2 5 13 557
24 98 2 1 6 557
24 99 2 6 7 557
25 2 1 7 10 564
25 3 1 2 21 564
25 8 1 1 22 564
25 9 1 1 5 564
25 10 1 2 25 564
25 11 1 4 2 564
25 12 1 6 6 564
25 13 1 3 24 564
25 14 1 4 19 564
25 17 1 1 1 564
25 19 1 6 19 564
25 21 1 5 21 564
25 22 1 5 17 564
25 28 1 2 21 564
25 29 1 4 13 564
25 31 1 4 20 564
25 32 1 6 10 564
25 35 1 5 15 564
25 36 1 4 7 564
25 39 1 5 15 564
25 41 1 7 9 564
25 43 1 4 20 564
25 45 1 4 9 564
25 50 1 5 5 564
25 53 1 7 3 564
25 57 1 4 11 564
25 58 1 5 23 564
25 60 1 1 18 564
25 62 1 2 15 564
25 63 1 3 25 564
25 64 1 1 16 564
25 66 1 2 19 564
25 67 1 4 13 564
25 68 1 3 1 564
25 70 1 1 12 564
25 71 1 4 22 564
25 73 1 4 9 564
25 75 1 2 8 564
25 79 1 2 23 564
25 80 1 1 21 564
25 81 1 3 22 564
25 82 1 3 13 564
25 85 1 1 25 564
25 89 1 3 2 564
25 91 1 6 14 564
25 93 1 6 23 564
25 95 1 6 11 564
25 96 1 7 4 564
25 99 1 6 13 564
26 2 4 7 9 689
26 3 4 2 9 689
26 4 4 2 12 689
26 5 4 3 5 689
26 7 4 3 23 689
26 9 4 1 25 689
26 11 4 4 10 689
26 12 4 6 25 689
26 13 4 3 3 689
26 17 4 1 10 689
26 18 4 7 6 689
26 20 4 7 15 689
26 21 4 5 5 689
26 22 4 5 6 689
26 28 4 2 3 689
26 31 4 4 10 689
26 33 4 7 7 689
26 36 4 4 17 689
26 37 4 6 25 689
26 39 4 5 14 689
26 40 4 7 25 689
26 41 4 7 7 689
26 43 4 4 7 689
26 44 4 7 25 689
26 46 4 4 4 689
26 47 4 7 20 689
26 52 4 4 5 689
26 53 4 7 20 689
26 55 4 4 1 689
26 57 4 4 12 689
26 59 4 5 2 689
26 60 4 1 13 689
26 62 4 2 12 689
26 65 4 7 16 689
26 66 4 2 11 689
26 67 4 4 21 689
26 68 4 3 13 689
26 72 4 1 19 689
26 73 4 4 4 689
26 74 4 5 2 689
26 75 4 2 20 689
26 76 4 3 13 689
26 80 4 1 22 689
26 81 4 3 20 689
26 82 4 3 9 689
26 84 4 6 12 689
26 88 4 5 1 689
26 89 4 3 21 689
26 91 4 6 20 689
26 94 4 4 24 689
26 95 4 6 5 689
26 96 4 7 24 689
26 99 4 6 7 689
27 0 1 7 21 890
27 4 1 2 21 890
27 6 1 6 5 890
27 10 1 2 2 890
27 13 1 3 14 890
27 14 1 4 12 890
27 16 1 1 14 890
27 17 1 1 2 890
27 18 1 7 2 890
27 19 1 6 20 890
27 21 1 5 17 890
27 22 1 5 18 890
27 23 1 1 6 890
27 30 1 1 9 890
27 32 1 6 21 890
27 33 1 7 12 890
27 34 1 7 8 890
27 35 1 5 18 890
27 36 1 4 6 890
27 37 1 6 17 890
27 38 1 2 17 890
27 41 1 7 22 890
27 45 1 4 10 890
27 48 1 3 24 890
27 49 1 7 16 890
27 54 1 4 8 890
27 55 1 4 22 890
27 56 1 7 11 890
27 57 1 4 1 890
27 59 1 5 15 890
27 60 1 1 22 890
27 63 1 3 8 890
27 64 1 1 14 890
27 67 1 4 5 890
27 69 1 5 20 890
27 74 1 5 5 890
27 76 1 3 20 890
27 77 1 5 19 890
27 78 1 6 10 890
27 81 1 3 17 890
27 82 1 3 6 890
27 83 1 2 19 890
27 84 1 6 15 890
27 85 1 1 16 890
27 86 1 2 23 890
27 87 1 1 14 890
27 88 1 5 5 890
27 89 1 3 3 890
27 90 1 6 15 890
27 91 1 6 5 890
27 92 1 3 23 890
27 93 1 6 17 890
27 94 1 4 15 890
27 97 1 5 5 890
27 99 1 6 16 890
28 0 2 7 8 331
28 5 2 3 15 331
28 8 2 1 3 331
28 10 2 2 21 331
28 11 2 4 22 331
28 12 2 6 4 331
28 13 2 3 17 331
28 15 2 1 21 331
28 17 2 1 21 331
28 18 2 7 21 331
28 19 2 6 19 331
28 21 2 5 11 331
28 25 2 1 21 331
28 26 2 4 3 331
28 30 2 1 2 331
28 33 2 7 13 331
28 37 2 6 17 331
28 38 2 2 19 331
28 39 2 5 10 331
28 45 2 4 10 331
28 46 2 4 4 331
28 47 2 7 6 331
28 52 2 4 16 331
28 55 2 4 19 331
28 57 2 4 7 331
28 58 2 5 10 331
28 61 2 3 21 331
28 62 2 2 7 331
28 63 2 3 19 331
28 64 2 1 13 331
28 65 2 7 7 331
28 66 2 2 4 331
28 68 2 3 9 331
28 69 2 5 14 331
28 70 2 1 22 331
28 72 2 1 17 331
28 74 2 5 11 331
28 77 2 5 8 331
28 78 2 6 24 331
28 79 2 2 21 331
28 80 2 1 24 331
28 81 2 3 1 331
28 82 2 3 21 331
28 85 2 1 11 331
28 89 2 3 10 331
28 91 2 6 6 331
28 92 2 3 1 331
28 93 2 6 23 331
28 94 2 4 3 331
28 95 2 6 13 331
28 97 2 5 15 331
28 99 2 6 3 331
29 2 4 7 22 281
29 3 4 2 4 281
29 6 4 6 5 281
29 7 4 3 15 281
29 8 4 1 15 281
29 12 4 6 20 281
29 13 4 3 16 281
29 14 4 4 23 281
29 17 4 1 9 281
29 18 4 7 21 281
29 20 4 7 9 281
29 21 4 5 6 281
29 25 4 1 13 281
29 34 4 7 17 281
29 36 4 4 6 281
29 37 4 6 23 281
29 38 4 2 13 281
29 39 4 5 5 281
29 40 4 7 2 281
29 41 4 7 21 281
29 43 4 4 19 281
29 46 4 4 16 281
29 47 4 7 19 281
29 50 4 5 5 281
29 52 4 4 17 281
29 56 4 7 6 281
29 57 4 4 19 281
29 59 4 5 11 281
29 63 4 3 20 281
29 64 4 1 21 281
29 65 4 7 6 281
29 66 4 2 3 281
29 69 4 5 7 281
29 72 4 1 23 281
29 73 4 4 5 281
29 74 4 5 11 281
29 76 4 3 22 281
29 78 4 6 9 281
29 81 4 3 15 281
29 85 4 1 5 281
29 89 4 3 17 281
29 91 4 6 17 281
29 95 4 6 2 281
29 96 4 7 24 281
29 97 4 5 11 281
30 1 1 7 5 180
30 7 1 3 13 180
30 8 1 1 18 180
30 9 1 1 15 180
30 10 1 2 8 180
30 11 1 4 9 180
30 12 1 6 22 180
30 14 1 4 10 180
30 15 1 1 20 180
30 16 1 1 9 180
30 17 1 1 20 180
30 20 1 7 14 180
30 21 1 5 3 180
30 22 1 5 5 180
30 23 1 1 16 180
30 24 1 2 5 180
30 27 1 1 9 180
30 28 1 2 2 180
30 31 1 4 2 180
30 33 1 7 7 180
30 37 1 6 12 180
30 39 1 5 11 180
30 40 1 7 5 180
30 42 1 1 14 180
30 46 1 4 6 180
30 48 1 3 9 180
30 50 1 5 20 180
30 51 1 5 4 180
30 53 1 7 17 180
30 54 1 4 25 180
30 58 1 5 8 180
30 60 1 1 15 180
30 62 1 2 19 180
30 65 1 7 4 180
30 67 1 4 3 180
30 68 1 3 1 180
30 70 1 1 6 180
30 75 1 2 11 180
30 77 1 5 11 180
30 78 1 6 22 180
30 79 1 2 8 180
30 83 1 2 21 180
30 86 1 2 15 180
30 87 1 1 22 180
30 88 1 5 13 180
30 89 1 3 10 180
30 90 1 6 22 180
30 92 1 3 13 180
30 93 1 6 1 180
30 94 1 4 12 180
30 97 1 5 19 180
31 1 4 7 10 216
31 2 4 7 23 216
31 10 4 2 3 216
31 12 4 6 2 216
31 16 4 1 12 216
31 17 4 1 12 216
31 18 4 7 15 216
31 20 4 7 13 216
31 21 4 5 20 216
31 23 4 1 1 216
31 24 4 2 4 216
31 25 4 1 20 216
31 26 4 4 10 216
31 30 4 1 2 216
31 32 4 6 23 216
31 33 4 7 9 216
31 37 4 6 23 216
31 39 4 5 9 216
31 41 4 7 5 216
31 44 4 7 12 216
31 48 4 3 2 216
31 50 4 5 4 216
31 52 4 4 9 216
31 53 4 7 6 216
31 55 4 4 23 216
31 57 4 4 11 216
31 59 4 5 19 216
31 60 4 1 9 216
31 61 4 3 15 216
31 62 4 2 8 216
31 64 4 1 2 216
31 66 4 2 17 216
31 67 4 4 10 216
31 69 4 5 3 216
31 71 4 4 14 216
31 72 4 1 2 216
31 77 4 5 16 216
31 78 4 6 23 216
31 81 4 3 2 216
31 82 4 3 23 216
31 84 4 6 5 216
31 85 4 1 21 216
31 89 4 3 9 216
31 91 4 6 6 216
31 94 4 4 17 216
31 95 4 6 21 216
31 97 4 5 24 216
31 98 4 1 22 216
32 0 6 7 13 358
32 4 6 2 15 358
32 5 6 3 14 358
32 6 6 6 11 358
32 7 6 3 10 358
32 8 6 1 14 358
32 11 6 4 21 358
32 14 6 4 4 358
32 16 6 1 7 358
32 17 6 1 23 358
32 18 6 7 1 358
32 19 6 6 3 358
32 23 6 1 7 358
32 24 6 2 4 358
32 25 6 1 10 358
32 27 6 1 21 358
32 31 6 4 23 358
32 33 6 7 14 358
32 38 6 2 13 358
32 42 6 1 4 358
32 43 6 4 19 358
32 45 6 4 5 358
32 49 6 7 11 358
32 50 6 5 24 358
32 55 6 4 14 358
32 57 6 4 16 358
32 58 6 5 20 358
32 59 6 5 3 358
32 66 6 2 11 358
32 67 6 4 21 358
32 68 6 3 21 358
32 69 6 5 4 358
32 70 6 1 2 358
32 72 6 1 3 358
32 73 6 4 22 358
32 74 6 5 3 358
32 75 6 2 10 358
32 76 6 3 18 358
32 77 6 5 5 358
32 82 6 3 17 358
32 83 6 2 19 358
32 84 6 6 9 358
32 86 6 2 8 358
32 90 6 6 14 358
32 91 6 6 8 358
32 93 6 6 17 358
32 95 6 6 23 358
32 96 6 7 13 358
32 97 6 5 16 358
32 99 6 6 12 358
33 0 7 7 13 781
33 1 7 7 4 781
33 3 7 2 24 781
33 6 7 6 3 781
33 8 7 1 3 781
33 10 7 2 11 781
33 11 7 4 9 781
33 12 7 6 7 781
33 13 7 3 25 781
33 15 7 1 25 781
33 19 7 6 25 781
33 20 7 7 16 781
33 21 7 5 6 781
33 24 7 2 14 781
33 26 7 4 7 781
33 27 7 1 12 781
33 28 7 2 13 781
33 30 7 1 7 781
33 31 7 4 9 781
33 32 7 6 14 781
33 34 7 7 8 781
33 35 7 5 5 781
33 37 7 6 23 781
33 38 7 2 20 781
33 39 7 5 3 781
33 40 7 7 9 781
33 44 7 7 7 781
33 47 7 7 14 781
33 48 7 3 16 781
33 49 7 7 20 781
33 50 7 5 7 781
33 51 7 5 3 781
33 53 7 7 23 781
33 58 7 5 14 781
33 62 7 2 4 781
33 66 7 2 21 781
33 67 7 4 23 781
33 68 7 3 10 781
33 71 7 4 5 781
33 76 7 3 1 781
33 77 7 5 15 781
33 79 7 2 17 781
33 80 7 1 21 781
33 85 7 1 24 781
33 88 7 5 20 781
33 92 7 3 17 781
33 93 7 6 11 781
33 94 7 4 13 781
33 95 7 6 3 781
33 98 7 1 24 781
34 0 7 7 25 696
34 1 7 7 22 696
34 2 7 7 6 696
34 4 7 2 9 696
34 6 7 6 3 696
34 9 7 1 25 696
34 18 7 7 22 696
34 23 7 1 13 696
34 24 7 2 7 696
34 27 7 1 8 696
34 29 7 4 17 696
34 33 7 7 8 696
34 35 7 5 24 696
34 36 7 4 19 696
34 38 7 2 20 696
34 39 7 5 9 696
34 41 7 7 8 696
34 42 7 1 6 696
34 44 7 7 22 696
34 50 7 5 25 696
34 51 7 5 16 696
34 53 7 7 1 696
34 54 7 4 12 696
34 55 7 4 6 696
34 57 7 4 8 696
34 58 7 5 17 696
34 59 7 5 12 696
34 61 7 3 19 696
34 62 7 2 13 696
34 63 7 3 4 696
34 64 7 1 21 696
34 65 7 7 15 696
34 66 7 2 24 696
34 67 7 4 7 696
34 69 7 5 23 696
34 71 7 4 22 696
34 76 7 3 16 696
34 77 7 5 19 696
34 78 7 6 16 696
34 82 7 3 9 696
34 85 7 1 9 696
34 86 7 2 21 696
34 87 7 1 2 696
34 88 7 5 10 696
34 90 7 6 22 696
34 91 7 6 18 696
34 95 7 6 22 696
34 96 7 7 6 696
35 1 5 7 6 393
35 3 5 2 7 393
35 4 5 2 24 393
35 6 5 6 11 393
35 7 5 3 25 393
35 8 5 1 11 393
35 9 5 1 16 393
35 10 5 2 22 393
35 12 5 6 21 393
35 16 5 1 17 393
35 17 5 1 5 393
35 19 5 6 4 393
35 20 5 7 14 393
35 23 5 1 25 393
35 25 5 1 15 393
35 27 5 1 18 393
35 33 5 7 5 393
35 34 5 7 24 393
35 40 5 7 9 393
35 41 5 7 21 393
35 42 5 1 20 393
35 43 5 4 22 393
35 44 5 7 7 393
35 46 5 4 6 393
35 49 5 7 19 393
35 51 5 5 9 393
35 52 5 4 3 393
35 53 5 7 13 393
35 55 5 4 15 393
35 56 5 7 10 393
35 57 5 4 3 393
35 61 5 3 16 393
35 62 5 2 2 393
35 63 5 3 13 393
35 66 5 2 22 393
35 68 5 3 23 393
35 70 5 1 25 393
35 74 5 5 3 393
35 76 5 3 7 393
35 77 5 5 9 393
35 81 5 3 24 393
35 83 5 2 18 393
35 86 5 2 19 393
35 89 5 3 5 393
35 90 5 6 8 393
35 91 5 6 3 393
35 92 5 3 22 393
35 93 5 6 2 393
35 94 5 4 9 393
35 95 5 6 16 393
35 99 5 6 6 393
36 0 4 7 7 276
36 3 4 2 11 276
36 4 4 2 13 276
36 5 4 3 6 276
36 6 4 6 2 276
36 7 4 3 23 276
36 9 4 1 24 276
36 10 4 2 25 276
36 11 4 4 9 276
36 14 4 4 23 276
36 16 4 1 13 276
36 17 4 1 15 276
36 20 4 7 14 276
36 22 4 5 11 276
36 23 4 1 7 276
36 25 4 1 7 276
36 26 4 4 17 276
36 27 4 1 6 276
36 29 4 4 6 276
36 34 4 7 19 276
36 37 4 6 21 276
36 39 4 5 4 276
36 40 4 7 6 276
36 41 4 7 16 276
36 42 4 1 4 276
36 43 4 4 11 276
36 46 4 4 21 276
36 47 4 7 12 276
36 48 4 3 13 276
36 49 4 7 7 276
36 50 4 5 15 276
36 51 4 5 25 276
36 52 4 4 22 276
36 55 4 4 1 276
36 57 4 4 8 276
36 58 4 5 13 276
36 59 4 5 1 276
36 68 4 3 21 276
36 69 4 5 17 276
36 70 4 1 10 276
36 75 4 2 24 276
36 77 4 5 4 276
36 78 4 6 25 276
36 79 4 2 19 276
36 81 4 3 16 276
36 83 4 2 2 276
36 84 4 6 22 276
36 86 4 2 8 276
36 87 4 1 3 276
36 88 4 5 18 276
36 90 4 6 9 276
36 91 4 6 13 276
36 94 4 4 19 276
36 96 4 7 6 276
36 97 4 5 17 276
36 98 4 1 18 276
36 99 4 6 24 276
37 1 6 7 18 110
37 2 6 7 21 110
37 3 6 2 5 110
37 10 6 2 5 110
37 14 6 4 15 110
37 15 6 1 14 110
37 18 6 7 10 110
37 22 6 5 4 110
37 23 6 1 24 110
37 26 6 4 25 110
37 27 6 1 17 110
37 28 6 2 17 110
37 29 6 4 23 110
37 30 6 1 12 110
37 31 6 4 23 110
37 33 6 7 23 110
37 36 6 4 21 110
37 38 6 2 6 110
37 39 6 5 8 110
37 40 6 7 23 110
37 42 6 1 18 110
37 45 6 4 1 110
37 46 6 4 8 110
37 48 6 3 25 110
37 49 6 7 20 110
37 50 6 5 20 110
37 51 6 5 5 110
37 53 6 7 15 110
37 55 6 4 9 110
37 56 6 7 11 110
37 57 6 4 17 110
37 60 6 1 9 110
37 61 6 3 18 110
37 62 6 2 16 110
37 66 6 2 2 110
37 68 6 3 19 110
37 69 6 5 6 110
37 71 6 4 9 110
37 76 6 3 7 110
37 77 6 5 1 110
37 79 6 2 13 110
37 81 6 3 22 110
37 82 6 3 16 110
37 84 6 6 9 110
37 85 6 1 21 110
37 87 6 1 10 110
37 88 6 5 8 110
37 89 6 3 5 110
37 94 6 4 4 110
38 1 2 7 2 368
38 4 2 2 2 368
38 5 2 3 19 368
38 7 2 3 17 368
38 12 2 6 22 368
38 14 2 4 17 368
38 15 2 1 21 368
38 19 2 6 12 368
38 22 2 5 2 368
38 23 2 1 15 368
38 24 2 2 7 368
38 27 2 1 17 368
38 28 2 2 19 368
38 29 2 4 13 368
38 32 2 6 13 368
38 33 2 7 20 368
38 34 2 7 20 368
38 37 2 6 6 368
38 40 2 7 6 368
38 41 2 7 3 368
38 42 2 1 10 368
38 46 2 4 4 368
38 49 2 7 3 368
38 55 2 4 25 368
38 57 2 4 14 368
38 59 2 5 18 368
38 60 2 1 13 368
38 62 2 2 20 368
38 66 2 2 19 368
38 67 2 4 17 368
38 68 2 3 15 368
38 70 2 1 1 368
38 71 2 4 12 368
38 73 2 4 16 368
38 76 2 3 22 368
38 77 2 5 25 368
38 78 2 6 15 368
38 79 2 2 17 368
38 83 2 2 14 368
38 84 2 6 5 368
38 86 2 2 19 368
38 91 2 6 5 368
38 93 2 6 1 368
38 95 2 6 4 368
38 96 2 7 22 368
38 98 2 1 19 368
39 3 5 2 5 965
39 4 5 2 9 965
39 5 5 3 18 965
39 7 5 3 17 965
39 11 5 4 13 965
39 12 5 6 25 965
39 13 5 3 24 965
39 14 5 4 15 965
39 15 5 1 11 965
39 17 5 1 20 965
39 18 5 7 25 965
39 20 5 7 10 965
39 21 5 5 4 965
39 22 5 5 25 965
39 23 5 1 10 965
39 25 5 1 15 965
39 26 5 4 14 965
39 28 5 2 10 965
39 29 5 4 5 965
39 30 5 1 11 965
39 31 5 4 9 965
39 33 5 7 3 965
39 34 5 7 9 965
39 36 5 4 4 965
39 37 5 6 8 965
39 40 5 7 14 965
39 41 5 7 25 965
39 44 5 7 13 965
39 46 5 4 21 965
39 48 5 3 25 965
39 49 5 7 15 965
39 50 5 5 25 965
39 56 5 7 4 965
39 59 5 5 6 965
39 60 5 1 9 965
39 62 5 2 12 965
39 69 5 5 14 965
39 71 5 4 2 965
39 72 5 1 25 965
39 75 5 2 2 965
39 77 5 5 3 965
39 78 5 6 1 965
39 82 5 3 4 965
39 83 5 2 11 965
39 84 5 6 5 965
39 85 5 1 13 965
39 87 5 1 12 965
39 92 5 3 10 965
39 93 5 6 17 965
39 97 5 5 5 965
40 4 7 2 23 203
40 6 7 6 24 203
40 8 7 1 16 203
40 9 7 1 13 203
40 11 7 4 24 203
40 13 7 3 18 203
40 14 7 4 1 203
40 15 7 1 1 203
40 16 7 1 21 203
40 22 7 5 20 203
40 24 7 2 17 203
40 26 7 4 25 203
40 29 7 4 2 203
40 30 7 1 5 203
40 33 7 7 9 203
40 35 7 5 9 203
40 36 7 4 6 203
40 37 7 6 23 203
40 38 7 2 6 203
40 39 7 5 14 203
40 41 7 7 22 203
40 43 7 4 18 203
40 44 7 7 9 203
40 45 7 4 25 203
40 47 7 7 6 203
40 50 7 5 7 203
40 62 7 2 14 203
40 64 7 1 19 203
40 65 7 7 6 203
40 67 7 4 24 203
40 69 7 5 9 203
40 72 7 1 9 203
40 74 7 5 10 203
40 76 7 3 22 203
40 78 7 6 6 203
40 79 7 2 19 203
40 82 7 3 2 203
40 84 7 6 8 203
40 86 7 2 1 203
40 88 7 5 14 203
40 89 7 3 9 203
40 93 7 6 13 203
40 94 7 4 18 203
40 95 7 6 20 203
40 97 7 5 4 203
40 98 7 1 1 203
40 99 7 6 7 203
41 0 7 7 9 343
41 1 7 7 16 343
41 2 7 7 12 343
41 3 7 2 13 343
41 4 7 2 8 343
41 7 7 3 5 343
41 9 7 1 15 343
41 11 7 4 25 343
41 13 7 3 3 343
41 14 7 4 17 343
41 15 7 1 17 343
41 16 7 1 9 343
41 20 7 7 24 343
41 21 7 5 4 343
41 23 7 1 18 343
41 24 7 2 22 343
41 25 7 1 9 343
41 26 7 4 7 343
41 27 7 1 22 343
41 29 7 4 21 343
41 31 7 4 5 343
41 34 7 7 8 343
41 35 7 5 21 343
41 36 7 4 16 343
41 38 7 2 3 343
41 39 7 5 25 343
41 40 7 7 22 343
41 42 7 1 19 343
41 44 7 7 6 343
41 45 7 4 8 343
41 47 7 7 1 343
41 48 7 3 9 343
41 49 7 7 10 343
41 51 7 5 11 343
41 53 7 7 2 343
41 54 7 4 25 343
41 55 7 4 21 343
41 57 7 4 15 343
41 58 7 5 20 343
41 59 7 5 25 343
41 61 7 3 17 343
41 63 7 3 21 343
41 64 7 1 5 343
41 66 7 2 25 343
41 68 7 3 22 343
41 70 7 1 24 343
41 71 7 4 14 343
41 72 7 1 22 343
41 74 7 5 1 343
41 76 7 3 22 343
41 77 7 5 3 343
41 78 7 6 9 343
41 80 7 1 22 343
41 86 7 2 13 343
41 87 7 1 20 343
41 88 7 5 10 343
41 91 7 6 19 343
41 92 7 3 13 343
41 94 7 4 18 343
41 95 7 6 5 343
41 96 7 7 5 343
41 99 7 6 1 343
42 2 1 7 23 711
42 5 1 3 21 711
42 7 1 3 21 711
42 10 1 2 9 711
42 14 1 4 23 711
42 19 1 6 15 711
42 20 1 7 5 711
42 24 1 2 19 711
42 30 1 1 14 711
42 32 1 6 4 711
42 34 1 7 6 711
42 35 1 5 20 711
42 36 1 4 4 711
42 37 1 6 18 711
42 38 1 2 10 711
42 41 1 7 19 711
42 43 1 4 4 711
42 46 1 4 22 711
42 48 1 3 25 711
42 49 1 7 24 711
42 50 1 5 23 711
42 52 1 4 21 711
42 53 1 7 4 711
42 55 1 4 19 711
42 56 1 7 2 711
42 58 1 5 6 711
42 59 1 5 24 711
42 62 1 2 20 711
42 63 1 3 16 711
42 64 1 1 12 711
42 65 1 7 5 711
42 67 1 4 1 711
42 69 1 5 7 711
42 75 1 2 21 711
42 77 1 5 10 711
42 81 1 3 12 711
42 85 1 1 21 711
42 89 1 3 11 711
42 90 1 6 15 711
42 91 1 6 10 711
42 92 1 3 21 711
42 96 1 7 23 711
43 2 4 7 5 702
43 4 4 2 24 702
43 5 4 3 19 702
43 6 4 6 13 702
43 7 4 3 1 702
43 9 4 1 1 702
43 10 4 2 21 702
43 12 4 6 9 702
43 13 4 3 20 702
43 14 4 4 16 702
43 15 4 1 7 702
43 17 4 1 15 702
43 19 4 6 5 702
43 21 4 5 5 702
43 22 4 5 5 702
43 23 4 1 15 702
43 24 4 2 12 702
43 25 4 1 20 702
43 26 4 4 7 702
43 29 4 4 19 702
43 32 4 6 19 702
43 35 4 5 22 702
43 36 4 4 11 702
43 40 4 7 18 702
43 42 4 1 4 702
43 44 4 7 24 702
43 45 4 4 11 702
43 46 4 4 24 702
43 47 4 7 6 702
43 48 4 3 11 702
43 49 4 7 19 702
43 50 4 5 7 702
43 55 4 4 17 702
43 57 4 4 3 702
43 62 4 2 9 702
43 63 4 3 20 702
43 64 4 1 14 702
43 65 4 7 21 702
43 68 4 3 19 702
43 69 4 5 7 702
43 76 4 3 11 702
43 78 4 6 20 702
43 79 4 2 10 702
43 80 4 1 12 702
43 81 4 3 25 702
43 82 4 3 6 702
43 84 4 6 7 702
43 86 4 2 13 702
43 88 4 5 14 702
43 91 4 6 17 702
43 92 4 3 3 702
43 93 4 6 20 702
43 94 4 4 21 702
43 95 4 6 1 702
43 99 4 6 21 702
44 4 7 2 22 559
44 5 7 3 13 559
44 12 7 6 10 559
44 14 7 4 3 559
44 15 7 1 4 559
44 16 7 1 4 559
44 18 7 7 18 559
44 19 7 6 19 559
44 20 7 7 19 559
44 21 7 5 14 559
44 22 7 5 23 559
44 24 7 2 9 559
44 26 7 4 25 559
44 31 7 4 12 559
44 33 7 7 7 559
44 34 7 7 22 559
44 35 7 5 7 559
44 39 7 5 13 559
44 40 7 7 9 559
44 41 7 7 6 559
44 43 7 4 24 559
44 46 7 4 12 559
44 47 7 7 9 559
44 48 7 3 21 559
44 49 7 7 18 559
44 50 7 5 25 559
44 51 7 5 16 559
44 53 7 7 5 559
44 57 7 4 7 559
44 58 7 5 19 559
44 61 7 3 11 559
44 63 7 3 22 559
44 66 7 2 9 559
44 70 7 1 6 559
44 73 7 4 13 559
44 76 7 3 5 559
44 77 7 5 1 559
44 79 7 2 3 559
44 82 7 3 19 559
44 84 7 6 2 559
44 85 7 1 20 559
44 86 7 2 6 559
44 88 7 5 25 559
44 89 7 3 1 559
44 90 7 6 15 559
44 91 7 6 7 559
44 94 7 4 3 559
44 95 7 6 6 559
44 96 7 7 16 559
44 97 7 5 25 559
44 98 7 1 3 559
44 99 7 6 12 559
45 0 4 7 24 304
45 2 4 7 1 304
45 4 4 2 2 304
45 6 4 6 9 304
45 7 4 3 23 304
45 8 4 1 19 304
45 10 4 2 22 304
45 11 4 4 19 304
45 14 4 4 16 304
45 20 4 7 18 304
45 22 4 5 10 304
45 23 4 1 2 304
45 25 4 1 9 304
45 27 4 1 10 304
45 28 4 2 10 304
45 32 4 6 5 304
45 37 4 6 1 304
45 40 4 7 25 304
45 41 4 7 8 304
45 43 4 4 11 304
45 46 4 4 20 304
45 48 4 3 18 304
45 52 4 4 15 304
45 53 4 7 11 304
45 59 4 5 13 304
45 60 4 1 7 304
45 64 4 1 24 304
45 65 4 7 10 304
45 66 4 2 8 304
45 68 4 3 13 304
45 71 4 4 21 304
45 72 4 1 15 304
45 74 4 5 23 304
45 75 4 2 15 304
45 77 4 5 19 304
45 78 4 6 5 304
45 79 4 2 7 304
45 80 4 1 1 304
45 84 4 6 18 304
45 85 4 1 9 304
45 87 4 1 11 304
45 88 4 5 6 304
45 89 4 3 11 304
45 92 4 3 4 304
45 95 4 6 3 304
45 97 4 5 3 304
45 98 4 1 5 304
45 99 4 6 16 304
46 3 4 2 12 239
46 4 4 2 8 239
46 6 4 6 10 239
46 7 4 3 21 239
46 11 4 4 22 239
46 18 4 7 20 239
46 22 4 5 19 239
46 24 4 2 3 239
46 26 4 4 4 239
46 28 4 2 4 239
46 29 4 4 16 239
46 30 4 1 6 239
46 35 4 5 6 239
46 36 4 4 21 239
46 37 4 6 8 239
46 38 4 2 4 239
46 39 4 5 21 239
46 42 4 1 22 239
46 43 4 4 24 239
46 44 4 7 12 239
46 45 4 4 20 239
46 47 4 7 25 239
46 48 4 3 2 239
46 49 4 7 25 239
46 51 4 5 23 239
46 52 4 4 13 239
46 54 4 4 2 239
46 55 4 4 24 239
46 56 4 7 13 239
46 57 4 4 18 239
46 58 4 5 1 239
46 61 4 3 8 239
46 63 4 3 3 239
46 68 4 3 7 239
46 70 4 1 23 239
46 71 4 4 6 239
46 72 4 1 4 239
46 73 4 4 4 239
46 75 4 2 3 239
46 76 4 3 8 239
46 82 4 3 11 239
46 84 4 6 22 239
46 85 4 1 9 239
46 86 4 2 8 239
46 87 4 1 7 239
46 88 4 5 15 239
46 90 4 6 4 239
46 92 4 3 9 239
46 93 4 6 10 239
46 94 4 4 12 239
46 95 4 6 5 239
47 0 7 7 14 729
47 1 7 7 15 729
47 4 7 2 11 729
47 5 7 3 25 729
47 7 7 3 19 729
47 12 7 6 1 729
47 13 7 3 22 729
47 14 7 4 7 729
47 16 7 1 11 729
47 18 7 7 3 729
47 20 7 7 10 729
47 24 7 2 21 729
47 26 7 4 20 729
47 28 7 2 6 729
47 29 7 4 19 729
47 33 7 7 14 729
47 36 7 4 12 729
47 40 7 7 6 729
47 41 7 7 1 729
47 43 7 4 6 729
47 44 7 7 9 729
47 46 7 4 25 729
47 48 7 3 6 729
47 52 7 4 13 729
47 53 7 7 24 729
47 54 7 4 21 729
47 56 7 7 1 729
47 59 7 5 12 729
47 64 7 1 2 729
47 65 7 7 16 729
47 67 7 4 8 729
47 70 7 1 14 729
47 71 7 4 6 729
47 73 7 4 11 729
47 75 7 2 23 729
47 77 7 5 12 729
47 78 7 6 25 729
47 79 7 2 11 729
47 80 7 1 17 729
47 81 7 3 21 729
47 83 7 2 17 729
47 84 7 6 5 729
47 87 7 1 6 729
47 94 7 4 24 729
47 95 7 6 5 729
47 98 7 1 6 729
48 0 3 7 20 859
48 4 3 2 21 859
48 5 3 3 22 859
48 8 3 1 18 859
48 10 3 2 12 859
48 12 3 6 11 859
48 13 3 3 15 859
48 14 3 4 14 859
48 15 3 1 22 859
48 18 3 7 24 859
48 19 3 6 5 859
48 20 3 7 17 859
48 21 3 5 10 859
48 22 3 5 3 859
48 24 3 2 11 859
48 27 3 1 24 859
48 30 3 1 9 859
48 31 3 4 2 859
48 33 3 7 16 859
48 36 3 4 13 859
48 37 3 6 25 859
48 39 3 5 25 859
48 41 3 7 9 859
48 42 3 1 25 859
48 43 3 4 11 859
48 44 3 7 21 859
48 45 3 4 18 859
48 46 3 4 2 859
48 47 3 7 6 859
48 51 3 5 19 859
48 52 3 4 8 859
48 53 3 7 17 859
48 55 3 4 2 859
48 57 3 4 7 859
48 58 3 5 1 859
48 59 3 5 13 859
48 60 3 1 1 859
48 61 3 3 16 859
48 64 3 1 17 859
48 68 3 3 8 859
48 69 3 5 24 859
48 70 3 1 21 859
48 78 3 6 5 859
48 79 3 2 22 859
48 85 3 1 20 859
48 86 3 2 2 859
48 87 3 1 9 859
48 91 3 6 5 859
48 93 3 6 14 859
48 96 3 7 24 859
48 98 3 1 21 859
49 2 7 7 9 525
49 3 7 2 14 525
49 5 7 3 19 525
49 6 7 6 20 525
49 8 7 1 21 525
49 14 7 4 6 525
49 15 7 1 8 525
49 18 7 7 19 525
49 19 7 6 10 525
49 20 7 7 25 525
49 23 7 1 2 525
49 24 7 2 20 525
49 27 7 1 16 525
49 32 7 6 11 525
49 33 7 7 20 525
49 35 7 5 19 525
49 36 7 4 7 525
49 37 7 6 20 525
49 38 7 2 3 525
49 39 7 5 15 525
49 41 7 7 10 525
49 42 7 1 24 525
49 43 7 4 19 525
49 44 7 7 18 525
49 46 7 4 25 525
49 51 7 5 12 525
49 52 7 4 22 525
49 60 7 1 21 525
49 61 7 3 7 525
49 64 7 1 16 525
49 65 7 7 4 525
49 68 7 3 22 525
49 71 7 4 6 525
49 72 7 1 24 525
49 73 7 4 14 525
49 74 7 5 6 525
49 75 7 2 19 525
49 76 7 3 2 525
49 81 7 3 18 525
49 82 7 3 8 525
49 84 7 6 20 525
49 88 7 5 22 525
49 89 7 3 22 525
49 90 7 6 11 525
49 91 7 6 1 525
49 92 7 3 15 525
49 93 7 6 11 525
49 97 7 5 24 525
49 98 7 1 18 525
50 1 5 7 20 649
50 3 5 2 23 649
50 4 5 2 7 649
50 5 5 3 5 649
50 6 5 6 21 649
50 7 5 3 14 649
50 8 5 1 16 649
50 11 5 4 12 649
50 12 5 6 2 649
50 15 5 1 12 649
50 16 5 1 8 649
50 17 5 1 14 649
50 18 5 7 11 649
50 19 5 6 7 649
50 21 5 5 13 649
50 22 5 5 18 649
50 23 5 1 4 649
50 25 5 1 5 649
50 29 5 4 5 649
50 30 5 1 20 649
50 31 5 4 4 649
50 32 5 6 24 649
50 33 5 7 7 649
50 34 5 7 25 649
50 36 5 4 15 649
50 37 5 6 20 649
50 39 5 5 25 649
50 40 5 7 7 649
50 42 5 1 23 649
50 43 5 4 7 649
50 44 5 7 25 649
50 51 5 5 1 649
50 52 5 4 6 649
50 55 5 4 7 649
50 56 5 7 12 649
50 58 5 5 19 649
50 60 5 1 18 649
50 61 5 3 24 649
50 64 5 1 18 649
50 65 5 7 12 649
50 70 5 1 13 649
50 71 5 4 7 649
50 72 5 1 3 649
50 73 5 4 17 649
50 79 5 2 24 649
50 80 5 1 13 649
50 81 5 3 11 649
50 82 5 3 9 649
50 84 5 6 23 649
50 85 5 1 6 649
50 88 5 5 21 649
50 89 5 3 18 649
50 90 5 6 11 649
50 93 5 6 2 649
50 95 5 6 13 649
50 96 5 7 1 649
50 97 5 5 22 649
50 99 5 6 21 649
51 1 5 7 1 545
51 2 5 7 22 545
51 3 5 2 21 545
51 5 5 3 16 545
51 7 5 3 9 545
51 8 5 1 22 545
51 10 5 2 12 545
51 11 5 4 5 545
51 14 5 4 24 545
51 16 5 1 1 545
51 19 5 6 11 545
51 20 5 7 19 545
51 21 5 5 17 545
51 23 5 1 24 545
51 30 5 1 4 545
51 33 5 7 3 545
51 34 5 7 16 545
51 35 5 5 9 545
51 36 5 4 25 545
51 37 5 6 5 545
51 41 5 7 11 545
51 44 5 7 16 545
51 46 5 4 23 545
51 48 5 3 19 545
51 49 5 7 12 545
51 50 5 5 1 545
51 54 5 4 6 545
51 57 5 4 24 545
51 58 5 5 9 545
51 60 5 1 8 545
51 65 5 7 16 545
51 68 5 3 20 545
51 72 5 1 25 545
51 74 5 5 12 545
51 75 5 2 5 545
51 76 5 3 16 545
51 77 5 5 24 545
51 80 5 1 16 545
51 82 5 3 2 545
51 86 5 2 2 545
51 89 5 3 21 545
51 91 5 6 19 545
51 92 5 3 16 545
51 93 5 6 11 545
51 94 5 4 25 545
51 95 5 6 10 545
51 97 5 5 17 545
51 98 5 1 19 545
52 2 4 7 16 221
52 3 4 2 22 221
52 4 4 2 3 221
52 5 4 3 24 221
52 7 4 3 20 221
52 14 4 4 19 221
52 16 4 1 15 221
52 23 4 1 11 221
52 26 4 4 5 221
52 28 4 2 16 221
52 29 4 4 17 221
52 31 4 4 9 221
52 35 4 5 3 221
52 36 4 4 22 221
52 42 4 1 21 221
52 45 4 4 15 221
52 46 4 4 13 221
52 47 4 7 13 221
52 48 4 3 8 221
52 49 4 7 22 221
52 50 4 5 6 221
52 53 4 7 5 221
52 56 4 7 3 221
52 60 4 1 21 221
52 61 4 3 12 221
52 65 4 7 15 221
52 67 4 4 4 221
52 68 4 3 10 221
52 69 4 5 17 221
52 70 4 1 23 221
52 71 4 4 18 221
52 72 4 1 15 221
52 73 4 4 18 221
52 74 4 5 10 221
52 76 4 3 13 221
52 77 4 5 15 221
52 79 4 2 5 221
52 81 4 3 22 221
52 82 4 3 14 221
52 83 4 2 5 221
52 84 4 6 24 221
52 85 4 1 14 221
52 90 4 6 21 221
52 91 4 6 24 221
52 92 4 3 11 221
52 95 4 6 2 221
52 97 4 5 19 221
52 98 4 1 7 221
52 99 4 6 7 221
53 0 7 7 12 350
53 1 7 7 10 350
53 3 7 2 22 350
53 4 7 2 3 350
53 5 7 3 22 350
53 6 7 6 6 350
53 7 7 3 8 350
53 9 7 1 17 350
53 10 7 2 21 350
53 12 7 6 19 350
53 15 7 1 13 350
53 17 7 1 21 350
53 18 7 7 6 350
53 21 7 5 8 350
53 23 7 1 1 350
53 24 7 2 20 350
53 25 7 1 3 350
53 26 7 4 20 350
53 30 7 1 17 350
53 31 7 4 6 350
53 33 7 7 23 350
53 34 7 7 1 350
53 35 7 5 13 350
53 37 7 6 15 350
53 41 7 7 2 350
53 42 7 1 4 350
53 44 7 7 5 350
53 45 7 4 11 350
53 47 7 7 24 350
53 48 7 3 17 350
53 52 7 4 5 350
53 54 7 4 10 350
53 56 7 7 25 350
53 57 7 4 24 350
53 58 7 5 10 350
53 61 7 3 6 350
53 62 7 2 16 350
53 67 7 4 19 350
53 69 7 5 24 350
53 71 7 4 6 350
53 72 7 1 18 350
53 73 7 4 21 350
53 75 7 2 8 350
53 78 7 6 9 350
53 79 7 2 6 350
53 81 7 3 14 350
53 83 7 2 23 350
53 84 7 6 13 350
53 88 7 5 10 350
53 89 7 3 10 350
53 90 7 6 2 350
53 93 7 6 25 350
53 94 7 4 10 350
53 96 7 7 6 350
53 98 7 1 17 350
53 99 7 6 1 350
54 2 4 7 14 646
54 3 4 2 21 646
54 4 4 2 22 646
54 9 4 1 25 646
54 13 4 3 12 646
54 17 4 1 6 646
54 18 4 7 15 646
54 19 4 6 3 646
54 20 4 7 3 646
54 21 4 5 20 646
54 27 4 1 8 646
54 30 4 1 25 646
54 34 4 7 12 646
54 41 4 7 25 646
54 46 4 4 2 646
54 47 4 7 21 646
54 51 4 5 6 646
54 53 4 7 10 646
54 55 4 4 9 646
54 62 4 2 16 646
54 64 4 1 18 646
54 66 4 2 23 646
54 67 4 4 2 646
54 70 4 1 6 646
54 71 4 4 9 646
54 72 4 1 18 646
54 73 4 4 4 646
54 75 4 2 6 646
54 76 4 3 3 646
54 77 4 5 19 646
54 78 4 6 8 646
54 80 4 1 22 646
54 81 4 3 10 646
54 83 4 2 15 646
54 85 4 1 4 646
54 86 4 2 4 646
54 89 4 3 17 646
54 90 4 6 6 646
54 91 4 6 15 646
54 92 4 3 11 646
54 94 4 4 3 646
54 95 4 6 5 646
54 97 4 5 24 646
54 98 4 1 23 646
54 99 4 6 8 646
55 1 4 7 4 887
55 7 4 3 1 887
55 8 4 1 15 887
55 12 4 6 16 887
55 16 4 1 1 887
55 17 4 1 19 887
55 18 4 7 20 887
55 21 4 5 11 887
55 23 4 1 10 887
55 24 4 2 8 887
55 26 4 4 1 887
55 27 4 1 22 887
55 28 4 2 19 887
55 31 4 4 23 887
55 32 4 6 14 887
55 34 4 7 6 887
55 35 4 5 15 887
55 36 4 4 1 887
55 37 4 6 9 887
55 38 4 2 25 887
55 41 4 7 21 887
55 42 4 1 19 887
55 43 4 4 17 887
55 46 4 4 24 887
55 48 4 3 2 887
55 50 4 5 7 887
55 54 4 4 9 887
55 56 4 7 8 887
55 58 4 5 9 887
55 60 4 1 10 887
55 61 4 3 22 887
55 63 4 3 2 887
55 66 4 2 6 887
55 72 4 1 7 887
55 74 4 5 15 887
55 76 4 3 14 887
55 78 4 6 24 887
55 81 4 3 22 887
55 82 4 3 24 887
55 83 4 2 22 887
55 86 4 2 3 887
55 87 4 1 3 887
55 90 4 6 13 887
55 94 4 4 3 887
55 96 4 7 14 887
55 99 4 6 7 887
56 0 7 7 9 532
56 2 7 7 23 532
56 3 7 2 11 532
56 5 7 3 14 532
56 6 7 6 4 532
56 8 7 1 18 532
56 10 7 2 8 532
56 11 7 4 10 532
56 12 7 6 12 532
56 13 7 3 13 532
56 14 7 4 3 532
56 15 7 1 3 532
56 16 7 1 19 532
56 19 7 6 13 532
56 21 7 5 2 532
56 23 7 1 6 532
56 27 7 1 11 532
56 29 7 4 6 532
56 35 7 5 10 532
56 37 7 6 11 532
56 39 7 5 4 532
56 42 7 1 2 532
56 46 7 4 13 532
56 47 7 7 1 532
56 50 7 5 12 532
56 52 7 4 3 532
56 53 7 7 25 532
56 55 7 4 8 532
56 58 7 5 11 532
56 63 7 3 25 532
56 64 7 1 20 532
56 65 7 7 11 532
56 69 7 5 8 532
56 70 7 1 10 532
56 75 7 2 21 532
56 78 7 6 18 532
56 79 7 2 24 532
56 81 7 3 22 532
56 82 7 3 2 532
56 84 7 6 8 532
56 87 7 1 19 532
56 89 7 3 15 532
56 91 7 6 20 532
56 93 7 6 20 532
56 94 7 4 5 532
56 95 7 6 14 532
56 96 7 7 10 532
56 98 7 1 6 532
56 99 7 6 15 532
57 1 4 7 18 790
57 3 4 2 15 790
57 4 4 2 2 790
57 7 4 3 18 790
57 8 4 1 15 790
57 9 4 1 6 790
57 10 4 2 6 790
57 11 4 4 6 790
57 14 4 4 2 790
57 15 4 1 16 790
57 17 4 1 25 790
57 22 4 5 3 790
57 25 4 1 11 790
57 26 4 4 12 790
57 27 4 1 1 790
57 28 4 2 7 790
57 29 4 4 19 790
57 31 4 4 11 790
57 32 4 6 16 790
57 34 4 7 8 790
57 35 4 5 3 790
57 36 4 4 8 790
57 37 4 6 17 790
57 38 4 2 14 790
57 41 4 7 15 790
57 43 4 4 3 790
57 44 4 7 7 790
57 46 4 4 18 790
57 48 4 3 7 790
57 51 4 5 24 790
57 53 4 7 24 790
57 58 4 5 12 790
57 59 4 5 7 790
57 60 4 1 14 790
57 61 4 3 11 790
57 65 4 7 19 790
57 66 4 2 25 790
57 68 4 3 25 790
57 69 4 5 19 790
57 70 4 1 16 790
57 71 4 4 15 790
57 72 4 1 20 790
57 75 4 2 8 790
57 76 4 3 17 790
57 77 4 5 6 790
57 78 4 6 6 790
57 80 4 1 8 790
57 82 4 3 5 790
57 84 4 6 22 790
57 85 4 1 25 790
57 86 4 2 3 790
57 87 4 1 21 790
57 88 4 5 1 790
57 90 4 6 23 790
57 91 4 6 20 790
57 94 4 4 10 790
57 96 4 7 3 790
57 97 4 5 7 790
57 98 4 1 24 790
58 2 5 7 4 736
58 3 5 2 9 736
58 5 5 3 3 736
58 6 5 6 20 736
58 9 5 1 14 736
58 12 5 6 13 736
58 13 5 3 25 736
58 15 5 1 24 736
58 17 5 1 5 736
58 18 5 7 24 736
58 20 5 7 1 736
58 21 5 5 5 736
58 22 5 5 1 736
58 24 5 2 3 736
58 25 5 1 23 736
58 28 5 2 10 736
58 30 5 1 8 736
58 32 5 6 20 736
58 33 5 7 14 736
58 34 5 7 17 736
58 36 5 4 13 736
58 41 5 7 20 736
58 42 5 1 6 736
58 44 5 7 19 736
58 46 5 4 1 736
58 48 5 3 1 736
58 50 5 5 19 736
58 51 5 5 9 736
58 53 5 7 10 736
58 55 5 4 9 736
58 56 5 7 11 736
58 57 5 4 12 736
58 59 5 5 3 736
58 60 5 1 8 736
58 61 5 3 25 736
58 64 5 1 21 736
58 66 5 2 1 736
58 70 5 1 22 736
58 71 5 4 9 736
58 72 5 1 14 736
58 77 5 5 3 736
58 78 5 6 3 736
58 81 5 3 3 736
58 83 5 2 11 736
58 84 5 6 1 736
58 85 5 1 23 736
58 86 5 2 15 736
58 90 5 6 10 736
58 91 5 6 12 736
58 93 5 6 13 736
58 95 5 6 14 736
58 97 5 5 19 736
58 99 5 6 19 736
59 1 5 7 7 949
59 2 5 7 18 949
59 4 5 2 21 949
59 5 5 3 7 949
59 6 5 6 3 949
59 9 5 1 2 949
59 11 5 4 21 949
59 12 5 6 12 949
59 13 5 3 13 949
59 15 5 1 16 949
59 17 5 1 13 949
59 18 5 7 18 949
59 21 5 5 8 949
59 24 5 2 10 949
59 26 5 4 2 949
59 27 5 1 15 949
59 29 5 4 11 949
59 31 5 4 19 949
59 32 5 6 3 949
59 34 5 7 12 949
59 36 5 4 1 949
59 38 5 2 18 949
59 39 5 5 6 949
59 41 5 7 25 949
59 42 5 1 24 949
59 45 5 4 13 949
59 47 5 7 12 949
59 48 5 3 13 949
59 57 5 4 7 949
59 58 5 5 3 949
59 61 5 3 3 949
59 62 5 2 8 949
59 63 5 3 12 949
59 64 5 1 16 949
59 65 5 7 6 949
59 68 5 3 25 949
59 70 5 1 18 949
59 72 5 1 13 949
59 75 5 2 23 949
59 76 5 3 13 949
59 77 5 5 20 949
59 78 5 6 13 949
59 81 5 3 12 949
59 82 5 3 13 949
59 85 5 1 12 949
59 87 5 1 16 949
59 89 5 3 14 949
59 92 5 3 7 949
59 94 5 4 8 949
59 95 5 6 8 949
59 96 5 7 17 949
59 97 5 5 19 949
59 99 5 6 10 949
60 2 1 7 8 504
60 3 1 2 6 504
60 4 1 2 25 504
60 5 1 3 7 504
60 6 1 6 24 504
60 7 1 3 19 504
60 8 1 1 11 504
60 9 1 1 6 504
60 10 1 2 18 504
60 13 1 3 7 504
60 14 1 4 12 504
60 16 1 1 21 504
60 17 1 1 15 504
60 18 1 7 16 504
60 19 1 6 5 504
60 20 1 7 11 504
60 21 1 5 2 504
60 25 1 1 18 504
60 26 1 4 13 504
60 27 1 1 22 504
60 30 1 1 15 504
60 31 1 4 9 504
60 37 1 6 9 504
60 38 1 2 13 504
60 39 1 5 9 504
60 45 1 4 7 504
60 48 1 3 1 504
60 49 1 7 21 504
60 50 1 5 18 504
60 51 1 5 8 504
60 52 1 4 21 504
60 55 1 4 10 504
60 57 1 4 14 504
60 58 1 5 8 504
60 61 1 3 2 504
60 62 1 2 16 504
60 63 1 3 6 504
60 65 1 7 17 504
60 67 1 4 12 504
60 69 1 5 14 504
60 70 1 1 6 504
60 73 1 4 1 504
60 76 1 3 16 504
60 80 1 1 13 504
60 82 1 3 9 504
60 83 1 2 17 504
60 89 1 3 13 504
60 93 1 6 7 504
60 98 1 1 2 504
60 99 1 6 8 504
61 0 3 7 13 142
61 2 3 7 14 142
61 6 3 6 2 142
61 7 3 3 9 142
61 13 3 3 9 142
61 14 3 4 4 142
61 15 3 1 19 142
61 18 3 7 2 142
61 22 3 5 7 142
61 28 3 2 21 142
61 31 3 4 15 142
61 34 3 7 19 142
61 35 3 5 16 142
61 37 3 6 18 142
61 41 3 7 17 142
61 44 3 7 11 142
61 46 3 4 8 142
61 48 3 3 16 142
61 49 3 7 7 142
61 50 3 5 24 142
61 52 3 4 12 142
61 53 3 7 6 142
61 55 3 4 22 142
61 57 3 4 11 142
61 58 3 5 25 142
61 59 3 5 3 142
61 60 3 1 2 142
61 63 3 3 5 142
61 64 3 1 24 142
61 66 3 2 13 142
61 67 3 4 4 142
61 68 3 3 22 142
61 69 3 5 2 142
61 73 3 4 3 142
61 74 3 5 11 142
61 76 3 3 12 142
61 77 3 5 8 142
61 80 3 1 22 142
61 81 3 3 11 142
61 86 3 2 8 142
61 87 3 1 12 142
61 88 3 5 21 142
61 89 3 3 3 142
61 91 3 6 11 142
61 94 3 4 7 142
61 95 3 6 10 142
61 96 3 7 5 142
61 98 3 1 25 142
62 2 2 7 4 898
62 3 2 2 9 898
62 5 2 3 5 898
62 7 2 3 4 898
62 8 2 1 10 898
62 10 2 2 11 898
62 13 2 3 17 898
62 15 2 1 24 898
62 16 2 1 12 898
62 17 2 1 21 898
62 18 2 7 18 898
62 22 2 5 14 898
62 25 2 1 15 898
62 26 2 4 12 898
62 28 2 2 7 898
62 30 2 1 19 898
62 31 2 4 8 898
62 33 2 7 4 898
62 34 2 7 13 898
62 35 2 5 2 898
62 37 2 6 16 898
62 38 2 2 20 898
62 39 2 5 12 898
62 40 2 7 14 898
62 42 2 1 20 898
62 43 2 4 9 898
62 53 2 7 16 898
62 54 2 4 16 898
62 59 2 5 8 898
62 60 2 1 16 898
62 64 2 1 13 898
62 65 2 7 17 898
62 71 2 4 18 898
62 72 2 1 18 898
62 75 2 2 14 898
62 79 2 2 8 898
62 80 2 1 4 898
62 81 2 3 24 898
62 82 2 3 8 898
62 85 2 1 3 898
62 90 2 6 19 898
62 91 2 6 8 898
62 94 2 4 3 898
62 95 2 6 24 898
62 96 2 7 14 898
62 98 2 1 16 898
62 99 2 6 20 898
63 0 3 7 16 749
63 1 3 7 10 749
63 3 3 2 7 749
63 5 3 3 9 749
63 6 3 6 11 749
63 7 3 3 12 749
63 8 3 1 17 749
63 11 3 4 11 749
63 13 3 3 11 749
63 15 3 1 6 749
63 17 3 1 10 749
63 22 3 5 15 749
63 23 3 1 10 749
63 24 3 2 5 749
63 25 3 1 25 749
63 27 3 1 8 749
63 28 3 2 19 749
63 29 3 4 20 749
63 34 3 7 4 749
63 35 3 5 13 749
63 41 3 7 21 749
63 42 3 1 16 749
63 43 3 4 20 749
63 44 3 7 22 749
63 46 3 4 3 749
63 55 3 4 2 749
63 56 3 7 25 749
63 59 3 5 12 749
63 60 3 1 6 749
63 61 3 3 5 749
63 64 3 1 18 749
63 67 3 4 11 749
63 70 3 1 15 749
63 71 3 4 25 749
63 73 3 4 9 749
63 75 3 2 20 749
63 76 3 3 5 749
63 77 3 5 21 749
63 78 3 6 9 749
63 81 3 3 22 749
63 82 3 3 12 749
63 84 3 6 17 749
63 85 3 1 16 749
63 87 3 1 3 749
63 88 3 5 11 749
63 89 3 3 19 749
63 90 3 6 6 749
63 97 3 5 3 749
63 98 3 1 1 749
63 99 3 6 7 749
64 0 1 7 1 580
64 3 1 2 20 580
64 4 1 2 25 580
64 6 1 6 10 580
64 9 1 1 5 580
64 11 1 4 21 580
64 12 1 6 19 580
64 14 1 4 24 580
64 15 1 1 12 580
64 17 1 1 8 580
64 23 1 1 16 580
64 25 1 1 16 580
64 27 1 1 14 580
64 28 1 2 13 580
64 29 1 4 21 580
64 31 1 4 2 580
64 34 1 7 21 580
64 40 1 7 19 580
64 41 1 7 5 580
64 42 1 1 12 580
64 43 1 4 14 580
64 45 1 4 24 580
64 47 1 7 2 580
64 48 1 3 17 580
64 49 1 7 16 580
64 50 1 5 18 580
64 54 1 4 18 580
64 56 1 7 20 580
64 58 1 5 21 580
64 59 1 5 16 580
64 61 1 3 24 580
64 62 1 2 13 580
64 63 1 3 18 580
64 66 1 2 19 580
64 67 1 4 19 580
64 70 1 1 18 580
64 71 1 4 24 580
64 73 1 4 7 580
64 76 1 3 2 580
64 77 1 5 6 580
64 81 1 3 12 580
64 82 1 3 8 580
64 85 1 1 13 580
64 86 1 2 24 580
64 88 1 5 17 580
64 89 1 3 4 580
64 91 1 6 1 580
64 92 1 3 13 580
64 94 1 4 21 580
64 96 1 7 19 580
64 98 1 1 5 580
64 99 1 6 13 580
65 4 7 2 6 983
65 5 7 3 2 983
65 9 7 1 20 983
65 10 7 2 24 983
65 11 7 4 17 983
65 13 7 3 25 983
65 14 7 4 1 983
65 16 7 1 14 983
65 17 7 1 23 983
65 19 7 6 15 983
65 20 7 7 13 983
65 21 7 5 11 983
65 23 7 1 13 983
65 24 7 2 5 983
65 26 7 4 16 983
65 28 7 2 7 983
65 29 7 4 6 983
65 30 7 1 4 983
65 34 7 7 15 983
65 40 7 7 6 983
65 42 7 1 5 983
65 43 7 4 21 983
65 45 7 4 10 983
65 47 7 7 16 983
65 49 7 7 4 983
65 50 7 5 12 983
65 51 7 5 16 983
65 52 7 4 15 983
65 56 7 7 11 983
65 57 7 4 19 983
65 59 7 5 6 983
65 60 7 1 17 983
65 62 7 2 17 983
65 67 7 4 8 983
65 72 7 1 24 983
65 74 7 5 15 983
65 75 7 2 20 983
65 81 7 3 4 983
65 84 7 6 25 983
65 91 7 6 4 983
65 92 7 3 10 983
65 93 7 6 13 983
65 98 7 1 15 983
65 99 7 6 15 983
66 2 2 7 4 260
66 7 2 3 11 260
66 9 2 1 7 260
66 10 2 2 11 260
66 13 2 3 24 260
66 14 2 4 6 260
66 16 2 1 12 260
66 17 2 1 19 260
66 18 2 7 6 260
66 19 2 6 15 260
66 22 2 5 1 260
66 24 2 2 24 260
66 25 2 1 19 260
66 26 2 4 11 260
66 28 2 2 4 260
66 29 2 4 3 260
66 31 2 4 17 260
66 32 2 6 11 260
66 33 2 7 21 260
66 34 2 7 24 260
66 35 2 5 22 260
66 37 2 6 2 260
66 38 2 2 19 260
66 41 2 7 25 260
66 44 2 7 9 260
66 45 2 4 8 260
66 54 2 4 23 260
66 55 2 4 6 260
66 57 2 4 25 260
66 58 2 5 1 260
66 61 2 3 13 260
66 64 2 1 19 260
66 67 2 4 20 260
66 70 2 1 8 260
66 73 2 4 15 260
66 77 2 5 7 260
66 78 2 6 5 260
66 79 2 2 19 260
66 80 2 1 16 260
66 81 2 3 17 260
66 84 2 6 1 260
66 87 2 1 19 260
66 89 2 3 2 260
66 94 2 4 6 260
66 95 2 6 12 260
66 97 2 5 2 260
66 98 2 1 6 260
67 0 4 7 25 756
67 3 4 2 13 756
67 5 4 3 3 756
67 12 4 6 16 756
67 13 4 3 16 756
67 14 4 4 3 756
67 16 4 1 3 756
67 20 4 7 13 756
67 25 4 1 13 756
67 26 4 4 21 756
67 27 4 1 5 756
67 30 4 1 3 756
67 31 4 4 10 756
67 32 4 6 21 756
67 33 4 7 23 756
67 34 4 7 7 756
67 38 4 2 17 756
67 40 4 7 24 756
67 42 4 1 1 756
67 47 4 7 8 756
67 52 4 4 4 756
67 53 4 7 19 756
67 54 4 4 2 756
67 60 4 1 12 756
67 61 4 3 4 756
67 63 4 3 11 756
67 64 4 1 19 756
67 65 4 7 8 756
67 66 4 2 20 756
67 68 4 3 25 756
67 71 4 4 8 756
67 73 4 4 5 756
67 76 4 3 2 756
67 78 4 6 16 756
67 79 4 2 20 756
67 80 4 1 2 756
67 83 4 2 6 756
67 84 4 6 18 756
67 85 4 1 3 756
67 86 4 2 23 756
67 87 4 1 18 756
67 88 4 5 10 756
67 92 4 3 11 756
67 93 4 6 17 756
67 96 4 7 1 756
67 97 4 5 19 756
68 1 3 7 23 431
68 4 3 2 17 431
68 7 3 3 2 431
68 8 3 1 1 431
68 9 3 1 12 431
68 13 3 3 17 431
68 14 3 4 14 431
68 19 3 6 23 431
68 20 3 7 8 431
68 21 3 5 10 431
68 24 3 2 23 431
68 25 3 1 1 431
68 26 3 4 13 431
68 28 3 2 9 431
68 30 3 1 1 431
68 32 3 6 21 431
68 33 3 7 10 431
68 35 3 5 23 431
68 36 3 4 21 431
68 37 3 6 19 431
68 38 3 2 15 431
68 41 3 7 22 431
68 43 3 4 19 431
68 45 3 4 13 431
68 46 3 4 7 431
68 48 3 3 8 431
68 49 3 7 22 431
68 51 3 5 20 431
68 52 3 4 10 431
68 57 3 4 25 431
68 59 3 5 25 431
68 61 3 3 22 431
68 67 3 4 25 431
68 70 3 1 22 431
68 71 3 4 22 431
68 72 3 1 3 431
68 74 3 5 24 431
68 75 3 2 2 431
68 76 3 3 10 431
68 79 3 2 24 431
68 80 3 1 15 431
68 82 3 3 13 431
68 87 3 1 4 431
68 88 3 5 7 431
68 89 3 3 15 431
68 93 3 6 15 431
68 94 3 4 25 431
68 95 3 6 8 431
68 96 3 7 6 431
68 97 3 5 9 431
68 98 3 1 1 431
68 99 3 6 10 431
69 1 5 7 8 853
69 3 5 2 11 853
69 5 5 3 10 853
69 6 5 6 17 853
69 8 5 1 7 853
69 9 5 1 4 853
69 10 5 2 8 853
69 13 5 3 4 853
69 14 5 4 23 853
69 16 5 1 22 853
69 19 5 6 15 853
69 20 5 7 23 853
69 21 5 5 15 853
69 22 5 5 9 853
69 24 5 2 7 853
69 27 5 1 20 853
69 28 5 2 14 853
69 29 5 4 7 853
69 31 5 4 3 853
69 32 5 6 4 853
69 34 5 7 23 853
69 36 5 4 17 853
69 37 5 6 6 853
69 39 5 5 14 853
69 40 5 7 9 853
69 42 5 1 7 853
69 43 5 4 7 853
69 48 5 3 24 853
69 52 5 4 17 853
69 53 5 7 24 853
69 56 5 7 8 853
69 57 5 4 19 853
69 60 5 1 14 853
69 61 5 3 2 853
69 70 5 1 17 853
69 71 5 4 20 853
69 73 5 4 6 853
69 74 5 5 8 853
69 75 5 2 24 853
69 76 5 3 19 853
69 79 5 2 18 853
69 80 5 1 7 853
69 81 5 3 21 853
69 82 5 3 18 853
69 83 5 2 21 853
69 86 5 2 6 853
69 87 5 1 19 853
69 91 5 6 2 853
69 96 5 7 25 853
69 99 5 6 15 853
70 0 1 7 12 226
70 2 1 7 12 226
70 6 1 6 16 226
70 7 1 3 7 226
70 9 1 1 23 226
70 11 1 4 1 226
70 13 1 3 1 226
70 16 1 1 7 226
70 17 1 1 20 226
70 19 1 6 6 226
70 20 1 7 19 226
70 21 1 5 14 226
70 24 1 2 11 226
70 25 1 1 12 226
70 28 1 2 22 226
70 30 1 1 6 226
70 32 1 6 2 226
70 35 1 5 25 226
70 36 1 4 10 226
70 38 1 2 1 226
70 41 1 7 24 226
70 44 1 7 6 226
70 46 1 4 23 226
70 47 1 7 14 226
70 48 1 3 21 226
70 50 1 5 13 226
70 52 1 4 23 226
70 54 1 4 6 226
70 56 1 7 10 226
70 57 1 4 16 226
70 58 1 5 22 226
70 59 1 5 18 226
70 60 1 1 6 226
70 63 1 3 15 226
70 64 1 1 18 226
70 66 1 2 8 226
70 68 1 3 22 226
70 69 1 5 17 226
70 71 1 4 3 226
70 72 1 1 19 226
70 84 1 6 5 226
70 85 1 1 22 226
70 86 1 2 4 226
70 87 1 1 25 226
70 89 1 3 6 226
70 91 1 6 22 226
70 92 1 3 12 226
70 94 1 4 15 226
70 98 1 1 13 226
71 0 4 7 10 495
71 1 4 7 10 495
71 2 4 7 12 495
71 4 4 2 7 495
71 5 4 3 2 495
71 6 4 6 21 495
71 7 4 3 6 495
71 9 4 1 4 495
71 11 4 4 13 495
71 14 4 4 22 495
71 16 4 1 19 495
71 19 4 6 21 495
71 21 4 5 11 495
71 22 4 5 11 495
71 24 4 2 20 495
71 25 4 1 22 495
71 31 4 4 14 495
71 33 4 7 5 495
71 34 4 7 22 495
71 37 4 6 9 495
71 38 4 2 12 495
71 39 4 5 2 495
71 41 4 7 14 495
71 45 4 4 21 495
71 46 4 4 6 495
71 47 4 7 6 495
71 49 4 7 6 495
71 50 4 5 7 495
71 52 4 4 18 495
71 53 4 7 6 495
71 54 4 4 9 495
71 57 4 4 15 495
71 58 4 5 9 495
71 62 4 2 18 495
71 63 4 3 25 495
71 64 4 1 24 495
71 67 4 4 8 495
71 68 4 3 22 495
71 69 4 5 20 495
71 70 4 1 3 495
71 72 4 1 5 495
71 75 4 2 15 495
71 76 4 3 10 495
71 80 4 1 15 495
71 82 4 3 21 495
71 83 4 2 22 495
71 84 4 6 25 495
71 85 4 1 4 495
71 87 4 1 10 495
71 89 4 3 5 495
71 90 4 6 16 495
71 91 4 6 9 495
71 94 4 4 3 495
71 95 4 6 20 495
71 98 4 1 17 495
71 99 4 6 5 495
72 3 1 2 14 385
72 4 1 2 15 385
72 5 1 3 7 385
72 7 1 3 7 385
72 8 1 1 17 385
72 11 1 4 7 385
72 13 1 3 23 385
72 17 1 1 6 385
72 19 1 6 22 385
72 20 1 7 2 385
72 24 1 2 10 385
72 26 1 4 19 385
72 28 1 2 17 385
72 29 1 4 23 385
72 31 1 4 2 385
72 32 1 6 3 385
72 39 1 5 25 385
72 40 1 7 9 385
72 41 1 7 22 385
72 45 1 4 15 385
72 46 1 4 4 385
72 49 1 7 24 385
72 50 1 5 3 385
72 51 1 5 25 385
72 52 1 4 15 385
72 53 1 7 18 385
72 54 1 4 18 385
72 55 1 4 7 385
72 57 1 4 20 385
72 58 1 5 14 385
72 59 1 5 13 385
72 62 1 2 18 385
72 65 1 7 24 385
72 68 1 3 3 385
72 70 1 1 19 385
72 71 1 4 5 385
72 74 1 5 10 385
72 75 1 2 5 385
72 76 1 3 16 385
72 78 1 6 17 385
72 80 1 1 17 385
72 82 1 3 16 385
72 83 1 2 18 385
72 84 1 6 1 385
72 87 1 1 7 385
72 88 1 5 23 385
72 95 1 6 18 385
72 98 1 1 3 385
73 2 4 7 14 923
73 6 4 6 21 923
73 8 4 1 15 923
73 10 4 2 24 923
73 12 4 6 21 923
73 13 4 3 18 923
73 15 4 1 18 923
73 17 4 1 11 923
73 18 4 7 24 923
73 19 4 6 17 923
73 22 4 5 9 923
73 23 4 1 17 923
73 24 4 2 7 923
73 25 4 1 9 923
73 26 4 4 4 923
73 29 4 4 5 923
73 32 4 6 22 923
73 38 4 2 16 923
73 44 4 7 13 923
73 46 4 4 4 923
73 47 4 7 11 923
73 49 4 7 14 923
73 50 4 5 17 923
73 52 4 4 18 923
73 53 4 7 21 923
73 54 4 4 4 923
73 60 4 1 1 923
73 61 4 3 3 923
73 63 4 3 9 923
73 64 4 1 7 923
73 66 4 2 15 923
73 67 4 4 5 923
73 69 4 5 6 923
73 74 4 5 4 923
73 76 4 3 11 923
73 78 4 6 13 923
73 83 4 2 3 923
73 86 4 2 15 923
73 87 4 1 1 923
73 88 4 5 25 923
73 89 4 3 8 923
73 90 4 6 23 923
73 92 4 3 22 923
73 94 4 4 18 923
73 97 4 5 7 923
74 1 5 7 23 758
74 4 5 2 12 758
74 8 5 1 20 758
74 9 5 1 7 758
74 13 5 3 6 758
74 15 5 1 15 758
74 20 5 7 3 758
74 23 5 1 3 758
74 24 5 2 24 758
74 26 5 4 2 758
74 27 5 1 5 758
74 28 5 2 11 758
74 29 5 4 11 758
74 32 5 6 3 758
74 35 5 5 3 758
74 40 5 7 10 758
74 41 5 7 1 758
74 45 5 4 23 758
74 49 5 7 6 758
74 51 5 5 12 758
74 52 5 4 10 758
74 55 5 4 15 758
74 61 5 3 11 758
74 65 5 7 15 758
74 68 5 3 24 758
74 69 5 5 8 758
74 72 5 1 10 758
74 73 5 4 4 758
74 75 5 2 15 758
74 76 5 3 16 758
74 80 5 1 19 758
74 82 5 3 16 758
74 87 5 1 7 758
74 88 5 5 24 758
74 91 5 6 6 758
74 92 5 3 16 758
74 93 5 6 11 758
74 95 5 6 2 758
74 98 5 1 24 758
75 2 2 7 9 801
75 5 2 3 15 801
75 7 2 3 14 801
75 9 2 1 10 801
75 12 2 6 13 801
75 13 2 3 19 801
75 15 2 1 22 801
75 16 2 1 24 801
75 17 2 1 11 801
75 20 2 7 8 801
75 23 2 1 3 801
75 25 2 1 8 801
75 26 2 4 20 801
75 30 2 1 11 801
75 32 2 6 10 801
75 36 2 4 24 801
75 39 2 5 2 801
75 42 2 1 21 801
75 45 2 4 15 801
75 46 2 4 3 801
75 47 2 7 23 801
75 49 2 7 19 801
75 51 2 5 5 801
75 53 2 7 8 801
75 54 2 4 6 801
75 56 2 7 21 801
75 57 2 4 8 801
75 59 2 5 23 801
75 62 2 2 14 801
75 63 2 3 20 801
75 65 2 7 20 801
75 68 2 3 2 801
75 69 2 5 24 801
75 71 2 4 15 801
75 72 2 1 5 801
75 74 2 5 15 801
75 78 2 6 10 801
75 80 2 1 15 801
75 81 2 3 19 801
75 85 2 1 19 801
75 87 2 1 7 801
75 89 2 3 6 801
75 90 2 6 15 801
75 91 2 6 4 801
75 93 2 6 16 801
75 95 2 6 7 801
75 96 2 7 12 801
75 99 2 6 7 801
76 0 3 7 19 515
76 2 3 7 8 515
76 4 3 2 5 515
76 5 3 3 24 515
76 6 3 6 8 515
76 7 3 3 3 515
76 8 3 1 11 515
76 11 3 4 24 515
76 12 3 6 23 515
76 14 3 4 11 515
76 19 3 6 12 515
76 21 3 5 24 515
76 22 3 5 16 515
76 23 3 1 16 515
76 26 3 4 13 515
76 27 3 1 20 515
76 29 3 4 22 515
76 32 3 6 18 515
76 33 3 7 1 515
76 34 3 7 16 515
76 35 3 5 7 515
76 37 3 6 7 515
76 38 3 2 22 515
76 40 3 7 22 515
76 41 3 7 22 515
76 43 3 4 11 515
76 44 3 7 5 515
76 46 3 4 8 515
76 49 3 7 2 515
76 51 3 5 16 515
76 52 3 4 13 515
76 54 3 4 3 515
76 55 3 4 14 515
76 57 3 4 17 515
76 59 3 5 13 515
76 60 3 1 16 515
76 61 3 3 12 515
76 63 3 3 5 515
76 64 3 1 2 515
76 67 3 4 2 515
76 68 3 3 10 515
76 69 3 5 19 515
76 71 3 4 10 515
76 72 3 1 16 515
76 73 3 4 11 515
76 74 3 5 16 515
76 78 3 6 6 515
76 80 3 1 12 515
76 83 3 2 10 515
76 89 3 3 17 515
76 90 3 6 10 515
76 94 3 4 18 515
76 95 3 6 17 515
76 96 3 7 20 515
77 0 5 7 22 999
77 4 5 2 18 999
77 5 5 3 24 999
77 11 5 4 23 999
77 12 5 6 24 999
77 13 5 3 23 999
77 16 5 1 18 999
77 17 5 1 17 999
77 18 5 7 2 999
77 20 5 7 22 999
77 22 5 5 6 999
77 27 5 1 19 999
77 28 5 2 8 999
77 30 5 1 11 999
77 31 5 4 16 999
77 32 5 6 5 999
77 33 5 7 15 999
77 34 5 7 19 999
77 35 5 5 9 999
77 36 5 4 4 999
77 37 5 6 1 999
77 38 5 2 25 999
77 39 5 5 3 999
77 41 5 7 3 999
77 42 5 1 10 999
77 44 5 7 1 999
77 45 5 4 19 999
77 47 5 7 12 999
77 51 5 5 24 999
77 52 5 4 15 999
77 54 5 4 19 999
77 57 5 4 6 999
77 58 5 5 3 999
77 59 5 5 20 999
77 61 5 3 8 999
77 63 5 3 21 999
77 64 5 1 6 999
77 66 5 2 7 999
77 80 5 1 15 999
77 83 5 2 20 999
77 84 5 6 7 999
77 85 5 1 6 999
77 90 5 6 8 999
77 92 5 3 4 999
77 93 5 6 6 999
78 0 6 7 5 950
78 1 6 7 22 950
78 2 6 7 21 950
78 4 6 2 12 950
78 6 6 6 3 950
78 7 6 3 24 950
78 8 6 1 11 950
78 9 6 1 2 950
78 10 6 2 7 950
78 12 6 6 2 950
78 14 6 4 8 950
78 20 6 7 9 950
78 21 6 5 22 950
78 22 6 5 25 950
78 27 6 1 10 950
78 28 6 2 24 950
78 29 6 4 9 950
78 30 6 1 22 950
78 31 6 4 23 950
78 34 6 7 16 950
78 36 6 4 25 950
78 38 6 2 15 950
78 39 6 5 1 950
78 40 6 7 6 950
78 41 6 7 9 950
78 43 6 4 20 950
78 45 6 4 5 950
78 47 6 7 25 950
78 48 6 3 5 950
78 53 6 7 9 950
78 54 6 4 8 950
78 55 6 4 24 950
78 56 6 7 18 950
78 57 6 4 6 950
78 58 6 5 3 950
78 59 6 5 13 950
78 63 6 3 9 950
78 66 6 2 5 950
78 67 6 4 16 950
78 72 6 1 17 950
78 73 6 4 13 950
78 75 6 2 10 950
78 76 6 3 6 950
78 80 6 1 6 950
78 81 6 3 6 950
78 82 6 3 19 950
78 86 6 2 10 950
78 90 6 6 17 950
78 95 6 6 18 950
78 97 6 5 14 950
78 98 6 1 20 950
78 99 6 6 10 950
79 0 2 7 6 746
79 2 2 7 6 746
79 3 2 2 4 746
79 5 2 3 17 746
79 8 2 1 7 746
79 10 2 2 2 746
79 12 2 6 2 746
79 13 2 3 7 746
79 14 2 4 1 746
79 16 2 1 2 746
79 19 2 6 2 746
79 25 2 1 23 746
79 28 2 2 21 746
79 30 2 1 8 746
79 33 2 7 17 746
79 36 2 4 19 746
79 37 2 6 13 746
79 38 2 2 17 746
79 40 2 7 19 746
79 43 2 4 10 746
79 44 2 7 3 746
79 45 2 4 7 746
79 47 2 7 11 746
79 48 2 3 22 746
79 50 2 5 24 746
79 52 2 4 5 746
79 53 2 7 6 746
79 56 2 7 24 746
79 62 2 2 8 746
79 66 2 2 19 746
79 67 2 4 20 746
79 68 2 3 24 746
79 69 2 5 18 746
79 80 2 1 5 746
79 82 2 3 8 746
79 83 2 2 11 746
79 85 2 1 23 746
79 87 2 1 16 746
79 88 2 5 2 746
79 90 2 6 24 746
79 92 2 3 16 746
79 93 2 6 12 746
79 95 2 6 4 746
79 96 2 7 15 746
79 97 2 5 22 746
79 98 2 1 25 746
79 99 2 6 8 746
80 3 1 2 10 554
80 4 1 2 6 554
80 8 1 1 2 554
80 9 1 1 8 554
80 11 1 4 16 554
80 13 1 3 15 554
80 18 1 7 4 554
80 23 1 1 22 554
80 25 1 1 21 554
80 26 1 4 22 554
80 28 1 2 24 554
80 33 1 7 21 554
80 41 1 7 22 554
80 43 1 4 12 554
80 45 1 4 1 554
80 47 1 7 17 554
80 50 1 5 13 554
80 51 1 5 16 554
80 54 1 4 22 554
80 57 1 4 8 554
80 60 1 1 13 554
80 61 1 3 22 554
80 62 1 2 4 554
80 66 1 2 16 554
80 67 1 4 2 554
80 68 1 3 15 554
80 69 1 5 7 554
80 71 1 4 15 554
80 72 1 1 17 554
80 74 1 5 19 554
80 75 1 2 15 554
80 76 1 3 12 554
80 77 1 5 15 554
80 78 1 6 6 554
80 79 1 2 5 554
80 87 1 1 15 554
80 88 1 5 19 554
80 89 1 3 14 554
80 90 1 6 8 554
80 92 1 3 7 554
80 94 1 4 19 554
80 95 1 6 17 554
80 96 1 7 13 554
80 97 1 5 20 554
80 99 1 6 11 554
81 1 3 7 9 50
81 2 3 7 8 50
81 3 3 2 10 50
81 4 3 2 15 50
81 7 3 3 6 50
81 8 3 1 18 50
81 10 3 2 14 50
81 17 3 1 21 50
81 18 3 7 5 50
81 19 3 6 8 50
81 20 3 7 23 50
81 22 3 5 3 50
81 25 3 1 22 50
81 26 3 4 20 50
81 27 3 1 17 50
81 28 3 2 1 50
81 29 3 4 15 50
81 31 3 4 2 50
81 35 3 5 24 50
81 36 3 4 16 50
81 37 3 6 22 50
81 42 3 1 12 50
81 43 3 4 25 50
81 47 3 7 21 50
81 49 3 7 18 50
81 50 3 5 11 50
81 52 3 4 22 50
81 53 3 7 14 50
81 54 3 4 10 50
81 55 3 4 22 50
81 56 3 7 22 50
81 58 3 5 3 50
81 59 3 5 12 50
81 61 3 3 11 50
81 62 3 2 24 50
81 63 3 3 22 50
81 64 3 1 12 50
81 65 3 7 4 50
81 66 3 2 17 50
81 69 3 5 21 50
81 75 3 2 19 50
81 78 3 6 6 50
81 82 3 3 4 50
81 85 3 1 4 50
81 88 3 5 2 50
81 89 3 3 16 50
81 93 3 6 12 50
81 94 3 4 13 50
81 95 3 6 10 50
81 96 3 7 11 50
81 97 3 5 3 50
81 99 3 6 23 50
82 1 3 7 20 381
82 2 3 7 13 381
82 9 3 1 22 381
82 10 3 2 12 381
82 12 3 6 20 381
82 16 3 1 7 381
82 19 3 6 11 381
82 21 3 5 2 381
82 24 3 2 8 381
82 25 3 1 13 381
82 26 3 4 9 381
82 27 3 1 6 381
82 28 3 2 21 381
82 31 3 4 23 381
82 32 3 6 17 381
82 34 3 7 9 381
82 37 3 6 16 381
82 39 3 5 4 381
82 40 3 7 2 381
82 43 3 4 6 381
82 44 3 7 19 381
82 46 3 4 11 381
82 49 3 7 8 381
82 50 3 5 9 381
82 51 3 5 2 381
82 52 3 4 14 381
82 55 3 4 24 381
82 56 3 7 2 381
82 57 3 4 5 381
82 59 3 5 13 381
82 60 3 1 9 381
82 62 3 2 8 381
82 63 3 3 12 381
82 64 3 1 8 381
82 68 3 3 13 381
82 69 3 5 18 381
82 71 3 4 21 381
82 72 3 1 16 381
82 74 3 5 16 381
82 78 3 6 19 381
82 79 3 2 8 381
82 81 3 3 4 381
82 84 3 6 13 381
82 85 3 1 1 381
82 86 3 2 19 381
82 90 3 6 24 381
82 96 3 7 9 381
82 97 3 5 6 381
82 99 3 6 4 381
83 5 2 3 25 60
83 11 2 4 4 60
83 13 2 3 6 60
83 15 2 1 9 60
83 19 2 6 23 60
83 20 2 7 10 60
83 21 2 5 11 60
83 22 2 5 3 60
83 23 2 1 15 60
83 27 2 1 19 60
83 30 2 1 21 60
83 32 2 6 19 60
83 35 2 5 18 60
83 36 2 4 2 60
83 38 2 2 14 60
83 39 2 5 11 60
83 47 2 7 17 60
83 52 2 4 5 60
83 53 2 7 23 60
83 54 2 4 15 60
83 55 2 4 22 60
83 58 2 5 11 60
83 60 2 1 17 60
83 67 2 4 6 60
83 69 2 5 21 60
83 71 2 4 22 60
83 72 2 1 18 60
83 73 2 4 3 60
83 76 2 3 10 60
83 77 2 5 20 60
83 79 2 2 11 60
83 84 2 6 12 60
83 85 2 1 7 60
83 86 2 2 2 60
83 89 2 3 20 60
83 91 2 6 6 60
83 92 2 3 3 60
83 93 2 6 6 60
83 99 2 6 22 60
84 0 6 7 19 289
84 1 6 7 21 289
84 2 6 7 12 289
84 3 6 2 6 289
84 5 6 3 12 289
84 6 6 6 23 289
84 7 6 3 14 289
84 12 6 6 15 289
84 13 6 3 2 289
84 18 6 7 20 289
84 22 6 5 21 289
84 24 6 2 6 289
84 26 6 4 12 289
84 27 6 1 15 289
84 31 6 4 5 289
84 32 6 6 9 289
84 36 6 4 22 289
84 37 6 6 9 289
84 38 6 2 5 289
84 39 6 5 5 289
84 40 6 7 8 289
84 43 6 4 7 289
84 44 6 7 2 289
84 45 6 4 18 289
84 46 6 4 22 289
84 47 6 7 5 289
84 49 6 7 20 289
84 50 6 5 23 289
84 52 6 4 24 289
84 53 6 7 13 289
84 56 6 7 8 289
84 57 6 4 22 289
84 58 6 5 1 289
84 63 6 3 17 289
84 65 6 7 25 289
84 66 6 2 1 289
84 67 6 4 18 289
84 70 6 1 5 289
84 71 6 4 25 289
84 72 6 1 1 289
84 77 6 5 7 289
84 82 6 3 13 289
84 83 6 2 12 289
84 86 6 2 5 289
84 87 6 1 20 289
84 88 6 5 24 289
84 90 6 6 9 289
84 91 6 6 14 289
84 92 6 3 9 289
84 94 6 4 1 289
84 96 6 7 20 289
84 97 6 5 5 289
84 98 6 1 21 289
84 99 6 6 2 289
85 0 1 7 14 181
85 5 1 3 22 181
85 7 1 3 14 181
85 8 1 1 8 181
85 9 1 1 23 181
85 10 1 2 20 181
85 11 1 4 18 181
85 18 1 7 11 181
85 20 1 7 6 181
85 21 1 5 18 181
85 25 1 1 25 181
85 27 1 1 16 181
85 28 1 2 11 181
85 29 1 4 5 181
85 31 1 4 21 181
85 33 1 7 24 181
85 34 1 7 9 181
85 37 1 6 21 181
85 39 1 5 13 181
85 42 1 1 21 181
85 44 1 7 20 181
85 45 1 4 9 181
85 46 1 4 9 181
85 48 1 3 20 181
85 50 1 5 6 181
85 52 1 4 14 181
85 54 1 4 4 181
85 57 1 4 25 181
85 58 1 5 23 181
85 59 1 5 12 181
85 62 1 2 3 181
85 63 1 3 16 181
85 64 1 1 13 181
85 67 1 4 3 181
85 70 1 1 22 181
85 71 1 4 4 181
85 75 1 2 19 181
85 77 1 5 6 181
85 79 1 2 23 181
85 81 1 3 4 181
85 82 1 3 1 181
85 83 1 2 7 181
85 86 1 2 9 181
85 88 1 5 5 181
85 89 1 3 23 181
85 90 1 6 6 181
85 91 1 6 4 181
85 92 1 3 25 181
85 94 1 4 9 181
85 97 1 5 3 181
85 98 1 1 25 181
85 99 1 6 18 181
86 0 2 7 19 889
86 1 2 7 10 889
86 2 2 7 24 889
86 3 2 2 24 889
86 4 2 2 11 889
86 6 2 6 20 889
86 8 2 1 6 889
86 11 2 4 7 889
86 13 2 3 23 889
86 18 2 7 19 889
86 19 2 6 13 889
86 23 2 1 16 889
86 24 2 2 2 889
86 27 2 1 23 889
86 30 2 1 15 889
86 32 2 6 8 889
86 34 2 7 21 889
86 35 2 5 19 889
86 36 2 4 8 889
86 38 2 2 19 889
86 40 2 7 1 889
86 41 2 7 13 889
86 43 2 4 13 889
86 44 2 7 6 889
86 46 2 4 8 889
86 48 2 3 2 889
86 51 2 5 2 889
86 54 2 4 4 889
86 55 2 4 3 889
86 57 2 4 3 889
86 58 2 5 15 889
86 61 2 3 8 889
86 64 2 1 24 889
86 67 2 4 23 889
86 69 2 5 6 889
86 70 2 1 4 889
86 73 2 4 15 889
86 78 2 6 10 889
86 82 2 3 19 889
86 83 2 2 2 889
86 84 2 6 5 889
86 85 2 1 9 889
86 88 2 5 1 889
86 94 2 4 9 889
86 97 2 5 6 889
86 99 2 6 17 889
87 3 1 2 12 682
87 10 1 2 13 682
87 14 1 4 3 682
87 15 1 1 17 682
87 16 1 1 9 682
87 18 1 7 22 682
87 20 1 7 21 682
87 22 1 5 17 682
87 24 1 2 14 682
87 27 1 1 14 682
87 30 1 1 22 682
87 34 1 7 2 682
87 36 1 4 3 682
87 37 1 6 10 682
87 39 1 5 12 682
87 41 1 7 20 682
87 45 1 4 11 682
87 46 1 4 7 682
87 47 1 7 6 682
87 48 1 3 9 682
87 55 1 4 3 682
87 56 1 7 19 682
87 57 1 4 21 682
87 59 1 5 16 682
87 61 1 3 12 682
87 63 1 3 3 682
87 66 1 2 19 682
87 67 1 4 18 682
87 68 1 3 4 682
87 69 1 5 19 682
87 70 1 1 25 682
87 71 1 4 10 682
87 72 1 1 7 682
87 73 1 4 1 682
87 74 1 5 7 682
87 75 1 2 7 682
87 79 1 2 16 682
87 80 1 1 15 682
87 84 1 6 20 682
87 90 1 6 24 682
87 91 1 6 25 682
87 92 1 3 21 682
87 93 1 6 1 682
87 97 1 5 18 682
87 98 1 1 17 682
87 99 1 6 11 682
88 0 5 7 17 229
88 1 5 7 21 229
88 4 5 2 22 229
88 8 5 1 6 229
88 9 5 1 18 229
88 10 5 2 6 229
88 12 5 6 20 229
88 13 5 3 6 229
88 15 5 1 13 229
88 16 5 1 16 229
88 18 5 7 2 229
88 20 5 7 7 229
88 21 5 5 21 229
88 22 5 5 4 229
88 24 5 2 23 229
88 26 5 4 1 229
88 27 5 1 5 229
88 30 5 1 13 229
88 33 5 7 20 229
88 34 5 7 10 229
88 36 5 4 18 229
88 37 5 6 8 229
88 40 5 7 14 229
88 41 5 7 10 229
88 43 5 4 14 229
88 44 5 7 25 229
88 45 5 4 6 229
88 46 5 4 15 229
88 49 5 7 22 229
88 50 5 5 21 229
88 53 5 7 10 229
88 57 5 4 1 229
88 61 5 3 21 229
88 63 5 3 11 229
88 64 5 1 17 229
88 67 5 4 10 229
88 68 5 3 7 229
88 72 5 1 23 229
88 73 5 4 25 229
88 74 5 5 24 229
88 79 5 2 2 229
88 80 5 1 19 229
88 81 5 3 2 229
88 84 5 6 24 229
88 85 5 1 5 229
88 86 5 2 1 229
88 89 5 3 11 229
88 91 5 6 9 229
88 92 5 3 13 229
88 96 5 7 6 229
88 97 5 5 18 229
88 98 5 1 22 229
89 1 3 7 11 809
89 4 3 2 5 809
89 5 3 3 16 809
89 7 3 3 14 809
89 8 3 1 8 809
89 9 3 1 1 809
89 11 3 4 9 809
89 12 3 6 14 809
89 13 3 3 5 809
89 14 3 4 6 809
89 15 3 1 5 809
89 16 3 1 19 809
89 17 3 1 10 809
89 19 3 6 5 809
89 23 3 1 9 809
89 24 3 2 4 809
89 25 3 1 2 809
89 26 3 4 21 809
89 27 3 1 3 809
89 28 3 2 10 809
89 29 3 4 17 809
89 30 3 1 10 809
89 31 3 4 9 809
89 35 3 5 5 809
89 37 3 6 5 809
89 40 3 7 9 809
89 42 3 1 11 809
89 44 3 7 1 809
89 45 3 4 11 809
89 49 3 7 22 809
89 50 3 5 18 809
89 51 3 5 21 809
89 53 3 7 10 809
89 54 3 4 17 809
89 56 3 7 15 809
89 59 3 5 14 809
89 60 3 1 13 809
89 61 3 3 3 809
89 63 3 3 19 809
89 64 3 1 4 809
89 66 3 2 2 809
89 68 3 3 15 809
89 70 3 1 6 809
89 71 3 4 5 809
89 73 3 4 8 809
89 75 3 2 6 809
89 76 3 3 17 809
89 80 3 1 14 809
89 81 3 3 16 809
89 83 3 2 20 809
89 85 3 1 23 809
89 88 3 5 11 809
89 90 3 6 25 809
89 91 3 6 14 809
89 93 3 6 25 809
89 94 3 4 11 809
89 95 3 6 21 809
89 97 3 5 5 809
89 98 3 1 17 809
89 99 3 6 24 809
90 0 6 7 24 180
90 1 6 7 16 180
90 3 6 2 9 180
90 4 6 2 23 180
90 7 6 3 11 180
90 8 6 1 13 180
90 9 6 1 13 180
90 11 6 4 25 180
90 12 6 6 10 180
90 16 6 1 8 180
90 17 6 1 25 180
90 22 6 5 12 180
90 23 6 1 1 180
90 27 6 1 15 180
90 30 6 1 22 180
90 32 6 6 14 180
90 34 6 7 22 180
90 35 6 5 8 180
90 36 6 4 9 180
90 42 6 1 15 180
90 44 6 7 15 180
90 46 6 4 4 180
90 49 6 7 11 180
90 50 6 5 11 180
90 52 6 4 21 180
90 53 6 7 2 180
90 54 6 4 6 180
90 55 6 4 13 180
90 57 6 4 23 180
90 58 6 5 10 180
90 62 6 2 19 180
90 63 6 3 6 180
90 71 6 4 16 180
90 73 6 4 23 180
90 75 6 2 15 180
90 76 6 3 10 180
90 77 6 5 8 180
90 78 6 6 17 180
90 79 6 2 24 180
90 80 6 1 8 180
90 82 6 3 24 180
90 84 6 6 9 180
90 85 6 1 6 180
90 87 6 1 24 180
90 89 6 3 25 180
90 91 6 6 1 180
90 92 6 3 5 180
90 94 6 4 8 180
90 95 6 6 8 180
90 96 6 7 2 180
91 0 6 7 12 644
91 1 6 7 7 644
91 2 6 7 21 644
91 4 6 2 23 644
91 5 6 3 24 644
91 6 6 6 11 644
91 11 6 4 19 644
91 15 6 1 5 644
91 18 6 7 6 644
91 20 6 7 22 644
91 24 6 2 19 644
91 25 6 1 14 644
91 26 6 4 20 644
91 27 6 1 5 644
91 28 6 2 6 644
91 29 6 4 17 644
91 31 6 4 6 644
91 32 6 6 8 644
91 34 6 7 18 644
91 35 6 5 3 644
91 36 6 4 13 644
91 38 6 2 5 644
91 41 6 7 19 644
91 42 6 1 10 644
91 43 6 4 17 644
91 44 6 7 7 644
91 48 6 3 5 644
91 49 6 7 1 644
91 51 6 5 19 644
91 52 6 4 24 644
91 54 6 4 15 644
91 56 6 7 20 644
91 57 6 4 20 644
91 58 6 5 12 644
91 61 6 3 11 644
91 62 6 2 8 644
91 64 6 1 1 644
91 65 6 7 4 644
91 69 6 5 2 644
91 70 6 1 22 644
91 71 6 4 9 644
91 74 6 5 6 644
91 75 6 2 4 644
91 83 6 2 6 644
91 84 6 6 14 644
91 85 6 1 4 644
91 87 6 1 25 644
91 88 6 5 9 644
91 89 6 3 14 644
91 90 6 6 1 644
91 93 6 6 15 644
91 96 6 7 12 644
91 97 6 5 5 644
91 99 6 6 10 644
92 0 3 7 23 963
92 4 3 2 19 963
92 6 3 6 19 963
92 8 3 1 24 963
92 10 3 2 3 963
92 11 3 4 25 963
92 12 3 6 8 963
92 13 3 3 1 963
92 14 3 4 5 963
92 18 3 7 21 963
92 22 3 5 12 963
92 23 3 1 16 963
92 27 3 1 23 963
92 28 3 2 1 963
92 30 3 1 13 963
92 33 3 7 17 963
92 35 3 5 22 963
92 39 3 5 10 963
92 41 3 7 13 963
92 42 3 1 21 963
92 43 3 4 3 963
92 45 3 4 4 963
92 46 3 4 9 963
92 49 3 7 15 963
92 51 3 5 16 963
92 52 3 4 11 963
92 54 3 4 11 963
92 59 3 5 7 963
92 64 3 1 13 963
92 65 3 7 10 963
92 67 3 4 11 963
92 70 3 1 12 963
92 73 3 4 22 963
92 74 3 5 16 963
92 77 3 5 4 963
92 79 3 2 16 963
92 80 3 1 7 963
92 83 3 2 3 963
92 84 3 6 9 963
92 85 3 1 25 963
92 87 3 1 21 963
92 88 3 5 13 963
92 90 3 6 5 963
92 93 3 6 25 963
92 95 3 6 19 963
92 96 3 7 21 963
92 98 3 1 25 963
93 0 6 7 2 376
93 1 6 7 6 376
93 4 6 2 8 376
93 5 6 3 13 376
93 7 6 3 5 376
93 10 6 2 16 376
93 12 6 6 12 376
93 13 6 3 2 376
93 15 6 1 1 376
93 17 6 1 7 376
93 19 6 6 25 376
93 20 6 7 11 376
93 21 6 5 21 376
93 23 6 1 19 376
93 25 6 1 23 376
93 27 6 1 17 376
93 28 6 2 23 376
93 30 6 1 1 376
93 32 6 6 17 376
93 33 6 7 11 376
93 35 6 5 2 376
93 38 6 2 1 376
93 39 6 5 17 376
93 40 6 7 13 376
93 43 6 4 20 376
93 46 6 4 10 376
93 48 6 3 14 376
93 49 6 7 11 376
93 50 6 5 2 376
93 51 6 5 11 376
93 53 6 7 25 376
93 56 6 7 20 376
93 58 6 5 13 376
93 60 6 1 7 376
93 65 6 7 13 376
93 67 6 4 17 376
93 68 6 3 15 376
93 74 6 5 11 376
93 75 6 2 16 376
93 77 6 5 6 376
93 79 6 2 12 376
93 81 6 3 12 376
93 83 6 2 6 376
93 87 6 1 1 376
93 89 6 3 25 376
93 91 6 6 15 376
93 92 6 3 25 376
93 96 6 7 13 376
93 97 6 5 25 376
93 99 6 6 7 376
94 0 4 7 13 675
94 5 4 3 4 675
94 6 4 6 4 675
94 9 4 1 14 675
94 10 4 2 21 675
94 11 4 4 1 675
94 12 4 6 22 675
94 13 4 3 14 675
94 20 4 7 14 675
94 23 4 1 21 675
94 26 4 4 24 675
94 27 4 1 15 675
94 28 4 2 3 675
94 30 4 1 12 675
94 31 4 4 17 675
94 33 4 7 13 675
94 35 4 5 9 675
94 36 4 4 19 675
94 37 4 6 4 675
94 40 4 7 18 675
94 41 4 7 18 675
94 43 4 4 21 675
94 44 4 7 3 675
94 46 4 4 12 675
94 47 4 7 24 675
94 51 4 5 25 675
94 53 4 7 10 675
94 54 4 4 3 675
94 55 4 4 3 675
94 56 4 7 5 675
94 57 4 4 10 675
94 59 4 5 8 675
94 61 4 3 7 675
94 62 4 2 3 675
94 64 4 1 21 675
94 66 4 2 6 675
94 68 4 3 25 675
94 70 4 1 15 675
94 71 4 4 3 675
94 73 4 4 18 675
94 76 4 3 18 675
94 80 4 1 19 675
94 81 4 3 13 675
94 84 4 6 1 675
94 85 4 1 9 675
94 86 4 2 9 675
94 89 4 3 11 675
94 90 4 6 8 675
94 97 4 5 5 675
95 0 6 7 6 750
95 1 6 7 23 750
95 2 6 7 18 750
95 5 6 3 8 750
95 7 6 3 12 750
95 8 6 1 17 750
95 9 6 1 15 750
95 10 6 2 5 750
95 11 6 4 22 750
95 12 6 6 4 750
95 13 6 3 7 750
95 14 6 4 25 750
95 15 6 1 19 750
95 16 6 1 3 750
95 17 6 1 10 750
95 20 6 7 1 750
95 22 6 5 21 750
95 23 6 1 18 750
95 24 6 2 24 750
95 25 6 1 11 750
95 26 6 4 5 750
95 28 6 2 13 750
95 29 6 4 2 750
95 31 6 4 21 750
95 32 6 6 23 750
95 33 6 7 3 750
95 34 6 7 22 750
95 35 6 5 16 750
95 38 6 2 4 750
95 40 6 7 20 750
95 41 6 7 5 750
95 43 6 4 1 750
95 44 6 7 6 750
95 45 6 4 3 750
95 46 6 4 5 750
95 47 6 7 5 750
95 50 6 5 13 750
95 51 6 5 10 750
95 52 6 4 2 750
95 54 6 4 5 750
95 56 6 7 14 750
95 58 6 5 14 750
95 59 6 5 8 750
95 61 6 3 10 750
95 62 6 2 24 750
95 66 6 2 12 750
95 68 6 3 8 750
95 71 6 4 20 750
95 72 6 1 18 750
95 74 6 5 2 750
95 75 6 2 7 750
95 76 6 3 17 750
95 78 6 6 18 750
95 79 6 2 4 750
95 80 6 1 17 750
95 81 6 3 10 750
95 89 6 3 21 750
95 90 6 6 8 750
95 92 6 3 19 750
95 96 6 7 7 750
95 97 6 5 22 750
95 98 6 1 22 750
95 99 6 6 14 750
96 2 7 7 22 365
96 4 7 2 8 365
96 6 7 6 18 365
96 7 7 3 23 365
96 11 7 4 18 365
96 16 7 1 13 365
96 17 7 1 15 365
96 20 7 7 20 365
96 21 7 5 18 365
96 22 7 5 8 365
96 23 7 1 19 365
96 24 7 2 24 365
96 25 7 1 4 365
96 26 7 4 24 365
96 29 7 4 24 365
96 32 7 6 13 365
96 34 7 7 6 365
96 36 7 4 6 365
96 38 7 2 22 365
96 41 7 7 5 365
96 42 7 1 23 365
96 44 7 7 16 365
96 48 7 3 24 365
96 50 7 5 1 365
96 53 7 7 6 365
96 55 7 4 14 365
96 56 7 7 10 365
96 57 7 4 3 365
96 59 7 5 17 365
96 61 7 3 5 365
96 62 7 2 14 365
96 64 7 1 19 365
96 67 7 4 1 365
96 68 7 3 6 365
96 69 7 5 25 365
96 75 7 2 12 365
96 76 7 3 20 365
96 79 7 2 15 365
96 80 7 1 13 365
96 81 7 3 11 365
96 82 7 3 9 365
96 84 7 6 20 365
96 88 7 5 6 365
96 90 7 6 2 365
96 91 7 6 12 365
96 92 7 3 21 365
96 93 7 6 13 365
96 95 7 6 7 365
96 99 7 6 14 365
97 1 5 7 8 289
97 6 5 6 19 289
97 12 5 6 7 289
97 13 5 3 6 289
97 15 5 1 19 289
97 16 5 1 4 289
97 17 5 1 24 289
97 19 5 6 16 289
97 20 5 7 24 289
97 24 5 2 13 289
97 27 5 1 5 289
97 28 5 2 15 289
97 29 5 4 11 289
97 30 5 1 19 289
97 31 5 4 24 289
97 32 5 6 16 289
97 36 5 4 17 289
97 39 5 5 5 289
97 40 5 7 4 289
97 44 5 7 25 289
97 45 5 4 3 289
97 49 5 7 24 289
97 50 5 5 22 289
97 51 5 5 17 289
97 52 5 4 19 289
97 54 5 4 24 289
97 57 5 4 7 289
97 58 5 5 19 289
97 59 5 5 19 289
97 63 5 3 3 289
97 66 5 2 2 289
97 67 5 4 19 289
97 68 5 3 9 289
97 73 5 4 7 289
97 78 5 6 14 289
97 79 5 2 22 289
97 80 5 1 20 289
97 81 5 3 3 289
97 82 5 3 6 289
97 84 5 6 5 289
97 85 5 1 3 289
97 86 5 2 6 289
97 87 5 1 18 289
97 88 5 5 18 289
97 89 5 3 5 289
97 91 5 6 5 289
97 93 5 6 25 289
97 94 5 4 5 289
97 95 5 6 22 289
97 98 5 1 23 289
98 2 1 7 7 738
98 3 1 2 15 738
98 4 1 2 6 738
98 7 1 3 24 738
98 8 1 1 6 738
98 9 1 1 25 738
98 12 1 6 21 738
98 13 1 3 16 738
98 16 1 1 10 738
98 17 1 1 14 738
98 19 1 6 10 738
98 21 1 5 11 738
98 22 1 5 5 738
98 23 1 1 23 738
98 24 1 2 6 738
98 31 1 4 22 738
98 33 1 7 24 738
98 36 1 4 18 738
98 38 1 2 19 738
98 40 1 7 1 738
98 44 1 7 3 738
98 45 1 4 5 738
98 47 1 7 6 738
98 48 1 3 21 738
98 49 1 7 18 738
98 51 1 5 19 738
98 52 1 4 7 738
98 53 1 7 17 738
98 54 1 4 23 738
98 56 1 7 6 738
98 57 1 4 24 738
98 60 1 1 2 738
98 61 1 3 25 738
98 62 1 2 16 738
98 63 1 3 1 738
98 64 1 1 5 738
98 65 1 7 15 738
98 66 1 2 6 738
98 68 1 3 1 738
98 70 1 1 13 738
98 71 1 4 17 738
98 72 1 1 3 738
98 74 1 5 24 738
98 78 1 6 20 738
98 79 1 2 25 738
98 84 1 6 21 738
98 85 1 1 25 738
98 87 1 1 17 738
98 88 1 5 22 738
98 89 1 3 17 738
98 92 1 3 25 738
98 95 1 6 22 738
98 97 1 5 23 738
99 0 6 7 13 786
99 6 6 6 5 786
99 8 6 1 2 786
99 13 6 3 9 786
99 15 6 1 4 786
99 16 6 1 19 786
99 17 6 1 1 786
99 18 6 7 10 786
99 20 6 7 19 786
99 21 6 5 15 786
99 24 6 2 7 786
99 25 6 1 13 786
99 26 6 4 7 786
99 27 6 1 16 786
99 28 6 2 3 786
99 32 6 6 12 786
99 35 6 5 6 786
99 36 6 4 24 786
99 40 6 7 7 786
99 41 6 7 1 786
99 43 6 4 21 786
99 44 6 7 12 786
99 45 6 4 16 786
99 50 6 5 21 786
99 52 6 4 7 786
99 53 6 7 1 786
99 54 6 4 8 786
99 55 6 4 7 786
99 56 6 7 15 786
99 58 6 5 19 786
99 59 6 5 10 786
99 60 6 1 8 786
99 62 6 2 20 786
99 63 6 3 7 786
99 64 6 1 13 786
99 65 6 7 15 786
99 68 6 3 10 786
99 69 6 5 15 786
99 71 6 4 5 786
99 75 6 2 7 786
99 78 6 6 10 786
99 79 6 2 8 786
99 80 6 1 11 786
99 81 6 3 23 786
99 82 6 3 4 786
99 83 6 2 22 786
99 84 6 6 2 786
99 85 6 1 18 786
99 86 6 2 17 786
99 87 6 1 11 786
99 89 6 3 24 786
99 91 6 6 10 786
99 93 6 6 7 786
99 95 6 6 14 786
99 96 6 7 14 786
