capacity  cost_by_node
nb_functions 10
25 74 79 71 64 97 76 42 73 77 78 66 31 69 89 97 76 75 41 39 49 19 27 96 68 51 22 36 45 52 27 77 15 46 45 35 95 61 68 80 97 81 58 46 10 34 95 68 13 68 26 72 84 80 100 73 12 46 29 47 26 98 41 54 76 26 90 70 28 77 32 44 18 19 17 53 44 39 48 69 54 43 17 93 52 83 68 100 97 49 61 82 98 34 29 81 31 40 86 23 84 
26 84 32 68 71 84 22 50 53 90 52 36 15 45 28 71 73 26 77 33 22 86 67 50 43 87 17 56 86 77 28 40 76 85 57 38 72 37 19 76 89 53 56 41 62 11 62 95 39 54 37 84 14 45 68 58 53 13 38 98 27 39 26 90 97 51 55 15 86 90 48 90 83 60 16 73 30 63 29 43 26 36 48 35 86 46 88 97 11 100 39 39 85 21 65 40 92 62 15 18 89 
17 84 54 13 90 14 11 54 100 40 20 84 83 10 55 79 33 41 58 10 22 27 98 52 21 21 99 29 55 100 21 82 13 15 94 81 90 76 11 38 20 86 89 24 68 35 79 18 99 43 23 47 32 83 25 66 86 30 51 23 80 22 37 61 30 90 82 47 69 32 48 27 31 79 25 35 92 25 59 10 95 11 97 22 97 69 59 85 53 22 22 81 38 17 64 77 82 99 58 14 77 
14 98 69 24 20 20 54 18 100 50 69 85 95 83 55 38 64 55 79 43 82 11 44 96 27 14 73 39 99 28 47 80 76 79 76 69 38 100 84 67 54 61 68 54 33 44 51 64 56 44 88 82 15 100 53 34 37 12 92 53 76 13 99 59 55 59 24 100 92 28 57 52 52 71 53 15 37 94 91 58 18 71 99 95 47 16 54 30 80 100 77 19 10 44 96 85 15 66 79 28 14 
26 66 17 94 33 90 16 75 96 40 28 43 65 27 23 38 60 91 10 11 64 95 18 73 70 90 72 62 15 92 47 71 25 68 76 59 93 64 43 59 13 48 79 57 66 26 52 66 37 46 11 76 39 42 23 43 91 17 80 41 10 62 88 86 30 56 21 30 67 49 75 13 32 68 58 61 12 51 77 100 54 63 50 13 49 60 49 36 20 34 95 33 13 80 74 87 73 35 17 17 52 
22 40 92 15 51 92 19 91 19 76 74 95 36 51 67 89 10 92 58 32 78 45 19 23 33 49 51 30 46 84 41 51 34 61 46 60 90 37 58 91 40 74 62 66 67 40 18 10 84 33 87 18 10 28 84 53 16 10 42 57 12 82 10 70 42 96 62 61 80 93 92 98 92 29 54 19 76 31 22 100 73 65 55 46 93 21 90 100 19 67 46 58 41 70 41 20 64 44 32 29 82 
16 100 57 32 46 70 54 31 46 92 60 17 72 33 31 88 31 70 39 17 15 44 78 59 10 80 18 26 78 64 16 58 71 50 18 15 62 68 79 55 15 39 93 23 66 96 95 24 44 20 93 67 18 57 96 62 46 43 16 60 57 59 44 45 66 69 75 91 33 54 93 41 77 42 89 24 69 55 23 26 34 57 68 32 40 12 45 32 14 76 83 86 25 55 36 71 46 64 50 13 36 
25 53 22 98 63 69 91 30 58 69 96 47 97 71 77 62 11 16 72 58 28 87 80 19 79 84 57 65 76 19 73 53 29 68 17 84 59 90 96 30 14 77 100 82 47 62 37 60 14 59 45 27 80 43 79 46 29 42 18 87 87 94 75 78 57 65 59 44 58 83 60 27 72 97 68 97 19 94 18 16 60 30 13 82 36 84 34 11 58 42 60 55 95 67 32 12 11 78 45 38 21 
13 19 69 92 19 66 81 40 69 92 27 72 16 65 59 52 24 18 12 79 29 71 92 93 79 73 70 89 46 61 50 99 34 85 57 23 31 71 70 45 48 55 41 95 25 65 74 98 25 74 39 30 88 90 92 21 59 30 95 44 80 82 74 17 31 55 45 84 64 21 70 81 37 39 88 29 91 21 30 53 86 24 83 97 44 18 33 94 93 24 42 58 72 78 39 49 78 21 88 89 55 
21 10 77 11 82 21 15 95 42 34 69 37 69 93 50 75 37 33 40 56 64 68 55 60 62 98 80 86 28 87 80 65 42 100 81 29 52 81 22 85 81 75 65 20 94 63 51 57 35 32 29 92 51 25 100 58 50 32 77 21 45 62 32 75 50 57 71 98 31 22 22 52 85 55 55 83 58 64 14 99 93 82 37 16 23 96 98 82 47 88 85 46 35 67 19 92 68 84 67 28 91 
