Node_1 Node_2 Capacity_node1 Capacity_node2 Latency_arc node_cost
nb_nodes 100
nb_arcs 5060
0 1 5 5 11 550
0 2 5 5 4 550
0 4 5 6 24 550
0 5 5 3 11 550
0 6 5 6 1 550
0 8 5 1 7 550
0 10 5 6 12 550
0 12 5 4 10 550
0 13 5 3 17 550
0 17 5 5 11 550
0 19 5 4 1 550
0 20 5 2 6 550
0 21 5 6 8 550
0 22 5 6 4 550
0 23 5 6 1 550
0 25 5 5 21 550
0 26 5 4 3 550
0 27 5 6 15 550
0 30 5 4 7 550
0 32 5 5 15 550
0 34 5 5 6 550
0 35 5 6 9 550
0 38 5 1 18 550
0 42 5 6 5 550
0 44 5 6 18 550
0 47 5 5 7 550
0 48 5 2 3 550
0 49 5 2 8 550
0 50 5 3 4 550
0 51 5 4 19 550
0 53 5 1 1 550
0 54 5 6 7 550
0 55 5 2 5 550
0 56 5 3 19 550
0 58 5 6 20 550
0 60 5 2 3 550
0 62 5 5 23 550
0 63 5 4 23 550
0 64 5 3 17 550
0 67 5 4 4 550
0 68 5 4 9 550
0 71 5 4 4 550
0 72 5 3 23 550
0 73 5 1 17 550
0 77 5 2 23 550
0 78 5 5 12 550
0 79 5 3 21 550
0 80 5 4 17 550
0 82 5 5 23 550
0 83 5 5 8 550
0 88 5 6 7 550
0 89 5 5 1 550
0 91 5 1 3 550
0 92 5 6 22 550
0 96 5 3 10 550
0 99 5 4 16 550
1 0 5 5 11 868
1 2 5 5 17 868
1 4 5 6 24 868
1 6 5 6 16 868
1 7 5 2 2 868
1 9 5 3 24 868
1 10 5 6 12 868
1 11 5 3 2 868
1 12 5 4 4 868
1 14 5 4 10 868
1 15 5 4 9 868
1 17 5 5 4 868
1 18 5 6 8 868
1 24 5 6 13 868
1 25 5 5 2 868
1 26 5 4 24 868
1 27 5 6 2 868
1 31 5 2 18 868
1 33 5 6 13 868
1 37 5 3 16 868
1 38 5 1 20 868
1 39 5 3 11 868
1 40 5 2 8 868
1 41 5 6 12 868
1 44 5 6 9 868
1 45 5 1 1 868
1 46 5 3 24 868
1 48 5 2 3 868
1 50 5 3 8 868
1 52 5 3 21 868
1 53 5 1 11 868
1 56 5 3 24 868
1 59 5 4 4 868
1 60 5 2 14 868
1 61 5 1 1 868
1 62 5 5 9 868
1 63 5 4 19 868
1 64 5 3 2 868
1 67 5 4 18 868
1 70 5 1 24 868
1 73 5 1 11 868
1 74 5 6 18 868
1 80 5 4 21 868
1 81 5 1 19 868
1 82 5 5 3 868
1 83 5 5 7 868
1 86 5 2 14 868
1 87 5 3 12 868
1 88 5 6 2 868
1 93 5 1 16 868
1 94 5 4 11 868
1 95 5 3 4 868
1 98 5 1 11 868
1 99 5 4 7 868
2 0 5 5 4 741
2 1 5 5 17 741
2 4 5 6 1 741
2 5 5 3 24 741
2 6 5 6 7 741
2 7 5 2 21 741
2 9 5 3 3 741
2 12 5 4 21 741
2 14 5 4 13 741
2 16 5 6 6 741
2 19 5 4 1 741
2 23 5 6 19 741
2 24 5 6 9 741
2 25 5 5 21 741
2 28 5 6 23 741
2 29 5 3 14 741
2 32 5 5 9 741
2 33 5 6 12 741
2 34 5 5 3 741
2 35 5 6 1 741
2 39 5 3 23 741
2 41 5 6 20 741
2 42 5 6 14 741
2 43 5 6 16 741
2 44 5 6 21 741
2 45 5 1 21 741
2 46 5 3 12 741
2 51 5 4 14 741
2 52 5 3 24 741
2 53 5 1 6 741
2 57 5 5 25 741
2 59 5 4 12 741
2 60 5 2 5 741
2 63 5 4 15 741
2 64 5 3 14 741
2 66 5 1 16 741
2 67 5 4 14 741
2 68 5 4 13 741
2 69 5 4 19 741
2 70 5 1 3 741
2 71 5 4 17 741
2 74 5 6 7 741
2 77 5 2 13 741
2 78 5 5 15 741
2 79 5 3 18 741
2 80 5 4 14 741
2 81 5 1 20 741
2 82 5 5 20 741
2 85 5 2 24 741
2 86 5 2 4 741
2 90 5 1 9 741
2 92 5 6 15 741
2 97 5 6 23 741
3 5 4 3 20 342
3 6 4 6 25 342
3 8 4 1 10 342
3 9 4 3 3 342
3 11 4 3 12 342
3 13 4 3 2 342
3 14 4 4 12 342
3 16 4 6 7 342
3 20 4 2 16 342
3 21 4 6 8 342
3 22 4 6 8 342
3 25 4 5 17 342
3 30 4 4 17 342
3 32 4 5 13 342
3 33 4 6 4 342
3 34 4 5 20 342
3 35 4 6 10 342
3 36 4 3 6 342
3 41 4 6 12 342
3 43 4 6 17 342
3 44 4 6 9 342
3 45 4 1 10 342
3 46 4 3 19 342
3 49 4 2 1 342
3 51 4 4 16 342
3 52 4 3 7 342
3 53 4 1 21 342
3 54 4 6 1 342
3 58 4 6 9 342
3 61 4 1 4 342
3 62 4 5 22 342
3 63 4 4 16 342
3 64 4 3 23 342
3 65 4 4 5 342
3 69 4 4 6 342
3 72 4 3 2 342
3 73 4 1 17 342
3 75 4 2 25 342
3 76 4 3 19 342
3 78 4 5 2 342
3 79 4 3 4 342
3 80 4 4 16 342
3 81 4 1 2 342
3 83 4 5 18 342
3 87 4 3 18 342
3 88 4 6 12 342
3 89 4 5 14 342
3 90 4 1 23 342
3 91 4 1 5 342
3 92 4 6 11 342
3 93 4 1 23 342
3 95 4 3 7 342
3 96 4 3 1 342
3 98 4 1 8 342
4 0 6 5 24 230
4 1 6 5 24 230
4 2 6 5 1 230
4 5 6 3 22 230
4 6 6 6 2 230
4 9 6 3 5 230
4 10 6 6 24 230
4 11 6 3 6 230
4 13 6 3 12 230
4 14 6 4 15 230
4 16 6 6 18 230
4 27 6 6 15 230
4 29 6 3 23 230
4 30 6 4 12 230
4 32 6 5 1 230
4 34 6 5 10 230
4 35 6 6 22 230
4 36 6 3 14 230
4 37 6 3 15 230
4 40 6 2 19 230
4 43 6 6 9 230
4 44 6 6 11 230
4 46 6 3 1 230
4 48 6 2 5 230
4 55 6 2 22 230
4 59 6 4 4 230
4 60 6 2 16 230
4 61 6 1 15 230
4 62 6 5 5 230
4 66 6 1 1 230
4 68 6 4 10 230
4 70 6 1 21 230
4 73 6 1 6 230
4 74 6 6 21 230
4 76 6 3 8 230
4 78 6 5 21 230
4 79 6 3 5 230
4 80 6 4 8 230
4 82 6 5 21 230
4 83 6 5 1 230
4 86 6 2 5 230
4 89 6 5 22 230
4 91 6 1 4 230
4 92 6 6 25 230
5 0 3 5 11 221
5 2 3 5 24 221
5 3 3 4 20 221
5 4 3 6 22 221
5 6 3 6 19 221
5 10 3 6 23 221
5 12 3 4 1 221
5 13 3 3 3 221
5 14 3 4 16 221
5 20 3 2 4 221
5 21 3 6 15 221
5 22 3 6 21 221
5 23 3 6 12 221
5 26 3 4 15 221
5 27 3 6 5 221
5 28 3 6 12 221
5 29 3 3 11 221
5 32 3 5 13 221
5 33 3 6 16 221
5 34 3 5 24 221
5 35 3 6 11 221
5 36 3 3 18 221
5 37 3 3 10 221
5 40 3 2 13 221
5 41 3 6 21 221
5 42 3 6 14 221
5 43 3 6 20 221
5 44 3 6 20 221
5 45 3 1 2 221
5 46 3 3 1 221
5 49 3 2 18 221
5 51 3 4 12 221
5 53 3 1 19 221
5 54 3 6 21 221
5 57 3 5 21 221
5 60 3 2 21 221
5 61 3 1 22 221
5 62 3 5 25 221
5 63 3 4 19 221
5 66 3 1 8 221
5 69 3 4 8 221
5 71 3 4 22 221
5 73 3 1 23 221
5 76 3 3 9 221
5 79 3 3 4 221
5 81 3 1 10 221
5 82 3 5 6 221
5 83 3 5 14 221
5 84 3 2 2 221
5 88 3 6 20 221
5 89 3 5 12 221
5 90 3 1 2 221
5 91 3 1 20 221
5 94 3 4 4 221
5 96 3 3 17 221
5 97 3 6 4 221
5 99 3 4 8 221
6 0 6 5 1 681
6 1 6 5 16 681
6 2 6 5 7 681
6 3 6 4 25 681
6 4 6 6 2 681
6 5 6 3 19 681
6 11 6 3 17 681
6 12 6 4 10 681
6 13 6 3 1 681
6 15 6 4 23 681
6 16 6 6 3 681
6 17 6 5 13 681
6 19 6 4 7 681
6 20 6 2 12 681
6 21 6 6 15 681
6 22 6 6 21 681
6 26 6 4 1 681
6 30 6 4 2 681
6 33 6 6 24 681
6 36 6 3 7 681
6 39 6 3 19 681
6 41 6 6 22 681
6 44 6 6 5 681
6 46 6 3 2 681
6 48 6 2 20 681
6 49 6 2 25 681
6 50 6 3 9 681
6 51 6 4 12 681
6 54 6 6 4 681
6 56 6 3 11 681
6 57 6 5 14 681
6 59 6 4 22 681
6 60 6 2 11 681
6 61 6 1 6 681
6 62 6 5 12 681
6 63 6 4 7 681
6 64 6 3 11 681
6 69 6 4 12 681
6 72 6 3 8 681
6 73 6 1 21 681
6 76 6 3 16 681
6 79 6 3 21 681
6 80 6 4 11 681
6 81 6 1 5 681
6 83 6 5 3 681
6 84 6 2 14 681
6 85 6 2 19 681
6 86 6 2 17 681
6 88 6 6 8 681
6 89 6 5 8 681
6 92 6 6 14 681
6 94 6 4 3 681
6 95 6 3 17 681
6 98 6 1 24 681
7 1 2 5 2 163
7 2 2 5 21 163
7 10 2 6 3 163
7 11 2 3 15 163
7 13 2 3 11 163
7 15 2 4 15 163
7 16 2 6 22 163
7 17 2 5 19 163
7 19 2 4 20 163
7 21 2 6 25 163
7 32 2 5 6 163
7 33 2 6 6 163
7 34 2 5 19 163
7 40 2 2 3 163
7 41 2 6 20 163
7 46 2 3 12 163
7 48 2 2 12 163
7 49 2 2 16 163
7 51 2 4 11 163
7 53 2 1 14 163
7 54 2 6 7 163
7 57 2 5 12 163
7 60 2 2 9 163
7 63 2 4 19 163
7 70 2 1 3 163
7 73 2 1 1 163
7 74 2 6 17 163
7 75 2 2 4 163
7 78 2 5 14 163
7 80 2 4 7 163
7 83 2 5 4 163
7 86 2 2 10 163
7 87 2 3 20 163
7 88 2 6 15 163
7 90 2 1 20 163
7 91 2 1 24 163
7 94 2 4 19 163
7 95 2 3 23 163
7 96 2 3 6 163
7 99 2 4 5 163
8 0 1 5 7 109
8 3 1 4 10 109
8 11 1 3 12 109
8 12 1 4 11 109
8 13 1 3 3 109
8 14 1 4 16 109
8 16 1 6 7 109
8 17 1 5 6 109
8 19 1 4 19 109
8 26 1 4 2 109
8 27 1 6 20 109
8 28 1 6 22 109
8 31 1 2 18 109
8 33 1 6 19 109
8 34 1 5 23 109
8 35 1 6 15 109
8 37 1 3 17 109
8 38 1 1 11 109
8 41 1 6 9 109
8 42 1 6 18 109
8 44 1 6 16 109
8 46 1 3 10 109
8 47 1 5 12 109
8 48 1 2 6 109
8 49 1 2 6 109
8 50 1 3 20 109
8 53 1 1 14 109
8 54 1 6 18 109
8 59 1 4 16 109
8 62 1 5 16 109
8 63 1 4 4 109
8 64 1 3 23 109
8 68 1 4 16 109
8 69 1 4 22 109
8 72 1 3 19 109
8 74 1 6 12 109
8 77 1 2 25 109
8 78 1 5 11 109
8 79 1 3 17 109
8 80 1 4 22 109
8 83 1 5 19 109
8 84 1 2 21 109
8 85 1 2 20 109
8 88 1 6 18 109
8 90 1 1 3 109
8 92 1 6 17 109
8 99 1 4 12 109
9 1 3 5 24 108
9 2 3 5 3 108
9 3 3 4 3 108
9 4 3 6 5 108
9 10 3 6 13 108
9 12 3 4 15 108
9 14 3 4 13 108
9 16 3 6 13 108
9 17 3 5 6 108
9 18 3 6 18 108
9 19 3 4 5 108
9 20 3 2 12 108
9 22 3 6 8 108
9 27 3 6 9 108
9 28 3 6 17 108
9 31 3 2 14 108
9 32 3 5 2 108
9 33 3 6 10 108
9 35 3 6 9 108
9 36 3 3 5 108
9 37 3 3 21 108
9 38 3 1 13 108
9 41 3 6 14 108
9 42 3 6 14 108
9 45 3 1 24 108
9 46 3 3 1 108
9 48 3 2 1 108
9 50 3 3 20 108
9 54 3 6 3 108
9 55 3 2 24 108
9 57 3 5 3 108
9 58 3 6 23 108
9 60 3 2 21 108
9 64 3 3 16 108
9 65 3 4 17 108
9 69 3 4 13 108
9 70 3 1 7 108
9 71 3 4 6 108
9 73 3 1 3 108
9 77 3 2 22 108
9 78 3 5 16 108
9 79 3 3 6 108
9 80 3 4 2 108
9 81 3 1 14 108
9 82 3 5 17 108
9 83 3 5 8 108
9 86 3 2 15 108
9 88 3 6 7 108
9 92 3 6 3 108
9 95 3 3 19 108
9 96 3 3 2 108
9 99 3 4 1 108
10 0 6 5 12 469
10 1 6 5 12 469
10 4 6 6 24 469
10 5 6 3 23 469
10 7 6 2 3 469
10 9 6 3 13 469
10 12 6 4 1 469
10 13 6 3 20 469
10 16 6 6 2 469
10 18 6 6 20 469
10 20 6 2 16 469
10 23 6 6 20 469
10 24 6 6 12 469
10 25 6 5 8 469
10 31 6 2 18 469
10 32 6 5 6 469
10 33 6 6 15 469
10 39 6 3 23 469
10 42 6 6 6 469
10 44 6 6 10 469
10 48 6 2 3 469
10 52 6 3 4 469
10 54 6 6 2 469
10 57 6 5 21 469
10 58 6 6 13 469
10 59 6 4 24 469
10 60 6 2 17 469
10 63 6 4 14 469
10 64 6 3 8 469
10 65 6 4 25 469
10 66 6 1 25 469
10 67 6 4 8 469
10 71 6 4 19 469
10 73 6 1 6 469
10 78 6 5 13 469
10 80 6 4 16 469
10 81 6 1 15 469
10 82 6 5 5 469
10 87 6 3 25 469
10 89 6 5 13 469
10 91 6 1 18 469
10 92 6 6 21 469
10 93 6 1 23 469
10 96 6 3 9 469
10 99 6 4 21 469
11 1 3 5 2 507
11 3 3 4 12 507
11 4 3 6 6 507
11 6 3 6 17 507
11 7 3 2 15 507
11 8 3 1 12 507
11 12 3 4 24 507
11 14 3 4 21 507
11 15 3 4 23 507
11 16 3 6 11 507
11 20 3 2 11 507
11 24 3 6 23 507
11 27 3 6 19 507
11 28 3 6 2 507
11 29 3 3 25 507
11 34 3 5 8 507
11 35 3 6 20 507
11 36 3 3 8 507
11 40 3 2 9 507
11 42 3 6 7 507
11 45 3 1 5 507
11 46 3 3 23 507
11 47 3 5 9 507
11 50 3 3 9 507
11 51 3 4 10 507
11 53 3 1 8 507
11 55 3 2 1 507
11 56 3 3 22 507
11 60 3 2 1 507
11 61 3 1 10 507
11 70 3 1 13 507
11 71 3 4 20 507
11 72 3 3 21 507
11 73 3 1 11 507
11 78 3 5 6 507
11 79 3 3 21 507
11 82 3 5 16 507
11 83 3 5 2 507
11 84 3 2 5 507
11 87 3 3 8 507
11 90 3 1 5 507
11 92 3 6 3 507
11 93 3 1 22 507
11 94 3 4 17 507
11 97 3 6 16 507
12 0 4 5 10 81
12 1 4 5 4 81
12 2 4 5 21 81
12 5 4 3 1 81
12 6 4 6 10 81
12 8 4 1 11 81
12 9 4 3 15 81
12 10 4 6 1 81
12 11 4 3 24 81
12 14 4 4 13 81
12 15 4 4 7 81
12 17 4 5 9 81
12 18 4 6 18 81
12 23 4 6 11 81
12 24 4 6 6 81
12 26 4 4 4 81
12 28 4 6 17 81
12 31 4 2 10 81
12 33 4 6 17 81
12 34 4 5 12 81
12 37 4 3 9 81
12 38 4 1 7 81
12 40 4 2 7 81
12 44 4 6 10 81
12 46 4 3 4 81
12 48 4 2 14 81
12 50 4 3 4 81
12 52 4 3 5 81
12 53 4 1 16 81
12 55 4 2 12 81
12 56 4 3 9 81
12 57 4 5 16 81
12 59 4 4 6 81
12 60 4 2 10 81
12 61 4 1 17 81
12 64 4 3 8 81
12 68 4 4 9 81
12 69 4 4 17 81
12 71 4 4 14 81
12 72 4 3 12 81
12 78 4 5 5 81
12 79 4 3 13 81
12 81 4 1 12 81
12 82 4 5 17 81
12 83 4 5 22 81
12 84 4 2 17 81
12 85 4 2 7 81
12 88 4 6 5 81
12 89 4 5 3 81
12 91 4 1 23 81
12 92 4 6 14 81
12 94 4 4 16 81
12 96 4 3 7 81
12 98 4 1 7 81
13 0 3 5 17 525
13 3 3 4 2 525
13 4 3 6 12 525
13 5 3 3 3 525
13 6 3 6 1 525
13 7 3 2 11 525
13 8 3 1 3 525
13 10 3 6 20 525
13 14 3 4 14 525
13 15 3 4 24 525
13 20 3 2 19 525
13 21 3 6 4 525
13 22 3 6 4 525
13 25 3 5 9 525
13 30 3 4 25 525
13 32 3 5 7 525
13 36 3 3 22 525
13 37 3 3 7 525
13 39 3 3 12 525
13 41 3 6 15 525
13 42 3 6 15 525
13 48 3 2 3 525
13 49 3 2 11 525
13 50 3 3 18 525
13 54 3 6 25 525
13 55 3 2 15 525
13 59 3 4 15 525
13 62 3 5 4 525
13 63 3 4 24 525
13 65 3 4 4 525
13 67 3 4 18 525
13 69 3 4 24 525
13 72 3 3 2 525
13 74 3 6 19 525
13 77 3 2 8 525
13 79 3 3 14 525
13 80 3 4 13 525
13 81 3 1 16 525
13 82 3 5 12 525
13 84 3 2 12 525
13 85 3 2 11 525
13 86 3 2 23 525
13 87 3 3 9 525
13 90 3 1 10 525
13 92 3 6 10 525
13 93 3 1 9 525
13 95 3 3 21 525
13 96 3 3 17 525
13 98 3 1 18 525
13 99 3 4 17 525
14 1 4 5 10 737
14 2 4 5 13 737
14 3 4 4 12 737
14 4 4 6 15 737
14 5 4 3 16 737
14 8 4 1 16 737
14 9 4 3 13 737
14 11 4 3 21 737
14 12 4 4 13 737
14 13 4 3 14 737
14 15 4 4 4 737
14 16 4 6 23 737
14 17 4 5 8 737
14 18 4 6 20 737
14 23 4 6 13 737
14 25 4 5 1 737
14 27 4 6 10 737
14 28 4 6 5 737
14 34 4 5 15 737
14 39 4 3 1 737
14 45 4 1 22 737
14 46 4 3 5 737
14 49 4 2 3 737
14 53 4 1 23 737
14 54 4 6 2 737
14 56 4 3 1 737
14 57 4 5 3 737
14 58 4 6 17 737
14 59 4 4 5 737
14 62 4 5 18 737
14 63 4 4 17 737
14 65 4 4 6 737
14 66 4 1 20 737
14 69 4 4 19 737
14 70 4 1 6 737
14 72 4 3 21 737
14 73 4 1 23 737
14 74 4 6 12 737
14 76 4 3 15 737
14 79 4 3 19 737
14 81 4 1 15 737
14 82 4 5 6 737
14 83 4 5 21 737
14 86 4 2 15 737
14 90 4 1 7 737
14 91 4 1 15 737
14 93 4 1 15 737
14 94 4 4 24 737
14 95 4 3 13 737
14 96 4 3 16 737
15 1 4 5 9 690
15 6 4 6 23 690
15 7 4 2 15 690
15 11 4 3 23 690
15 12 4 4 7 690
15 13 4 3 24 690
15 14 4 4 4 690
15 16 4 6 18 690
15 17 4 5 3 690
15 18 4 6 8 690
15 21 4 6 23 690
15 23 4 6 4 690
15 30 4 4 13 690
15 32 4 5 4 690
15 33 4 6 7 690
15 37 4 3 23 690
15 38 4 1 3 690
15 39 4 3 5 690
15 40 4 2 19 690
15 43 4 6 4 690
15 45 4 1 4 690
15 50 4 3 13 690
15 53 4 1 13 690
15 54 4 6 15 690
15 57 4 5 19 690
15 58 4 6 20 690
15 59 4 4 21 690
15 60 4 2 22 690
15 61 4 1 13 690
15 63 4 4 4 690
15 64 4 3 9 690
15 67 4 4 14 690
15 68 4 4 13 690
15 69 4 4 11 690
15 70 4 1 14 690
15 71 4 4 10 690
15 72 4 3 12 690
15 73 4 1 15 690
15 74 4 6 5 690
15 75 4 2 8 690
15 76 4 3 3 690
15 77 4 2 17 690
15 78 4 5 9 690
15 81 4 1 18 690
15 84 4 2 2 690
15 87 4 3 21 690
15 89 4 5 8 690
15 90 4 1 11 690
15 91 4 1 11 690
15 92 4 6 15 690
15 96 4 3 18 690
15 98 4 1 4 690
15 99 4 4 18 690
16 2 6 5 6 213
16 3 6 4 7 213
16 4 6 6 18 213
16 6 6 6 3 213
16 7 6 2 22 213
16 8 6 1 7 213
16 9 6 3 13 213
16 10 6 6 2 213
16 11 6 3 11 213
16 14 6 4 23 213
16 15 6 4 18 213
16 18 6 6 6 213
16 23 6 6 10 213
16 26 6 4 21 213
16 29 6 3 9 213
16 30 6 4 6 213
16 33 6 6 13 213
16 34 6 5 19 213
16 35 6 6 5 213
16 36 6 3 25 213
16 37 6 3 6 213
16 42 6 6 17 213
16 43 6 6 20 213
16 45 6 1 18 213
16 47 6 5 14 213
16 48 6 2 9 213
16 49 6 2 3 213
16 53 6 1 6 213
16 55 6 2 19 213
16 57 6 5 19 213
16 58 6 6 19 213
16 59 6 4 25 213
16 60 6 2 25 213
16 62 6 5 16 213
16 63 6 4 14 213
16 66 6 1 6 213
16 67 6 4 5 213
16 68 6 4 9 213
16 69 6 4 23 213
16 71 6 4 15 213
16 72 6 3 12 213
16 73 6 1 22 213
16 74 6 6 11 213
16 77 6 2 21 213
16 78 6 5 6 213
16 80 6 4 3 213
16 81 6 1 24 213
16 82 6 5 20 213
16 83 6 5 1 213
16 84 6 2 21 213
16 85 6 2 3 213
16 87 6 3 5 213
16 89 6 5 3 213
16 91 6 1 17 213
16 93 6 1 24 213
16 94 6 4 3 213
16 96 6 3 23 213
17 0 5 5 11 594
17 1 5 5 4 594
17 6 5 6 13 594
17 7 5 2 19 594
17 8 5 1 6 594
17 9 5 3 6 594
17 12 5 4 9 594
17 14 5 4 8 594
17 15 5 4 3 594
17 18 5 6 1 594
17 19 5 4 23 594
17 20 5 2 9 594
17 21 5 6 13 594
17 23 5 6 24 594
17 24 5 6 6 594
17 25 5 5 7 594
17 27 5 6 7 594
17 28 5 6 10 594
17 29 5 3 2 594
17 31 5 2 13 594
17 32 5 5 15 594
17 33 5 6 16 594
17 35 5 6 17 594
17 36 5 3 12 594
17 37 5 3 6 594
17 39 5 3 15 594
17 40 5 2 24 594
17 41 5 6 19 594
17 43 5 6 10 594
17 48 5 2 20 594
17 53 5 1 15 594
17 55 5 2 8 594
17 58 5 6 6 594
17 61 5 1 24 594
17 62 5 5 7 594
17 64 5 3 22 594
17 65 5 4 24 594
17 68 5 4 18 594
17 70 5 1 2 594
17 71 5 4 18 594
17 72 5 3 15 594
17 75 5 2 12 594
17 79 5 3 12 594
17 80 5 4 9 594
17 84 5 2 11 594
17 85 5 2 11 594
17 86 5 2 7 594
17 87 5 3 3 594
17 89 5 5 20 594
17 90 5 1 11 594
17 91 5 1 15 594
17 93 5 1 9 594
17 94 5 4 18 594
17 95 5 3 24 594
17 97 5 6 12 594
17 98 5 1 23 594
18 1 6 5 8 798
18 9 6 3 18 798
18 10 6 6 20 798
18 12 6 4 18 798
18 14 6 4 20 798
18 15 6 4 8 798
18 16 6 6 6 798
18 17 6 5 1 798
18 20 6 2 7 798
18 21 6 6 20 798
18 23 6 6 4 798
18 24 6 6 10 798
18 26 6 4 11 798
18 28 6 6 11 798
18 29 6 3 6 798
18 31 6 2 10 798
18 32 6 5 7 798
18 37 6 3 7 798
18 38 6 1 6 798
18 42 6 6 6 798
18 43 6 6 14 798
18 46 6 3 23 798
18 49 6 2 2 798
18 52 6 3 21 798
18 54 6 6 15 798
18 55 6 2 6 798
18 58 6 6 22 798
18 59 6 4 19 798
18 60 6 2 20 798
18 61 6 1 6 798
18 62 6 5 16 798
18 65 6 4 16 798
18 71 6 4 3 798
18 72 6 3 3 798
18 73 6 1 21 798
18 74 6 6 24 798
18 75 6 2 2 798
18 77 6 2 14 798
18 78 6 5 22 798
18 80 6 4 24 798
18 81 6 1 18 798
18 82 6 5 11 798
18 85 6 2 14 798
18 88 6 6 21 798
18 90 6 1 15 798
18 91 6 1 24 798
18 95 6 3 5 798
18 96 6 3 7 798
18 97 6 6 20 798
18 98 6 1 13 798
18 99 6 4 21 798
19 0 4 5 1 805
19 2 4 5 1 805
19 6 4 6 7 805
19 7 4 2 20 805
19 8 4 1 19 805
19 9 4 3 5 805
19 17 4 5 23 805
19 21 4 6 23 805
19 23 4 6 15 805
19 25 4 5 5 805
19 26 4 4 13 805
19 27 4 6 18 805
19 28 4 6 15 805
19 29 4 3 6 805
19 31 4 2 14 805
19 32 4 5 10 805
19 33 4 6 23 805
19 36 4 3 5 805
19 38 4 1 22 805
19 39 4 3 11 805
19 40 4 2 25 805
19 41 4 6 15 805
19 42 4 6 14 805
19 44 4 6 13 805
19 45 4 1 9 805
19 46 4 3 4 805
19 47 4 5 13 805
19 52 4 3 7 805
19 56 4 3 16 805
19 57 4 5 3 805
19 59 4 4 24 805
19 61 4 1 17 805
19 67 4 4 22 805
19 68 4 4 4 805
19 69 4 4 22 805
19 70 4 1 4 805
19 71 4 4 23 805
19 73 4 1 19 805
19 78 4 5 17 805
19 79 4 3 21 805
19 83 4 5 5 805
19 84 4 2 1 805
19 87 4 3 25 805
19 91 4 1 11 805
19 92 4 6 1 805
19 93 4 1 15 805
19 94 4 4 24 805
19 96 4 3 1 805
19 98 4 1 23 805
20 0 2 5 6 681
20 3 2 4 16 681
20 5 2 3 4 681
20 6 2 6 12 681
20 9 2 3 12 681
20 10 2 6 16 681
20 11 2 3 11 681
20 13 2 3 19 681
20 17 2 5 9 681
20 18 2 6 7 681
20 21 2 6 20 681
20 22 2 6 12 681
20 23 2 6 2 681
20 24 2 6 14 681
20 27 2 6 16 681
20 30 2 4 16 681
20 31 2 2 13 681
20 32 2 5 11 681
20 33 2 6 25 681
20 37 2 3 10 681
20 39 2 3 17 681
20 40 2 2 3 681
20 45 2 1 23 681
20 49 2 2 23 681
20 53 2 1 21 681
20 56 2 3 12 681
20 57 2 5 19 681
20 58 2 6 8 681
20 60 2 2 5 681
20 61 2 1 21 681
20 62 2 5 9 681
20 63 2 4 1 681
20 64 2 3 2 681
20 66 2 1 7 681
20 67 2 4 9 681
20 71 2 4 19 681
20 72 2 3 22 681
20 73 2 1 22 681
20 74 2 6 24 681
20 76 2 3 10 681
20 77 2 2 6 681
20 78 2 5 1 681
20 82 2 5 21 681
20 83 2 5 8 681
20 86 2 2 12 681
20 89 2 5 24 681
20 90 2 1 11 681
20 92 2 6 21 681
20 93 2 1 22 681
20 95 2 3 2 681
20 96 2 3 23 681
20 97 2 6 14 681
20 99 2 4 13 681
21 0 6 5 8 335
21 3 6 4 8 335
21 5 6 3 15 335
21 6 6 6 15 335
21 7 6 2 25 335
21 13 6 3 4 335
21 15 6 4 23 335
21 17 6 5 13 335
21 18 6 6 20 335
21 19 6 4 23 335
21 20 6 2 20 335
21 23 6 6 9 335
21 24 6 6 22 335
21 27 6 6 13 335
21 29 6 3 12 335
21 30 6 4 15 335
21 31 6 2 20 335
21 32 6 5 18 335
21 34 6 5 13 335
21 35 6 6 25 335
21 37 6 3 16 335
21 39 6 3 22 335
21 40 6 2 23 335
21 42 6 6 2 335
21 44 6 6 19 335
21 45 6 1 8 335
21 49 6 2 8 335
21 53 6 1 22 335
21 56 6 3 11 335
21 59 6 4 20 335
21 60 6 2 10 335
21 62 6 5 12 335
21 66 6 1 12 335
21 68 6 4 24 335
21 70 6 1 4 335
21 71 6 4 8 335
21 72 6 3 1 335
21 73 6 1 25 335
21 77 6 2 12 335
21 78 6 5 2 335
21 81 6 1 3 335
21 83 6 5 17 335
21 84 6 2 23 335
21 85 6 2 2 335
21 90 6 1 4 335
21 91 6 1 2 335
21 92 6 6 25 335
21 94 6 4 19 335
21 95 6 3 19 335
21 97 6 6 9 335
21 99 6 4 4 335
22 0 6 5 4 229
22 3 6 4 8 229
22 5 6 3 21 229
22 6 6 6 21 229
22 9 6 3 8 229
22 13 6 3 4 229
22 20 6 2 12 229
22 24 6 6 18 229
22 25 6 5 17 229
22 26 6 4 20 229
22 27 6 6 19 229
22 29 6 3 24 229
22 30 6 4 11 229
22 33 6 6 3 229
22 34 6 5 22 229
22 35 6 6 20 229
22 36 6 3 7 229
22 37 6 3 4 229
22 38 6 1 2 229
22 41 6 6 13 229
22 44 6 6 8 229
22 45 6 1 4 229
22 46 6 3 1 229
22 51 6 4 22 229
22 52 6 3 16 229
22 53 6 1 19 229
22 54 6 6 2 229
22 59 6 4 16 229
22 60 6 2 3 229
22 61 6 1 7 229
22 62 6 5 12 229
22 63 6 4 6 229
22 64 6 3 8 229
22 65 6 4 7 229
22 66 6 1 2 229
22 70 6 1 24 229
22 72 6 3 1 229
22 73 6 1 25 229
22 76 6 3 25 229
22 77 6 2 3 229
22 78 6 5 9 229
22 82 6 5 25 229
22 83 6 5 19 229
22 84 6 2 9 229
22 86 6 2 17 229
22 87 6 3 18 229
22 89 6 5 10 229
22 90 6 1 7 229
22 91 6 1 18 229
22 94 6 4 18 229
22 95 6 3 20 229
22 97 6 6 2 229
23 0 6 5 1 842
23 2 6 5 19 842
23 5 6 3 12 842
23 10 6 6 20 842
23 12 6 4 11 842
23 14 6 4 13 842
23 15 6 4 4 842
23 16 6 6 10 842
23 17 6 5 24 842
23 18 6 6 4 842
23 19 6 4 15 842
23 20 6 2 2 842
23 21 6 6 9 842
23 24 6 6 6 842
23 25 6 5 3 842
23 26 6 4 20 842
23 27 6 6 5 842
23 34 6 5 10 842
23 35 6 6 16 842
23 37 6 3 12 842
23 41 6 6 22 842
23 43 6 6 8 842
23 47 6 5 9 842
23 52 6 3 12 842
23 54 6 6 2 842
23 57 6 5 9 842
23 61 6 1 21 842
23 63 6 4 3 842
23 66 6 1 7 842
23 67 6 4 4 842
23 69 6 4 22 842
23 70 6 1 6 842
23 71 6 4 4 842
23 73 6 1 22 842
23 74 6 6 9 842
23 77 6 2 4 842
23 78 6 5 9 842
23 79 6 3 2 842
23 82 6 5 3 842
23 83 6 5 3 842
23 84 6 2 18 842
23 85 6 2 11 842
23 86 6 2 13 842
23 87 6 3 15 842
23 90 6 1 18 842
23 93 6 1 7 842
23 96 6 3 7 842
23 97 6 6 19 842
23 99 6 4 13 842
24 1 6 5 13 370
24 2 6 5 9 370
24 10 6 6 12 370
24 11 6 3 23 370
24 12 6 4 6 370
24 17 6 5 6 370
24 18 6 6 10 370
24 20 6 2 14 370
24 21 6 6 22 370
24 22 6 6 18 370
24 23 6 6 6 370
24 27 6 6 25 370
24 31 6 2 12 370
24 33 6 6 24 370
24 35 6 6 24 370
24 36 6 3 15 370
24 37 6 3 14 370
24 38 6 1 5 370
24 40 6 2 25 370
24 41 6 6 22 370
24 43 6 6 21 370
24 47 6 5 2 370
24 49 6 2 1 370
24 51 6 4 17 370
24 52 6 3 14 370
24 54 6 6 19 370
24 57 6 5 4 370
24 60 6 2 16 370
24 61 6 1 9 370
24 66 6 1 6 370
24 68 6 4 20 370
24 70 6 1 21 370
24 72 6 3 25 370
24 73 6 1 19 370
24 74 6 6 22 370
24 75 6 2 16 370
24 76 6 3 12 370
24 78 6 5 24 370
24 79 6 3 7 370
24 82 6 5 18 370
24 84 6 2 3 370
24 85 6 2 6 370
24 89 6 5 24 370
24 90 6 1 4 370
24 91 6 1 4 370
24 93 6 1 19 370
24 95 6 3 9 370
25 0 5 5 21 209
25 1 5 5 2 209
25 2 5 5 21 209
25 3 5 4 17 209
25 10 5 6 8 209
25 13 5 3 9 209
25 14 5 4 1 209
25 17 5 5 7 209
25 19 5 4 5 209
25 22 5 6 17 209
25 23 5 6 3 209
25 26 5 4 16 209
25 27 5 6 2 209
25 28 5 6 3 209
25 30 5 4 7 209
25 31 5 2 15 209
25 32 5 5 8 209
25 33 5 6 18 209
25 35 5 6 25 209
25 40 5 2 25 209
25 46 5 3 25 209
25 50 5 3 5 209
25 56 5 3 11 209
25 57 5 5 6 209
25 58 5 6 8 209
25 62 5 5 15 209
25 64 5 3 2 209
25 65 5 4 8 209
25 66 5 1 9 209
25 67 5 4 12 209
25 68 5 4 7 209
25 71 5 4 16 209
25 72 5 3 6 209
25 76 5 3 13 209
25 79 5 3 20 209
25 81 5 1 8 209
25 82 5 5 13 209
25 83 5 5 14 209
25 84 5 2 9 209
25 85 5 2 24 209
25 88 5 6 22 209
25 89 5 5 5 209
25 91 5 1 21 209
25 92 5 6 15 209
25 93 5 1 19 209
25 94 5 4 15 209
25 99 5 4 2 209
26 0 4 5 3 691
26 1 4 5 24 691
26 5 4 3 15 691
26 6 4 6 1 691
26 8 4 1 2 691
26 12 4 4 4 691
26 16 4 6 21 691
26 18 4 6 11 691
26 19 4 4 13 691
26 22 4 6 20 691
26 23 4 6 20 691
26 25 4 5 16 691
26 30 4 4 13 691
26 31 4 2 9 691
26 34 4 5 13 691
26 35 4 6 14 691
26 37 4 3 10 691
26 39 4 3 3 691
26 40 4 2 18 691
26 41 4 6 8 691
26 43 4 6 9 691
26 45 4 1 10 691
26 46 4 3 3 691
26 47 4 5 23 691
26 48 4 2 11 691
26 49 4 2 16 691
26 51 4 4 4 691
26 52 4 3 10 691
26 53 4 1 25 691
26 55 4 2 22 691
26 56 4 3 24 691
26 61 4 1 3 691
26 62 4 5 8 691
26 64 4 3 15 691
26 65 4 4 7 691
26 66 4 1 16 691
26 67 4 4 22 691
26 68 4 4 5 691
26 70 4 1 14 691
26 71 4 4 15 691
26 73 4 1 2 691
26 75 4 2 6 691
26 76 4 3 23 691
26 77 4 2 3 691
26 78 4 5 14 691
26 79 4 3 12 691
26 80 4 4 6 691
26 83 4 5 18 691
26 85 4 2 8 691
26 86 4 2 2 691
26 87 4 3 25 691
26 89 4 5 21 691
26 92 4 6 12 691
26 93 4 1 25 691
26 97 4 6 11 691
27 0 6 5 15 376
27 1 6 5 2 376
27 4 6 6 15 376
27 5 6 3 5 376
27 8 6 1 20 376
27 9 6 3 9 376
27 11 6 3 19 376
27 14 6 4 10 376
27 17 6 5 7 376
27 19 6 4 18 376
27 20 6 2 16 376
27 21 6 6 13 376
27 22 6 6 19 376
27 23 6 6 5 376
27 24 6 6 25 376
27 25 6 5 2 376
27 28 6 6 11 376
27 31 6 2 18 376
27 32 6 5 22 376
27 34 6 5 7 376
27 35 6 6 5 376
27 36 6 3 4 376
27 38 6 1 16 376
27 39 6 3 13 376
27 40 6 2 1 376
27 43 6 6 25 376
27 44 6 6 11 376
27 48 6 2 11 376
27 49 6 2 5 376
27 52 6 3 10 376
27 54 6 6 11 376
27 56 6 3 4 376
27 57 6 5 15 376
27 58 6 6 20 376
27 60 6 2 7 376
27 62 6 5 5 376
27 63 6 4 5 376
27 65 6 4 18 376
27 66 6 1 14 376
27 71 6 4 25 376
27 79 6 3 11 376
27 80 6 4 4 376
27 82 6 5 3 376
27 85 6 2 13 376
27 86 6 2 18 376
27 87 6 3 12 376
27 88 6 6 14 376
27 89 6 5 13 376
27 95 6 3 23 376
27 96 6 3 10 376
27 97 6 6 15 376
27 98 6 1 4 376
28 2 6 5 23 64
28 5 6 3 12 64
28 8 6 1 22 64
28 9 6 3 17 64
28 11 6 3 2 64
28 12 6 4 17 64
28 14 6 4 5 64
28 17 6 5 10 64
28 18 6 6 11 64
28 19 6 4 15 64
28 25 6 5 3 64
28 27 6 6 11 64
28 29 6 3 1 64
28 33 6 6 25 64
28 34 6 5 12 64
28 35 6 6 21 64
28 37 6 3 16 64
28 39 6 3 25 64
28 40 6 2 20 64
28 41 6 6 13 64
28 42 6 6 20 64
28 43 6 6 7 64
28 44 6 6 25 64
28 45 6 1 18 64
28 47 6 5 2 64
28 48 6 2 6 64
28 49 6 2 9 64
28 50 6 3 7 64
28 51 6 4 8 64
28 53 6 1 6 64
28 54 6 6 19 64
28 59 6 4 16 64
28 60 6 2 2 64
28 62 6 5 17 64
28 64 6 3 18 64
28 68 6 4 6 64
28 71 6 4 4 64
28 72 6 3 17 64
28 74 6 6 5 64
28 75 6 2 1 64
28 76 6 3 1 64
28 78 6 5 9 64
28 79 6 3 21 64
28 80 6 4 5 64
28 81 6 1 23 64
28 84 6 2 12 64
28 87 6 3 1 64
28 88 6 6 3 64
28 89 6 5 23 64
28 90 6 1 10 64
28 91 6 1 20 64
28 92 6 6 16 64
28 94 6 4 7 64
28 95 6 3 17 64
28 96 6 3 16 64
28 99 6 4 23 64
29 2 3 5 14 103
29 4 3 6 23 103
29 5 3 3 11 103
29 11 3 3 25 103
29 16 3 6 9 103
29 17 3 5 2 103
29 18 3 6 6 103
29 19 3 4 6 103
29 21 3 6 12 103
29 22 3 6 24 103
29 28 3 6 1 103
29 31 3 2 15 103
29 36 3 3 12 103
29 39 3 3 21 103
29 41 3 6 24 103
29 43 3 6 19 103
29 45 3 1 19 103
29 47 3 5 11 103
29 52 3 3 14 103
29 53 3 1 2 103
29 54 3 6 23 103
29 57 3 5 11 103
29 58 3 6 25 103
29 59 3 4 22 103
29 60 3 2 5 103
29 64 3 3 18 103
29 65 3 4 8 103
29 66 3 1 2 103
29 68 3 4 3 103
29 69 3 4 5 103
29 70 3 1 12 103
29 71 3 4 21 103
29 73 3 1 22 103
29 74 3 6 13 103
29 78 3 5 11 103
29 80 3 4 12 103
29 83 3 5 9 103
29 85 3 2 1 103
29 87 3 3 23 103
29 89 3 5 1 103
29 91 3 1 13 103
29 92 3 6 1 103
29 93 3 1 14 103
29 96 3 3 17 103
29 97 3 6 4 103
29 98 3 1 4 103
29 99 3 4 17 103
30 0 4 5 7 553
30 3 4 4 17 553
30 4 4 6 12 553
30 6 4 6 2 553
30 13 4 3 25 553
30 15 4 4 13 553
30 16 4 6 6 553
30 20 4 2 16 553
30 21 4 6 15 553
30 22 4 6 11 553
30 25 4 5 7 553
30 26 4 4 13 553
30 31 4 2 2 553
30 32 4 5 10 553
30 35 4 6 15 553
30 36 4 3 18 553
30 41 4 6 19 553
30 43 4 6 21 553
30 48 4 2 23 553
30 49 4 2 7 553
30 50 4 3 1 553
30 53 4 1 10 553
30 54 4 6 4 553
30 55 4 2 20 553
30 56 4 3 23 553
30 57 4 5 22 553
30 58 4 6 23 553
30 59 4 4 13 553
30 62 4 5 24 553
30 63 4 4 7 553
30 64 4 3 1 553
30 67 4 4 6 553
30 72 4 3 25 553
30 74 4 6 16 553
30 76 4 3 3 553
30 78 4 5 16 553
30 79 4 3 10 553
30 83 4 5 7 553
30 85 4 2 13 553
30 86 4 2 13 553
30 87 4 3 12 553
30 88 4 6 23 553
30 90 4 1 16 553
30 91 4 1 4 553
30 93 4 1 19 553
30 94 4 4 22 553
30 96 4 3 17 553
30 98 4 1 20 553
31 1 2 5 18 340
31 8 2 1 18 340
31 9 2 3 14 340
31 10 2 6 18 340
31 12 2 4 10 340
31 17 2 5 13 340
31 18 2 6 10 340
31 19 2 4 14 340
31 20 2 2 13 340
31 21 2 6 20 340
31 24 2 6 12 340
31 25 2 5 15 340
31 26 2 4 9 340
31 27 2 6 18 340
31 29 2 3 15 340
31 30 2 4 2 340
31 32 2 5 9 340
31 36 2 3 23 340
31 39 2 3 24 340
31 40 2 2 17 340
31 43 2 6 17 340
31 46 2 3 19 340
31 47 2 5 24 340
31 48 2 2 18 340
31 51 2 4 8 340
31 55 2 2 8 340
31 58 2 6 12 340
31 59 2 4 11 340
31 60 2 2 2 340
31 62 2 5 4 340
31 66 2 1 3 340
31 69 2 4 7 340
31 70 2 1 17 340
31 71 2 4 14 340
31 73 2 1 22 340
31 75 2 2 2 340
31 79 2 3 13 340
31 80 2 4 8 340
31 82 2 5 10 340
31 89 2 5 6 340
31 91 2 1 2 340
31 92 2 6 3 340
31 98 2 1 7 340
32 0 5 5 15 762
32 2 5 5 9 762
32 3 5 4 13 762
32 4 5 6 1 762
32 5 5 3 13 762
32 7 5 2 6 762
32 9 5 3 2 762
32 10 5 6 6 762
32 13 5 3 7 762
32 15 5 4 4 762
32 17 5 5 15 762
32 18 5 6 7 762
32 19 5 4 10 762
32 20 5 2 11 762
32 21 5 6 18 762
32 25 5 5 8 762
32 27 5 6 22 762
32 30 5 4 10 762
32 31 5 2 9 762
32 33 5 6 11 762
32 34 5 5 19 762
32 35 5 6 7 762
32 39 5 3 5 762
32 40 5 2 14 762
32 42 5 6 4 762
32 45 5 1 17 762
32 47 5 5 17 762
32 49 5 2 11 762
32 53 5 1 5 762
32 54 5 6 12 762
32 55 5 2 14 762
32 57 5 5 10 762
32 59 5 4 4 762
32 60 5 2 16 762
32 61 5 1 15 762
32 63 5 4 18 762
32 64 5 3 13 762
32 65 5 4 1 762
32 66 5 1 11 762
32 68 5 4 5 762
32 71 5 4 17 762
32 76 5 3 2 762
32 78 5 5 3 762
32 81 5 1 25 762
32 82 5 5 5 762
32 85 5 2 22 762
32 87 5 3 5 762
32 88 5 6 11 762
32 89 5 5 17 762
32 91 5 1 18 762
32 92 5 6 4 762
32 95 5 3 6 762
32 96 5 3 5 762
32 98 5 1 24 762
32 99 5 4 17 762
33 1 6 5 13 146
33 2 6 5 12 146
33 3 6 4 4 146
33 5 6 3 16 146
33 6 6 6 24 146
33 7 6 2 6 146
33 8 6 1 19 146
33 9 6 3 10 146
33 10 6 6 15 146
33 12 6 4 17 146
33 15 6 4 7 146
33 16 6 6 13 146
33 17 6 5 16 146
33 19 6 4 23 146
33 20 6 2 25 146
33 22 6 6 3 146
33 24 6 6 24 146
33 25 6 5 18 146
33 28 6 6 25 146
33 32 6 5 11 146
33 37 6 3 4 146
33 38 6 1 6 146
33 40 6 2 6 146
33 41 6 6 4 146
33 43 6 6 18 146
33 46 6 3 14 146
33 47 6 5 4 146
33 50 6 3 25 146
33 52 6 3 14 146
33 53 6 1 3 146
33 54 6 6 17 146
33 55 6 2 19 146
33 56 6 3 3 146
33 57 6 5 12 146
33 59 6 4 3 146
33 61 6 1 15 146
33 62 6 5 21 146
33 64 6 3 11 146
33 65 6 4 10 146
33 69 6 4 6 146
33 70 6 1 5 146
33 73 6 1 17 146
33 74 6 6 13 146
33 75 6 2 2 146
33 76 6 3 15 146
33 80 6 4 2 146
33 81 6 1 9 146
33 82 6 5 10 146
33 86 6 2 17 146
33 89 6 5 23 146
33 90 6 1 10 146
33 91 6 1 6 146
33 94 6 4 23 146
33 95 6 3 3 146
33 96 6 3 23 146
33 97 6 6 7 146
34 0 5 5 6 454
34 2 5 5 3 454
34 3 5 4 20 454
34 4 5 6 10 454
34 5 5 3 24 454
34 7 5 2 19 454
34 8 5 1 23 454
34 11 5 3 8 454
34 12 5 4 12 454
34 14 5 4 15 454
34 16 5 6 19 454
34 21 5 6 13 454
34 22 5 6 22 454
34 23 5 6 10 454
34 26 5 4 13 454
34 27 5 6 7 454
34 28 5 6 12 454
34 32 5 5 19 454
34 38 5 1 20 454
34 39 5 3 3 454
34 46 5 3 22 454
34 50 5 3 8 454
34 52 5 3 3 454
34 53 5 1 22 454
34 56 5 3 18 454
34 57 5 5 19 454
34 58 5 6 19 454
34 59 5 4 14 454
34 60 5 2 22 454
34 61 5 1 2 454
34 62 5 5 7 454
34 65 5 4 4 454
34 69 5 4 9 454
34 70 5 1 16 454
34 73 5 1 22 454
34 74 5 6 16 454
34 75 5 2 3 454
34 79 5 3 20 454
34 80 5 4 25 454
34 81 5 1 4 454
34 82 5 5 12 454
34 84 5 2 16 454
34 85 5 2 20 454
34 88 5 6 8 454
34 89 5 5 16 454
34 92 5 6 10 454
34 93 5 1 9 454
34 95 5 3 16 454
34 97 5 6 14 454
34 98 5 1 5 454
35 0 6 5 9 808
35 2 6 5 1 808
35 3 6 4 10 808
35 4 6 6 22 808
35 5 6 3 11 808
35 8 6 1 15 808
35 9 6 3 9 808
35 11 6 3 20 808
35 16 6 6 5 808
35 17 6 5 17 808
35 21 6 6 25 808
35 22 6 6 20 808
35 23 6 6 16 808
35 24 6 6 24 808
35 25 6 5 25 808
35 26 6 4 14 808
35 27 6 6 5 808
35 28 6 6 21 808
35 30 6 4 15 808
35 32 6 5 7 808
35 36 6 3 14 808
35 38 6 1 2 808
35 41 6 6 16 808
35 42 6 6 16 808
35 43 6 6 8 808
35 44 6 6 8 808
35 46 6 3 24 808
35 47 6 5 8 808
35 50 6 3 10 808
35 52 6 3 21 808
35 53 6 1 1 808
35 54 6 6 18 808
35 55 6 2 13 808
35 56 6 3 13 808
35 58 6 6 3 808
35 59 6 4 19 808
35 64 6 3 5 808
35 65 6 4 15 808
35 66 6 1 11 808
35 67 6 4 11 808
35 68 6 4 12 808
35 69 6 4 17 808
35 70 6 1 9 808
35 71 6 4 8 808
35 73 6 1 8 808
35 77 6 2 2 808
35 78 6 5 17 808
35 81 6 1 8 808
35 84 6 2 24 808
35 87 6 3 21 808
35 89 6 5 13 808
35 93 6 1 16 808
35 94 6 4 25 808
35 96 6 3 1 808
35 99 6 4 14 808
36 3 3 4 6 697
36 4 3 6 14 697
36 5 3 3 18 697
36 6 3 6 7 697
36 9 3 3 5 697
36 11 3 3 8 697
36 13 3 3 22 697
36 16 3 6 25 697
36 17 3 5 12 697
36 19 3 4 5 697
36 22 3 6 7 697
36 24 3 6 15 697
36 27 3 6 4 697
36 29 3 3 12 697
36 30 3 4 18 697
36 31 3 2 23 697
36 35 3 6 14 697
36 38 3 1 7 697
36 39 3 3 1 697
36 42 3 6 16 697
36 43 3 6 8 697
36 44 3 6 4 697
36 48 3 2 20 697
36 50 3 3 25 697
36 51 3 4 23 697
36 52 3 3 2 697
36 55 3 2 2 697
36 56 3 3 11 697
36 57 3 5 13 697
36 58 3 6 19 697
36 66 3 1 7 697
36 68 3 4 2 697
36 69 3 4 18 697
36 72 3 3 1 697
36 73 3 1 17 697
36 74 3 6 10 697
36 75 3 2 19 697
36 77 3 2 4 697
36 79 3 3 11 697
36 80 3 4 11 697
36 82 3 5 25 697
36 85 3 2 9 697
36 86 3 2 11 697
36 90 3 1 13 697
36 91 3 1 22 697
36 95 3 3 13 697
36 96 3 3 4 697
36 97 3 6 20 697
37 1 3 5 16 210
37 4 3 6 15 210
37 5 3 3 10 210
37 8 3 1 17 210
37 9 3 3 21 210
37 12 3 4 9 210
37 13 3 3 7 210
37 15 3 4 23 210
37 16 3 6 6 210
37 17 3 5 6 210
37 18 3 6 7 210
37 20 3 2 10 210
37 21 3 6 16 210
37 22 3 6 4 210
37 23 3 6 12 210
37 24 3 6 14 210
37 26 3 4 10 210
37 28 3 6 16 210
37 33 3 6 4 210
37 39 3 3 10 210
37 44 3 6 4 210
37 45 3 1 1 210
37 46 3 3 11 210
37 48 3 2 9 210
37 51 3 4 4 210
37 52 3 3 12 210
37 53 3 1 8 210
37 55 3 2 15 210
37 56 3 3 22 210
37 58 3 6 12 210
37 59 3 4 21 210
37 60 3 2 25 210
37 61 3 1 6 210
37 64 3 3 17 210
37 67 3 4 13 210
37 68 3 4 18 210
37 69 3 4 8 210
37 71 3 4 24 210
37 73 3 1 16 210
37 75 3 2 10 210
37 77 3 2 10 210
37 78 3 5 3 210
37 79 3 3 9 210
37 80 3 4 11 210
37 82 3 5 18 210
37 83 3 5 25 210
37 85 3 2 3 210
37 87 3 3 6 210
37 89 3 5 9 210
37 90 3 1 21 210
37 92 3 6 1 210
37 93 3 1 16 210
37 94 3 4 1 210
37 95 3 3 1 210
37 97 3 6 15 210
37 98 3 1 9 210
37 99 3 4 9 210
38 0 1 5 18 590
38 1 1 5 20 590
38 8 1 1 11 590
38 9 1 3 13 590
38 12 1 4 7 590
38 15 1 4 3 590
38 18 1 6 6 590
38 19 1 4 22 590
38 22 1 6 2 590
38 24 1 6 5 590
38 27 1 6 16 590
38 33 1 6 6 590
38 34 1 5 20 590
38 35 1 6 2 590
38 36 1 3 7 590
38 39 1 3 10 590
38 40 1 2 5 590
38 43 1 6 8 590
38 46 1 3 21 590
38 47 1 5 12 590
38 48 1 2 14 590
38 49 1 2 17 590
38 50 1 3 20 590
38 55 1 2 18 590
38 57 1 5 20 590
38 63 1 4 18 590
38 67 1 4 12 590
38 69 1 4 5 590
38 72 1 3 25 590
38 73 1 1 20 590
38 80 1 4 20 590
38 84 1 2 3 590
38 86 1 2 11 590
38 87 1 3 4 590
38 90 1 1 8 590
38 91 1 1 18 590
38 92 1 6 6 590
38 93 1 1 24 590
38 94 1 4 23 590
38 96 1 3 12 590
38 98 1 1 8 590
38 99 1 4 15 590
39 1 3 5 11 864
39 2 3 5 23 864
39 6 3 6 19 864
39 10 3 6 23 864
39 13 3 3 12 864
39 14 3 4 1 864
39 15 3 4 5 864
39 17 3 5 15 864
39 19 3 4 11 864
39 20 3 2 17 864
39 21 3 6 22 864
39 26 3 4 3 864
39 27 3 6 13 864
39 28 3 6 25 864
39 29 3 3 21 864
39 31 3 2 24 864
39 32 3 5 5 864
39 34 3 5 3 864
39 36 3 3 1 864
39 37 3 3 10 864
39 38 3 1 10 864
39 41 3 6 13 864
39 42 3 6 13 864
39 43 3 6 8 864
39 45 3 1 4 864
39 46 3 3 7 864
39 47 3 5 14 864
39 48 3 2 16 864
39 51 3 4 6 864
39 52 3 3 4 864
39 55 3 2 10 864
39 60 3 2 8 864
39 63 3 4 19 864
39 65 3 4 4 864
39 66 3 1 16 864
39 67 3 4 23 864
39 71 3 4 12 864
39 72 3 3 9 864
39 74 3 6 9 864
39 76 3 3 17 864
39 77 3 2 10 864
39 79 3 3 12 864
39 80 3 4 22 864
39 82 3 5 10 864
39 83 3 5 3 864
39 87 3 3 22 864
39 88 3 6 7 864
39 91 3 1 6 864
39 93 3 1 6 864
39 96 3 3 11 864
40 1 2 5 8 390
40 4 2 6 19 390
40 5 2 3 13 390
40 7 2 2 3 390
40 11 2 3 9 390
40 12 2 4 7 390
40 15 2 4 19 390
40 17 2 5 24 390
40 19 2 4 25 390
40 20 2 2 3 390
40 21 2 6 23 390
40 24 2 6 25 390
40 25 2 5 25 390
40 26 2 4 18 390
40 27 2 6 1 390
40 28 2 6 20 390
40 31 2 2 17 390
40 32 2 5 14 390
40 33 2 6 6 390
40 38 2 1 5 390
40 42 2 6 24 390
40 51 2 4 19 390
40 53 2 1 23 390
40 54 2 6 12 390
40 58 2 6 1 390
40 59 2 4 21 390
40 61 2 1 19 390
40 62 2 5 12 390
40 63 2 4 3 390
40 64 2 3 23 390
40 65 2 4 10 390
40 67 2 4 10 390
40 68 2 4 16 390
40 70 2 1 1 390
40 72 2 3 1 390
40 73 2 1 5 390
40 74 2 6 5 390
40 76 2 3 14 390
40 77 2 2 20 390
40 80 2 4 18 390
40 81 2 1 9 390
40 82 2 5 8 390
40 83 2 5 5 390
40 84 2 2 13 390
40 85 2 2 25 390
40 86 2 2 23 390
40 87 2 3 3 390
40 89 2 5 20 390
40 91 2 1 17 390
40 97 2 6 12 390
41 1 6 5 12 990
41 2 6 5 20 990
41 3 6 4 12 990
41 5 6 3 21 990
41 6 6 6 22 990
41 7 6 2 20 990
41 8 6 1 9 990
41 9 6 3 14 990
41 13 6 3 15 990
41 17 6 5 19 990
41 19 6 4 15 990
41 22 6 6 13 990
41 23 6 6 22 990
41 24 6 6 22 990
41 26 6 4 8 990
41 28 6 6 13 990
41 29 6 3 24 990
41 30 6 4 19 990
41 33 6 6 4 990
41 35 6 6 16 990
41 39 6 3 13 990
41 42 6 6 7 990
41 50 6 3 12 990
41 51 6 4 24 990
41 53 6 1 15 990
41 54 6 6 11 990
41 55 6 2 3 990
41 56 6 3 23 990
41 58 6 6 18 990
41 59 6 4 15 990
41 60 6 2 21 990
41 61 6 1 17 990
41 62 6 5 5 990
41 64 6 3 21 990
41 66 6 1 2 990
41 68 6 4 20 990
41 70 6 1 17 990
41 71 6 4 11 990
41 72 6 3 7 990
41 74 6 6 1 990
41 78 6 5 16 990
41 83 6 5 17 990
41 87 6 3 25 990
41 90 6 1 25 990
41 91 6 1 3 990
41 97 6 6 15 990
41 98 6 1 20 990
41 99 6 4 18 990
42 0 6 5 5 73
42 2 6 5 14 73
42 5 6 3 14 73
42 8 6 1 18 73
42 9 6 3 14 73
42 10 6 6 6 73
42 11 6 3 7 73
42 13 6 3 15 73
42 16 6 6 17 73
42 18 6 6 6 73
42 19 6 4 14 73
42 21 6 6 2 73
42 28 6 6 20 73
42 32 6 5 4 73
42 35 6 6 16 73
42 36 6 3 16 73
42 39 6 3 13 73
42 40 6 2 24 73
42 41 6 6 7 73
42 43 6 6 5 73
42 44 6 6 2 73
42 46 6 3 9 73
42 47 6 5 23 73
42 48 6 2 22 73
42 52 6 3 6 73
42 54 6 6 5 73
42 56 6 3 2 73
42 57 6 5 9 73
42 58 6 6 5 73
42 59 6 4 21 73
42 61 6 1 13 73
42 65 6 4 15 73
42 66 6 1 8 73
42 67 6 4 11 73
42 68 6 4 12 73
42 69 6 4 7 73
42 73 6 1 2 73
42 78 6 5 7 73
42 79 6 3 8 73
42 83 6 5 13 73
42 84 6 2 6 73
42 86 6 2 17 73
42 87 6 3 21 73
42 89 6 5 6 73
42 90 6 1 23 73
42 91 6 1 16 73
42 94 6 4 4 73
42 95 6 3 3 73
42 96 6 3 22 73
42 98 6 1 20 73
43 2 6 5 16 209
43 3 6 4 17 209
43 4 6 6 9 209
43 5 6 3 20 209
43 15 6 4 4 209
43 16 6 6 20 209
43 17 6 5 10 209
43 18 6 6 14 209
43 23 6 6 8 209
43 24 6 6 21 209
43 26 6 4 9 209
43 27 6 6 25 209
43 28 6 6 7 209
43 29 6 3 19 209
43 30 6 4 21 209
43 31 6 2 17 209
43 33 6 6 18 209
43 35 6 6 8 209
43 36 6 3 8 209
43 38 6 1 8 209
43 39 6 3 8 209
43 42 6 6 5 209
43 47 6 5 2 209
43 48 6 2 13 209
43 49 6 2 13 209
43 53 6 1 25 209
43 54 6 6 15 209
43 55 6 2 2 209
43 57 6 5 22 209
43 59 6 4 1 209
43 60 6 2 2 209
43 61 6 1 7 209
43 62 6 5 2 209
43 63 6 4 14 209
43 65 6 4 10 209
43 66 6 1 16 209
43 69 6 4 1 209
43 70 6 1 16 209
43 76 6 3 19 209
43 77 6 2 22 209
43 78 6 5 20 209
43 84 6 2 11 209
43 85 6 2 19 209
43 86 6 2 15 209
43 88 6 6 8 209
43 90 6 1 13 209
43 92 6 6 1 209
43 96 6 3 1 209
43 98 6 1 11 209
43 99 6 4 2 209
44 0 6 5 18 701
44 1 6 5 9 701
44 2 6 5 21 701
44 3 6 4 9 701
44 4 6 6 11 701
44 5 6 3 20 701
44 6 6 6 5 701
44 8 6 1 16 701
44 10 6 6 10 701
44 12 6 4 10 701
44 19 6 4 13 701
44 21 6 6 19 701
44 22 6 6 8 701
44 27 6 6 11 701
44 28 6 6 25 701
44 35 6 6 8 701
44 36 6 3 4 701
44 37 6 3 4 701
44 42 6 6 2 701
44 46 6 3 8 701
44 48 6 2 7 701
44 50 6 3 11 701
44 52 6 3 7 701
44 54 6 6 14 701
44 56 6 3 11 701
44 59 6 4 20 701
44 62 6 5 7 701
44 64 6 3 6 701
44 65 6 4 3 701
44 67 6 4 21 701
44 69 6 4 23 701
44 70 6 1 4 701
44 72 6 3 9 701
44 73 6 1 19 701
44 74 6 6 9 701
44 75 6 2 5 701
44 76 6 3 2 701
44 77 6 2 24 701
44 79 6 3 1 701
44 81 6 1 25 701
44 83 6 5 16 701
44 85 6 2 22 701
44 90 6 1 11 701
44 91 6 1 21 701
44 92 6 6 1 701
44 95 6 3 2 701
44 97 6 6 3 701
44 98 6 1 13 701
44 99 6 4 11 701
45 1 1 5 1 691
45 2 1 5 21 691
45 3 1 4 10 691
45 5 1 3 2 691
45 9 1 3 24 691
45 11 1 3 5 691
45 14 1 4 22 691
45 15 1 4 4 691
45 16 1 6 18 691
45 19 1 4 9 691
45 20 1 2 23 691
45 21 1 6 8 691
45 22 1 6 4 691
45 26 1 4 10 691
45 28 1 6 18 691
45 29 1 3 19 691
45 32 1 5 17 691
45 37 1 3 1 691
45 39 1 3 4 691
45 46 1 3 20 691
45 47 1 5 1 691
45 50 1 3 4 691
45 55 1 2 21 691
45 56 1 3 6 691
45 61 1 1 6 691
45 63 1 4 12 691
45 64 1 3 25 691
45 65 1 4 1 691
45 66 1 1 15 691
45 69 1 4 15 691
45 70 1 1 17 691
45 73 1 1 24 691
45 75 1 2 13 691
45 76 1 3 16 691
45 79 1 3 7 691
45 80 1 4 9 691
45 81 1 1 11 691
45 84 1 2 5 691
45 85 1 2 10 691
45 86 1 2 22 691
45 87 1 3 18 691
45 88 1 6 11 691
45 90 1 1 22 691
45 91 1 1 7 691
45 92 1 6 12 691
45 96 1 3 23 691
45 97 1 6 21 691
46 1 3 5 24 752
46 2 3 5 12 752
46 3 3 4 19 752
46 4 3 6 1 752
46 5 3 3 1 752
46 6 3 6 2 752
46 7 3 2 12 752
46 8 3 1 10 752
46 9 3 3 1 752
46 11 3 3 23 752
46 12 3 4 4 752
46 14 3 4 5 752
46 18 3 6 23 752
46 19 3 4 4 752
46 22 3 6 1 752
46 25 3 5 25 752
46 26 3 4 3 752
46 31 3 2 19 752
46 33 3 6 14 752
46 34 3 5 22 752
46 35 3 6 24 752
46 37 3 3 11 752
46 38 3 1 21 752
46 39 3 3 7 752
46 42 3 6 9 752
46 44 3 6 8 752
46 45 3 1 20 752
46 48 3 2 6 752
46 49 3 2 21 752
46 52 3 3 20 752
46 53 3 1 9 752
46 55 3 2 4 752
46 57 3 5 7 752
46 58 3 6 5 752
46 60 3 2 22 752
46 61 3 1 19 752
46 62 3 5 21 752
46 66 3 1 9 752
46 68 3 4 7 752
46 69 3 4 6 752
46 70 3 1 19 752
46 71 3 4 23 752
46 76 3 3 8 752
46 79 3 3 3 752
46 81 3 1 8 752
46 83 3 5 5 752
46 85 3 2 1 752
46 86 3 2 14 752
46 87 3 3 9 752
46 88 3 6 16 752
46 90 3 1 21 752
46 92 3 6 25 752
46 95 3 3 3 752
46 96 3 3 15 752
46 98 3 1 23 752
47 0 5 5 7 234
47 8 5 1 12 234
47 11 5 3 9 234
47 16 5 6 14 234
47 19 5 4 13 234
47 23 5 6 9 234
47 24 5 6 2 234
47 26 5 4 23 234
47 28 5 6 2 234
47 29 5 3 11 234
47 31 5 2 24 234
47 32 5 5 17 234
47 33 5 6 4 234
47 35 5 6 8 234
47 38 5 1 12 234
47 39 5 3 14 234
47 42 5 6 23 234
47 43 5 6 2 234
47 45 5 1 1 234
47 50 5 3 7 234
47 51 5 4 1 234
47 52 5 3 17 234
47 56 5 3 12 234
47 57 5 5 3 234
47 58 5 6 24 234
47 61 5 1 12 234
47 63 5 4 2 234
47 65 5 4 2 234
47 67 5 4 25 234
47 71 5 4 23 234
47 72 5 3 10 234
47 75 5 2 13 234
47 79 5 3 5 234
47 83 5 5 19 234
47 86 5 2 8 234
47 87 5 3 10 234
47 90 5 1 17 234
47 91 5 1 20 234
47 94 5 4 1 234
47 98 5 1 12 234
48 0 2 5 3 868
48 1 2 5 3 868
48 4 2 6 5 868
48 6 2 6 20 868
48 7 2 2 12 868
48 8 2 1 6 868
48 9 2 3 1 868
48 10 2 6 3 868
48 12 2 4 14 868
48 13 2 3 3 868
48 16 2 6 9 868
48 17 2 5 20 868
48 26 2 4 11 868
48 27 2 6 11 868
48 28 2 6 6 868
48 30 2 4 23 868
48 31 2 2 18 868
48 36 2 3 20 868
48 37 2 3 9 868
48 38 2 1 14 868
48 39 2 3 16 868
48 42 2 6 22 868
48 43 2 6 13 868
48 44 2 6 7 868
48 46 2 3 6 868
48 50 2 3 8 868
48 51 2 4 21 868
48 52 2 3 21 868
48 53 2 1 11 868
48 55 2 2 3 868
48 58 2 6 24 868
48 60 2 2 1 868
48 61 2 1 20 868
48 62 2 5 14 868
48 63 2 4 6 868
48 64 2 3 20 868
48 65 2 4 11 868
48 68 2 4 5 868
48 70 2 1 6 868
48 71 2 4 10 868
48 74 2 6 11 868
48 75 2 2 24 868
48 77 2 2 25 868
48 82 2 5 24 868
48 84 2 2 23 868
48 85 2 2 24 868
48 87 2 3 22 868
48 88 2 6 3 868
48 89 2 5 22 868
48 92 2 6 5 868
48 95 2 3 22 868
48 96 2 3 23 868
48 97 2 6 23 868
49 0 2 5 8 382
49 3 2 4 1 382
49 5 2 3 18 382
49 6 2 6 25 382
49 7 2 2 16 382
49 8 2 1 6 382
49 13 2 3 11 382
49 14 2 4 3 382
49 16 2 6 3 382
49 18 2 6 2 382
49 20 2 2 23 382
49 21 2 6 8 382
49 24 2 6 1 382
49 26 2 4 16 382
49 27 2 6 5 382
49 28 2 6 9 382
49 30 2 4 7 382
49 32 2 5 11 382
49 38 2 1 17 382
49 43 2 6 13 382
49 46 2 3 21 382
49 50 2 3 13 382
49 53 2 1 7 382
49 56 2 3 6 382
49 59 2 4 17 382
49 62 2 5 12 382
49 63 2 4 18 382
49 72 2 3 20 382
49 74 2 6 4 382
49 75 2 2 22 382
49 79 2 3 4 382
49 80 2 4 4 382
49 81 2 1 22 382
49 83 2 5 3 382
49 84 2 2 2 382
49 87 2 3 14 382
49 89 2 5 17 382
49 90 2 1 19 382
49 91 2 1 9 382
49 92 2 6 3 382
49 94 2 4 9 382
49 96 2 3 5 382
50 0 3 5 4 900
50 1 3 5 8 900
50 6 3 6 9 900
50 8 3 1 20 900
50 9 3 3 20 900
50 11 3 3 9 900
50 12 3 4 4 900
50 13 3 3 18 900
50 15 3 4 13 900
50 25 3 5 5 900
50 28 3 6 7 900
50 30 3 4 1 900
50 33 3 6 25 900
50 34 3 5 8 900
50 35 3 6 10 900
50 36 3 3 25 900
50 38 3 1 20 900
50 41 3 6 12 900
50 44 3 6 11 900
50 45 3 1 4 900
50 47 3 5 7 900
50 48 3 2 8 900
50 49 3 2 13 900
50 51 3 4 1 900
50 52 3 3 22 900
50 58 3 6 5 900
50 60 3 2 15 900
50 65 3 4 21 900
50 69 3 4 11 900
50 71 3 4 15 900
50 72 3 3 1 900
50 74 3 6 11 900
50 75 3 2 5 900
50 78 3 5 25 900
50 80 3 4 16 900
50 81 3 1 11 900
50 83 3 5 6 900
50 90 3 1 11 900
50 93 3 1 13 900
50 94 3 4 6 900
50 95 3 3 20 900
50 98 3 1 21 900
50 99 3 4 16 900
51 0 4 5 19 74
51 2 4 5 14 74
51 3 4 4 16 74
51 5 4 3 12 74
51 6 4 6 12 74
51 7 4 2 11 74
51 11 4 3 10 74
51 22 4 6 22 74
51 24 4 6 17 74
51 26 4 4 4 74
51 28 4 6 8 74
51 31 4 2 8 74
51 36 4 3 23 74
51 37 4 3 4 74
51 39 4 3 6 74
51 40 4 2 19 74
51 41 4 6 24 74
51 47 4 5 1 74
51 48 4 2 21 74
51 50 4 3 1 74
51 54 4 6 20 74
51 56 4 3 25 74
51 59 4 4 24 74
51 61 4 1 18 74
51 62 4 5 19 74
51 65 4 4 17 74
51 71 4 4 1 74
51 75 4 2 12 74
51 76 4 3 21 74
51 77 4 2 8 74
51 79 4 3 25 74
51 81 4 1 8 74
51 82 4 5 11 74
51 85 4 2 13 74
51 86 4 2 16 74
51 88 4 6 23 74
51 95 4 3 5 74
51 96 4 3 7 74
51 98 4 1 2 74
52 1 3 5 21 143
52 2 3 5 24 143
52 3 3 4 7 143
52 10 3 6 4 143
52 12 3 4 5 143
52 18 3 6 21 143
52 19 3 4 7 143
52 22 3 6 16 143
52 23 3 6 12 143
52 24 3 6 14 143
52 26 3 4 10 143
52 27 3 6 10 143
52 29 3 3 14 143
52 33 3 6 14 143
52 34 3 5 3 143
52 35 3 6 21 143
52 36 3 3 2 143
52 37 3 3 12 143
52 39 3 3 4 143
52 42 3 6 6 143
52 44 3 6 7 143
52 46 3 3 20 143
52 47 3 5 17 143
52 48 3 2 21 143
52 50 3 3 22 143
52 53 3 1 23 143
52 55 3 2 18 143
52 56 3 3 21 143
52 57 3 5 12 143
52 58 3 6 12 143
52 59 3 4 22 143
52 60 3 2 11 143
52 65 3 4 23 143
52 69 3 4 3 143
52 70 3 1 14 143
52 72 3 3 2 143
52 74 3 6 25 143
52 75 3 2 21 143
52 77 3 2 16 143
52 80 3 4 10 143
52 81 3 1 23 143
52 82 3 5 4 143
52 85 3 2 7 143
52 87 3 3 20 143
52 89 3 5 10 143
52 90 3 1 14 143
52 91 3 1 25 143
52 93 3 1 11 143
52 94 3 4 21 143
52 98 3 1 19 143
52 99 3 4 5 143
53 0 1 5 1 301
53 1 1 5 11 301
53 2 1 5 6 301
53 3 1 4 21 301
53 5 1 3 19 301
53 7 1 2 14 301
53 8 1 1 14 301
53 11 1 3 8 301
53 12 1 4 16 301
53 14 1 4 23 301
53 15 1 4 13 301
53 16 1 6 6 301
53 17 1 5 15 301
53 20 1 2 21 301
53 21 1 6 22 301
53 22 1 6 19 301
53 26 1 4 25 301
53 28 1 6 6 301
53 29 1 3 2 301
53 30 1 4 10 301
53 32 1 5 5 301
53 33 1 6 3 301
53 34 1 5 22 301
53 35 1 6 1 301
53 37 1 3 8 301
53 40 1 2 23 301
53 41 1 6 15 301
53 43 1 6 25 301
53 46 1 3 9 301
53 48 1 2 11 301
53 49 1 2 7 301
53 52 1 3 23 301
53 54 1 6 25 301
53 55 1 2 8 301
53 56 1 3 6 301
53 57 1 5 7 301
53 59 1 4 4 301
53 60 1 2 13 301
53 63 1 4 2 301
53 64 1 3 13 301
53 65 1 4 3 301
53 67 1 4 4 301
53 68 1 4 19 301
53 69 1 4 11 301
53 70 1 1 21 301
53 73 1 1 11 301
53 74 1 6 11 301
53 77 1 2 11 301
53 79 1 3 5 301
53 80 1 4 11 301
53 86 1 2 9 301
53 88 1 6 14 301
53 91 1 1 22 301
53 97 1 6 10 301
53 98 1 1 2 301
54 0 6 5 7 485
54 3 6 4 1 485
54 5 6 3 21 485
54 6 6 6 4 485
54 7 6 2 7 485
54 8 6 1 18 485
54 9 6 3 3 485
54 10 6 6 2 485
54 13 6 3 25 485
54 14 6 4 2 485
54 15 6 4 15 485
54 18 6 6 15 485
54 22 6 6 2 485
54 23 6 6 2 485
54 24 6 6 19 485
54 27 6 6 11 485
54 28 6 6 19 485
54 29 6 3 23 485
54 30 6 4 4 485
54 32 6 5 12 485
54 33 6 6 17 485
54 35 6 6 18 485
54 40 6 2 12 485
54 41 6 6 11 485
54 42 6 6 5 485
54 43 6 6 15 485
54 44 6 6 14 485
54 51 6 4 20 485
54 53 6 1 25 485
54 55 6 2 10 485
54 57 6 5 5 485
54 59 6 4 11 485
54 61 6 1 16 485
54 62 6 5 4 485
54 63 6 4 20 485
54 64 6 3 16 485
54 65 6 4 21 485
54 66 6 1 11 485
54 67 6 4 16 485
54 68 6 4 10 485
54 69 6 4 7 485
54 71 6 4 17 485
54 72 6 3 15 485
54 73 6 1 2 485
54 80 6 4 13 485
54 82 6 5 22 485
54 85 6 2 15 485
54 86 6 2 21 485
54 87 6 3 14 485
54 89 6 5 7 485
54 90 6 1 12 485
54 93 6 1 10 485
54 98 6 1 15 485
54 99 6 4 6 485
55 0 2 5 5 842
55 4 2 6 22 842
55 9 2 3 24 842
55 11 2 3 1 842
55 12 2 4 12 842
55 13 2 3 15 842
55 16 2 6 19 842
55 17 2 5 8 842
55 18 2 6 6 842
55 26 2 4 22 842
55 30 2 4 20 842
55 31 2 2 8 842
55 32 2 5 14 842
55 33 2 6 19 842
55 35 2 6 13 842
55 36 2 3 2 842
55 37 2 3 15 842
55 38 2 1 18 842
55 39 2 3 10 842
55 41 2 6 3 842
55 43 2 6 2 842
55 45 2 1 21 842
55 46 2 3 4 842
55 48 2 2 3 842
55 52 2 3 18 842
55 53 2 1 8 842
55 54 2 6 10 842
55 58 2 6 2 842
55 59 2 4 20 842
55 60 2 2 17 842
55 64 2 3 14 842
55 66 2 1 21 842
55 67 2 4 20 842
55 69 2 4 18 842
55 72 2 3 3 842
55 73 2 1 3 842
55 74 2 6 4 842
55 75 2 2 7 842
55 78 2 5 3 842
55 81 2 1 18 842
55 83 2 5 13 842
55 86 2 2 4 842
55 87 2 3 20 842
55 88 2 6 10 842
55 90 2 1 2 842
55 93 2 1 2 842
55 94 2 4 14 842
55 97 2 6 21 842
55 98 2 1 6 842
55 99 2 4 22 842
56 0 3 5 19 917
56 1 3 5 24 917
56 6 3 6 11 917
56 11 3 3 22 917
56 12 3 4 9 917
56 14 3 4 1 917
56 19 3 4 16 917
56 20 3 2 12 917
56 21 3 6 11 917
56 25 3 5 11 917
56 26 3 4 24 917
56 27 3 6 4 917
56 30 3 4 23 917
56 33 3 6 3 917
56 34 3 5 18 917
56 35 3 6 13 917
56 36 3 3 11 917
56 37 3 3 22 917
56 41 3 6 23 917
56 42 3 6 2 917
56 44 3 6 11 917
56 45 3 1 6 917
56 47 3 5 12 917
56 49 3 2 6 917
56 51 3 4 25 917
56 52 3 3 21 917
56 53 3 1 6 917
56 57 3 5 14 917
56 60 3 2 5 917
56 62 3 5 4 917
56 66 3 1 7 917
56 67 3 4 16 917
56 68 3 4 12 917
56 69 3 4 18 917
56 70 3 1 13 917
56 71 3 4 4 917
56 74 3 6 16 917
56 75 3 2 5 917
56 76 3 3 12 917
56 78 3 5 19 917
56 81 3 1 5 917
56 82 3 5 3 917
56 83 3 5 3 917
56 84 3 2 7 917
56 87 3 3 25 917
56 90 3 1 14 917
56 92 3 6 20 917
56 93 3 1 15 917
56 94 3 4 15 917
56 96 3 3 14 917
56 97 3 6 22 917
56 98 3 1 25 917
57 2 5 5 25 666
57 5 5 3 21 666
57 6 5 6 14 666
57 7 5 2 12 666
57 9 5 3 3 666
57 10 5 6 21 666
57 12 5 4 16 666
57 14 5 4 3 666
57 15 5 4 19 666
57 16 5 6 19 666
57 19 5 4 3 666
57 20 5 2 19 666
57 23 5 6 9 666
57 24 5 6 4 666
57 25 5 5 6 666
57 27 5 6 15 666
57 29 5 3 11 666
57 30 5 4 22 666
57 32 5 5 10 666
57 33 5 6 12 666
57 34 5 5 19 666
57 36 5 3 13 666
57 38 5 1 20 666
57 42 5 6 9 666
57 43 5 6 22 666
57 46 5 3 7 666
57 47 5 5 3 666
57 52 5 3 12 666
57 53 5 1 7 666
57 54 5 6 5 666
57 56 5 3 14 666
57 58 5 6 4 666
57 61 5 1 14 666
57 62 5 5 18 666
57 64 5 3 3 666
57 66 5 1 1 666
57 67 5 4 21 666
57 69 5 4 13 666
57 72 5 3 14 666
57 73 5 1 17 666
57 74 5 6 11 666
57 75 5 2 1 666
57 77 5 2 2 666
57 78 5 5 3 666
57 85 5 2 6 666
57 86 5 2 14 666
57 90 5 1 5 666
57 91 5 1 23 666
57 92 5 6 12 666
57 94 5 4 8 666
57 96 5 3 9 666
57 97 5 6 13 666
58 0 6 5 20 546
58 3 6 4 9 546
58 9 6 3 23 546
58 10 6 6 13 546
58 14 6 4 17 546
58 15 6 4 20 546
58 16 6 6 19 546
58 17 6 5 6 546
58 18 6 6 22 546
58 20 6 2 8 546
58 25 6 5 8 546
58 27 6 6 20 546
58 29 6 3 25 546
58 30 6 4 23 546
58 31 6 2 12 546
58 34 6 5 19 546
58 35 6 6 3 546
58 36 6 3 19 546
58 37 6 3 12 546
58 40 6 2 1 546
58 41 6 6 18 546
58 42 6 6 5 546
58 46 6 3 5 546
58 47 6 5 24 546
58 48 6 2 24 546
58 50 6 3 5 546
58 52 6 3 12 546
58 55 6 2 2 546
58 57 6 5 4 546
58 59 6 4 15 546
58 62 6 5 5 546
58 64 6 3 12 546
58 65 6 4 24 546
58 67 6 4 2 546
58 68 6 4 9 546
58 69 6 4 7 546
58 70 6 1 12 546
58 72 6 3 11 546
58 73 6 1 1 546
58 74 6 6 15 546
58 75 6 2 7 546
58 76 6 3 19 546
58 81 6 1 23 546
58 83 6 5 16 546
58 85 6 2 5 546
58 86 6 2 7 546
58 88 6 6 22 546
58 89 6 5 18 546
58 90 6 1 1 546
58 91 6 1 3 546
58 94 6 4 4 546
59 1 4 5 4 986
59 2 4 5 12 986
59 4 4 6 4 986
59 6 4 6 22 986
59 8 4 1 16 986
59 10 4 6 24 986
59 12 4 4 6 986
59 13 4 3 15 986
59 14 4 4 5 986
59 15 4 4 21 986
59 16 4 6 25 986
59 18 4 6 19 986
59 19 4 4 24 986
59 21 4 6 20 986
59 22 4 6 16 986
59 28 4 6 16 986
59 29 4 3 22 986
59 30 4 4 13 986
59 31 4 2 11 986
59 32 4 5 4 986
59 33 4 6 3 986
59 34 4 5 14 986
59 35 4 6 19 986
59 37 4 3 21 986
59 40 4 2 21 986
59 41 4 6 15 986
59 42 4 6 21 986
59 43 4 6 1 986
59 44 4 6 20 986
59 49 4 2 17 986
59 51 4 4 24 986
59 52 4 3 22 986
59 53 4 1 4 986
59 54 4 6 11 986
59 55 4 2 20 986
59 58 4 6 15 986
59 62 4 5 5 986
59 63 4 4 2 986
59 65 4 4 25 986
59 67 4 4 20 986
59 68 4 4 7 986
59 69 4 4 20 986
59 70 4 1 8 986
59 71 4 4 13 986
59 73 4 1 7 986
59 75 4 2 21 986
59 76 4 3 3 986
59 77 4 2 3 986
59 78 4 5 22 986
59 79 4 3 22 986
59 82 4 5 20 986
59 83 4 5 17 986
59 84 4 2 4 986
59 86 4 2 18 986
59 87 4 3 19 986
59 88 4 6 15 986
59 90 4 1 23 986
59 91 4 1 10 986
59 92 4 6 5 986
59 93 4 1 24 986
59 95 4 3 10 986
59 97 4 6 11 986
59 99 4 4 20 986
60 0 2 5 3 106
60 1 2 5 14 106
60 2 2 5 5 106
60 4 2 6 16 106
60 5 2 3 21 106
60 6 2 6 11 106
60 7 2 2 9 106
60 9 2 3 21 106
60 10 2 6 17 106
60 11 2 3 1 106
60 12 2 4 10 106
60 15 2 4 22 106
60 16 2 6 25 106
60 18 2 6 20 106
60 20 2 2 5 106
60 21 2 6 10 106
60 22 2 6 3 106
60 24 2 6 16 106
60 27 2 6 7 106
60 28 2 6 2 106
60 29 2 3 5 106
60 31 2 2 2 106
60 32 2 5 16 106
60 34 2 5 22 106
60 37 2 3 25 106
60 39 2 3 8 106
60 41 2 6 21 106
60 43 2 6 2 106
60 46 2 3 22 106
60 48 2 2 1 106
60 50 2 3 15 106
60 52 2 3 11 106
60 53 2 1 13 106
60 55 2 2 17 106
60 56 2 3 5 106
60 61 2 1 14 106
60 62 2 5 7 106
60 64 2 3 10 106
60 68 2 4 10 106
60 72 2 3 18 106
60 73 2 1 12 106
60 74 2 6 4 106
60 75 2 2 1 106
60 76 2 3 11 106
60 77 2 2 25 106
60 78 2 5 14 106
60 79 2 3 21 106
60 80 2 4 25 106
60 82 2 5 16 106
60 83 2 5 2 106
60 84 2 2 25 106
60 85 2 2 25 106
60 86 2 2 18 106
60 91 2 1 17 106
60 92 2 6 23 106
60 96 2 3 7 106
60 98 2 1 22 106
61 1 1 5 1 86
61 3 1 4 4 86
61 4 1 6 15 86
61 5 1 3 22 86
61 6 1 6 6 86
61 11 1 3 10 86
61 12 1 4 17 86
61 15 1 4 13 86
61 17 1 5 24 86
61 18 1 6 6 86
61 19 1 4 17 86
61 20 1 2 21 86
61 22 1 6 7 86
61 23 1 6 21 86
61 24 1 6 9 86
61 26 1 4 3 86
61 32 1 5 15 86
61 33 1 6 15 86
61 34 1 5 2 86
61 37 1 3 6 86
61 40 1 2 19 86
61 41 1 6 17 86
61 42 1 6 13 86
61 43 1 6 7 86
61 45 1 1 6 86
61 46 1 3 19 86
61 47 1 5 12 86
61 48 1 2 20 86
61 51 1 4 18 86
61 54 1 6 16 86
61 57 1 5 14 86
61 60 1 2 14 86
61 62 1 5 23 86
61 63 1 4 3 86
61 64 1 3 16 86
61 65 1 4 13 86
61 67 1 4 1 86
61 68 1 4 16 86
61 70 1 1 15 86
61 73 1 1 8 86
61 77 1 2 1 86
61 78 1 5 14 86
61 79 1 3 3 86
61 81 1 1 1 86
61 82 1 5 24 86
61 85 1 2 20 86
61 86 1 2 2 86
61 90 1 1 2 86
61 94 1 4 13 86
61 97 1 6 7 86
62 0 5 5 23 464
62 1 5 5 9 464
62 3 5 4 22 464
62 4 5 6 5 464
62 5 5 3 25 464
62 6 5 6 12 464
62 8 5 1 16 464
62 13 5 3 4 464
62 14 5 4 18 464
62 16 5 6 16 464
62 17 5 5 7 464
62 18 5 6 16 464
62 20 5 2 9 464
62 21 5 6 12 464
62 22 5 6 12 464
62 25 5 5 15 464
62 26 5 4 8 464
62 27 5 6 5 464
62 28 5 6 17 464
62 30 5 4 24 464
62 31 5 2 4 464
62 33 5 6 21 464
62 34 5 5 7 464
62 40 5 2 12 464
62 41 5 6 5 464
62 43 5 6 2 464
62 44 5 6 7 464
62 46 5 3 21 464
62 48 5 2 14 464
62 49 5 2 12 464
62 51 5 4 19 464
62 54 5 6 4 464
62 56 5 3 4 464
62 57 5 5 18 464
62 58 5 6 5 464
62 59 5 4 5 464
62 60 5 2 7 464
62 61 5 1 23 464
62 63 5 4 20 464
62 64 5 3 3 464
62 65 5 4 4 464
62 67 5 4 23 464
62 68 5 4 18 464
62 71 5 4 14 464
62 72 5 3 17 464
62 73 5 1 16 464
62 76 5 3 12 464
62 78 5 5 19 464
62 79 5 3 16 464
62 80 5 4 4 464
62 81 5 1 11 464
62 84 5 2 17 464
62 85 5 2 1 464
62 86 5 2 23 464
62 90 5 1 22 464
62 94 5 4 24 464
62 98 5 1 9 464
63 0 4 5 23 245
63 1 4 5 19 245
63 2 4 5 15 245
63 3 4 4 16 245
63 5 4 3 19 245
63 6 4 6 7 245
63 7 4 2 19 245
63 8 4 1 4 245
63 10 4 6 14 245
63 13 4 3 24 245
63 14 4 4 17 245
63 15 4 4 4 245
63 16 4 6 14 245
63 20 4 2 1 245
63 22 4 6 6 245
63 23 4 6 3 245
63 27 4 6 5 245
63 30 4 4 7 245
63 32 4 5 18 245
63 38 4 1 18 245
63 39 4 3 19 245
63 40 4 2 3 245
63 43 4 6 14 245
63 45 4 1 12 245
63 47 4 5 2 245
63 48 4 2 6 245
63 49 4 2 18 245
63 53 4 1 2 245
63 54 4 6 20 245
63 59 4 4 2 245
63 61 4 1 3 245
63 62 4 5 20 245
63 65 4 4 6 245
63 69 4 4 20 245
63 71 4 4 7 245
63 74 4 6 7 245
63 75 4 2 25 245
63 79 4 3 22 245
63 80 4 4 22 245
63 81 4 1 18 245
63 83 4 5 16 245
63 84 4 2 5 245
63 87 4 3 18 245
63 90 4 1 22 245
63 92 4 6 9 245
63 93 4 1 12 245
63 94 4 4 19 245
63 97 4 6 4 245
63 98 4 1 1 245
63 99 4 4 25 245
64 0 3 5 17 917
64 1 3 5 2 917
64 2 3 5 14 917
64 3 3 4 23 917
64 6 3 6 11 917
64 8 3 1 23 917
64 9 3 3 16 917
64 10 3 6 8 917
64 12 3 4 8 917
64 15 3 4 9 917
64 17 3 5 22 917
64 20 3 2 2 917
64 22 3 6 8 917
64 25 3 5 2 917
64 26 3 4 15 917
64 28 3 6 18 917
64 29 3 3 18 917
64 30 3 4 1 917
64 32 3 5 13 917
64 33 3 6 11 917
64 35 3 6 5 917
64 37 3 3 17 917
64 40 3 2 23 917
64 41 3 6 21 917
64 44 3 6 6 917
64 45 3 1 25 917
64 48 3 2 20 917
64 53 3 1 13 917
64 54 3 6 16 917
64 55 3 2 14 917
64 57 3 5 3 917
64 58 3 6 12 917
64 60 3 2 10 917
64 61 3 1 16 917
64 62 3 5 3 917
64 66 3 1 18 917
64 70 3 1 5 917
64 71 3 4 3 917
64 72 3 3 10 917
64 73 3 1 9 917
64 74 3 6 16 917
64 75 3 2 1 917
64 78 3 5 4 917
64 79 3 3 19 917
64 81 3 1 4 917
64 82 3 5 3 917
64 83 3 5 3 917
64 84 3 2 5 917
64 85 3 2 3 917
64 86 3 2 10 917
64 87 3 3 3 917
64 95 3 3 18 917
64 96 3 3 18 917
65 3 4 4 5 736
65 9 4 3 17 736
65 10 4 6 25 736
65 13 4 3 4 736
65 14 4 4 6 736
65 17 4 5 24 736
65 18 4 6 16 736
65 22 4 6 7 736
65 25 4 5 8 736
65 26 4 4 7 736
65 27 4 6 18 736
65 29 4 3 8 736
65 32 4 5 1 736
65 33 4 6 10 736
65 34 4 5 4 736
65 35 4 6 15 736
65 39 4 3 4 736
65 40 4 2 10 736
65 42 4 6 15 736
65 43 4 6 10 736
65 44 4 6 3 736
65 45 4 1 1 736
65 47 4 5 2 736
65 48 4 2 11 736
65 50 4 3 21 736
65 51 4 4 17 736
65 52 4 3 23 736
65 53 4 1 3 736
65 54 4 6 21 736
65 58 4 6 24 736
65 59 4 4 25 736
65 61 4 1 13 736
65 62 4 5 4 736
65 63 4 4 6 736
65 68 4 4 20 736
65 71 4 4 10 736
65 73 4 1 15 736
65 74 4 6 7 736
65 76 4 3 5 736
65 78 4 5 24 736
65 80 4 4 3 736
65 81 4 1 20 736
65 83 4 5 16 736
65 84 4 2 23 736
65 85 4 2 6 736
65 87 4 3 18 736
65 88 4 6 17 736
65 91 4 1 10 736
65 92 4 6 21 736
65 93 4 1 10 736
65 96 4 3 16 736
65 97 4 6 8 736
65 98 4 1 15 736
65 99 4 4 4 736
66 2 1 5 16 243
66 4 1 6 1 243
66 5 1 3 8 243
66 10 1 6 25 243
66 14 1 4 20 243
66 16 1 6 6 243
66 20 1 2 7 243
66 21 1 6 12 243
66 22 1 6 2 243
66 23 1 6 7 243
66 24 1 6 6 243
66 25 1 5 9 243
66 26 1 4 16 243
66 27 1 6 14 243
66 29 1 3 2 243
66 31 1 2 3 243
66 32 1 5 11 243
66 35 1 6 11 243
66 36 1 3 7 243
66 39 1 3 16 243
66 41 1 6 2 243
66 42 1 6 8 243
66 43 1 6 16 243
66 45 1 1 15 243
66 46 1 3 9 243
66 54 1 6 11 243
66 55 1 2 21 243
66 56 1 3 7 243
66 57 1 5 1 243
66 64 1 3 18 243
66 68 1 4 21 243
66 70 1 1 6 243
66 71 1 4 12 243
66 72 1 3 14 243
66 73 1 1 23 243
66 74 1 6 22 243
66 76 1 3 5 243
66 79 1 3 19 243
66 83 1 5 8 243
66 85 1 2 4 243
66 86 1 2 17 243
66 87 1 3 4 243
66 90 1 1 11 243
66 91 1 1 18 243
66 92 1 6 13 243
66 93 1 1 6 243
66 95 1 3 16 243
66 97 1 6 18 243
67 0 4 5 4 76
67 1 4 5 18 76
67 2 4 5 14 76
67 10 4 6 8 76
67 13 4 3 18 76
67 15 4 4 14 76
67 16 4 6 5 76
67 19 4 4 22 76
67 20 4 2 9 76
67 23 4 6 4 76
67 25 4 5 12 76
67 26 4 4 22 76
67 30 4 4 6 76
67 35 4 6 11 76
67 37 4 3 13 76
67 38 4 1 12 76
67 39 4 3 23 76
67 40 4 2 10 76
67 42 4 6 11 76
67 44 4 6 21 76
67 47 4 5 25 76
67 53 4 1 4 76
67 54 4 6 16 76
67 55 4 2 20 76
67 56 4 3 16 76
67 57 4 5 21 76
67 58 4 6 2 76
67 59 4 4 20 76
67 61 4 1 1 76
67 62 4 5 23 76
67 68 4 4 8 76
67 71 4 4 17 76
67 73 4 1 14 76
67 74 4 6 9 76
67 75 4 2 9 76
67 78 4 5 12 76
67 80 4 4 17 76
67 82 4 5 13 76
67 83 4 5 5 76
67 90 4 1 3 76
67 91 4 1 25 76
67 92 4 6 4 76
67 94 4 4 6 76
67 95 4 3 24 76
67 97 4 6 20 76
67 98 4 1 16 76
67 99 4 4 16 76
68 0 4 5 9 540
68 2 4 5 13 540
68 4 4 6 10 540
68 8 4 1 16 540
68 12 4 4 9 540
68 15 4 4 13 540
68 16 4 6 9 540
68 17 4 5 18 540
68 19 4 4 4 540
68 21 4 6 24 540
68 24 4 6 20 540
68 25 4 5 7 540
68 26 4 4 5 540
68 28 4 6 6 540
68 29 4 3 3 540
68 32 4 5 5 540
68 35 4 6 12 540
68 36 4 3 2 540
68 37 4 3 18 540
68 40 4 2 16 540
68 41 4 6 20 540
68 42 4 6 12 540
68 46 4 3 7 540
68 48 4 2 5 540
68 53 4 1 19 540
68 54 4 6 10 540
68 56 4 3 12 540
68 58 4 6 9 540
68 59 4 4 7 540
68 60 4 2 10 540
68 61 4 1 16 540
68 62 4 5 18 540
68 65 4 4 20 540
68 66 4 1 21 540
68 67 4 4 8 540
68 70 4 1 13 540
68 76 4 3 22 540
68 80 4 4 10 540
68 81 4 1 24 540
68 88 4 6 16 540
68 89 4 5 4 540
68 90 4 1 23 540
68 95 4 3 13 540
68 96 4 3 5 540
68 99 4 4 24 540
69 2 4 5 19 390
69 3 4 4 6 390
69 5 4 3 8 390
69 6 4 6 12 390
69 8 4 1 22 390
69 9 4 3 13 390
69 12 4 4 17 390
69 13 4 3 24 390
69 14 4 4 19 390
69 15 4 4 11 390
69 16 4 6 23 390
69 19 4 4 22 390
69 23 4 6 22 390
69 29 4 3 5 390
69 31 4 2 7 390
69 33 4 6 6 390
69 34 4 5 9 390
69 35 4 6 17 390
69 36 4 3 18 390
69 37 4 3 8 390
69 38 4 1 5 390
69 42 4 6 7 390
69 43 4 6 1 390
69 44 4 6 23 390
69 45 4 1 15 390
69 46 4 3 6 390
69 50 4 3 11 390
69 52 4 3 3 390
69 53 4 1 11 390
69 54 4 6 7 390
69 55 4 2 18 390
69 56 4 3 18 390
69 57 4 5 13 390
69 58 4 6 7 390
69 59 4 4 20 390
69 63 4 4 20 390
69 70 4 1 20 390
69 75 4 2 24 390
69 76 4 3 13 390
69 78 4 5 19 390
69 81 4 1 2 390
69 82 4 5 10 390
69 83 4 5 3 390
69 84 4 2 25 390
69 86 4 2 7 390
69 87 4 3 6 390
69 88 4 6 18 390
69 90 4 1 10 390
69 91 4 1 11 390
69 93 4 1 1 390
69 94 4 4 20 390
69 95 4 3 17 390
69 98 4 1 6 390
70 1 1 5 24 87
70 2 1 5 3 87
70 4 1 6 21 87
70 7 1 2 3 87
70 9 1 3 7 87
70 11 1 3 13 87
70 14 1 4 6 87
70 15 1 4 14 87
70 17 1 5 2 87
70 19 1 4 4 87
70 21 1 6 4 87
70 22 1 6 24 87
70 23 1 6 6 87
70 24 1 6 21 87
70 26 1 4 14 87
70 29 1 3 12 87
70 31 1 2 17 87
70 33 1 6 5 87
70 34 1 5 16 87
70 35 1 6 9 87
70 40 1 2 1 87
70 41 1 6 17 87
70 43 1 6 16 87
70 44 1 6 4 87
70 45 1 1 17 87
70 46 1 3 19 87
70 48 1 2 6 87
70 52 1 3 14 87
70 53 1 1 21 87
70 56 1 3 13 87
70 58 1 6 12 87
70 59 1 4 8 87
70 61 1 1 15 87
70 64 1 3 5 87
70 66 1 1 6 87
70 68 1 4 13 87
70 69 1 4 20 87
70 71 1 4 24 87
70 72 1 3 1 87
70 73 1 1 22 87
70 74 1 6 14 87
70 81 1 1 14 87
70 84 1 2 15 87
70 85 1 2 9 87
70 87 1 3 22 87
70 89 1 5 25 87
70 91 1 1 3 87
70 94 1 4 17 87
70 96 1 3 12 87
70 98 1 1 7 87
71 0 4 5 4 891
71 2 4 5 17 891
71 5 4 3 22 891
71 9 4 3 6 891
71 10 4 6 19 891
71 11 4 3 20 891
71 12 4 4 14 891
71 15 4 4 10 891
71 16 4 6 15 891
71 17 4 5 18 891
71 18 4 6 3 891
71 19 4 4 23 891
71 20 4 2 19 891
71 21 4 6 8 891
71 23 4 6 4 891
71 25 4 5 16 891
71 26 4 4 15 891
71 27 4 6 25 891
71 28 4 6 4 891
71 29 4 3 21 891
71 31 4 2 14 891
71 32 4 5 17 891
71 35 4 6 8 891
71 37 4 3 24 891
71 39 4 3 12 891
71 41 4 6 11 891
71 46 4 3 23 891
71 47 4 5 23 891
71 48 4 2 10 891
71 50 4 3 15 891
71 51 4 4 1 891
71 54 4 6 17 891
71 56 4 3 4 891
71 59 4 4 13 891
71 62 4 5 14 891
71 63 4 4 7 891
71 64 4 3 3 891
71 65 4 4 10 891
71 66 4 1 12 891
71 67 4 4 17 891
71 70 4 1 24 891
71 76 4 3 12 891
71 77 4 2 4 891
71 78 4 5 22 891
71 81 4 1 14 891
71 82 4 5 5 891
71 83 4 5 25 891
71 86 4 2 22 891
71 87 4 3 13 891
71 88 4 6 13 891
71 89 4 5 2 891
71 91 4 1 6 891
71 92 4 6 22 891
71 94 4 4 3 891
71 95 4 3 25 891
71 98 4 1 16 891
71 99 4 4 2 891
72 0 3 5 23 202
72 3 3 4 2 202
72 6 3 6 8 202
72 8 3 1 19 202
72 11 3 3 21 202
72 12 3 4 12 202
72 13 3 3 2 202
72 14 3 4 21 202
72 15 3 4 12 202
72 16 3 6 12 202
72 17 3 5 15 202
72 18 3 6 3 202
72 20 3 2 22 202
72 21 3 6 1 202
72 22 3 6 1 202
72 24 3 6 25 202
72 25 3 5 6 202
72 28 3 6 17 202
72 30 3 4 25 202
72 36 3 3 1 202
72 38 3 1 25 202
72 39 3 3 9 202
72 40 3 2 1 202
72 41 3 6 7 202
72 44 3 6 9 202
72 47 3 5 10 202
72 49 3 2 20 202
72 50 3 3 1 202
72 52 3 3 2 202
72 54 3 6 15 202
72 55 3 2 3 202
72 57 3 5 14 202
72 58 3 6 11 202
72 60 3 2 18 202
72 62 3 5 17 202
72 64 3 3 10 202
72 66 3 1 14 202
72 70 3 1 1 202
72 82 3 5 14 202
72 83 3 5 16 202
72 84 3 2 11 202
72 87 3 3 1 202
72 89 3 5 9 202
72 92 3 6 2 202
73 0 1 5 17 89
73 1 1 5 11 89
73 3 1 4 17 89
73 4 1 6 6 89
73 5 1 3 23 89
73 6 1 6 21 89
73 7 1 2 1 89
73 9 1 3 3 89
73 10 1 6 6 89
73 11 1 3 11 89
73 14 1 4 23 89
73 15 1 4 15 89
73 16 1 6 22 89
73 18 1 6 21 89
73 19 1 4 19 89
73 20 1 2 22 89
73 21 1 6 25 89
73 22 1 6 25 89
73 23 1 6 22 89
73 24 1 6 19 89
73 26 1 4 2 89
73 29 1 3 22 89
73 31 1 2 22 89
73 33 1 6 17 89
73 34 1 5 22 89
73 35 1 6 8 89
73 36 1 3 17 89
73 37 1 3 16 89
73 38 1 1 20 89
73 40 1 2 5 89
73 42 1 6 2 89
73 44 1 6 19 89
73 45 1 1 24 89
73 53 1 1 11 89
73 54 1 6 2 89
73 55 1 2 3 89
73 57 1 5 17 89
73 58 1 6 1 89
73 59 1 4 7 89
73 60 1 2 12 89
73 61 1 1 8 89
73 62 1 5 16 89
73 64 1 3 9 89
73 65 1 4 15 89
73 66 1 1 23 89
73 67 1 4 14 89
73 70 1 1 22 89
73 75 1 2 14 89
73 76 1 3 24 89
73 80 1 4 2 89
73 81 1 1 6 89
73 82 1 5 9 89
73 84 1 2 16 89
73 86 1 2 25 89
73 87 1 3 17 89
73 88 1 6 7 89
73 91 1 1 23 89
73 93 1 1 24 89
73 94 1 4 22 89
73 97 1 6 15 89
73 98 1 1 16 89
74 1 6 5 18 795
74 2 6 5 7 795
74 4 6 6 21 795
74 7 6 2 17 795
74 8 6 1 12 795
74 13 6 3 19 795
74 14 6 4 12 795
74 15 6 4 5 795
74 16 6 6 11 795
74 18 6 6 24 795
74 20 6 2 24 795
74 23 6 6 9 795
74 24 6 6 22 795
74 28 6 6 5 795
74 29 6 3 13 795
74 30 6 4 16 795
74 33 6 6 13 795
74 34 6 5 16 795
74 36 6 3 10 795
74 39 6 3 9 795
74 40 6 2 5 795
74 41 6 6 1 795
74 44 6 6 9 795
74 48 6 2 11 795
74 49 6 2 4 795
74 50 6 3 11 795
74 52 6 3 25 795
74 53 6 1 11 795
74 55 6 2 4 795
74 56 6 3 16 795
74 57 6 5 11 795
74 58 6 6 15 795
74 60 6 2 4 795
74 63 6 4 7 795
74 64 6 3 16 795
74 65 6 4 7 795
74 66 6 1 22 795
74 67 6 4 9 795
74 70 6 1 14 795
74 75 6 2 5 795
74 76 6 3 17 795
74 78 6 5 16 795
74 81 6 1 23 795
74 85 6 2 9 795
74 86 6 2 19 795
74 88 6 6 21 795
74 91 6 1 10 795
74 92 6 6 16 795
74 94 6 4 19 795
74 96 6 3 20 795
74 97 6 6 9 795
74 98 6 1 8 795
75 3 2 4 25 796
75 7 2 2 4 796
75 15 2 4 8 796
75 17 2 5 12 796
75 18 2 6 2 796
75 24 2 6 16 796
75 26 2 4 6 796
75 28 2 6 1 796
75 31 2 2 2 796
75 33 2 6 2 796
75 34 2 5 3 796
75 36 2 3 19 796
75 37 2 3 10 796
75 44 2 6 5 796
75 45 2 1 13 796
75 47 2 5 13 796
75 48 2 2 24 796
75 49 2 2 22 796
75 50 2 3 5 796
75 51 2 4 12 796
75 52 2 3 21 796
75 55 2 2 7 796
75 56 2 3 5 796
75 57 2 5 1 796
75 58 2 6 7 796
75 59 2 4 21 796
75 60 2 2 1 796
75 63 2 4 25 796
75 64 2 3 1 796
75 67 2 4 9 796
75 69 2 4 24 796
75 73 2 1 14 796
75 74 2 6 5 796
75 78 2 5 19 796
75 81 2 1 12 796
75 87 2 3 21 796
75 89 2 5 25 796
75 90 2 1 24 796
75 91 2 1 4 796
75 92 2 6 24 796
75 94 2 4 18 796
75 95 2 3 16 796
75 98 2 1 18 796
76 3 3 4 19 406
76 4 3 6 8 406
76 5 3 3 9 406
76 6 3 6 16 406
76 14 3 4 15 406
76 15 3 4 3 406
76 20 3 2 10 406
76 22 3 6 25 406
76 24 3 6 12 406
76 25 3 5 13 406
76 26 3 4 23 406
76 28 3 6 1 406
76 30 3 4 3 406
76 32 3 5 2 406
76 33 3 6 15 406
76 39 3 3 17 406
76 40 3 2 14 406
76 43 3 6 19 406
76 44 3 6 2 406
76 45 3 1 16 406
76 46 3 3 8 406
76 51 3 4 21 406
76 56 3 3 12 406
76 58 3 6 19 406
76 59 3 4 3 406
76 60 3 2 11 406
76 62 3 5 12 406
76 65 3 4 5 406
76 66 3 1 5 406
76 68 3 4 22 406
76 69 3 4 13 406
76 71 3 4 12 406
76 73 3 1 24 406
76 74 3 6 17 406
76 79 3 3 20 406
76 80 3 4 9 406
76 89 3 5 17 406
76 90 3 1 16 406
76 91 3 1 5 406
76 93 3 1 17 406
76 94 3 4 22 406
76 95 3 3 22 406
76 97 3 6 5 406
77 0 2 5 23 995
77 2 2 5 13 995
77 8 2 1 25 995
77 9 2 3 22 995
77 13 2 3 8 995
77 15 2 4 17 995
77 16 2 6 21 995
77 18 2 6 14 995
77 20 2 2 6 995
77 21 2 6 12 995
77 22 2 6 3 995
77 23 2 6 4 995
77 26 2 4 3 995
77 35 2 6 2 995
77 36 2 3 4 995
77 37 2 3 10 995
77 39 2 3 10 995
77 40 2 2 20 995
77 43 2 6 22 995
77 44 2 6 24 995
77 48 2 2 25 995
77 51 2 4 8 995
77 52 2 3 16 995
77 53 2 1 11 995
77 57 2 5 2 995
77 59 2 4 3 995
77 60 2 2 25 995
77 61 2 1 1 995
77 71 2 4 4 995
77 78 2 5 19 995
77 80 2 4 10 995
77 81 2 1 2 995
77 85 2 2 12 995
77 86 2 2 12 995
77 87 2 3 10 995
77 96 2 3 6 995
77 98 2 1 2 995
78 0 5 5 12 896
78 2 5 5 15 896
78 3 5 4 2 896
78 4 5 6 21 896
78 7 5 2 14 896
78 8 5 1 11 896
78 9 5 3 16 896
78 10 5 6 13 896
78 11 5 3 6 896
78 12 5 4 5 896
78 15 5 4 9 896
78 16 5 6 6 896
78 18 5 6 22 896
78 19 5 4 17 896
78 20 5 2 1 896
78 21 5 6 2 896
78 22 5 6 9 896
78 23 5 6 9 896
78 24 5 6 24 896
78 26 5 4 14 896
78 28 5 6 9 896
78 29 5 3 11 896
78 30 5 4 16 896
78 32 5 5 3 896
78 35 5 6 17 896
78 37 5 3 3 896
78 41 5 6 16 896
78 42 5 6 7 896
78 43 5 6 20 896
78 50 5 3 25 896
78 55 5 2 3 896
78 56 5 3 19 896
78 57 5 5 3 896
78 59 5 4 22 896
78 60 5 2 14 896
78 61 5 1 14 896
78 62 5 5 19 896
78 64 5 3 4 896
78 65 5 4 24 896
78 67 5 4 12 896
78 69 5 4 19 896
78 71 5 4 22 896
78 74 5 6 16 896
78 75 5 2 19 896
78 77 5 2 19 896
78 80 5 4 3 896
78 81 5 1 1 896
78 82 5 5 2 896
78 83 5 5 20 896
78 84 5 2 9 896
78 85 5 2 15 896
78 89 5 5 11 896
78 91 5 1 19 896
78 93 5 1 4 896
78 94 5 4 24 896
78 95 5 3 3 896
78 98 5 1 15 896
78 99 5 4 15 896
79 0 3 5 21 844
79 2 3 5 18 844
79 3 3 4 4 844
79 4 3 6 5 844
79 5 3 3 4 844
79 6 3 6 21 844
79 8 3 1 17 844
79 9 3 3 6 844
79 11 3 3 21 844
79 12 3 4 13 844
79 13 3 3 14 844
79 14 3 4 19 844
79 17 3 5 12 844
79 19 3 4 21 844
79 23 3 6 2 844
79 24 3 6 7 844
79 25 3 5 20 844
79 26 3 4 12 844
79 27 3 6 11 844
79 28 3 6 21 844
79 30 3 4 10 844
79 31 3 2 13 844
79 34 3 5 20 844
79 36 3 3 11 844
79 37 3 3 9 844
79 39 3 3 12 844
79 42 3 6 8 844
79 44 3 6 1 844
79 45 3 1 7 844
79 46 3 3 3 844
79 47 3 5 5 844
79 49 3 2 4 844
79 51 3 4 25 844
79 53 3 1 5 844
79 59 3 4 22 844
79 60 3 2 21 844
79 61 3 1 3 844
79 62 3 5 16 844
79 63 3 4 22 844
79 64 3 3 19 844
79 66 3 1 19 844
79 76 3 3 20 844
79 80 3 4 9 844
79 81 3 1 9 844
79 82 3 5 14 844
79 83 3 5 17 844
79 84 3 2 20 844
79 88 3 6 19 844
79 93 3 1 23 844
79 95 3 3 21 844
79 96 3 3 9 844
79 97 3 6 4 844
79 99 3 4 16 844
80 0 4 5 17 698
80 1 4 5 21 698
80 2 4 5 14 698
80 3 4 4 16 698
80 4 4 6 8 698
80 6 4 6 11 698
80 7 4 2 7 698
80 8 4 1 22 698
80 9 4 3 2 698
80 10 4 6 16 698
80 13 4 3 13 698
80 16 4 6 3 698
80 17 4 5 9 698
80 18 4 6 24 698
80 26 4 4 6 698
80 27 4 6 4 698
80 28 4 6 5 698
80 29 4 3 12 698
80 31 4 2 8 698
80 33 4 6 2 698
80 34 4 5 25 698
80 36 4 3 11 698
80 37 4 3 11 698
80 38 4 1 20 698
80 39 4 3 22 698
80 40 4 2 18 698
80 45 4 1 9 698
80 49 4 2 4 698
80 50 4 3 16 698
80 52 4 3 10 698
80 53 4 1 11 698
80 54 4 6 13 698
80 60 4 2 25 698
80 62 4 5 4 698
80 63 4 4 22 698
80 65 4 4 3 698
80 67 4 4 17 698
80 68 4 4 10 698
80 73 4 1 2 698
80 76 4 3 9 698
80 77 4 2 10 698
80 78 4 5 3 698
80 79 4 3 9 698
80 83 4 5 24 698
80 85 4 2 19 698
80 86 4 2 14 698
80 90 4 1 12 698
80 91 4 1 18 698
80 92 4 6 20 698
80 93 4 1 18 698
80 94 4 4 17 698
80 96 4 3 6 698
80 98 4 1 13 698
80 99 4 4 15 698
81 1 1 5 19 676
81 2 1 5 20 676
81 3 1 4 2 676
81 5 1 3 10 676
81 6 1 6 5 676
81 9 1 3 14 676
81 10 1 6 15 676
81 12 1 4 12 676
81 13 1 3 16 676
81 14 1 4 15 676
81 15 1 4 18 676
81 16 1 6 24 676
81 18 1 6 18 676
81 21 1 6 3 676
81 25 1 5 8 676
81 28 1 6 23 676
81 32 1 5 25 676
81 33 1 6 9 676
81 34 1 5 4 676
81 35 1 6 8 676
81 40 1 2 9 676
81 44 1 6 25 676
81 45 1 1 11 676
81 46 1 3 8 676
81 49 1 2 22 676
81 50 1 3 11 676
81 51 1 4 8 676
81 52 1 3 23 676
81 55 1 2 18 676
81 56 1 3 5 676
81 58 1 6 23 676
81 61 1 1 1 676
81 62 1 5 11 676
81 63 1 4 18 676
81 64 1 3 4 676
81 65 1 4 20 676
81 68 1 4 24 676
81 69 1 4 2 676
81 70 1 1 14 676
81 71 1 4 14 676
81 73 1 1 6 676
81 74 1 6 23 676
81 75 1 2 12 676
81 77 1 2 2 676
81 78 1 5 1 676
81 79 1 3 9 676
81 82 1 5 8 676
81 83 1 5 21 676
81 84 1 2 7 676
81 85 1 2 18 676
81 86 1 2 19 676
81 87 1 3 11 676
81 88 1 6 15 676
81 89 1 5 16 676
81 91 1 1 10 676
81 93 1 1 22 676
81 95 1 3 25 676
81 96 1 3 14 676
81 97 1 6 25 676
82 0 5 5 23 398
82 1 5 5 3 398
82 2 5 5 20 398
82 4 5 6 21 398
82 5 5 3 6 398
82 9 5 3 17 398
82 10 5 6 5 398
82 11 5 3 16 398
82 12 5 4 17 398
82 13 5 3 12 398
82 14 5 4 6 398
82 16 5 6 20 398
82 18 5 6 11 398
82 20 5 2 21 398
82 22 5 6 25 398
82 23 5 6 3 398
82 24 5 6 18 398
82 25 5 5 13 398
82 27 5 6 3 398
82 31 5 2 10 398
82 32 5 5 5 398
82 33 5 6 10 398
82 34 5 5 12 398
82 36 5 3 25 398
82 37 5 3 18 398
82 39 5 3 10 398
82 40 5 2 8 398
82 48 5 2 24 398
82 51 5 4 11 398
82 52 5 3 4 398
82 54 5 6 22 398
82 56 5 3 3 398
82 59 5 4 20 398
82 60 5 2 16 398
82 61 5 1 24 398
82 64 5 3 3 398
82 67 5 4 13 398
82 69 5 4 10 398
82 71 5 4 5 398
82 72 5 3 14 398
82 73 5 1 9 398
82 78 5 5 2 398
82 79 5 3 14 398
82 81 5 1 8 398
82 83 5 5 3 398
82 84 5 2 8 398
82 85 5 2 15 398
82 86 5 2 6 398
82 89 5 5 8 398
82 91 5 1 12 398
82 93 5 1 1 398
82 95 5 3 18 398
82 96 5 3 1 398
83 0 5 5 8 747
83 1 5 5 7 747
83 3 5 4 18 747
83 4 5 6 1 747
83 5 5 3 14 747
83 6 5 6 3 747
83 7 5 2 4 747
83 8 5 1 19 747
83 9 5 3 8 747
83 11 5 3 2 747
83 12 5 4 22 747
83 14 5 4 21 747
83 16 5 6 1 747
83 19 5 4 5 747
83 20 5 2 8 747
83 21 5 6 17 747
83 22 5 6 19 747
83 23 5 6 3 747
83 25 5 5 14 747
83 26 5 4 18 747
83 29 5 3 9 747
83 30 5 4 7 747
83 37 5 3 25 747
83 39 5 3 3 747
83 40 5 2 5 747
83 41 5 6 17 747
83 42 5 6 13 747
83 44 5 6 16 747
83 46 5 3 5 747
83 47 5 5 19 747
83 49 5 2 3 747
83 50 5 3 6 747
83 55 5 2 13 747
83 56 5 3 3 747
83 58 5 6 16 747
83 59 5 4 17 747
83 60 5 2 2 747
83 63 5 4 16 747
83 64 5 3 3 747
83 65 5 4 16 747
83 66 5 1 8 747
83 67 5 4 5 747
83 69 5 4 3 747
83 71 5 4 25 747
83 72 5 3 16 747
83 78 5 5 20 747
83 79 5 3 17 747
83 80 5 4 24 747
83 81 5 1 21 747
83 82 5 5 3 747
83 84 5 2 15 747
83 85 5 2 6 747
83 87 5 3 20 747
83 91 5 1 20 747
83 92 5 6 23 747
83 93 5 1 23 747
83 94 5 4 12 747
83 98 5 1 5 747
84 5 2 3 2 949
84 6 2 6 14 949
84 8 2 1 21 949
84 11 2 3 5 949
84 12 2 4 17 949
84 13 2 3 12 949
84 15 2 4 2 949
84 16 2 6 21 949
84 17 2 5 11 949
84 19 2 4 1 949
84 21 2 6 23 949
84 22 2 6 9 949
84 23 2 6 18 949
84 24 2 6 3 949
84 25 2 5 9 949
84 28 2 6 12 949
84 34 2 5 16 949
84 35 2 6 24 949
84 38 2 1 3 949
84 40 2 2 13 949
84 42 2 6 6 949
84 43 2 6 11 949
84 45 2 1 5 949
84 48 2 2 23 949
84 49 2 2 2 949
84 56 2 3 7 949
84 59 2 4 4 949
84 60 2 2 25 949
84 62 2 5 17 949
84 63 2 4 5 949
84 64 2 3 5 949
84 65 2 4 23 949
84 69 2 4 25 949
84 70 2 1 15 949
84 72 2 3 11 949
84 73 2 1 16 949
84 78 2 5 9 949
84 79 2 3 20 949
84 81 2 1 7 949
84 82 2 5 8 949
84 83 2 5 15 949
84 85 2 2 7 949
84 87 2 3 20 949
84 88 2 6 20 949
84 89 2 5 10 949
84 93 2 1 18 949
84 95 2 3 9 949
84 98 2 1 24 949
84 99 2 4 8 949
85 2 2 5 24 573
85 6 2 6 19 573
85 8 2 1 20 573
85 12 2 4 7 573
85 13 2 3 11 573
85 16 2 6 3 573
85 17 2 5 11 573
85 18 2 6 14 573
85 21 2 6 2 573
85 23 2 6 11 573
85 24 2 6 6 573
85 25 2 5 24 573
85 26 2 4 8 573
85 27 2 6 13 573
85 29 2 3 1 573
85 30 2 4 13 573
85 32 2 5 22 573
85 34 2 5 20 573
85 36 2 3 9 573
85 37 2 3 3 573
85 40 2 2 25 573
85 43 2 6 19 573
85 44 2 6 22 573
85 45 2 1 10 573
85 46 2 3 1 573
85 48 2 2 24 573
85 51 2 4 13 573
85 52 2 3 7 573
85 54 2 6 15 573
85 57 2 5 6 573
85 58 2 6 5 573
85 60 2 2 25 573
85 61 2 1 20 573
85 62 2 5 1 573
85 64 2 3 3 573
85 65 2 4 6 573
85 66 2 1 4 573
85 70 2 1 9 573
85 74 2 6 9 573
85 77 2 2 12 573
85 78 2 5 15 573
85 80 2 4 19 573
85 81 2 1 18 573
85 82 2 5 15 573
85 83 2 5 6 573
85 84 2 2 7 573
85 91 2 1 12 573
85 93 2 1 10 573
85 95 2 3 22 573
85 97 2 6 11 573
85 99 2 4 5 573
86 1 2 5 14 417
86 2 2 5 4 417
86 4 2 6 5 417
86 6 2 6 17 417
86 7 2 2 10 417
86 9 2 3 15 417
86 13 2 3 23 417
86 14 2 4 15 417
86 17 2 5 7 417
86 20 2 2 12 417
86 22 2 6 17 417
86 23 2 6 13 417
86 26 2 4 2 417
86 27 2 6 18 417
86 30 2 4 13 417
86 33 2 6 17 417
86 36 2 3 11 417
86 38 2 1 11 417
86 40 2 2 23 417
86 42 2 6 17 417
86 43 2 6 15 417
86 45 2 1 22 417
86 46 2 3 14 417
86 47 2 5 8 417
86 51 2 4 16 417
86 53 2 1 9 417
86 54 2 6 21 417
86 55 2 2 4 417
86 57 2 5 14 417
86 58 2 6 7 417
86 59 2 4 18 417
86 60 2 2 18 417
86 61 2 1 2 417
86 62 2 5 23 417
86 64 2 3 10 417
86 66 2 1 17 417
86 69 2 4 7 417
86 71 2 4 22 417
86 73 2 1 25 417
86 74 2 6 19 417
86 77 2 2 12 417
86 80 2 4 14 417
86 81 2 1 19 417
86 82 2 5 6 417
86 87 2 3 5 417
86 89 2 5 6 417
86 90 2 1 18 417
86 91 2 1 7 417
86 97 2 6 1 417
87 1 3 5 12 551
87 3 3 4 18 551
87 7 3 2 20 551
87 10 3 6 25 551
87 11 3 3 8 551
87 13 3 3 9 551
87 15 3 4 21 551
87 16 3 6 5 551
87 17 3 5 3 551
87 19 3 4 25 551
87 22 3 6 18 551
87 23 3 6 15 551
87 26 3 4 25 551
87 27 3 6 12 551
87 28 3 6 1 551
87 29 3 3 23 551
87 30 3 4 12 551
87 32 3 5 5 551
87 35 3 6 21 551
87 37 3 3 6 551
87 38 3 1 4 551
87 39 3 3 22 551
87 40 3 2 3 551
87 41 3 6 25 551
87 42 3 6 21 551
87 45 3 1 18 551
87 46 3 3 9 551
87 47 3 5 10 551
87 48 3 2 22 551
87 49 3 2 14 551
87 52 3 3 20 551
87 54 3 6 14 551
87 55 3 2 20 551
87 56 3 3 25 551
87 59 3 4 19 551
87 63 3 4 18 551
87 64 3 3 3 551
87 65 3 4 18 551
87 66 3 1 4 551
87 69 3 4 6 551
87 70 3 1 22 551
87 71 3 4 13 551
87 72 3 3 1 551
87 73 3 1 17 551
87 75 3 2 21 551
87 77 3 2 10 551
87 81 3 1 11 551
87 83 3 5 20 551
87 84 3 2 20 551
87 86 3 2 5 551
87 91 3 1 23 551
87 96 3 3 19 551
87 97 3 6 14 551
87 99 3 4 25 551
88 0 6 5 7 76
88 1 6 5 2 76
88 3 6 4 12 76
88 5 6 3 20 76
88 6 6 6 8 76
88 7 6 2 15 76
88 8 6 1 18 76
88 9 6 3 7 76
88 12 6 4 5 76
88 18 6 6 21 76
88 25 6 5 22 76
88 27 6 6 14 76
88 28 6 6 3 76
88 30 6 4 23 76
88 32 6 5 11 76
88 34 6 5 8 76
88 39 6 3 7 76
88 43 6 6 8 76
88 45 6 1 11 76
88 46 6 3 16 76
88 48 6 2 3 76
88 51 6 4 23 76
88 53 6 1 14 76
88 55 6 2 10 76
88 58 6 6 22 76
88 59 6 4 15 76
88 65 6 4 17 76
88 68 6 4 16 76
88 69 6 4 18 76
88 71 6 4 13 76
88 73 6 1 7 76
88 74 6 6 21 76
88 79 6 3 19 76
88 81 6 1 15 76
88 84 6 2 20 76
88 89 6 5 24 76
88 92 6 6 2 76
88 94 6 4 14 76
88 96 6 3 2 76
88 98 6 1 20 76
88 99 6 4 9 76
89 0 5 5 1 303
89 3 5 4 14 303
89 4 5 6 22 303
89 5 5 3 12 303
89 6 5 6 8 303
89 10 5 6 13 303
89 12 5 4 3 303
89 15 5 4 8 303
89 16 5 6 3 303
89 17 5 5 20 303
89 20 5 2 24 303
89 22 5 6 10 303
89 24 5 6 24 303
89 25 5 5 5 303
89 26 5 4 21 303
89 27 5 6 13 303
89 28 5 6 23 303
89 29 5 3 1 303
89 31 5 2 6 303
89 32 5 5 17 303
89 33 5 6 23 303
89 34 5 5 16 303
89 35 5 6 13 303
89 37 5 3 9 303
89 40 5 2 20 303
89 42 5 6 6 303
89 48 5 2 22 303
89 49 5 2 17 303
89 52 5 3 10 303
89 54 5 6 7 303
89 58 5 6 18 303
89 68 5 4 4 303
89 70 5 1 25 303
89 71 5 4 2 303
89 72 5 3 9 303
89 75 5 2 25 303
89 76 5 3 17 303
89 78 5 5 11 303
89 81 5 1 16 303
89 82 5 5 8 303
89 84 5 2 10 303
89 86 5 2 6 303
89 88 5 6 24 303
89 91 5 1 14 303
89 92 5 6 3 303
89 93 5 1 19 303
89 95 5 3 3 303
89 96 5 3 25 303
89 97 5 6 9 303
89 99 5 4 17 303
90 2 1 5 9 177
90 3 1 4 23 177
90 5 1 3 2 177
90 7 1 2 20 177
90 8 1 1 3 177
90 11 1 3 5 177
90 13 1 3 10 177
90 14 1 4 7 177
90 15 1 4 11 177
90 17 1 5 11 177
90 18 1 6 15 177
90 20 1 2 11 177
90 21 1 6 4 177
90 22 1 6 7 177
90 23 1 6 18 177
90 24 1 6 4 177
90 28 1 6 10 177
90 30 1 4 16 177
90 33 1 6 10 177
90 36 1 3 13 177
90 37 1 3 21 177
90 38 1 1 8 177
90 41 1 6 25 177
90 42 1 6 23 177
90 43 1 6 13 177
90 44 1 6 11 177
90 45 1 1 22 177
90 46 1 3 21 177
90 47 1 5 17 177
90 49 1 2 19 177
90 50 1 3 11 177
90 52 1 3 14 177
90 54 1 6 12 177
90 55 1 2 2 177
90 56 1 3 14 177
90 57 1 5 5 177
90 58 1 6 1 177
90 59 1 4 23 177
90 61 1 1 2 177
90 62 1 5 22 177
90 63 1 4 22 177
90 66 1 1 11 177
90 67 1 4 3 177
90 68 1 4 23 177
90 69 1 4 10 177
90 75 1 2 24 177
90 76 1 3 16 177
90 80 1 4 12 177
90 86 1 2 18 177
90 91 1 1 6 177
90 93 1 1 25 177
90 97 1 6 18 177
90 99 1 4 23 177
91 0 1 5 3 779
91 3 1 4 5 779
91 4 1 6 4 779
91 5 1 3 20 779
91 7 1 2 24 779
91 10 1 6 18 779
91 12 1 4 23 779
91 14 1 4 15 779
91 15 1 4 11 779
91 16 1 6 17 779
91 17 1 5 15 779
91 18 1 6 24 779
91 19 1 4 11 779
91 21 1 6 2 779
91 22 1 6 18 779
91 24 1 6 4 779
91 25 1 5 21 779
91 28 1 6 20 779
91 29 1 3 13 779
91 30 1 4 4 779
91 31 1 2 2 779
91 32 1 5 18 779
91 33 1 6 6 779
91 36 1 3 22 779
91 38 1 1 18 779
91 39 1 3 6 779
91 40 1 2 17 779
91 41 1 6 3 779
91 42 1 6 16 779
91 44 1 6 21 779
91 45 1 1 7 779
91 47 1 5 20 779
91 49 1 2 9 779
91 52 1 3 25 779
91 53 1 1 22 779
91 57 1 5 23 779
91 58 1 6 3 779
91 59 1 4 10 779
91 60 1 2 17 779
91 65 1 4 10 779
91 66 1 1 18 779
91 67 1 4 25 779
91 69 1 4 11 779
91 70 1 1 3 779
91 71 1 4 6 779
91 73 1 1 23 779
91 74 1 6 10 779
91 75 1 2 4 779
91 76 1 3 5 779
91 78 1 5 19 779
91 80 1 4 18 779
91 81 1 1 10 779
91 82 1 5 12 779
91 83 1 5 20 779
91 85 1 2 12 779
91 86 1 2 7 779
91 87 1 3 23 779
91 89 1 5 14 779
91 90 1 1 6 779
91 92 1 6 18 779
91 93 1 1 8 779
91 97 1 6 19 779
91 98 1 1 16 779
91 99 1 4 1 779
92 0 6 5 22 397
92 2 6 5 15 397
92 3 6 4 11 397
92 4 6 6 25 397
92 6 6 6 14 397
92 8 6 1 17 397
92 9 6 3 3 397
92 10 6 6 21 397
92 11 6 3 3 397
92 12 6 4 14 397
92 13 6 3 10 397
92 15 6 4 15 397
92 19 6 4 1 397
92 20 6 2 21 397
92 21 6 6 25 397
92 25 6 5 15 397
92 26 6 4 12 397
92 28 6 6 16 397
92 29 6 3 1 397
92 31 6 2 3 397
92 32 6 5 4 397
92 34 6 5 10 397
92 37 6 3 1 397
92 38 6 1 6 397
92 43 6 6 1 397
92 44 6 6 1 397
92 45 6 1 12 397
92 46 6 3 25 397
92 48 6 2 5 397
92 49 6 2 3 397
92 56 6 3 20 397
92 57 6 5 12 397
92 59 6 4 5 397
92 60 6 2 23 397
92 63 6 4 9 397
92 65 6 4 21 397
92 66 6 1 13 397
92 67 6 4 4 397
92 71 6 4 22 397
92 72 6 3 2 397
92 74 6 6 16 397
92 75 6 2 24 397
92 80 6 4 20 397
92 83 6 5 23 397
92 88 6 6 2 397
92 89 6 5 3 397
92 91 6 1 18 397
92 93 6 1 2 397
92 94 6 4 23 397
92 96 6 3 21 397
92 98 6 1 24 397
93 1 1 5 16 660
93 3 1 4 23 660
93 10 1 6 23 660
93 11 1 3 22 660
93 13 1 3 9 660
93 14 1 4 15 660
93 16 1 6 24 660
93 17 1 5 9 660
93 19 1 4 15 660
93 20 1 2 22 660
93 23 1 6 7 660
93 24 1 6 19 660
93 25 1 5 19 660
93 26 1 4 25 660
93 29 1 3 14 660
93 30 1 4 19 660
93 34 1 5 9 660
93 35 1 6 16 660
93 37 1 3 16 660
93 38 1 1 24 660
93 39 1 3 6 660
93 50 1 3 13 660
93 52 1 3 11 660
93 54 1 6 10 660
93 55 1 2 2 660
93 56 1 3 15 660
93 59 1 4 24 660
93 63 1 4 12 660
93 65 1 4 10 660
93 66 1 1 6 660
93 69 1 4 1 660
93 73 1 1 24 660
93 76 1 3 17 660
93 78 1 5 4 660
93 79 1 3 23 660
93 80 1 4 18 660
93 81 1 1 22 660
93 82 1 5 1 660
93 83 1 5 23 660
93 84 1 2 18 660
93 85 1 2 10 660
93 89 1 5 19 660
93 90 1 1 25 660
93 91 1 1 8 660
93 92 1 6 2 660
93 96 1 3 12 660
93 97 1 6 23 660
93 98 1 1 9 660
94 1 4 5 11 178
94 5 4 3 4 178
94 6 4 6 3 178
94 7 4 2 19 178
94 11 4 3 17 178
94 12 4 4 16 178
94 14 4 4 24 178
94 16 4 6 3 178
94 17 4 5 18 178
94 19 4 4 24 178
94 21 4 6 19 178
94 22 4 6 18 178
94 25 4 5 15 178
94 28 4 6 7 178
94 30 4 4 22 178
94 33 4 6 23 178
94 35 4 6 25 178
94 37 4 3 1 178
94 38 4 1 23 178
94 42 4 6 4 178
94 47 4 5 1 178
94 49 4 2 9 178
94 50 4 3 6 178
94 52 4 3 21 178
94 55 4 2 14 178
94 56 4 3 15 178
94 57 4 5 8 178
94 58 4 6 4 178
94 61 4 1 13 178
94 62 4 5 24 178
94 63 4 4 19 178
94 67 4 4 6 178
94 69 4 4 20 178
94 70 4 1 17 178
94 71 4 4 3 178
94 73 4 1 22 178
94 74 4 6 19 178
94 75 4 2 18 178
94 76 4 3 22 178
94 78 4 5 24 178
94 80 4 4 17 178
94 83 4 5 12 178
94 88 4 6 14 178
94 92 4 6 23 178
94 98 4 1 25 178
94 99 4 4 10 178
95 1 3 5 4 465
95 3 3 4 7 465
95 6 3 6 17 465
95 7 3 2 23 465
95 9 3 3 19 465
95 13 3 3 21 465
95 14 3 4 13 465
95 17 3 5 24 465
95 18 3 6 5 465
95 20 3 2 2 465
95 21 3 6 19 465
95 22 3 6 20 465
95 24 3 6 9 465
95 27 3 6 23 465
95 28 3 6 17 465
95 32 3 5 6 465
95 33 3 6 3 465
95 34 3 5 16 465
95 36 3 3 13 465
95 37 3 3 1 465
95 42 3 6 3 465
95 44 3 6 2 465
95 46 3 3 3 465
95 48 3 2 22 465
95 50 3 3 20 465
95 51 3 4 5 465
95 59 3 4 10 465
95 64 3 3 18 465
95 66 3 1 16 465
95 67 3 4 24 465
95 68 3 4 13 465
95 69 3 4 17 465
95 71 3 4 25 465
95 75 3 2 16 465
95 76 3 3 22 465
95 78 3 5 3 465
95 79 3 3 21 465
95 81 3 1 25 465
95 82 3 5 18 465
95 84 3 2 9 465
95 85 3 2 22 465
95 89 3 5 3 465
95 98 3 1 6 465
96 0 3 5 10 52
96 3 3 4 1 52
96 5 3 3 17 52
96 7 3 2 6 52
96 9 3 3 2 52
96 10 3 6 9 52
96 12 3 4 7 52
96 13 3 3 17 52
96 14 3 4 16 52
96 15 3 4 18 52
96 16 3 6 23 52
96 18 3 6 7 52
96 19 3 4 1 52
96 20 3 2 23 52
96 23 3 6 7 52
96 27 3 6 10 52
96 28 3 6 16 52
96 29 3 3 17 52
96 30 3 4 17 52
96 32 3 5 5 52
96 33 3 6 23 52
96 35 3 6 1 52
96 36 3 3 4 52
96 38 3 1 12 52
96 39 3 3 11 52
96 42 3 6 22 52
96 43 3 6 1 52
96 45 3 1 23 52
96 46 3 3 15 52
96 48 3 2 23 52
96 49 3 2 5 52
96 51 3 4 7 52
96 56 3 3 14 52
96 57 3 5 9 52
96 60 3 2 7 52
96 64 3 3 18 52
96 65 3 4 16 52
96 68 3 4 5 52
96 70 3 1 12 52
96 74 3 6 20 52
96 77 3 2 6 52
96 79 3 3 9 52
96 80 3 4 6 52
96 81 3 1 14 52
96 82 3 5 1 52
96 87 3 3 19 52
96 88 3 6 2 52
96 89 3 5 25 52
96 92 3 6 21 52
96 93 3 1 12 52
96 97 3 6 6 52
96 98 3 1 4 52
96 99 3 4 6 52
97 2 6 5 23 619
97 5 6 3 4 619
97 11 6 3 16 619
97 17 6 5 12 619
97 18 6 6 20 619
97 20 6 2 14 619
97 21 6 6 9 619
97 22 6 6 2 619
97 23 6 6 19 619
97 26 6 4 11 619
97 27 6 6 15 619
97 29 6 3 4 619
97 33 6 6 7 619
97 34 6 5 14 619
97 36 6 3 20 619
97 37 6 3 15 619
97 40 6 2 12 619
97 41 6 6 15 619
97 44 6 6 3 619
97 45 6 1 21 619
97 48 6 2 23 619
97 53 6 1 10 619
97 55 6 2 21 619
97 56 6 3 22 619
97 57 6 5 13 619
97 59 6 4 11 619
97 61 6 1 7 619
97 63 6 4 4 619
97 65 6 4 8 619
97 66 6 1 18 619
97 67 6 4 20 619
97 73 6 1 15 619
97 74 6 6 9 619
97 76 6 3 5 619
97 79 6 3 4 619
97 81 6 1 25 619
97 85 6 2 11 619
97 86 6 2 1 619
97 87 6 3 14 619
97 89 6 5 9 619
97 90 6 1 18 619
97 91 6 1 19 619
97 93 6 1 23 619
97 96 6 3 6 619
98 1 1 5 11 361
98 3 1 4 8 361
98 6 1 6 24 361
98 12 1 4 7 361
98 13 1 3 18 361
98 15 1 4 4 361
98 17 1 5 23 361
98 18 1 6 13 361
98 19 1 4 23 361
98 27 1 6 4 361
98 29 1 3 4 361
98 30 1 4 20 361
98 31 1 2 7 361
98 32 1 5 24 361
98 34 1 5 5 361
98 37 1 3 9 361
98 38 1 1 8 361
98 41 1 6 20 361
98 42 1 6 20 361
98 43 1 6 11 361
98 44 1 6 13 361
98 46 1 3 23 361
98 47 1 5 12 361
98 50 1 3 21 361
98 51 1 4 2 361
98 52 1 3 19 361
98 53 1 1 2 361
98 54 1 6 15 361
98 55 1 2 6 361
98 56 1 3 25 361
98 60 1 2 22 361
98 62 1 5 9 361
98 63 1 4 1 361
98 65 1 4 15 361
98 67 1 4 16 361
98 69 1 4 6 361
98 70 1 1 7 361
98 71 1 4 16 361
98 73 1 1 16 361
98 74 1 6 8 361
98 75 1 2 18 361
98 77 1 2 2 361
98 78 1 5 15 361
98 80 1 4 13 361
98 83 1 5 5 361
98 84 1 2 24 361
98 88 1 6 20 361
98 91 1 1 16 361
98 92 1 6 24 361
98 93 1 1 9 361
98 94 1 4 25 361
98 95 1 3 6 361
98 96 1 3 4 361
98 99 1 4 15 361
99 0 4 5 16 344
99 1 4 5 7 344
99 5 4 3 8 344
99 7 4 2 5 344
99 8 4 1 12 344
99 9 4 3 1 344
99 10 4 6 21 344
99 13 4 3 17 344
99 15 4 4 18 344
99 18 4 6 21 344
99 20 4 2 13 344
99 21 4 6 4 344
99 23 4 6 13 344
99 25 4 5 2 344
99 28 4 6 23 344
99 29 4 3 17 344
99 32 4 5 17 344
99 35 4 6 14 344
99 37 4 3 9 344
99 38 4 1 15 344
99 41 4 6 18 344
99 43 4 6 2 344
99 44 4 6 11 344
99 50 4 3 16 344
99 52 4 3 5 344
99 54 4 6 6 344
99 55 4 2 22 344
99 59 4 4 20 344
99 63 4 4 25 344
99 65 4 4 4 344
99 67 4 4 16 344
99 68 4 4 24 344
99 71 4 4 2 344
99 78 4 5 15 344
99 79 4 3 16 344
99 80 4 4 15 344
99 84 4 2 8 344
99 85 4 2 5 344
99 87 4 3 25 344
99 88 4 6 9 344
99 89 4 5 17 344
99 90 4 1 23 344
99 91 4 1 1 344
99 94 4 4 10 344
99 96 4 3 6 344
99 98 4 1 15 344
