capacity  cost_by_node
nb_functions 10
6 62 94 72 77 90 33 43 22 92 60 50 53 48 57 83 86 15 85 74 27 80 59 31 94 76 
9 37 16 53 62 14 20 61 32 88 82 17 19 99 27 21 95 93 28 12 18 65 97 67 84 78 
7 11 86 70 41 72 24 77 64 64 87 41 23 94 94 92 50 15 25 43 61 17 75 60 20 27 
6 57 82 72 89 95 44 93 26 98 97 43 39 62 77 12 81 60 90 67 76 91 83 69 51 32 
12 38 75 38 48 51 22 76 64 22 36 19 36 17 32 60 59 58 80 18 56 58 70 41 68 100 
6 13 45 31 85 91 89 65 99 37 95 75 33 51 83 78 25 84 17 52 27 41 26 15 64 88 
11 14 30 27 65 53 79 67 94 17 45 36 57 60 82 36 74 20 66 99 54 73 99 15 62 79 
6 83 51 89 19 15 67 48 28 38 54 16 67 43 20 36 85 23 41 44 92 64 61 39 25 70 
12 44 100 77 67 25 40 87 20 99 82 25 75 48 94 74 57 97 12 12 24 70 97 12 11 85 
9 13 49 99 57 38 65 82 81 75 61 48 54 85 42 16 68 97 86 86 66 64 26 87 99 31 
