capacity  cost_by_node
nb_functions 8
20 55 54 79 31 54 78 68 75 56 57 93 91 39 76 33 61 52 37 31 96 98 30 20 11 15 
23 72 57 82 27 62 65 50 74 16 15 52 87 55 18 21 74 22 18 42 25 15 57 52 92 66 
28 72 85 91 14 34 82 37 86 73 73 40 40 87 43 51 25 45 99 45 29 92 13 73 39 75 
28 98 15 41 72 91 49 14 72 31 60 20 57 11 79 38 68 28 17 49 34 68 52 58 54 76 
35 87 63 80 76 70 75 90 11 98 39 52 89 16 16 37 25 25 58 13 72 16 97 60 68 85 
19 90 90 44 77 97 24 40 90 100 87 41 26 85 60 67 75 60 72 56 35 58 99 72 57 34 
36 33 26 25 95 69 70 20 12 51 11 23 70 31 59 64 95 64 46 92 65 28 43 61 95 38 
30 93 50 17 88 24 97 81 40 81 73 15 25 59 92 79 86 17 20 68 90 46 48 82 77 57 
