capacity  cost_by_node
nb_functions 10
9 94 74 64 38 40 80 46 22 85 69 67 69 27 23 12 38 91 64 99 10 98 61 23 36 78 
10 61 39 17 93 82 94 47 27 42 52 76 60 49 13 37 69 73 95 82 13 44 71 87 38 95 
11 56 94 86 18 17 88 29 48 43 42 44 84 22 52 67 79 90 68 86 15 34 97 82 98 39 
8 54 24 45 57 30 80 24 81 75 98 78 71 29 96 58 99 100 53 85 45 16 20 71 43 60 
13 57 69 45 17 33 41 22 80 99 68 34 87 40 11 10 58 93 95 56 35 39 16 37 98 30 
14 31 67 47 38 62 44 13 17 68 54 18 67 73 15 31 90 76 83 20 41 89 47 10 99 86 
8 50 29 12 93 70 97 23 81 13 56 53 20 47 13 84 15 59 100 59 55 69 67 70 65 21 
10 38 93 27 70 56 62 90 78 63 25 39 40 58 20 81 78 32 85 52 94 75 83 55 79 98 
7 75 61 36 17 77 60 30 75 13 83 100 98 58 26 35 64 26 74 40 50 16 66 98 94 24 
10 54 41 80 48 47 27 35 71 16 34 80 48 23 12 25 28 43 89 57 95 49 52 85 73 15 
