capacity  cost_by_node
nb_functions 8
25 23 52 68 37 54 56 67 52 15 89 63 77 76 13 92 27 88 29 68 28 83 13 21 38 16 61 19 10 34 52 60 29 27 53 78 47 31 41 96 78 97 27 25 98 94 86 27 62 72 89 88 54 45 56 22 83 73 61 11 45 21 51 77 89 91 25 33 17 24 65 44 71 79 88 18 21 17 66 51 73 11 20 39 40 83 27 81 70 85 69 80 33 83 29 46 77 90 74 90 88 
19 42 55 32 63 24 41 46 13 49 43 57 72 32 19 16 48 16 43 28 53 69 14 44 42 84 32 80 91 33 96 80 95 26 30 65 82 41 64 57 65 76 37 12 41 84 20 41 25 12 58 66 22 61 70 59 38 53 21 96 63 44 54 15 98 33 65 24 19 35 55 27 44 77 13 100 20 36 32 15 51 50 60 93 35 11 65 18 70 29 12 61 53 13 77 40 48 65 23 49 88 
27 85 38 84 52 91 69 52 96 68 50 97 69 13 92 15 87 27 98 66 50 47 39 36 92 45 17 49 85 24 70 99 36 85 23 60 79 53 38 100 70 24 64 25 86 24 95 27 48 26 68 97 74 75 68 85 84 46 27 47 66 72 91 39 31 50 100 49 51 33 53 95 84 78 85 53 79 68 43 96 51 39 11 18 61 54 26 46 26 68 83 99 14 80 19 40 28 47 45 95 76 
16 41 61 100 67 84 61 79 14 31 61 18 45 59 98 96 22 79 34 45 56 80 50 28 24 74 61 24 14 51 79 21 74 85 89 100 18 97 41 71 65 66 41 23 95 72 28 66 89 74 30 95 95 66 82 92 58 43 95 20 78 23 68 57 71 64 28 88 100 83 90 49 56 82 58 99 21 100 25 19 34 31 75 31 23 45 73 78 41 72 30 13 35 36 23 66 36 73 81 99 33 
25 73 81 39 31 76 24 13 49 45 58 82 26 19 65 89 30 23 66 44 16 51 85 20 76 61 13 69 95 37 80 37 56 36 54 17 95 82 80 24 51 65 45 35 60 77 38 53 95 80 61 63 22 17 43 18 66 69 100 66 11 40 56 89 78 82 27 22 99 71 97 58 89 42 76 18 78 86 92 22 43 79 14 15 80 19 68 28 55 70 71 34 90 86 90 64 35 67 15 66 75 
29 29 43 68 82 76 50 83 39 90 38 34 78 86 46 35 70 53 48 80 72 38 48 16 84 97 44 43 64 67 66 41 23 54 18 74 27 60 26 92 36 100 80 28 63 52 40 42 70 79 14 27 24 20 65 95 88 58 60 67 17 78 70 43 53 43 59 74 29 91 49 80 29 93 25 60 87 67 93 41 26 96 26 32 76 24 28 17 45 73 77 20 69 99 57 44 92 58 48 58 14 
21 21 46 10 26 96 44 45 84 58 39 29 82 71 34 21 36 35 13 72 99 91 68 25 37 41 63 37 24 83 41 81 56 13 97 61 44 49 77 97 48 61 14 43 83 21 54 88 74 72 40 70 44 55 86 81 11 14 83 21 34 13 73 21 92 31 24 71 71 79 28 10 91 80 74 21 26 25 79 67 13 89 52 87 90 90 39 77 63 95 76 33 51 92 24 57 64 86 93 19 58 
25 79 61 80 59 67 93 91 56 93 47 18 26 18 30 39 81 13 62 47 83 37 83 37 92 41 76 21 27 71 25 34 15 30 41 60 67 49 52 85 10 60 65 60 73 62 64 16 40 37 66 79 19 60 95 45 59 28 97 67 87 59 82 76 83 82 50 57 17 22 71 73 25 31 39 79 45 13 54 37 65 25 47 35 55 14 84 58 76 81 96 40 67 79 97 90 37 75 80 67 36 
