capacity  cost_by_node
nb_functions 8
9 71 19 91 97 68 36 36 69 64 27 74 26 35 91 81 61 19 35 54 14 72 79 53 59 20 36 16 40 26 58 39 51 18 30 76 29 22 95 42 90 99 79 54 75 63 11 49 86 49 15 25 50 58 89 82 63 78 67 19 87 93 57 96 66 56 21 37 51 49 82 29 99 31 54 27 81 46 42 12 51 79 51 68 76 25 58 92 72 92 49 54 84 53 93 69 21 38 65 77 91 
11 93 58 17 92 89 15 52 69 11 55 62 84 24 64 33 28 69 78 37 75 49 63 94 86 17 27 57 89 86 22 99 44 24 24 57 69 19 87 21 29 54 53 21 12 21 43 95 47 61 73 63 90 31 24 15 80 89 63 23 80 36 33 30 13 85 96 34 22 84 87 32 40 60 83 49 99 63 12 23 67 75 63 62 71 71 66 56 76 33 41 96 22 34 29 34 64 39 47 80 59 
8 36 65 12 51 31 54 79 93 91 29 41 69 43 97 32 59 38 88 90 72 84 21 42 15 78 43 95 28 20 93 33 11 80 98 74 93 15 17 92 85 43 52 19 10 70 51 75 32 67 30 40 40 88 25 12 13 85 81 68 65 18 98 46 21 26 68 87 58 72 55 13 80 76 60 68 13 53 92 70 15 10 76 78 65 62 56 50 97 14 18 35 73 38 66 55 93 67 28 50 32 
14 17 41 62 15 65 57 25 30 56 82 87 87 72 51 71 61 85 45 79 54 49 32 95 48 26 99 15 90 97 23 78 68 68 73 24 65 31 68 43 100 30 54 34 19 28 31 65 82 91 11 52 24 39 74 37 60 16 32 98 80 81 36 81 45 47 47 42 96 53 89 52 26 74 36 92 78 93 39 12 93 24 12 17 16 23 16 73 82 91 99 20 92 30 12 20 89 40 54 55 11 
14 25 44 82 76 77 80 17 81 16 95 19 81 71 35 72 96 51 94 85 33 55 94 30 83 40 23 91 15 29 86 36 69 68 65 39 40 13 15 14 29 61 15 51 80 61 71 82 96 95 100 50 28 93 34 34 83 81 37 11 95 30 75 61 47 64 74 90 66 63 81 93 62 18 10 35 63 42 76 89 38 62 35 62 96 66 36 74 44 41 68 97 72 66 99 70 11 55 10 85 37 
7 58 56 96 54 57 36 12 23 17 81 35 33 76 85 28 50 24 85 14 58 28 37 96 36 10 21 96 38 95 46 86 91 59 20 64 100 14 51 48 38 82 23 72 58 76 97 98 41 33 62 84 61 78 37 12 70 45 52 62 40 66 11 85 93 70 79 97 82 19 73 36 21 73 38 89 23 69 33 43 69 38 46 70 69 32 37 37 45 30 16 50 27 63 81 18 68 34 86 52 48 
13 68 24 94 93 95 61 61 27 82 64 20 92 30 43 36 88 23 28 32 23 71 59 37 77 37 25 61 30 62 62 91 14 37 97 43 89 74 97 49 70 29 98 11 98 89 28 71 96 16 48 71 76 97 14 68 47 15 42 52 27 85 33 14 27 98 50 64 49 24 36 95 44 47 39 65 67 38 33 22 84 28 41 41 81 56 98 17 48 97 48 34 25 11 61 22 85 86 64 65 69 
14 40 70 85 48 30 34 39 19 21 58 95 50 66 52 85 40 42 35 94 46 71 100 70 60 35 63 70 36 99 27 100 73 97 63 72 18 90 12 87 97 23 100 96 48 38 100 100 96 34 72 11 73 10 54 68 28 81 66 17 96 77 73 15 63 59 58 66 79 19 49 19 68 38 20 87 96 25 97 37 15 36 51 34 36 65 40 72 30 99 28 38 80 23 20 81 13 11 29 30 90 
