capacity  cost_by_node
nb_functions 8
14 49 25 98 40 41 21 77 71 46 98 95 14 95 83 52 58 85 41 100 47 88 97 90 11 57 86 88 58 66 13 12 82 28 86 24 54 39 52 99 21 21 39 78 41 40 56 14 64 75 95 59 20 66 28 50 73 26 72 30 85 100 41 38 11 27 34 84 25 38 67 51 41 33 30 85 16 12 49 70 94 83 40 98 28 78 91 50 19 64 29 43 85 86 16 90 26 57 37 50 67 
12 45 57 35 31 27 89 16 11 64 65 83 19 58 58 44 79 27 26 63 72 80 94 48 80 16 74 57 33 86 77 58 90 17 21 81 66 11 44 83 66 100 21 79 85 79 81 70 91 33 59 37 45 66 26 74 14 19 74 37 55 21 89 29 55 29 57 41 47 21 26 29 92 46 11 24 50 79 80 49 36 27 94 39 23 22 43 12 26 17 31 20 100 88 64 16 70 68 65 88 77 
10 95 37 52 34 43 61 58 65 27 48 19 74 49 34 50 58 81 76 42 24 27 30 46 89 72 53 68 37 70 10 91 79 79 95 39 73 13 42 41 46 12 92 53 65 27 13 11 79 70 64 89 63 48 86 70 67 89 35 91 100 71 72 91 27 71 62 56 20 98 97 38 69 88 43 44 25 43 71 68 41 21 40 10 69 57 17 48 26 35 88 60 66 76 98 10 22 83 53 61 86 
9 71 73 51 81 16 42 20 85 73 43 41 99 31 51 82 42 55 32 47 57 39 57 58 22 49 48 100 82 100 89 25 77 25 58 48 12 25 86 66 38 63 47 59 81 48 39 27 29 99 50 82 98 28 49 81 56 82 34 42 88 36 36 22 11 40 47 56 46 31 40 71 31 44 36 18 92 60 52 51 49 68 79 27 89 30 46 29 46 54 59 88 53 23 18 31 86 24 54 100 29 
13 93 89 12 91 40 79 72 31 46 92 47 55 48 29 80 89 49 58 77 65 39 100 81 71 74 81 67 33 24 54 25 91 28 95 65 88 25 38 66 67 79 72 67 57 94 24 51 65 33 64 77 56 44 23 63 77 43 87 97 44 19 22 68 93 86 14 80 25 64 16 29 50 76 34 20 48 59 11 96 94 26 71 74 42 86 65 17 95 46 38 95 94 47 93 48 39 58 50 40 53 
8 55 30 24 12 13 25 98 60 98 98 96 84 82 25 83 42 24 85 68 68 91 61 57 19 35 43 34 77 96 37 38 48 98 16 87 72 63 46 30 79 17 60 16 89 72 56 26 26 54 59 40 48 43 17 87 72 20 76 73 60 66 56 95 66 51 48 49 30 24 82 57 91 78 43 24 46 28 69 97 99 76 96 49 99 69 14 64 95 12 45 60 35 74 10 79 86 32 84 28 64 
13 98 92 77 38 11 99 79 99 56 78 93 29 79 41 81 86 68 83 72 45 61 100 94 56 77 74 66 95 69 18 45 34 51 80 80 13 89 24 54 19 56 53 80 42 52 21 32 84 70 57 94 13 85 18 63 75 39 79 98 80 23 50 75 71 74 29 66 60 18 18 22 10 45 24 46 70 32 59 73 98 61 99 71 18 78 58 46 91 68 65 13 43 74 14 64 17 51 33 81 42 
10 12 74 49 19 83 75 62 24 67 27 29 65 66 25 78 94 28 53 81 14 54 54 69 62 60 32 97 87 18 26 25 30 19 49 23 95 65 34 20 54 20 11 70 49 53 27 93 48 25 65 17 43 74 24 51 13 95 69 33 76 60 36 50 58 30 57 49 56 48 54 86 44 91 33 97 22 79 66 15 35 51 33 25 30 96 43 39 62 25 78 67 88 82 71 24 30 88 80 72 56 
