capacity  cost_by_node
nb_functions 10
22 19 37 26 73 58 91 27 13 73 40 91 13 85 52 28 35 45 49 53 51 10 66 20 79 21 60 47 94 78 90 29 96 69 87 13 36 77 80 21 38 85 93 38 21 98 61 31 10 53 88 
12 93 13 68 45 58 98 72 91 14 68 92 39 89 76 72 12 44 37 76 27 44 66 10 44 90 54 14 86 94 13 21 52 12 93 37 61 91 66 90 21 59 29 20 95 18 63 85 68 35 55 
14 96 62 68 60 49 24 22 78 29 24 66 97 30 32 76 64 65 24 31 19 65 68 79 56 96 68 55 46 72 15 16 27 81 31 15 75 40 83 31 39 80 79 91 96 55 35 51 33 38 92 
22 50 12 38 33 58 27 34 47 11 66 92 65 98 76 70 64 64 35 57 37 66 39 27 97 84 61 57 34 99 76 25 70 15 20 72 19 36 62 78 60 56 93 19 81 97 53 33 27 12 99 
24 90 27 54 45 48 55 21 21 69 47 10 33 62 86 51 78 92 83 10 97 28 50 44 27 18 79 88 17 64 15 78 16 58 75 37 79 64 62 84 74 67 54 14 80 93 42 64 97 62 73 
15 96 83 35 83 11 39 90 62 97 16 87 40 92 99 46 57 22 77 19 18 14 32 52 40 98 43 19 30 94 46 69 47 12 91 17 70 42 89 24 51 55 25 63 19 71 18 61 15 12 18 
19 47 95 80 94 40 78 20 100 17 36 92 85 30 25 30 73 68 22 28 12 82 51 34 25 64 31 24 23 74 89 85 20 21 45 31 84 13 63 16 80 35 72 72 29 86 84 25 22 60 45 
20 100 45 53 78 45 85 49 63 49 78 26 54 53 32 46 19 21 79 34 80 87 64 29 38 61 54 30 70 78 64 85 59 52 68 93 96 15 84 74 33 40 62 68 11 21 68 56 71 42 63 
16 47 73 16 94 30 77 17 83 80 11 39 26 32 23 95 65 54 20 69 42 12 42 18 46 43 78 67 25 72 60 76 11 82 38 95 21 51 88 97 64 71 42 70 49 71 31 59 12 24 58 
15 74 72 45 63 80 33 18 17 53 72 29 71 60 42 49 45 61 100 10 77 22 69 38 78 78 38 20 85 45 63 16 64 59 42 30 60 62 93 31 10 62 33 97 27 20 98 80 12 40 21 
