capacity  cost_by_node
nb_functions 10
5 36 53 35 75 57 28 89 82 35 60 19 20 52 50 37 56 63 74 52 55 52 78 14 80 33 25 15 48 38 38 35 33 73 85 43 16 50 20 32 16 36 37 34 94 15 85 62 82 25 47 53 11 70 23 42 12 74 77 57 30 62 32 63 84 49 76 82 57 25 69 74 25 79 28 61 70 45 45 74 65 37 21 49 82 36 49 16 86 64 97 18 49 22 19 47 63 80 20 32 22 
7 43 18 91 88 30 20 40 48 100 59 18 66 68 36 15 27 27 13 24 97 54 46 25 19 93 33 70 51 97 11 38 37 19 15 64 58 55 65 43 59 73 60 48 99 30 36 51 74 59 61 55 29 50 74 45 100 64 57 62 41 21 20 27 69 54 14 59 14 84 14 88 74 46 35 58 67 46 77 33 59 81 64 74 75 11 96 29 20 65 90 88 98 67 74 28 51 26 76 88 39 
8 89 44 18 23 77 70 98 50 81 77 58 30 39 60 66 46 20 39 83 37 93 100 21 74 81 60 94 41 24 16 84 21 12 18 38 12 90 84 62 80 84 80 22 40 32 65 14 89 96 99 66 64 48 38 49 87 45 82 27 70 46 78 21 47 55 29 77 93 62 93 10 13 28 40 40 38 92 43 18 60 12 16 77 57 85 15 37 26 18 21 25 58 13 99 21 14 81 34 69 88 
5 62 93 45 96 79 85 52 72 87 28 83 21 45 88 88 44 24 31 37 84 42 85 80 73 43 84 54 81 74 18 74 38 43 79 17 60 100 11 22 68 84 59 60 54 54 48 47 10 31 12 25 61 24 15 83 79 40 42 22 87 54 52 39 15 32 79 44 13 36 57 64 84 83 98 63 46 84 43 55 68 78 91 39 20 95 30 63 20 18 75 32 92 41 84 20 17 62 69 94 80 
10 47 37 81 70 80 47 20 60 85 59 36 88 13 23 56 48 16 37 17 83 81 36 33 93 83 75 23 17 25 98 67 81 72 69 92 19 35 75 58 75 69 85 61 21 59 38 85 10 27 95 65 75 56 83 42 38 92 63 85 62 60 10 76 75 91 53 56 71 46 49 58 25 19 52 99 89 56 48 98 22 23 37 58 42 90 13 11 44 76 71 30 77 40 81 83 87 13 96 58 83 
6 95 49 82 18 30 63 31 19 86 64 70 69 28 12 35 63 86 41 98 81 50 96 46 100 10 43 83 31 78 10 67 10 62 52 12 94 33 41 20 77 24 57 100 78 50 57 24 54 25 71 93 38 80 33 49 59 50 68 46 24 45 75 88 99 46 23 97 28 79 77 13 49 64 43 58 15 22 95 77 38 79 40 50 40 42 18 18 44 64 77 56 63 17 56 55 80 54 40 23 38 
5 45 72 76 22 32 31 70 32 79 63 26 61 10 55 98 91 84 94 48 67 21 24 92 50 91 85 93 34 75 99 22 24 93 63 71 53 19 36 73 81 10 73 72 59 10 74 72 84 68 71 74 77 45 84 39 30 40 43 87 82 80 65 87 31 36 29 42 32 73 58 48 90 50 68 84 25 62 76 28 29 81 55 83 24 78 89 21 43 67 56 20 17 84 54 57 72 59 33 13 29 
5 88 77 60 26 34 66 47 71 11 73 81 42 13 37 52 47 32 34 73 18 40 94 76 39 52 83 36 79 37 56 43 35 77 42 79 60 32 11 24 57 48 55 48 90 45 94 51 62 43 24 16 43 76 51 40 26 46 85 46 58 16 71 64 34 31 14 59 10 51 76 15 21 64 40 84 14 43 56 20 39 24 31 58 84 100 98 67 98 55 55 97 10 25 49 69 70 25 26 80 50 
7 37 16 55 46 11 89 40 14 66 84 55 58 44 76 95 79 54 93 100 49 97 70 20 32 92 64 62 99 32 32 77 62 34 61 50 34 11 66 65 69 75 32 68 81 68 64 24 92 66 18 91 65 36 68 15 43 84 98 33 27 44 58 54 11 98 99 52 34 60 59 33 59 71 69 82 39 46 88 14 29 43 89 88 17 57 65 95 73 75 24 96 15 46 82 98 100 21 73 33 78 
5 76 59 97 44 70 43 66 51 26 51 52 82 94 87 60 44 17 59 92 42 29 89 94 37 39 16 55 73 63 22 99 81 38 28 31 77 68 63 87 59 89 32 91 17 47 47 27 69 50 43 34 22 92 84 69 76 31 40 26 48 64 12 49 81 15 28 78 29 73 21 14 77 76 60 42 41 41 96 48 93 29 96 55 53 39 15 63 31 83 44 98 52 14 19 21 64 75 39 77 25 
