capacity  cost_by_node
nb_functions 10
20 70 69 89 57 97 52 90 91 70 78 83 72 35 35 80 71 42 20 23 41 81 81 96 70 97 23 80 70 66 17 48 31 30 35 16 32 28 61 22 96 77 84 33 70 53 84 68 99 47 85 
22 17 29 15 51 58 36 27 40 65 12 58 41 61 18 19 14 94 44 50 18 89 15 49 70 72 89 97 58 22 92 60 78 78 39 83 60 41 30 29 94 39 51 51 48 28 99 22 32 74 59 
22 65 100 85 38 57 55 72 93 96 73 71 12 26 89 59 30 60 26 82 20 92 49 98 76 84 51 95 55 60 75 96 55 37 83 55 65 41 73 67 82 99 76 11 64 83 43 51 88 45 90 
24 62 73 51 87 48 15 80 31 58 53 38 14 50 98 47 25 18 22 11 83 63 61 99 90 66 67 73 59 20 27 51 11 94 72 73 74 24 66 78 76 36 16 23 26 52 28 29 26 62 52 
21 92 90 16 57 47 54 56 62 12 74 35 88 92 96 10 90 65 37 53 81 60 84 32 20 64 35 70 79 51 76 32 54 16 62 67 80 89 88 29 36 65 80 60 72 78 81 48 27 68 70 
23 68 98 75 38 69 15 39 73 43 54 91 98 83 68 12 18 20 70 95 78 58 70 90 40 21 66 43 62 54 25 95 71 77 24 95 34 96 32 70 51 80 33 32 52 94 21 11 93 68 43 
17 55 17 91 21 43 82 94 48 16 77 90 79 99 57 51 10 53 28 76 35 84 56 91 86 10 27 94 19 88 55 51 30 86 40 42 12 100 92 59 59 74 14 25 46 48 14 31 44 58 15 
13 94 88 87 53 68 99 40 45 28 17 30 86 23 81 86 74 48 68 71 53 93 15 26 82 58 47 46 93 41 50 12 64 35 32 34 30 62 82 54 47 41 90 21 26 62 97 24 67 22 67 
25 85 91 61 58 17 87 54 23 97 64 91 40 18 27 19 68 80 68 81 19 59 31 65 19 52 11 27 63 35 54 39 32 46 87 78 81 71 48 41 85 46 81 39 22 24 71 89 46 96 92 
18 66 96 48 61 50 22 62 32 17 100 31 12 94 75 60 15 98 24 49 31 86 22 69 92 97 30 97 76 20 24 20 12 77 22 65 12 62 87 90 57 15 74 63 38 24 16 49 34 92 93 
