capacity  cost_by_node
nb_functions 8
15 24 24 21 63 25 62 99 29 63 59 36 57 45 84 26 61 11 15 71 53 54 37 68 14 72 
15 25 27 74 11 64 16 42 36 25 78 20 14 67 65 33 17 63 86 87 33 37 14 13 42 29 
7 90 72 71 35 72 33 28 88 48 48 51 28 38 37 67 84 33 48 84 38 75 67 57 72 62 
11 10 57 17 14 68 96 27 52 75 75 41 86 60 88 64 65 16 76 65 94 69 61 34 83 77 
15 14 18 66 97 27 40 87 20 73 40 61 75 80 74 69 92 36 12 30 54 36 57 34 14 31 
12 41 85 58 43 64 33 30 88 46 70 62 58 31 76 38 74 37 15 41 23 16 41 57 13 40 
8 96 67 89 52 20 82 25 76 62 97 28 97 16 66 39 95 15 26 87 67 76 22 34 45 92 
10 40 36 81 75 26 34 41 56 14 66 36 40 85 45 14 36 33 50 65 10 33 16 76 56 93 
