capacity  cost_by_node
nb_functions 8
27 36 83 33 44 83 34 31 60 33 36 82 82 98 15 90 34 97 91 67 72 93 65 94 22 71 
34 15 92 32 92 55 73 72 51 61 89 79 15 95 55 35 76 68 86 59 57 83 40 64 34 96 
22 83 95 48 18 82 83 73 68 83 48 24 19 40 13 87 36 60 16 99 99 16 34 96 28 34 
26 65 66 37 24 26 44 23 89 87 76 86 14 49 36 52 75 51 45 99 62 93 33 91 37 18 
29 64 60 42 60 21 18 33 77 11 98 11 86 56 73 77 77 26 73 57 43 56 67 100 97 76 
33 89 82 30 38 58 78 35 31 28 27 99 54 26 99 57 59 22 96 35 34 12 48 33 92 63 
20 63 86 15 25 26 27 100 66 13 83 44 79 97 42 61 98 46 15 74 16 46 23 55 30 81 
25 97 78 19 43 47 38 56 32 62 60 49 40 92 59 37 82 40 52 82 35 46 97 88 89 49 
