capacity  cost_by_node
nb_functions 8
10 77 39 80 69 87 53 58 23 91 53 50 23 83 39 89 18 31 19 74 72 25 83 14 88 69 39 100 65 21 41 99 73 44 17 23 84 81 88 41 74 90 98 92 25 55 94 99 13 54 48 95 87 56 92 79 61 33 11 46 22 55 61 89 11 59 84 42 63 45 55 90 72 22 53 38 84 83 99 97 54 49 84 91 66 28 58 44 91 10 93 92 82 81 36 47 94 83 82 98 63 
11 54 80 48 98 71 47 45 73 88 82 98 30 25 95 71 100 79 35 92 98 56 79 79 96 80 93 69 19 72 88 15 68 100 95 93 20 65 92 24 31 93 90 80 25 46 99 40 95 73 18 46 77 28 21 75 81 15 26 59 80 27 64 53 75 53 77 37 90 14 71 16 68 26 41 37 76 99 72 74 99 69 57 73 91 16 83 61 73 20 22 15 31 81 57 58 83 43 21 43 13 
9 57 54 22 34 10 10 34 100 11 33 38 96 42 71 36 54 45 97 97 65 36 25 72 25 53 74 33 76 91 32 80 79 54 97 26 91 57 10 73 77 64 88 59 72 31 21 23 31 78 57 58 89 17 55 76 29 79 78 84 15 42 36 83 54 37 82 25 13 86 75 96 16 78 92 71 16 20 25 65 43 54 62 78 76 36 15 12 81 23 10 63 76 80 19 96 76 56 24 23 74 
11 59 92 90 74 51 95 55 53 94 45 21 95 27 54 24 73 18 100 31 44 29 97 32 64 13 44 63 21 39 97 78 72 13 22 38 78 74 72 15 46 44 26 69 22 27 32 31 36 26 18 69 39 68 37 39 38 33 86 97 67 67 45 33 51 28 73 22 95 41 60 62 40 36 76 38 78 68 74 97 55 11 89 96 72 52 14 60 67 43 63 80 90 18 74 12 62 82 34 43 38 
13 71 60 61 24 36 85 45 57 60 91 10 15 12 55 41 65 72 17 43 54 63 85 39 65 92 80 23 43 57 45 68 75 12 61 89 98 74 97 72 96 35 87 20 90 59 20 62 68 63 28 25 56 81 80 71 24 23 23 41 60 75 44 73 49 21 30 20 62 63 71 76 35 19 15 92 30 79 79 27 52 78 97 97 59 59 27 67 47 63 43 59 73 49 87 61 77 86 64 54 97 
10 86 22 93 56 67 27 20 75 91 33 84 35 93 87 68 79 19 97 53 72 74 62 45 69 94 71 65 51 52 66 44 70 92 14 83 42 57 50 15 30 24 53 11 68 46 18 72 49 61 89 11 73 58 66 78 59 64 59 87 48 70 52 28 55 48 81 66 30 76 23 21 81 73 63 20 70 29 62 70 68 63 62 44 83 69 92 90 94 17 51 97 54 79 59 71 46 21 10 45 22 
10 85 13 49 30 18 42 98 10 29 83 75 16 34 75 92 74 56 26 25 51 93 52 65 43 14 30 10 92 20 40 74 28 91 59 75 38 47 87 10 57 69 57 70 98 71 68 46 40 73 97 16 94 26 67 35 46 59 82 21 78 86 33 14 95 58 96 13 66 36 40 93 14 34 91 51 42 77 98 55 92 32 64 47 65 32 76 55 91 84 93 14 85 96 15 46 27 67 65 59 37 
12 13 78 92 39 10 94 59 20 97 43 17 59 39 11 36 68 26 86 25 82 96 15 57 49 99 45 66 27 96 53 62 26 54 33 76 72 82 22 88 84 65 54 78 29 70 83 35 10 70 60 94 60 70 98 15 13 70 77 99 96 45 22 58 46 100 19 66 92 98 94 68 34 57 26 76 89 59 23 57 60 51 98 71 85 27 97 68 43 34 51 59 98 46 22 26 35 70 88 84 72 
