capacity  cost_by_node
nb_functions 10
26 50 94 61 65 37 32 35 26 41 19 13 27 93 90 29 33 15 43 46 11 50 62 73 72 20 56 11 45 10 53 22 85 61 97 27 54 29 63 38 74 19 31 28 53 58 100 75 94 90 56 
29 60 100 48 24 10 50 39 52 23 10 61 80 67 82 46 46 89 76 47 39 67 14 97 96 30 74 69 71 10 63 36 78 14 95 95 90 18 84 40 84 77 42 28 95 55 19 30 68 88 25 
20 15 17 90 64 33 85 26 25 36 26 55 68 29 40 98 71 32 60 79 53 33 40 48 80 58 64 68 64 49 87 76 21 23 27 75 19 18 26 27 86 23 86 64 79 65 16 56 97 85 65 
22 41 24 36 36 47 56 27 99 99 87 75 85 40 84 15 92 27 24 29 83 43 49 97 76 97 54 15 65 61 67 78 85 95 93 41 18 71 85 98 94 62 44 78 44 93 82 79 95 67 69 
29 75 99 35 82 48 96 79 16 49 85 92 59 41 62 71 38 30 36 36 75 80 48 32 99 37 97 47 93 87 39 36 22 19 27 85 18 67 15 92 100 21 34 53 51 33 51 67 60 84 66 
25 87 46 58 99 94 24 23 75 85 63 72 76 53 36 24 82 87 78 38 54 36 99 59 63 17 27 89 62 50 35 37 83 30 98 27 70 76 17 48 38 58 26 75 52 29 33 85 60 90 56 
17 88 77 86 76 33 53 97 76 53 19 11 15 66 66 80 26 22 12 19 75 76 100 97 57 47 97 84 83 71 68 18 34 72 50 21 28 79 97 49 63 98 33 71 41 75 60 33 29 39 97 
28 93 26 90 99 76 98 54 77 51 91 22 22 43 49 61 37 93 16 13 91 44 35 63 94 98 42 37 13 69 49 18 24 70 15 77 40 32 59 20 98 52 46 69 87 15 13 44 28 75 45 
29 49 51 11 41 84 99 95 15 17 58 66 17 92 10 16 47 81 36 53 35 54 22 49 57 75 22 47 70 15 23 64 22 46 25 80 48 86 67 43 84 27 25 99 19 53 18 22 49 96 98 
22 91 39 52 99 28 30 22 99 25 65 80 11 50 36 32 37 88 27 45 36 67 23 29 90 33 91 45 100 86 77 32 62 29 69 72 32 12 45 27 92 22 50 79 23 11 49 44 34 47 80 
