capacity  cost_by_node
nb_functions 10
24 45 42 11 27 50 90 37 43 72 85 58 23 71 15 51 85 78 97 38 73 88 41 94 66 13 
24 53 47 37 53 54 35 63 43 59 81 14 96 21 13 66 64 62 88 27 10 59 19 97 63 74 
20 90 85 17 40 55 68 27 89 45 83 16 62 73 33 84 100 20 89 29 47 54 35 11 73 18 
18 50 86 24 93 13 32 75 86 46 77 89 48 53 74 12 51 21 15 85 64 77 35 55 15 58 
16 77 55 13 12 100 49 81 93 17 62 88 98 22 33 21 35 75 98 86 32 48 57 51 74 37 
12 33 43 39 68 73 14 54 43 19 76 53 41 99 40 80 91 84 29 22 19 14 68 82 27 59 
18 20 34 44 78 34 43 67 27 64 82 24 54 31 66 78 10 62 15 19 46 38 46 22 95 33 
22 41 77 61 55 38 51 66 42 61 39 88 67 100 46 52 21 43 63 10 39 44 94 86 80 79 
17 39 93 58 94 65 94 87 23 78 85 82 44 68 80 16 64 44 29 12 39 18 79 79 87 85 
24 100 10 80 82 86 86 91 75 100 99 25 23 88 70 69 95 12 83 35 94 67 88 94 95 78 
