capacity  cost_by_node
nb_functions 10
15 83 41 69 81 60 33 34 86 57 92 31 98 69 28 30 81 65 60 10 94 96 35 30 70 85 88 52 81 35 92 25 40 21 14 74 63 58 100 38 60 61 56 75 73 10 33 37 86 28 10 95 36 83 50 24 72 83 41 99 83 48 62 61 84 15 30 87 20 86 75 17 97 95 61 26 66 43 55 62 83 76 97 24 39 94 42 55 62 28 60 63 13 53 31 57 66 92 84 12 25 
14 29 89 70 51 89 27 66 17 77 55 18 93 32 33 51 47 10 51 28 54 66 97 82 55 43 29 71 85 52 88 62 14 68 57 40 44 74 16 68 27 25 53 93 56 83 83 34 68 74 44 22 12 32 46 33 41 33 95 80 49 56 91 38 41 73 65 100 60 23 56 12 31 49 32 20 81 96 12 38 66 84 54 18 59 81 92 38 45 54 34 98 89 34 84 92 86 22 82 27 90 
11 23 84 45 67 66 22 85 16 35 41 48 29 23 91 41 10 18 19 74 17 85 85 100 16 45 42 46 23 14 86 89 63 27 46 14 37 53 20 39 22 97 93 39 73 31 90 83 100 82 70 60 61 72 30 51 46 53 30 67 51 80 42 35 71 96 97 88 95 49 18 78 46 26 85 57 16 67 16 64 13 10 74 36 43 43 86 36 40 94 71 70 25 87 61 48 50 52 62 79 20 
15 48 11 29 99 42 85 43 64 75 54 63 30 63 75 77 31 62 29 53 22 23 87 65 71 47 41 28 77 22 69 12 38 36 47 33 97 92 89 62 84 20 75 18 15 76 18 19 21 62 59 72 13 26 74 80 86 59 36 56 16 31 22 61 36 63 43 50 96 10 54 40 98 34 48 13 60 88 61 80 19 90 85 35 46 55 71 73 67 31 55 27 26 22 87 70 43 22 46 75 50 
14 43 47 24 38 59 99 53 90 92 39 91 64 57 56 29 36 56 34 71 99 44 99 94 58 41 43 82 72 41 79 55 52 62 20 34 30 49 83 30 50 56 32 75 33 52 12 76 88 86 45 58 29 49 87 40 79 57 21 20 89 100 89 74 65 20 53 19 91 11 14 15 66 82 77 64 98 44 86 33 11 12 59 16 18 61 42 58 93 10 78 15 39 77 99 89 85 18 94 100 73 
11 73 31 70 75 96 43 67 73 89 98 44 88 14 64 25 95 81 38 31 20 51 50 40 20 83 50 42 95 82 50 25 73 74 85 82 97 14 64 88 49 40 30 29 36 93 46 20 33 97 56 14 48 41 47 60 12 75 98 90 63 35 67 22 43 63 86 82 39 62 73 42 12 35 16 37 100 97 47 68 79 34 90 82 38 40 11 38 61 20 39 60 54 68 68 51 85 70 82 19 64 
12 22 79 46 77 41 70 63 46 19 78 64 18 79 53 88 92 44 51 85 55 39 93 77 39 38 74 85 32 70 92 37 89 60 29 46 25 78 33 98 82 13 36 26 27 69 90 97 15 26 56 25 62 70 90 31 96 57 15 94 27 25 27 40 13 41 78 29 42 91 61 89 71 93 48 84 84 66 65 71 72 75 69 72 44 83 39 96 10 83 98 68 64 89 27 52 56 66 56 77 14 
16 52 87 13 75 70 59 37 23 60 41 24 35 13 17 12 22 62 84 95 16 55 47 34 33 90 93 93 22 50 31 54 28 61 46 64 53 18 85 88 60 92 46 54 57 84 67 20 52 17 36 48 29 90 14 42 63 48 50 24 80 65 36 12 36 86 98 27 22 86 14 24 28 15 36 84 78 22 13 75 28 87 20 24 66 34 34 52 91 95 16 79 46 34 22 42 64 44 14 21 48 
14 52 81 17 15 30 57 13 40 14 68 28 99 83 97 99 56 13 97 29 42 65 20 65 63 99 50 64 89 51 57 29 10 88 48 30 15 32 55 22 67 93 44 86 22 77 47 37 46 48 11 15 70 42 87 54 91 89 16 67 53 95 82 16 87 34 36 60 80 17 45 29 35 73 56 80 28 73 81 87 10 44 62 27 77 30 76 84 47 61 44 81 80 21 34 30 33 15 21 16 80 
10 18 81 30 89 17 34 25 98 100 42 99 23 43 99 69 42 27 27 47 45 51 58 78 99 93 24 96 22 24 63 29 30 19 52 91 65 42 69 87 79 40 95 66 33 95 58 54 78 39 63 15 33 39 84 17 66 21 59 10 61 82 52 82 79 37 47 75 21 24 85 95 53 56 78 82 92 20 43 75 100 85 72 84 87 68 52 58 25 17 48 23 35 46 96 39 96 74 28 65 82 
