Node_1 Node_2 Capacity_node1 Capacity_node2 Latency_arc node_cost
nb_nodes 100
nb_arcs 4966
0 1 3 2 8 758
0 2 3 3 7 758
0 4 3 3 2 758
0 7 3 2 17 758
0 12 3 1 3 758
0 13 3 3 1 758
0 15 3 3 1 758
0 16 3 2 19 758
0 17 3 4 9 758
0 18 3 1 21 758
0 19 3 4 2 758
0 20 3 2 13 758
0 23 3 1 2 758
0 25 3 4 8 758
0 27 3 4 10 758
0 28 3 4 9 758
0 29 3 2 3 758
0 33 3 1 15 758
0 34 3 2 16 758
0 35 3 2 14 758
0 37 3 1 5 758
0 38 3 2 5 758
0 39 3 4 18 758
0 40 3 2 21 758
0 41 3 4 16 758
0 43 3 1 25 758
0 44 3 1 24 758
0 45 3 2 16 758
0 46 3 2 16 758
0 47 3 1 24 758
0 49 3 2 15 758
0 50 3 3 22 758
0 51 3 2 1 758
0 52 3 4 13 758
0 57 3 3 25 758
0 58 3 1 23 758
0 60 3 1 7 758
0 62 3 1 25 758
0 63 3 3 14 758
0 69 3 3 24 758
0 70 3 3 25 758
0 71 3 3 6 758
0 74 3 4 3 758
0 75 3 2 14 758
0 78 3 3 13 758
0 80 3 2 10 758
0 82 3 4 6 758
0 83 3 1 22 758
0 84 3 2 14 758
0 87 3 4 7 758
0 89 3 2 4 758
0 91 3 1 25 758
0 92 3 1 5 758
0 93 3 3 12 758
0 94 3 1 21 758
0 97 3 2 12 758
0 98 3 4 19 758
1 0 2 3 8 610
1 2 2 3 5 610
1 3 2 4 4 610
1 5 2 1 4 610
1 6 2 3 21 610
1 13 2 3 15 610
1 15 2 3 5 610
1 17 2 4 19 610
1 18 2 1 16 610
1 21 2 1 5 610
1 25 2 4 4 610
1 28 2 4 19 610
1 33 2 1 5 610
1 34 2 2 4 610
1 36 2 2 18 610
1 37 2 1 3 610
1 38 2 2 9 610
1 39 2 4 17 610
1 40 2 2 5 610
1 41 2 4 7 610
1 44 2 1 7 610
1 45 2 2 1 610
1 46 2 2 18 610
1 49 2 2 11 610
1 51 2 2 25 610
1 52 2 4 16 610
1 53 2 3 7 610
1 54 2 4 17 610
1 57 2 3 11 610
1 59 2 4 4 610
1 61 2 4 5 610
1 62 2 1 15 610
1 63 2 3 4 610
1 65 2 4 22 610
1 67 2 1 3 610
1 68 2 1 2 610
1 69 2 3 1 610
1 70 2 3 7 610
1 71 2 3 13 610
1 72 2 1 25 610
1 74 2 4 12 610
1 76 2 1 20 610
1 78 2 3 21 610
1 80 2 2 9 610
1 81 2 2 6 610
1 87 2 4 5 610
1 88 2 4 5 610
1 89 2 2 19 610
1 90 2 4 10 610
1 91 2 1 24 610
1 92 2 1 22 610
1 93 2 3 7 610
1 94 2 1 19 610
1 96 2 1 17 610
1 98 2 4 5 610
2 0 3 3 7 645
2 1 3 2 5 645
2 3 3 4 16 645
2 5 3 1 22 645
2 6 3 3 8 645
2 7 3 2 18 645
2 10 3 2 5 645
2 11 3 2 25 645
2 12 3 1 14 645
2 13 3 3 22 645
2 14 3 1 15 645
2 15 3 3 25 645
2 17 3 4 15 645
2 19 3 4 3 645
2 20 3 2 12 645
2 22 3 4 21 645
2 24 3 4 15 645
2 26 3 2 4 645
2 29 3 2 10 645
2 30 3 1 19 645
2 32 3 4 22 645
2 34 3 2 17 645
2 38 3 2 5 645
2 40 3 2 22 645
2 41 3 4 5 645
2 44 3 1 12 645
2 46 3 2 15 645
2 50 3 3 20 645
2 52 3 4 1 645
2 53 3 3 3 645
2 55 3 2 5 645
2 56 3 2 20 645
2 57 3 3 20 645
2 59 3 4 2 645
2 61 3 4 12 645
2 63 3 3 20 645
2 64 3 1 17 645
2 65 3 4 10 645
2 67 3 1 12 645
2 70 3 3 21 645
2 72 3 1 14 645
2 73 3 1 2 645
2 74 3 4 8 645
2 77 3 3 25 645
2 78 3 3 8 645
2 79 3 1 2 645
2 80 3 2 12 645
2 83 3 1 2 645
2 84 3 2 21 645
2 86 3 1 23 645
2 87 3 4 22 645
2 89 3 2 5 645
2 90 3 4 1 645
2 93 3 3 21 645
2 95 3 1 19 645
2 96 3 1 5 645
2 97 3 2 21 645
3 1 4 2 4 204
3 2 4 3 16 204
3 5 4 1 11 204
3 8 4 1 25 204
3 9 4 1 7 204
3 10 4 2 15 204
3 12 4 1 4 204
3 23 4 1 23 204
3 24 4 4 18 204
3 26 4 2 4 204
3 27 4 4 10 204
3 28 4 4 5 204
3 30 4 1 8 204
3 33 4 1 5 204
3 34 4 2 2 204
3 35 4 2 19 204
3 38 4 2 13 204
3 39 4 4 10 204
3 40 4 2 4 204
3 43 4 1 18 204
3 44 4 1 16 204
3 46 4 2 20 204
3 48 4 1 14 204
3 49 4 2 9 204
3 52 4 4 19 204
3 53 4 3 15 204
3 54 4 4 18 204
3 57 4 3 10 204
3 59 4 4 23 204
3 68 4 1 12 204
3 70 4 3 22 204
3 71 4 3 5 204
3 72 4 1 21 204
3 74 4 4 25 204
3 83 4 1 16 204
3 84 4 2 25 204
3 90 4 4 19 204
3 92 4 1 17 204
3 93 4 3 14 204
3 94 4 1 10 204
3 96 4 1 22 204
3 97 4 2 5 204
3 98 4 4 18 204
3 99 4 2 1 204
4 0 3 3 2 748
4 7 3 2 11 748
4 8 3 1 23 748
4 10 3 2 9 748
4 12 3 1 25 748
4 13 3 3 10 748
4 14 3 1 4 748
4 15 3 3 2 748
4 17 3 4 2 748
4 19 3 4 12 748
4 20 3 2 2 748
4 21 3 1 7 748
4 23 3 1 19 748
4 26 3 2 24 748
4 28 3 4 9 748
4 29 3 2 15 748
4 32 3 4 2 748
4 38 3 2 14 748
4 39 3 4 9 748
4 40 3 2 16 748
4 41 3 4 14 748
4 42 3 3 15 748
4 43 3 1 20 748
4 47 3 1 15 748
4 50 3 3 7 748
4 51 3 2 17 748
4 52 3 4 24 748
4 54 3 4 15 748
4 55 3 2 6 748
4 56 3 2 5 748
4 58 3 1 18 748
4 63 3 3 5 748
4 65 3 4 1 748
4 66 3 2 7 748
4 72 3 1 3 748
4 74 3 4 9 748
4 77 3 3 23 748
4 78 3 3 13 748
4 80 3 2 5 748
4 81 3 2 13 748
4 82 3 4 11 748
4 84 3 2 5 748
4 85 3 1 12 748
4 87 3 4 1 748
4 88 3 4 8 748
4 92 3 1 19 748
4 95 3 1 9 748
4 96 3 1 19 748
4 98 3 4 8 748
5 1 1 2 4 873
5 2 1 3 22 873
5 3 1 4 11 873
5 7 1 2 2 873
5 9 1 1 8 873
5 10 1 2 4 873
5 11 1 2 5 873
5 12 1 1 10 873
5 14 1 1 17 873
5 15 1 3 3 873
5 16 1 2 21 873
5 18 1 1 8 873
5 19 1 4 9 873
5 20 1 2 2 873
5 23 1 1 13 873
5 28 1 4 22 873
5 29 1 2 25 873
5 31 1 3 13 873
5 33 1 1 5 873
5 34 1 2 6 873
5 35 1 2 1 873
5 36 1 2 2 873
5 40 1 2 17 873
5 41 1 4 6 873
5 42 1 3 18 873
5 43 1 1 22 873
5 46 1 2 9 873
5 47 1 1 13 873
5 48 1 1 1 873
5 49 1 2 13 873
5 50 1 3 3 873
5 55 1 2 11 873
5 60 1 1 15 873
5 67 1 1 10 873
5 68 1 1 25 873
5 72 1 1 16 873
5 75 1 2 4 873
5 76 1 1 7 873
5 78 1 3 16 873
5 79 1 1 14 873
5 83 1 1 2 873
5 85 1 1 23 873
5 87 1 4 12 873
5 89 1 2 21 873
5 90 1 4 22 873
5 94 1 1 21 873
5 96 1 1 4 873
5 97 1 2 22 873
6 1 3 2 21 854
6 2 3 3 8 854
6 7 3 2 8 854
6 8 3 1 14 854
6 9 3 1 20 854
6 12 3 1 7 854
6 15 3 3 2 854
6 16 3 2 6 854
6 18 3 1 18 854
6 19 3 4 9 854
6 20 3 2 6 854
6 21 3 1 9 854
6 22 3 4 22 854
6 25 3 4 2 854
6 27 3 4 4 854
6 28 3 4 23 854
6 33 3 1 14 854
6 34 3 2 9 854
6 37 3 1 17 854
6 41 3 4 6 854
6 42 3 3 7 854
6 44 3 1 10 854
6 45 3 2 13 854
6 47 3 1 2 854
6 48 3 1 11 854
6 50 3 3 7 854
6 52 3 4 19 854
6 53 3 3 8 854
6 57 3 3 1 854
6 58 3 1 21 854
6 59 3 4 4 854
6 61 3 4 1 854
6 64 3 1 8 854
6 66 3 2 20 854
6 68 3 1 2 854
6 69 3 3 22 854
6 70 3 3 13 854
6 72 3 1 1 854
6 73 3 1 20 854
6 75 3 2 10 854
6 77 3 3 13 854
6 78 3 3 10 854
6 79 3 1 21 854
6 80 3 2 11 854
6 81 3 2 11 854
6 83 3 1 15 854
6 90 3 4 20 854
6 91 3 1 23 854
6 94 3 1 17 854
6 96 3 1 23 854
6 97 3 2 15 854
7 0 2 3 17 699
7 2 2 3 18 699
7 4 2 3 11 699
7 5 2 1 2 699
7 6 2 3 8 699
7 8 2 1 20 699
7 14 2 1 6 699
7 16 2 2 19 699
7 18 2 1 21 699
7 19 2 4 24 699
7 20 2 2 17 699
7 22 2 4 18 699
7 23 2 1 14 699
7 25 2 4 5 699
7 26 2 2 5 699
7 27 2 4 4 699
7 29 2 2 3 699
7 30 2 1 15 699
7 34 2 2 15 699
7 35 2 2 3 699
7 36 2 2 9 699
7 37 2 1 13 699
7 38 2 2 20 699
7 39 2 4 2 699
7 40 2 2 3 699
7 41 2 4 13 699
7 43 2 1 14 699
7 45 2 2 5 699
7 47 2 1 6 699
7 52 2 4 8 699
7 53 2 3 11 699
7 54 2 4 24 699
7 55 2 2 21 699
7 57 2 3 14 699
7 60 2 1 1 699
7 62 2 1 12 699
7 64 2 1 9 699
7 65 2 4 1 699
7 69 2 3 24 699
7 71 2 3 2 699
7 74 2 4 18 699
7 76 2 1 24 699
7 80 2 2 20 699
7 81 2 2 2 699
7 85 2 1 13 699
7 87 2 4 25 699
7 88 2 4 1 699
7 89 2 2 23 699
7 91 2 1 6 699
7 94 2 1 21 699
7 95 2 1 21 699
7 96 2 1 21 699
7 97 2 2 22 699
7 99 2 2 25 699
8 3 1 4 25 870
8 4 1 3 23 870
8 6 1 3 14 870
8 7 1 2 20 870
8 11 1 2 19 870
8 12 1 1 5 870
8 15 1 3 10 870
8 17 1 4 17 870
8 18 1 1 9 870
8 19 1 4 19 870
8 21 1 1 2 870
8 27 1 4 2 870
8 30 1 1 22 870
8 31 1 3 12 870
8 35 1 2 19 870
8 38 1 2 14 870
8 39 1 4 1 870
8 41 1 4 13 870
8 42 1 3 25 870
8 44 1 1 2 870
8 47 1 1 8 870
8 49 1 2 14 870
8 50 1 3 23 870
8 54 1 4 5 870
8 56 1 2 8 870
8 57 1 3 16 870
8 59 1 4 21 870
8 62 1 1 24 870
8 64 1 1 5 870
8 65 1 4 7 870
8 66 1 2 2 870
8 68 1 1 22 870
8 69 1 3 16 870
8 74 1 4 14 870
8 76 1 1 13 870
8 77 1 3 25 870
8 78 1 3 2 870
8 80 1 2 18 870
8 81 1 2 19 870
8 83 1 1 8 870
8 85 1 1 9 870
8 89 1 2 9 870
8 90 1 4 1 870
8 93 1 3 15 870
8 95 1 1 17 870
8 96 1 1 24 870
8 98 1 4 13 870
9 3 1 4 7 458
9 5 1 1 8 458
9 6 1 3 20 458
9 13 1 3 2 458
9 15 1 3 7 458
9 18 1 1 18 458
9 19 1 4 21 458
9 24 1 4 25 458
9 25 1 4 13 458
9 26 1 2 9 458
9 32 1 4 5 458
9 34 1 2 18 458
9 38 1 2 23 458
9 39 1 4 11 458
9 40 1 2 23 458
9 41 1 4 2 458
9 42 1 3 15 458
9 45 1 2 3 458
9 49 1 2 12 458
9 50 1 3 1 458
9 51 1 2 5 458
9 53 1 3 3 458
9 54 1 4 24 458
9 55 1 2 20 458
9 58 1 1 10 458
9 59 1 4 16 458
9 60 1 1 4 458
9 62 1 1 12 458
9 65 1 4 10 458
9 68 1 1 3 458
9 69 1 3 7 458
9 70 1 3 19 458
9 73 1 1 20 458
9 75 1 2 21 458
9 77 1 3 2 458
9 78 1 3 23 458
9 79 1 1 22 458
9 81 1 2 1 458
9 84 1 2 7 458
9 85 1 1 10 458
9 86 1 1 5 458
9 87 1 4 20 458
9 89 1 2 19 458
9 90 1 4 10 458
9 92 1 1 5 458
9 94 1 1 16 458
9 95 1 1 25 458
10 2 2 3 5 784
10 3 2 4 15 784
10 4 2 3 9 784
10 5 2 1 4 784
10 13 2 3 18 784
10 14 2 1 1 784
10 15 2 3 11 784
10 16 2 2 1 784
10 17 2 4 24 784
10 18 2 1 2 784
10 19 2 4 15 784
10 20 2 2 7 784
10 21 2 1 11 784
10 22 2 4 15 784
10 26 2 2 17 784
10 27 2 4 8 784
10 29 2 2 9 784
10 30 2 1 6 784
10 31 2 3 3 784
10 32 2 4 7 784
10 33 2 1 24 784
10 35 2 2 25 784
10 36 2 2 18 784
10 41 2 4 2 784
10 42 2 3 13 784
10 43 2 1 24 784
10 45 2 2 17 784
10 46 2 2 13 784
10 48 2 1 22 784
10 50 2 3 17 784
10 51 2 2 22 784
10 53 2 3 4 784
10 54 2 4 23 784
10 57 2 3 14 784
10 59 2 4 8 784
10 60 2 1 23 784
10 62 2 1 20 784
10 63 2 3 14 784
10 66 2 2 2 784
10 68 2 1 21 784
10 69 2 3 7 784
10 70 2 3 24 784
10 71 2 3 6 784
10 72 2 1 15 784
10 74 2 4 24 784
10 77 2 3 4 784
10 79 2 1 14 784
10 81 2 2 3 784
10 84 2 2 2 784
10 85 2 1 20 784
10 87 2 4 21 784
10 89 2 2 12 784
10 93 2 3 22 784
10 99 2 2 24 784
11 2 2 3 25 649
11 5 2 1 5 649
11 8 2 1 19 649
11 13 2 3 6 649
11 14 2 1 9 649
11 15 2 3 15 649
11 18 2 1 10 649
11 19 2 4 21 649
11 20 2 2 16 649
11 22 2 4 10 649
11 30 2 1 4 649
11 31 2 3 4 649
11 34 2 2 12 649
11 35 2 2 11 649
11 37 2 1 17 649
11 39 2 4 14 649
11 40 2 2 13 649
11 44 2 1 3 649
11 47 2 1 5 649
11 50 2 3 2 649
11 52 2 4 4 649
11 54 2 4 16 649
11 55 2 2 13 649
11 58 2 1 15 649
11 59 2 4 21 649
11 61 2 4 14 649
11 63 2 3 20 649
11 64 2 1 1 649
11 69 2 3 21 649
11 70 2 3 8 649
11 71 2 3 22 649
11 73 2 1 12 649
11 76 2 1 15 649
11 79 2 1 7 649
11 80 2 2 10 649
11 82 2 4 11 649
11 84 2 2 15 649
11 90 2 4 2 649
11 91 2 1 6 649
11 92 2 1 4 649
11 93 2 3 2 649
11 94 2 1 25 649
11 95 2 1 25 649
11 99 2 2 7 649
12 0 1 3 3 352
12 2 1 3 14 352
12 3 1 4 4 352
12 4 1 3 25 352
12 5 1 1 10 352
12 6 1 3 7 352
12 8 1 1 5 352
12 13 1 3 13 352
12 14 1 1 17 352
12 15 1 3 24 352
12 16 1 2 8 352
12 17 1 4 10 352
12 18 1 1 15 352
12 20 1 2 17 352
12 21 1 1 14 352
12 22 1 4 1 352
12 25 1 4 7 352
12 27 1 4 17 352
12 29 1 2 25 352
12 34 1 2 15 352
12 35 1 2 13 352
12 36 1 2 15 352
12 39 1 4 7 352
12 42 1 3 24 352
12 47 1 1 23 352
12 48 1 1 6 352
12 49 1 2 13 352
12 50 1 3 12 352
12 53 1 3 10 352
12 55 1 2 21 352
12 57 1 3 10 352
12 61 1 4 5 352
12 63 1 3 4 352
12 64 1 1 18 352
12 65 1 4 8 352
12 66 1 2 6 352
12 68 1 1 13 352
12 72 1 1 7 352
12 73 1 1 10 352
12 74 1 4 12 352
12 75 1 2 19 352
12 76 1 1 16 352
12 82 1 4 12 352
12 83 1 1 14 352
12 84 1 2 16 352
12 85 1 1 18 352
12 86 1 1 8 352
12 87 1 4 1 352
12 88 1 4 23 352
12 90 1 4 10 352
12 94 1 1 15 352
12 95 1 1 11 352
12 97 1 2 22 352
12 98 1 4 4 352
12 99 1 2 24 352
13 0 3 3 1 503
13 1 3 2 15 503
13 2 3 3 22 503
13 4 3 3 10 503
13 9 3 1 2 503
13 10 3 2 18 503
13 11 3 2 6 503
13 12 3 1 13 503
13 14 3 1 13 503
13 17 3 4 15 503
13 20 3 2 10 503
13 21 3 1 7 503
13 22 3 4 11 503
13 23 3 1 15 503
13 30 3 1 7 503
13 34 3 2 8 503
13 41 3 4 4 503
13 43 3 1 25 503
13 46 3 2 21 503
13 47 3 1 6 503
13 50 3 3 13 503
13 52 3 4 19 503
13 53 3 3 16 503
13 57 3 3 8 503
13 58 3 1 1 503
13 59 3 4 18 503
13 60 3 1 16 503
13 62 3 1 7 503
13 63 3 3 21 503
13 64 3 1 10 503
13 71 3 3 16 503
13 74 3 4 16 503
13 75 3 2 12 503
13 77 3 3 8 503
13 78 3 3 6 503
13 79 3 1 15 503
13 81 3 2 25 503
13 88 3 4 18 503
13 89 3 2 20 503
13 91 3 1 17 503
13 92 3 1 6 503
13 93 3 3 20 503
13 94 3 1 14 503
13 95 3 1 5 503
13 96 3 1 7 503
13 97 3 2 9 503
13 98 3 4 25 503
14 2 1 3 15 658
14 4 1 3 4 658
14 5 1 1 17 658
14 7 1 2 6 658
14 10 1 2 1 658
14 11 1 2 9 658
14 12 1 1 17 658
14 13 1 3 13 658
14 15 1 3 12 658
14 16 1 2 10 658
14 20 1 2 9 658
14 21 1 1 3 658
14 23 1 1 14 658
14 24 1 4 14 658
14 25 1 4 8 658
14 26 1 2 1 658
14 29 1 2 9 658
14 30 1 1 13 658
14 31 1 3 8 658
14 34 1 2 1 658
14 35 1 2 12 658
14 38 1 2 22 658
14 40 1 2 22 658
14 42 1 3 1 658
14 43 1 1 10 658
14 44 1 1 15 658
14 45 1 2 20 658
14 50 1 3 4 658
14 51 1 2 17 658
14 52 1 4 23 658
14 54 1 4 6 658
14 59 1 4 2 658
14 62 1 1 7 658
14 63 1 3 1 658
14 66 1 2 7 658
14 68 1 1 12 658
14 71 1 3 20 658
14 72 1 1 13 658
14 76 1 1 25 658
14 77 1 3 25 658
14 78 1 3 25 658
14 79 1 1 9 658
14 81 1 2 19 658
14 82 1 4 5 658
14 84 1 2 14 658
14 85 1 1 4 658
14 87 1 4 19 658
14 89 1 2 5 658
14 91 1 1 18 658
14 97 1 2 10 658
14 98 1 4 24 658
14 99 1 2 24 658
15 0 3 3 1 138
15 1 3 2 5 138
15 2 3 3 25 138
15 4 3 3 2 138
15 5 3 1 3 138
15 6 3 3 2 138
15 8 3 1 10 138
15 9 3 1 7 138
15 10 3 2 11 138
15 11 3 2 15 138
15 12 3 1 24 138
15 14 3 1 12 138
15 16 3 2 16 138
15 18 3 1 25 138
15 19 3 4 9 138
15 23 3 1 22 138
15 24 3 4 19 138
15 28 3 4 16 138
15 30 3 1 19 138
15 32 3 4 12 138
15 33 3 1 19 138
15 35 3 2 2 138
15 39 3 4 25 138
15 43 3 1 23 138
15 44 3 1 11 138
15 45 3 2 12 138
15 46 3 2 21 138
15 48 3 1 23 138
15 49 3 2 3 138
15 52 3 4 8 138
15 58 3 1 11 138
15 59 3 4 8 138
15 61 3 4 12 138
15 65 3 4 11 138
15 69 3 3 11 138
15 70 3 3 8 138
15 73 3 1 25 138
15 75 3 2 4 138
15 76 3 1 3 138
15 77 3 3 4 138
15 79 3 1 16 138
15 80 3 2 18 138
15 82 3 4 7 138
15 83 3 1 6 138
15 85 3 1 20 138
15 86 3 1 15 138
15 88 3 4 13 138
15 91 3 1 11 138
15 92 3 1 4 138
15 95 3 1 9 138
15 98 3 4 8 138
15 99 3 2 16 138
16 0 2 3 19 971
16 5 2 1 21 971
16 6 2 3 6 971
16 7 2 2 19 971
16 10 2 2 1 971
16 12 2 1 8 971
16 14 2 1 10 971
16 15 2 3 16 971
16 17 2 4 12 971
16 22 2 4 16 971
16 24 2 4 13 971
16 27 2 4 17 971
16 28 2 4 10 971
16 29 2 2 13 971
16 31 2 3 7 971
16 33 2 1 21 971
16 34 2 2 5 971
16 37 2 1 7 971
16 40 2 2 1 971
16 41 2 4 11 971
16 42 2 3 23 971
16 43 2 1 13 971
16 44 2 1 15 971
16 46 2 2 22 971
16 48 2 1 6 971
16 50 2 3 9 971
16 52 2 4 20 971
16 53 2 3 17 971
16 57 2 3 14 971
16 60 2 1 13 971
16 61 2 4 5 971
16 62 2 1 25 971
16 63 2 3 24 971
16 64 2 1 21 971
16 65 2 4 14 971
16 66 2 2 5 971
16 70 2 3 11 971
16 74 2 4 4 971
16 77 2 3 11 971
16 78 2 3 6 971
16 79 2 1 8 971
16 80 2 2 10 971
16 82 2 4 23 971
16 83 2 1 18 971
16 86 2 1 7 971
16 88 2 4 18 971
16 89 2 2 20 971
16 93 2 3 4 971
16 95 2 1 9 971
16 98 2 4 8 971
16 99 2 2 1 971
17 0 4 3 9 549
17 1 4 2 19 549
17 2 4 3 15 549
17 4 4 3 2 549
17 8 4 1 17 549
17 10 4 2 24 549
17 12 4 1 10 549
17 13 4 3 15 549
17 16 4 2 12 549
17 18 4 1 4 549
17 19 4 4 1 549
17 20 4 2 9 549
17 22 4 4 25 549
17 24 4 4 3 549
17 27 4 4 14 549
17 29 4 2 22 549
17 30 4 1 1 549
17 31 4 3 6 549
17 32 4 4 23 549
17 35 4 2 20 549
17 36 4 2 21 549
17 38 4 2 1 549
17 41 4 4 20 549
17 42 4 3 17 549
17 45 4 2 10 549
17 46 4 2 13 549
17 50 4 3 14 549
17 51 4 2 11 549
17 52 4 4 4 549
17 55 4 2 8 549
17 56 4 2 20 549
17 58 4 1 6 549
17 59 4 4 20 549
17 60 4 1 22 549
17 61 4 4 25 549
17 65 4 4 24 549
17 67 4 1 12 549
17 71 4 3 18 549
17 76 4 1 19 549
17 77 4 3 22 549
17 78 4 3 5 549
17 79 4 1 16 549
17 84 4 2 20 549
17 85 4 1 11 549
17 87 4 4 23 549
17 88 4 4 4 549
17 90 4 4 10 549
17 91 4 1 3 549
17 92 4 1 18 549
17 94 4 1 24 549
17 95 4 1 4 549
17 96 4 1 11 549
17 97 4 2 20 549
17 99 4 2 17 549
18 0 1 3 21 410
18 1 1 2 16 410
18 5 1 1 8 410
18 6 1 3 18 410
18 7 1 2 21 410
18 8 1 1 9 410
18 9 1 1 18 410
18 10 1 2 2 410
18 11 1 2 10 410
18 12 1 1 15 410
18 15 1 3 25 410
18 17 1 4 4 410
18 19 1 4 4 410
18 21 1 1 22 410
18 24 1 4 9 410
18 25 1 4 2 410
18 27 1 4 13 410
18 29 1 2 15 410
18 30 1 1 17 410
18 32 1 4 7 410
18 33 1 1 13 410
18 35 1 2 1 410
18 36 1 2 15 410
18 37 1 1 15 410
18 38 1 2 20 410
18 39 1 4 15 410
18 40 1 2 2 410
18 44 1 1 4 410
18 47 1 1 17 410
18 50 1 3 15 410
18 51 1 2 2 410
18 53 1 3 24 410
18 54 1 4 16 410
18 55 1 2 25 410
18 57 1 3 18 410
18 59 1 4 6 410
18 60 1 1 14 410
18 63 1 3 18 410
18 65 1 4 15 410
18 66 1 2 3 410
18 67 1 1 23 410
18 68 1 1 16 410
18 70 1 3 17 410
18 71 1 3 18 410
18 72 1 1 9 410
18 73 1 1 11 410
18 75 1 2 18 410
18 76 1 1 3 410
18 77 1 3 4 410
18 78 1 3 15 410
18 80 1 2 10 410
18 81 1 2 9 410
18 83 1 1 9 410
18 84 1 2 18 410
18 86 1 1 13 410
18 87 1 4 13 410
18 88 1 4 12 410
18 92 1 1 1 410
18 97 1 2 1 410
18 98 1 4 3 410
18 99 1 2 21 410
19 0 4 3 2 657
19 2 4 3 3 657
19 4 4 3 12 657
19 5 4 1 9 657
19 6 4 3 9 657
19 7 4 2 24 657
19 8 4 1 19 657
19 9 4 1 21 657
19 10 4 2 15 657
19 11 4 2 21 657
19 15 4 3 9 657
19 17 4 4 1 657
19 18 4 1 4 657
19 24 4 4 2 657
19 25 4 4 16 657
19 27 4 4 1 657
19 31 4 3 11 657
19 33 4 1 17 657
19 34 4 2 7 657
19 35 4 2 13 657
19 37 4 1 4 657
19 42 4 3 22 657
19 47 4 1 1 657
19 49 4 2 16 657
19 50 4 3 10 657
19 53 4 3 20 657
19 55 4 2 16 657
19 57 4 3 23 657
19 60 4 1 19 657
19 61 4 4 16 657
19 64 4 1 21 657
19 66 4 2 11 657
19 71 4 3 21 657
19 72 4 1 12 657
19 73 4 1 16 657
19 75 4 2 21 657
19 79 4 1 9 657
19 80 4 2 3 657
19 81 4 2 9 657
19 83 4 1 17 657
19 84 4 2 16 657
19 87 4 4 9 657
19 89 4 2 12 657
19 93 4 3 7 657
19 94 4 1 1 657
19 97 4 2 7 657
20 0 2 3 13 520
20 2 2 3 12 520
20 4 2 3 2 520
20 5 2 1 2 520
20 6 2 3 6 520
20 7 2 2 17 520
20 10 2 2 7 520
20 11 2 2 16 520
20 12 2 1 17 520
20 13 2 3 10 520
20 14 2 1 9 520
20 17 2 4 9 520
20 21 2 1 16 520
20 23 2 1 7 520
20 25 2 4 14 520
20 26 2 2 6 520
20 27 2 4 25 520
20 28 2 4 16 520
20 29 2 2 17 520
20 31 2 3 2 520
20 33 2 1 12 520
20 34 2 2 12 520
20 36 2 2 17 520
20 37 2 1 1 520
20 38 2 2 4 520
20 41 2 4 4 520
20 42 2 3 22 520
20 44 2 1 21 520
20 45 2 2 14 520
20 51 2 2 19 520
20 53 2 3 22 520
20 56 2 2 4 520
20 57 2 3 1 520
20 58 2 1 15 520
20 59 2 4 8 520
20 60 2 1 12 520
20 61 2 4 3 520
20 62 2 1 16 520
20 64 2 1 5 520
20 65 2 4 20 520
20 69 2 3 19 520
20 70 2 3 5 520
20 71 2 3 24 520
20 72 2 1 15 520
20 73 2 1 1 520
20 74 2 4 15 520
20 75 2 2 25 520
20 78 2 3 10 520
20 80 2 2 1 520
20 81 2 2 9 520
20 83 2 1 11 520
20 85 2 1 25 520
20 86 2 1 6 520
20 89 2 2 8 520
20 90 2 4 15 520
20 94 2 1 3 520
20 95 2 1 8 520
20 97 2 2 25 520
21 1 1 2 5 807
21 4 1 3 7 807
21 6 1 3 9 807
21 8 1 1 2 807
21 10 1 2 11 807
21 12 1 1 14 807
21 13 1 3 7 807
21 14 1 1 3 807
21 18 1 1 22 807
21 20 1 2 16 807
21 23 1 1 10 807
21 25 1 4 20 807
21 26 1 2 13 807
21 27 1 4 9 807
21 28 1 4 21 807
21 30 1 1 14 807
21 34 1 2 4 807
21 35 1 2 2 807
21 36 1 2 21 807
21 39 1 4 10 807
21 43 1 1 7 807
21 44 1 1 9 807
21 45 1 2 14 807
21 47 1 1 18 807
21 48 1 1 20 807
21 50 1 3 15 807
21 51 1 2 7 807
21 52 1 4 8 807
21 56 1 2 2 807
21 58 1 1 25 807
21 61 1 4 4 807
21 68 1 1 5 807
21 71 1 3 3 807
21 73 1 1 16 807
21 78 1 3 12 807
21 81 1 2 10 807
21 82 1 4 7 807
21 83 1 1 1 807
21 84 1 2 23 807
21 85 1 1 24 807
21 87 1 4 2 807
21 88 1 4 11 807
21 90 1 4 1 807
21 91 1 1 15 807
21 92 1 1 3 807
21 95 1 1 15 807
21 96 1 1 5 807
21 97 1 2 23 807
21 99 1 2 13 807
22 2 4 3 21 627
22 6 4 3 22 627
22 7 4 2 18 627
22 10 4 2 15 627
22 11 4 2 10 627
22 12 4 1 1 627
22 13 4 3 11 627
22 16 4 2 16 627
22 17 4 4 25 627
22 23 4 1 11 627
22 24 4 4 2 627
22 26 4 2 11 627
22 27 4 4 20 627
22 28 4 4 20 627
22 29 4 2 12 627
22 32 4 4 8 627
22 35 4 2 7 627
22 36 4 2 1 627
22 37 4 1 22 627
22 38 4 2 13 627
22 39 4 4 18 627
22 40 4 2 21 627
22 45 4 2 16 627
22 47 4 1 7 627
22 49 4 2 15 627
22 52 4 4 11 627
22 54 4 4 25 627
22 55 4 2 20 627
22 58 4 1 6 627
22 59 4 4 17 627
22 60 4 1 14 627
22 61 4 4 8 627
22 62 4 1 10 627
22 64 4 1 20 627
22 65 4 4 14 627
22 66 4 2 21 627
22 68 4 1 17 627
22 72 4 1 7 627
22 78 4 3 3 627
22 79 4 1 3 627
22 80 4 2 12 627
22 82 4 4 19 627
22 83 4 1 11 627
22 86 4 1 13 627
22 88 4 4 25 627
22 89 4 2 24 627
22 92 4 1 11 627
22 93 4 3 2 627
22 95 4 1 20 627
22 96 4 1 17 627
23 0 1 3 2 720
23 3 1 4 23 720
23 4 1 3 19 720
23 5 1 1 13 720
23 7 1 2 14 720
23 13 1 3 15 720
23 14 1 1 14 720
23 15 1 3 22 720
23 20 1 2 7 720
23 21 1 1 10 720
23 22 1 4 11 720
23 24 1 4 8 720
23 25 1 4 2 720
23 27 1 4 6 720
23 29 1 2 17 720
23 30 1 1 4 720
23 32 1 4 12 720
23 33 1 1 2 720
23 34 1 2 2 720
23 35 1 2 2 720
23 40 1 2 9 720
23 43 1 1 18 720
23 44 1 1 16 720
23 50 1 3 5 720
23 51 1 2 5 720
23 53 1 3 9 720
23 54 1 4 12 720
23 59 1 4 16 720
23 60 1 1 21 720
23 63 1 3 7 720
23 66 1 2 7 720
23 67 1 1 9 720
23 68 1 1 16 720
23 69 1 3 3 720
23 72 1 1 4 720
23 75 1 2 5 720
23 77 1 3 2 720
23 80 1 2 13 720
23 82 1 4 2 720
23 86 1 1 17 720
23 88 1 4 16 720
23 89 1 2 11 720
23 90 1 4 13 720
23 91 1 1 4 720
23 92 1 1 20 720
23 96 1 1 9 720
23 97 1 2 15 720
24 2 4 3 15 542
24 3 4 4 18 542
24 9 4 1 25 542
24 14 4 1 14 542
24 15 4 3 19 542
24 16 4 2 13 542
24 17 4 4 3 542
24 18 4 1 9 542
24 19 4 4 2 542
24 22 4 4 2 542
24 23 4 1 8 542
24 25 4 4 16 542
24 29 4 2 4 542
24 32 4 4 18 542
24 34 4 2 13 542
24 38 4 2 7 542
24 41 4 4 11 542
24 42 4 3 11 542
24 43 4 1 18 542
24 45 4 2 21 542
24 48 4 1 24 542
24 50 4 3 17 542
24 56 4 2 15 542
24 60 4 1 9 542
24 61 4 4 21 542
24 65 4 4 15 542
24 68 4 1 20 542
24 69 4 3 9 542
24 75 4 2 21 542
24 76 4 1 6 542
24 79 4 1 6 542
24 82 4 4 17 542
24 84 4 2 22 542
24 89 4 2 2 542
24 91 4 1 5 542
24 92 4 1 8 542
24 93 4 3 11 542
24 94 4 1 4 542
24 96 4 1 21 542
24 97 4 2 12 542
24 98 4 4 19 542
25 0 4 3 8 99
25 1 4 2 4 99
25 6 4 3 2 99
25 7 4 2 5 99
25 9 4 1 13 99
25 12 4 1 7 99
25 14 4 1 8 99
25 18 4 1 2 99
25 19 4 4 16 99
25 20 4 2 14 99
25 21 4 1 20 99
25 23 4 1 2 99
25 24 4 4 16 99
25 26 4 2 5 99
25 32 4 4 22 99
25 33 4 1 6 99
25 36 4 2 25 99
25 39 4 4 17 99
25 40 4 2 2 99
25 41 4 4 4 99
25 45 4 2 16 99
25 47 4 1 7 99
25 50 4 3 6 99
25 51 4 2 14 99
25 54 4 4 16 99
25 58 4 1 20 99
25 59 4 4 6 99
25 61 4 4 18 99
25 65 4 4 13 99
25 68 4 1 21 99
25 72 4 1 18 99
25 75 4 2 19 99
25 79 4 1 22 99
25 81 4 2 22 99
25 87 4 4 5 99
25 89 4 2 17 99
25 90 4 4 9 99
25 92 4 1 9 99
25 93 4 3 25 99
25 95 4 1 6 99
25 97 4 2 5 99
26 2 2 3 4 369
26 3 2 4 4 369
26 4 2 3 24 369
26 7 2 2 5 369
26 9 2 1 9 369
26 10 2 2 17 369
26 14 2 1 1 369
26 20 2 2 6 369
26 21 2 1 13 369
26 22 2 4 11 369
26 25 2 4 5 369
26 27 2 4 3 369
26 30 2 1 4 369
26 33 2 1 10 369
26 34 2 2 9 369
26 40 2 2 20 369
26 42 2 3 16 369
26 43 2 1 10 369
26 46 2 2 22 369
26 47 2 1 13 369
26 50 2 3 24 369
26 54 2 4 8 369
26 57 2 3 12 369
26 58 2 1 16 369
26 61 2 4 11 369
26 63 2 3 1 369
26 66 2 2 9 369
26 67 2 1 2 369
26 68 2 1 20 369
26 69 2 3 25 369
26 70 2 3 8 369
26 71 2 3 5 369
26 73 2 1 17 369
26 74 2 4 23 369
26 75 2 2 13 369
26 79 2 1 20 369
26 80 2 2 10 369
26 81 2 2 5 369
26 83 2 1 2 369
26 84 2 2 23 369
26 92 2 1 15 369
26 94 2 1 20 369
26 95 2 1 25 369
26 97 2 2 24 369
26 98 2 4 22 369
26 99 2 2 3 369
27 0 4 3 10 553
27 3 4 4 10 553
27 6 4 3 4 553
27 7 4 2 4 553
27 8 4 1 2 553
27 10 4 2 8 553
27 12 4 1 17 553
27 16 4 2 17 553
27 17 4 4 14 553
27 18 4 1 13 553
27 19 4 4 1 553
27 20 4 2 25 553
27 21 4 1 9 553
27 22 4 4 20 553
27 23 4 1 6 553
27 26 4 2 3 553
27 30 4 1 24 553
27 33 4 1 20 553
27 34 4 2 19 553
27 36 4 2 23 553
27 37 4 1 19 553
27 43 4 1 3 553
27 45 4 2 12 553
27 46 4 2 25 553
27 49 4 2 13 553
27 50 4 3 25 553
27 51 4 2 14 553
27 52 4 4 19 553
27 53 4 3 19 553
27 56 4 2 20 553
27 58 4 1 5 553
27 60 4 1 10 553
27 63 4 3 21 553
27 64 4 1 19 553
27 65 4 4 20 553
27 67 4 1 8 553
27 69 4 3 11 553
27 71 4 3 8 553
27 74 4 4 9 553
27 78 4 3 15 553
27 80 4 2 22 553
27 82 4 4 20 553
27 83 4 1 22 553
27 84 4 2 23 553
27 85 4 1 12 553
27 86 4 1 5 553
27 87 4 4 3 553
27 88 4 4 15 553
27 89 4 2 1 553
27 90 4 4 8 553
27 91 4 1 1 553
27 92 4 1 8 553
27 93 4 3 13 553
28 0 4 3 9 914
28 1 4 2 19 914
28 3 4 4 5 914
28 4 4 3 9 914
28 5 4 1 22 914
28 6 4 3 23 914
28 15 4 3 16 914
28 16 4 2 10 914
28 20 4 2 16 914
28 21 4 1 21 914
28 22 4 4 20 914
28 30 4 1 9 914
28 32 4 4 9 914
28 34 4 2 13 914
28 35 4 2 25 914
28 39 4 4 9 914
28 44 4 1 16 914
28 46 4 2 5 914
28 47 4 1 1 914
28 48 4 1 2 914
28 50 4 3 15 914
28 53 4 3 2 914
28 54 4 4 8 914
28 55 4 2 19 914
28 56 4 2 8 914
28 57 4 3 6 914
28 58 4 1 18 914
28 59 4 4 17 914
28 63 4 3 11 914
28 64 4 1 12 914
28 65 4 4 4 914
28 66 4 2 22 914
28 67 4 1 15 914
28 71 4 3 1 914
28 74 4 4 7 914
28 79 4 1 8 914
28 83 4 1 23 914
28 85 4 1 5 914
28 86 4 1 12 914
28 88 4 4 3 914
28 89 4 2 12 914
28 90 4 4 25 914
28 91 4 1 22 914
28 92 4 1 8 914
28 94 4 1 1 914
28 98 4 4 14 914
28 99 4 2 20 914
29 0 2 3 3 133
29 2 2 3 10 133
29 4 2 3 15 133
29 5 2 1 25 133
29 7 2 2 3 133
29 10 2 2 9 133
29 12 2 1 25 133
29 14 2 1 9 133
29 16 2 2 13 133
29 17 2 4 22 133
29 18 2 1 15 133
29 20 2 2 17 133
29 22 2 4 12 133
29 23 2 1 17 133
29 24 2 4 4 133
29 30 2 1 9 133
29 31 2 3 23 133
29 34 2 2 5 133
29 35 2 2 15 133
29 38 2 2 12 133
29 42 2 3 2 133
29 43 2 1 23 133
29 45 2 2 13 133
29 46 2 2 21 133
29 49 2 2 18 133
29 51 2 2 9 133
29 53 2 3 17 133
29 54 2 4 23 133
29 55 2 2 10 133
29 56 2 2 20 133
29 59 2 4 19 133
29 66 2 2 6 133
29 67 2 1 15 133
29 68 2 1 14 133
29 69 2 3 18 133
29 74 2 4 8 133
29 79 2 1 11 133
29 80 2 2 24 133
29 83 2 1 15 133
29 84 2 2 3 133
29 87 2 4 9 133
29 88 2 4 18 133
29 89 2 2 3 133
29 91 2 1 7 133
29 96 2 1 9 133
29 97 2 2 10 133
29 99 2 2 5 133
30 2 1 3 19 308
30 3 1 4 8 308
30 7 1 2 15 308
30 8 1 1 22 308
30 10 1 2 6 308
30 11 1 2 4 308
30 13 1 3 7 308
30 14 1 1 13 308
30 15 1 3 19 308
30 17 1 4 1 308
30 18 1 1 17 308
30 21 1 1 14 308
30 23 1 1 4 308
30 26 1 2 4 308
30 27 1 4 24 308
30 28 1 4 9 308
30 29 1 2 9 308
30 35 1 2 1 308
30 36 1 2 9 308
30 38 1 2 10 308
30 43 1 1 7 308
30 44 1 1 5 308
30 45 1 2 20 308
30 46 1 2 7 308
30 51 1 2 5 308
30 52 1 4 15 308
30 54 1 4 4 308
30 55 1 2 23 308
30 56 1 2 11 308
30 58 1 1 5 308
30 59 1 4 6 308
30 61 1 4 9 308
30 63 1 3 16 308
30 64 1 1 8 308
30 65 1 4 22 308
30 68 1 1 4 308
30 69 1 3 24 308
30 71 1 3 19 308
30 73 1 1 12 308
30 74 1 4 25 308
30 77 1 3 9 308
30 79 1 1 23 308
30 80 1 2 9 308
30 81 1 2 6 308
30 82 1 4 1 308
30 83 1 1 1 308
30 84 1 2 12 308
30 86 1 1 8 308
30 87 1 4 11 308
30 92 1 1 15 308
30 94 1 1 15 308
30 96 1 1 1 308
30 97 1 2 9 308
31 5 3 1 13 179
31 8 3 1 12 179
31 10 3 2 3 179
31 11 3 2 4 179
31 14 3 1 8 179
31 16 3 2 7 179
31 17 3 4 6 179
31 19 3 4 11 179
31 20 3 2 2 179
31 29 3 2 23 179
31 34 3 2 2 179
31 36 3 2 9 179
31 37 3 1 15 179
31 38 3 2 19 179
31 39 3 4 10 179
31 40 3 2 19 179
31 41 3 4 18 179
31 44 3 1 4 179
31 45 3 2 25 179
31 48 3 1 18 179
31 49 3 2 12 179
31 51 3 2 24 179
31 55 3 2 18 179
31 59 3 4 5 179
31 60 3 1 5 179
31 62 3 1 9 179
31 63 3 3 7 179
31 67 3 1 16 179
31 68 3 1 19 179
31 72 3 1 20 179
31 73 3 1 23 179
31 76 3 1 1 179
31 78 3 3 12 179
31 79 3 1 2 179
31 80 3 2 8 179
31 81 3 2 3 179
31 82 3 4 15 179
31 83 3 1 5 179
31 85 3 1 10 179
31 87 3 4 20 179
31 88 3 4 1 179
31 91 3 1 22 179
31 95 3 1 6 179
32 2 4 3 22 770
32 4 4 3 2 770
32 9 4 1 5 770
32 10 4 2 7 770
32 15 4 3 12 770
32 17 4 4 23 770
32 18 4 1 7 770
32 22 4 4 8 770
32 23 4 1 12 770
32 24 4 4 18 770
32 25 4 4 22 770
32 28 4 4 9 770
32 33 4 1 17 770
32 37 4 1 3 770
32 39 4 4 23 770
32 40 4 2 12 770
32 43 4 1 22 770
32 46 4 2 4 770
32 47 4 1 6 770
32 48 4 1 17 770
32 49 4 2 22 770
32 51 4 2 13 770
32 54 4 4 8 770
32 55 4 2 24 770
32 57 4 3 7 770
32 60 4 1 17 770
32 64 4 1 7 770
32 67 4 1 15 770
32 68 4 1 6 770
32 69 4 3 9 770
32 70 4 3 16 770
32 71 4 3 13 770
32 73 4 1 7 770
32 74 4 4 10 770
32 75 4 2 20 770
32 78 4 3 11 770
32 82 4 4 23 770
32 84 4 2 19 770
32 85 4 1 1 770
32 86 4 1 22 770
32 91 4 1 10 770
32 93 4 3 19 770
32 95 4 1 23 770
32 96 4 1 25 770
32 97 4 2 4 770
32 98 4 4 1 770
32 99 4 2 20 770
33 0 1 3 15 277
33 1 1 2 5 277
33 3 1 4 5 277
33 5 1 1 5 277
33 6 1 3 14 277
33 10 1 2 24 277
33 15 1 3 19 277
33 16 1 2 21 277
33 18 1 1 13 277
33 19 1 4 17 277
33 20 1 2 12 277
33 23 1 1 2 277
33 25 1 4 6 277
33 26 1 2 10 277
33 27 1 4 20 277
33 32 1 4 17 277
33 34 1 2 17 277
33 35 1 2 13 277
33 36 1 2 7 277
33 37 1 1 20 277
33 38 1 2 7 277
33 39 1 4 4 277
33 40 1 2 12 277
33 46 1 2 16 277
33 47 1 1 8 277
33 49 1 2 20 277
33 53 1 3 7 277
33 54 1 4 16 277
33 55 1 2 11 277
33 56 1 2 18 277
33 57 1 3 11 277
33 58 1 1 6 277
33 59 1 4 16 277
33 60 1 1 25 277
33 62 1 1 19 277
33 67 1 1 5 277
33 71 1 3 18 277
33 72 1 1 15 277
33 74 1 4 1 277
33 76 1 1 4 277
33 77 1 3 7 277
33 78 1 3 17 277
33 80 1 2 11 277
33 81 1 2 24 277
33 82 1 4 21 277
33 83 1 1 2 277
33 84 1 2 11 277
33 85 1 1 23 277
33 88 1 4 14 277
33 89 1 2 8 277
33 93 1 3 9 277
33 94 1 1 20 277
33 97 1 2 21 277
33 99 1 2 13 277
34 0 2 3 16 441
34 1 2 2 4 441
34 2 2 3 17 441
34 3 2 4 2 441
34 5 2 1 6 441
34 6 2 3 9 441
34 7 2 2 15 441
34 9 2 1 18 441
34 11 2 2 12 441
34 12 2 1 15 441
34 13 2 3 8 441
34 14 2 1 1 441
34 16 2 2 5 441
34 19 2 4 7 441
34 20 2 2 12 441
34 21 2 1 4 441
34 23 2 1 2 441
34 24 2 4 13 441
34 26 2 2 9 441
34 27 2 4 19 441
34 28 2 4 13 441
34 29 2 2 5 441
34 31 2 3 2 441
34 33 2 1 17 441
34 40 2 2 14 441
34 41 2 4 1 441
34 42 2 3 16 441
34 43 2 1 18 441
34 47 2 1 24 441
34 48 2 1 22 441
34 49 2 2 1 441
34 52 2 4 8 441
34 55 2 2 15 441
34 57 2 3 14 441
34 59 2 4 4 441
34 60 2 1 8 441
34 61 2 4 2 441
34 62 2 1 18 441
34 64 2 1 10 441
34 65 2 4 3 441
34 66 2 2 12 441
34 67 2 1 1 441
34 68 2 1 21 441
34 69 2 3 8 441
34 70 2 3 1 441
34 72 2 1 13 441
34 78 2 3 4 441
34 80 2 2 1 441
34 82 2 4 16 441
34 83 2 1 10 441
34 86 2 1 14 441
34 88 2 4 5 441
34 89 2 2 12 441
34 93 2 3 22 441
34 95 2 1 25 441
34 96 2 1 23 441
34 97 2 2 8 441
34 98 2 4 9 441
35 0 2 3 14 576
35 3 2 4 19 576
35 5 2 1 1 576
35 7 2 2 3 576
35 8 2 1 19 576
35 10 2 2 25 576
35 11 2 2 11 576
35 12 2 1 13 576
35 14 2 1 12 576
35 15 2 3 2 576
35 17 2 4 20 576
35 18 2 1 1 576
35 19 2 4 13 576
35 21 2 1 2 576
35 22 2 4 7 576
35 23 2 1 2 576
35 28 2 4 25 576
35 29 2 2 15 576
35 30 2 1 1 576
35 33 2 1 13 576
35 36 2 2 2 576
35 38 2 2 20 576
35 41 2 4 20 576
35 42 2 3 20 576
35 43 2 1 6 576
35 44 2 1 3 576
35 45 2 2 22 576
35 47 2 1 24 576
35 48 2 1 24 576
35 49 2 2 1 576
35 50 2 3 11 576
35 51 2 2 21 576
35 52 2 4 20 576
35 53 2 3 9 576
35 54 2 4 10 576
35 55 2 2 19 576
35 57 2 3 19 576
35 58 2 1 12 576
35 63 2 3 18 576
35 64 2 1 5 576
35 65 2 4 15 576
35 66 2 2 2 576
35 67 2 1 10 576
35 75 2 2 10 576
35 76 2 1 22 576
35 77 2 3 21 576
35 80 2 2 21 576
35 84 2 2 9 576
35 85 2 1 15 576
35 86 2 1 1 576
35 87 2 4 3 576
35 89 2 2 24 576
35 90 2 4 20 576
35 91 2 1 9 576
35 92 2 1 13 576
35 94 2 1 10 576
35 95 2 1 20 576
35 96 2 1 3 576
36 1 2 2 18 724
36 5 2 1 2 724
36 7 2 2 9 724
36 10 2 2 18 724
36 12 2 1 15 724
36 17 2 4 21 724
36 18 2 1 15 724
36 20 2 2 17 724
36 21 2 1 21 724
36 22 2 4 1 724
36 25 2 4 25 724
36 27 2 4 23 724
36 30 2 1 9 724
36 31 2 3 9 724
36 33 2 1 7 724
36 35 2 2 2 724
36 38 2 2 10 724
36 39 2 4 20 724
36 40 2 2 16 724
36 41 2 4 11 724
36 45 2 2 24 724
36 46 2 2 3 724
36 47 2 1 19 724
36 48 2 1 3 724
36 49 2 2 1 724
36 51 2 2 7 724
36 53 2 3 16 724
36 55 2 2 6 724
36 56 2 2 25 724
36 58 2 1 25 724
36 66 2 2 19 724
36 68 2 1 10 724
36 69 2 3 21 724
36 71 2 3 12 724
36 75 2 2 18 724
36 77 2 3 8 724
36 78 2 3 20 724
36 79 2 1 15 724
36 82 2 4 13 724
36 85 2 1 14 724
36 87 2 4 15 724
36 91 2 1 25 724
36 92 2 1 14 724
36 95 2 1 20 724
36 96 2 1 13 724
36 97 2 2 11 724
36 99 2 2 4 724
37 0 1 3 5 555
37 1 1 2 3 555
37 6 1 3 17 555
37 7 1 2 13 555
37 11 1 2 17 555
37 16 1 2 7 555
37 18 1 1 15 555
37 19 1 4 4 555
37 20 1 2 1 555
37 22 1 4 22 555
37 27 1 4 19 555
37 31 1 3 15 555
37 32 1 4 3 555
37 33 1 1 20 555
37 42 1 3 20 555
37 45 1 2 22 555
37 46 1 2 11 555
37 47 1 1 24 555
37 48 1 1 23 555
37 50 1 3 20 555
37 51 1 2 18 555
37 53 1 3 3 555
37 54 1 4 15 555
37 56 1 2 11 555
37 57 1 3 6 555
37 61 1 4 19 555
37 62 1 1 11 555
37 63 1 3 10 555
37 66 1 2 17 555
37 67 1 1 14 555
37 72 1 1 1 555
37 81 1 2 23 555
37 82 1 4 21 555
37 84 1 2 14 555
37 85 1 1 8 555
37 86 1 1 6 555
37 89 1 2 5 555
37 92 1 1 14 555
37 94 1 1 18 555
37 95 1 1 17 555
37 97 1 2 11 555
38 0 2 3 5 70
38 1 2 2 9 70
38 2 2 3 5 70
38 3 2 4 13 70
38 4 2 3 14 70
38 7 2 2 20 70
38 8 2 1 14 70
38 9 2 1 23 70
38 14 2 1 22 70
38 17 2 4 1 70
38 18 2 1 20 70
38 20 2 2 4 70
38 22 2 4 13 70
38 24 2 4 7 70
38 29 2 2 12 70
38 30 2 1 10 70
38 31 2 3 19 70
38 33 2 1 7 70
38 35 2 2 20 70
38 36 2 2 10 70
38 40 2 2 9 70
38 44 2 1 22 70
38 45 2 2 10 70
38 51 2 2 22 70
38 53 2 3 16 70
38 54 2 4 5 70
38 55 2 2 12 70
38 57 2 3 10 70
38 58 2 1 3 70
38 59 2 4 12 70
38 65 2 4 10 70
38 67 2 1 2 70
38 69 2 3 16 70
38 73 2 1 3 70
38 75 2 2 6 70
38 76 2 1 1 70
38 77 2 3 3 70
38 78 2 3 13 70
38 80 2 2 17 70
38 83 2 1 1 70
38 84 2 2 17 70
38 86 2 1 21 70
38 88 2 4 1 70
38 91 2 1 15 70
38 92 2 1 21 70
38 95 2 1 18 70
38 96 2 1 7 70
38 97 2 2 19 70
38 98 2 4 4 70
39 0 4 3 18 927
39 1 4 2 17 927
39 3 4 4 10 927
39 4 4 3 9 927
39 7 4 2 2 927
39 8 4 1 1 927
39 9 4 1 11 927
39 11 4 2 14 927
39 12 4 1 7 927
39 15 4 3 25 927
39 18 4 1 15 927
39 21 4 1 10 927
39 22 4 4 18 927
39 25 4 4 17 927
39 28 4 4 9 927
39 31 4 3 10 927
39 32 4 4 23 927
39 33 4 1 4 927
39 36 4 2 20 927
39 43 4 1 7 927
39 44 4 1 6 927
39 45 4 2 18 927
39 49 4 2 3 927
39 51 4 2 14 927
39 56 4 2 1 927
39 59 4 4 6 927
39 61 4 4 3 927
39 63 4 3 5 927
39 65 4 4 6 927
39 66 4 2 8 927
39 68 4 1 4 927
39 69 4 3 25 927
39 70 4 3 4 927
39 72 4 1 1 927
39 73 4 1 12 927
39 74 4 4 17 927
39 75 4 2 21 927
39 76 4 1 6 927
39 77 4 3 16 927
39 78 4 3 19 927
39 79 4 1 12 927
39 80 4 2 20 927
39 81 4 2 1 927
39 82 4 4 10 927
39 85 4 1 25 927
39 86 4 1 21 927
39 88 4 4 23 927
39 89 4 2 17 927
39 90 4 4 3 927
39 91 4 1 25 927
39 92 4 1 23 927
39 94 4 1 1 927
39 96 4 1 13 927
39 97 4 2 10 927
40 0 2 3 21 802
40 1 2 2 5 802
40 2 2 3 22 802
40 3 2 4 4 802
40 4 2 3 16 802
40 5 2 1 17 802
40 7 2 2 3 802
40 9 2 1 23 802
40 11 2 2 13 802
40 14 2 1 22 802
40 16 2 2 1 802
40 18 2 1 2 802
40 22 2 4 21 802
40 23 2 1 9 802
40 25 2 4 2 802
40 26 2 2 20 802
40 31 2 3 19 802
40 32 2 4 12 802
40 33 2 1 12 802
40 34 2 2 14 802
40 36 2 2 16 802
40 38 2 2 9 802
40 41 2 4 22 802
40 43 2 1 19 802
40 44 2 1 16 802
40 45 2 2 25 802
40 48 2 1 17 802
40 50 2 3 25 802
40 51 2 2 5 802
40 53 2 3 3 802
40 54 2 4 14 802
40 58 2 1 24 802
40 61 2 4 11 802
40 62 2 1 14 802
40 64 2 1 17 802
40 65 2 4 13 802
40 67 2 1 24 802
40 69 2 3 4 802
40 70 2 3 8 802
40 72 2 1 4 802
40 73 2 1 19 802
40 78 2 3 4 802
40 79 2 1 8 802
40 80 2 2 11 802
40 84 2 2 13 802
40 90 2 4 1 802
40 91 2 1 22 802
40 93 2 3 10 802
40 94 2 1 12 802
40 96 2 1 7 802
40 98 2 4 20 802
41 0 4 3 16 126
41 1 4 2 7 126
41 2 4 3 5 126
41 4 4 3 14 126
41 5 4 1 6 126
41 6 4 3 6 126
41 7 4 2 13 126
41 8 4 1 13 126
41 9 4 1 2 126
41 10 4 2 2 126
41 13 4 3 4 126
41 16 4 2 11 126
41 17 4 4 20 126
41 20 4 2 4 126
41 24 4 4 11 126
41 25 4 4 4 126
41 31 4 3 18 126
41 34 4 2 1 126
41 35 4 2 20 126
41 36 4 2 11 126
41 40 4 2 22 126
41 47 4 1 9 126
41 51 4 2 18 126
41 55 4 2 14 126
41 56 4 2 23 126
41 57 4 3 20 126
41 58 4 1 25 126
41 59 4 4 2 126
41 60 4 1 3 126
41 63 4 3 10 126
41 64 4 1 11 126
41 65 4 4 23 126
41 66 4 2 21 126
41 67 4 1 2 126
41 69 4 3 14 126
41 70 4 3 1 126
41 72 4 1 7 126
41 78 4 3 7 126
41 79 4 1 25 126
41 83 4 1 3 126
41 85 4 1 15 126
41 86 4 1 22 126
41 88 4 4 14 126
41 90 4 4 4 126
41 93 4 3 23 126
41 94 4 1 12 126
41 96 4 1 11 126
41 98 4 4 13 126
42 4 3 3 15 374
42 5 3 1 18 374
42 6 3 3 7 374
42 8 3 1 25 374
42 9 3 1 15 374
42 10 3 2 13 374
42 12 3 1 24 374
42 14 3 1 1 374
42 16 3 2 23 374
42 17 3 4 17 374
42 19 3 4 22 374
42 20 3 2 22 374
42 24 3 4 11 374
42 26 3 2 16 374
42 29 3 2 2 374
42 34 3 2 16 374
42 35 3 2 20 374
42 37 3 1 20 374
42 44 3 1 15 374
42 45 3 2 4 374
42 48 3 1 16 374
42 52 3 4 11 374
42 53 3 3 23 374
42 56 3 2 6 374
42 58 3 1 3 374
42 59 3 4 25 374
42 61 3 4 5 374
42 62 3 1 21 374
42 63 3 3 7 374
42 65 3 4 22 374
42 67 3 1 24 374
42 70 3 3 1 374
42 71 3 3 1 374
42 74 3 4 15 374
42 76 3 1 10 374
42 77 3 3 21 374
42 80 3 2 2 374
42 82 3 4 19 374
42 83 3 1 20 374
42 86 3 1 14 374
42 87 3 4 13 374
42 90 3 4 9 374
42 91 3 1 7 374
42 92 3 1 6 374
42 94 3 1 15 374
42 97 3 2 8 374
42 98 3 4 4 374
42 99 3 2 24 374
43 0 1 3 25 513
43 3 1 4 18 513
43 4 1 3 20 513
43 5 1 1 22 513
43 7 1 2 14 513
43 10 1 2 24 513
43 13 1 3 25 513
43 14 1 1 10 513
43 15 1 3 23 513
43 16 1 2 13 513
43 21 1 1 7 513
43 23 1 1 18 513
43 24 1 4 18 513
43 26 1 2 10 513
43 27 1 4 3 513
43 29 1 2 23 513
43 30 1 1 7 513
43 32 1 4 22 513
43 34 1 2 18 513
43 35 1 2 6 513
43 39 1 4 7 513
43 40 1 2 19 513
43 45 1 2 15 513
43 46 1 2 8 513
43 48 1 1 9 513
43 49 1 2 2 513
43 50 1 3 14 513
43 55 1 2 2 513
43 56 1 2 6 513
43 58 1 1 23 513
43 62 1 1 2 513
43 63 1 3 8 513
43 64 1 1 8 513
43 66 1 2 10 513
43 67 1 1 15 513
43 68 1 1 6 513
43 70 1 3 11 513
43 72 1 1 5 513
43 73 1 1 24 513
43 74 1 4 4 513
43 79 1 1 14 513
43 85 1 1 1 513
43 88 1 4 17 513
43 92 1 1 24 513
43 98 1 4 7 513
44 0 1 3 24 703
44 1 1 2 7 703
44 2 1 3 12 703
44 3 1 4 16 703
44 6 1 3 10 703
44 8 1 1 2 703
44 11 1 2 3 703
44 14 1 1 15 703
44 15 1 3 11 703
44 16 1 2 15 703
44 18 1 1 4 703
44 20 1 2 21 703
44 21 1 1 9 703
44 23 1 1 16 703
44 28 1 4 16 703
44 30 1 1 5 703
44 31 1 3 4 703
44 35 1 2 3 703
44 38 1 2 22 703
44 39 1 4 6 703
44 40 1 2 16 703
44 42 1 3 15 703
44 49 1 2 24 703
44 50 1 3 1 703
44 51 1 2 17 703
44 53 1 3 1 703
44 54 1 4 8 703
44 55 1 2 21 703
44 56 1 2 1 703
44 57 1 3 21 703
44 58 1 1 2 703
44 62 1 1 8 703
44 65 1 4 11 703
44 66 1 2 2 703
44 67 1 1 25 703
44 70 1 3 8 703
44 72 1 1 3 703
44 73 1 1 15 703
44 74 1 4 4 703
44 76 1 1 23 703
44 77 1 3 12 703
44 78 1 3 3 703
44 81 1 2 19 703
44 82 1 4 11 703
44 92 1 1 22 703
44 94 1 1 21 703
44 95 1 1 8 703
44 99 1 2 18 703
45 0 2 3 16 73
45 1 2 2 1 73
45 6 2 3 13 73
45 7 2 2 5 73
45 9 2 1 3 73
45 10 2 2 17 73
45 14 2 1 20 73
45 15 2 3 12 73
45 17 2 4 10 73
45 20 2 2 14 73
45 21 2 1 14 73
45 22 2 4 16 73
45 24 2 4 21 73
45 25 2 4 16 73
45 27 2 4 12 73
45 29 2 2 13 73
45 30 2 1 20 73
45 31 2 3 25 73
45 35 2 2 22 73
45 36 2 2 24 73
45 37 2 1 22 73
45 38 2 2 10 73
45 39 2 4 18 73
45 40 2 2 25 73
45 42 2 3 4 73
45 43 2 1 15 73
45 48 2 1 5 73
45 49 2 2 17 73
45 55 2 2 21 73
45 57 2 3 14 73
45 61 2 4 13 73
45 62 2 1 21 73
45 63 2 3 8 73
45 64 2 1 19 73
45 66 2 2 18 73
45 67 2 1 21 73
45 68 2 1 7 73
45 69 2 3 13 73
45 71 2 3 8 73
45 72 2 1 3 73
45 73 2 1 3 73
45 77 2 3 17 73
45 78 2 3 15 73
45 79 2 1 21 73
45 80 2 2 16 73
45 81 2 2 23 73
45 85 2 1 16 73
45 87 2 4 9 73
45 90 2 4 25 73
45 91 2 1 4 73
45 97 2 2 2 73
46 0 2 3 16 389
46 1 2 2 18 389
46 2 2 3 15 389
46 3 2 4 20 389
46 5 2 1 9 389
46 10 2 2 13 389
46 13 2 3 21 389
46 15 2 3 21 389
46 16 2 2 22 389
46 17 2 4 13 389
46 26 2 2 22 389
46 27 2 4 25 389
46 28 2 4 5 389
46 29 2 2 21 389
46 30 2 1 7 389
46 32 2 4 4 389
46 33 2 1 16 389
46 36 2 2 3 389
46 37 2 1 11 389
46 43 2 1 8 389
46 47 2 1 11 389
46 51 2 2 24 389
46 54 2 4 14 389
46 55 2 2 8 389
46 56 2 2 7 389
46 59 2 4 22 389
46 61 2 4 14 389
46 64 2 1 1 389
46 67 2 1 24 389
46 68 2 1 18 389
46 71 2 3 9 389
46 72 2 1 6 389
46 74 2 4 21 389
46 76 2 1 7 389
46 77 2 3 21 389
46 80 2 2 7 389
46 82 2 4 19 389
46 83 2 1 4 389
46 85 2 1 23 389
46 88 2 4 11 389
46 90 2 4 2 389
46 95 2 1 5 389
46 96 2 1 19 389
46 98 2 4 24 389
47 0 1 3 24 424
47 4 1 3 15 424
47 5 1 1 13 424
47 6 1 3 2 424
47 7 1 2 6 424
47 8 1 1 8 424
47 11 1 2 5 424
47 12 1 1 23 424
47 13 1 3 6 424
47 18 1 1 17 424
47 19 1 4 1 424
47 21 1 1 18 424
47 22 1 4 7 424
47 25 1 4 7 424
47 26 1 2 13 424
47 28 1 4 1 424
47 32 1 4 6 424
47 33 1 1 8 424
47 34 1 2 24 424
47 35 1 2 24 424
47 36 1 2 19 424
47 37 1 1 24 424
47 41 1 4 9 424
47 46 1 2 11 424
47 48 1 1 20 424
47 50 1 3 19 424
47 51 1 2 19 424
47 55 1 2 24 424
47 59 1 4 19 424
47 64 1 1 7 424
47 65 1 4 21 424
47 66 1 2 18 424
47 67 1 1 25 424
47 68 1 1 17 424
47 69 1 3 5 424
47 70 1 3 8 424
47 71 1 3 3 424
47 75 1 2 2 424
47 77 1 3 24 424
47 78 1 3 24 424
47 79 1 1 3 424
47 83 1 1 6 424
47 85 1 1 4 424
47 87 1 4 15 424
47 88 1 4 5 424
47 89 1 2 1 424
47 90 1 4 11 424
47 93 1 3 15 424
47 98 1 4 1 424
47 99 1 2 3 424
48 3 1 4 14 676
48 5 1 1 1 676
48 6 1 3 11 676
48 10 1 2 22 676
48 12 1 1 6 676
48 15 1 3 23 676
48 16 1 2 6 676
48 21 1 1 20 676
48 24 1 4 24 676
48 28 1 4 2 676
48 31 1 3 18 676
48 32 1 4 17 676
48 34 1 2 22 676
48 35 1 2 24 676
48 36 1 2 3 676
48 37 1 1 23 676
48 40 1 2 17 676
48 42 1 3 16 676
48 43 1 1 9 676
48 45 1 2 5 676
48 47 1 1 20 676
48 49 1 2 2 676
48 56 1 2 14 676
48 60 1 1 12 676
48 62 1 1 22 676
48 70 1 3 8 676
48 72 1 1 13 676
48 73 1 1 7 676
48 75 1 2 6 676
48 77 1 3 17 676
48 78 1 3 11 676
48 83 1 1 3 676
48 84 1 2 21 676
48 86 1 1 3 676
48 91 1 1 19 676
48 94 1 1 23 676
48 95 1 1 23 676
48 96 1 1 2 676
48 97 1 2 12 676
48 99 1 2 13 676
49 0 2 3 15 533
49 1 2 2 11 533
49 3 2 4 9 533
49 5 2 1 13 533
49 8 2 1 14 533
49 9 2 1 12 533
49 12 2 1 13 533
49 15 2 3 3 533
49 19 2 4 16 533
49 22 2 4 15 533
49 27 2 4 13 533
49 29 2 2 18 533
49 31 2 3 12 533
49 32 2 4 22 533
49 33 2 1 20 533
49 34 2 2 1 533
49 35 2 2 1 533
49 36 2 2 1 533
49 39 2 4 3 533
49 43 2 1 2 533
49 44 2 1 24 533
49 45 2 2 17 533
49 48 2 1 2 533
49 55 2 2 12 533
49 57 2 3 21 533
49 60 2 1 2 533
49 61 2 4 8 533
49 63 2 3 20 533
49 64 2 1 20 533
49 67 2 1 24 533
49 68 2 1 20 533
49 69 2 3 22 533
49 70 2 3 2 533
49 71 2 3 14 533
49 72 2 1 14 533
49 75 2 2 22 533
49 80 2 2 18 533
49 82 2 4 16 533
49 84 2 2 8 533
49 85 2 1 18 533
49 89 2 2 2 533
49 90 2 4 7 533
49 92 2 1 14 533
49 97 2 2 25 533
50 0 3 3 22 84
50 2 3 3 20 84
50 4 3 3 7 84
50 5 3 1 3 84
50 6 3 3 7 84
50 8 3 1 23 84
50 9 3 1 1 84
50 10 3 2 17 84
50 11 3 2 2 84
50 12 3 1 12 84
50 13 3 3 13 84
50 14 3 1 4 84
50 16 3 2 9 84
50 17 3 4 14 84
50 18 3 1 15 84
50 19 3 4 10 84
50 21 3 1 15 84
50 23 3 1 5 84
50 24 3 4 17 84
50 25 3 4 6 84
50 26 3 2 24 84
50 27 3 4 25 84
50 28 3 4 15 84
50 35 3 2 11 84
50 37 3 1 20 84
50 40 3 2 25 84
50 43 3 1 14 84
50 44 3 1 1 84
50 47 3 1 19 84
50 51 3 2 12 84
50 53 3 3 18 84
50 54 3 4 24 84
50 57 3 3 15 84
50 60 3 1 15 84
50 61 3 4 12 84
50 63 3 3 2 84
50 66 3 2 1 84
50 67 3 1 4 84
50 70 3 3 5 84
50 71 3 3 9 84
50 73 3 1 21 84
50 75 3 2 1 84
50 78 3 3 14 84
50 80 3 2 13 84
50 81 3 2 2 84
50 83 3 1 7 84
50 85 3 1 10 84
50 86 3 1 9 84
50 88 3 4 5 84
50 90 3 4 3 84
50 91 3 1 8 84
50 92 3 1 10 84
50 93 3 3 14 84
50 97 3 2 24 84
50 98 3 4 13 84
51 0 2 3 1 627
51 1 2 2 25 627
51 4 2 3 17 627
51 9 2 1 5 627
51 10 2 2 22 627
51 14 2 1 17 627
51 17 2 4 11 627
51 18 2 1 2 627
51 20 2 2 19 627
51 21 2 1 7 627
51 23 2 1 5 627
51 25 2 4 14 627
51 27 2 4 14 627
51 29 2 2 9 627
51 30 2 1 5 627
51 31 2 3 24 627
51 32 2 4 13 627
51 35 2 2 21 627
51 36 2 2 7 627
51 37 2 1 18 627
51 38 2 2 22 627
51 39 2 4 14 627
51 40 2 2 5 627
51 41 2 4 18 627
51 44 2 1 17 627
51 46 2 2 24 627
51 47 2 1 19 627
51 50 2 3 12 627
51 52 2 4 22 627
51 53 2 3 18 627
51 54 2 4 7 627
51 55 2 2 23 627
51 58 2 1 25 627
51 59 2 4 6 627
51 62 2 1 11 627
51 63 2 3 10 627
51 65 2 4 25 627
51 66 2 2 25 627
51 67 2 1 7 627
51 71 2 3 19 627
51 73 2 1 19 627
51 74 2 4 11 627
51 79 2 1 19 627
51 81 2 2 17 627
51 83 2 1 6 627
51 87 2 4 15 627
51 93 2 3 23 627
51 96 2 1 23 627
51 97 2 2 25 627
51 99 2 2 17 627
52 0 4 3 13 631
52 1 4 2 16 631
52 2 4 3 1 631
52 3 4 4 19 631
52 4 4 3 24 631
52 6 4 3 19 631
52 7 4 2 8 631
52 11 4 2 4 631
52 13 4 3 19 631
52 14 4 1 23 631
52 15 4 3 8 631
52 16 4 2 20 631
52 17 4 4 4 631
52 21 4 1 8 631
52 22 4 4 11 631
52 27 4 4 19 631
52 30 4 1 15 631
52 34 4 2 8 631
52 35 4 2 20 631
52 42 4 3 11 631
52 51 4 2 22 631
52 57 4 3 19 631
52 59 4 4 3 631
52 64 4 1 14 631
52 65 4 4 5 631
52 66 4 2 16 631
52 68 4 1 22 631
52 69 4 3 2 631
52 71 4 3 6 631
52 74 4 4 6 631
52 75 4 2 10 631
52 76 4 1 2 631
52 77 4 3 13 631
52 78 4 3 20 631
52 82 4 4 7 631
52 83 4 1 2 631
52 90 4 4 10 631
52 91 4 1 5 631
52 94 4 1 12 631
52 96 4 1 6 631
52 98 4 4 25 631
52 99 4 2 5 631
53 1 3 2 7 584
53 2 3 3 3 584
53 3 3 4 15 584
53 6 3 3 8 584
53 7 3 2 11 584
53 9 3 1 3 584
53 10 3 2 4 584
53 12 3 1 10 584
53 13 3 3 16 584
53 16 3 2 17 584
53 18 3 1 24 584
53 19 3 4 20 584
53 20 3 2 22 584
53 23 3 1 9 584
53 27 3 4 19 584
53 28 3 4 2 584
53 29 3 2 17 584
53 33 3 1 7 584
53 35 3 2 9 584
53 36 3 2 16 584
53 37 3 1 3 584
53 38 3 2 16 584
53 40 3 2 3 584
53 42 3 3 23 584
53 44 3 1 1 584
53 50 3 3 18 584
53 51 3 2 18 584
53 56 3 2 3 584
53 59 3 4 7 584
53 60 3 1 9 584
53 63 3 3 6 584
53 64 3 1 3 584
53 65 3 4 23 584
53 66 3 2 10 584
53 69 3 3 10 584
53 71 3 3 3 584
53 73 3 1 23 584
53 74 3 4 9 584
53 75 3 2 19 584
53 76 3 1 5 584
53 78 3 3 8 584
53 81 3 2 25 584
53 86 3 1 14 584
53 87 3 4 6 584
53 88 3 4 6 584
53 90 3 4 24 584
53 96 3 1 18 584
53 97 3 2 7 584
53 99 3 2 10 584
54 1 4 2 17 805
54 3 4 4 18 805
54 4 4 3 15 805
54 7 4 2 24 805
54 8 4 1 5 805
54 9 4 1 24 805
54 10 4 2 23 805
54 11 4 2 16 805
54 14 4 1 6 805
54 18 4 1 16 805
54 22 4 4 25 805
54 23 4 1 12 805
54 25 4 4 16 805
54 26 4 2 8 805
54 28 4 4 8 805
54 29 4 2 23 805
54 30 4 1 4 805
54 32 4 4 8 805
54 33 4 1 16 805
54 35 4 2 10 805
54 37 4 1 15 805
54 38 4 2 5 805
54 40 4 2 14 805
54 44 4 1 8 805
54 46 4 2 14 805
54 50 4 3 24 805
54 51 4 2 7 805
54 55 4 2 6 805
54 60 4 1 9 805
54 62 4 1 16 805
54 66 4 2 25 805
54 67 4 1 7 805
54 68 4 1 21 805
54 70 4 3 13 805
54 71 4 3 14 805
54 73 4 1 19 805
54 75 4 2 9 805
54 81 4 2 12 805
54 82 4 4 4 805
54 83 4 1 19 805
54 86 4 1 24 805
54 88 4 4 18 805
54 89 4 2 1 805
54 90 4 4 14 805
54 91 4 1 9 805
54 93 4 3 2 805
54 94 4 1 23 805
54 95 4 1 3 805
54 96 4 1 6 805
54 97 4 2 9 805
54 98 4 4 5 805
54 99 4 2 24 805
55 2 2 3 5 267
55 4 2 3 6 267
55 5 2 1 11 267
55 7 2 2 21 267
55 9 2 1 20 267
55 11 2 2 13 267
55 12 2 1 21 267
55 17 2 4 8 267
55 18 2 1 25 267
55 19 2 4 16 267
55 22 2 4 20 267
55 28 2 4 19 267
55 29 2 2 10 267
55 30 2 1 23 267
55 31 2 3 18 267
55 32 2 4 24 267
55 33 2 1 11 267
55 34 2 2 15 267
55 35 2 2 19 267
55 36 2 2 6 267
55 38 2 2 12 267
55 41 2 4 14 267
55 43 2 1 2 267
55 44 2 1 21 267
55 45 2 2 21 267
55 46 2 2 8 267
55 47 2 1 24 267
55 49 2 2 12 267
55 51 2 2 23 267
55 54 2 4 6 267
55 56 2 2 7 267
55 57 2 3 6 267
55 59 2 4 2 267
55 60 2 1 14 267
55 61 2 4 12 267
55 67 2 1 19 267
55 68 2 1 5 267
55 69 2 3 8 267
55 70 2 3 12 267
55 72 2 1 12 267
55 75 2 2 9 267
55 76 2 1 13 267
55 78 2 3 3 267
55 81 2 2 21 267
55 83 2 1 25 267
55 84 2 2 7 267
55 88 2 4 15 267
55 89 2 2 24 267
55 90 2 4 13 267
55 92 2 1 8 267
55 93 2 3 10 267
55 94 2 1 1 267
55 96 2 1 21 267
56 2 2 3 20 180
56 4 2 3 5 180
56 8 2 1 8 180
56 17 2 4 20 180
56 20 2 2 4 180
56 21 2 1 2 180
56 24 2 4 15 180
56 27 2 4 20 180
56 28 2 4 8 180
56 29 2 2 20 180
56 30 2 1 11 180
56 33 2 1 18 180
56 36 2 2 25 180
56 37 2 1 11 180
56 39 2 4 1 180
56 41 2 4 23 180
56 42 2 3 6 180
56 43 2 1 6 180
56 44 2 1 1 180
56 46 2 2 7 180
56 48 2 1 14 180
56 53 2 3 3 180
56 55 2 2 7 180
56 59 2 4 12 180
56 61 2 4 24 180
56 63 2 3 9 180
56 64 2 1 3 180
56 65 2 4 22 180
56 69 2 3 4 180
56 70 2 3 7 180
56 71 2 3 24 180
56 72 2 1 15 180
56 73 2 1 7 180
56 77 2 3 24 180
56 78 2 3 14 180
56 79 2 1 22 180
56 81 2 2 19 180
56 83 2 1 22 180
56 84 2 2 6 180
56 85 2 1 9 180
56 89 2 2 13 180
56 97 2 2 25 180
57 0 3 3 25 326
57 1 3 2 11 326
57 2 3 3 20 326
57 3 3 4 10 326
57 6 3 3 1 326
57 7 3 2 14 326
57 8 3 1 16 326
57 10 3 2 14 326
57 12 3 1 10 326
57 13 3 3 8 326
57 16 3 2 14 326
57 18 3 1 18 326
57 19 3 4 23 326
57 20 3 2 1 326
57 26 3 2 12 326
57 28 3 4 6 326
57 32 3 4 7 326
57 33 3 1 11 326
57 34 3 2 14 326
57 35 3 2 19 326
57 37 3 1 6 326
57 38 3 2 10 326
57 41 3 4 20 326
57 44 3 1 21 326
57 45 3 2 14 326
57 49 3 2 21 326
57 50 3 3 15 326
57 52 3 4 19 326
57 55 3 2 6 326
57 61 3 4 15 326
57 62 3 1 24 326
57 63 3 3 25 326
57 65 3 4 15 326
57 66 3 2 9 326
57 67 3 1 6 326
57 69 3 3 12 326
57 71 3 3 6 326
57 74 3 4 15 326
57 75 3 2 24 326
57 77 3 3 21 326
57 79 3 1 5 326
57 80 3 2 1 326
57 81 3 2 22 326
57 85 3 1 17 326
57 87 3 4 17 326
57 88 3 4 19 326
57 89 3 2 23 326
57 93 3 3 19 326
57 94 3 1 3 326
57 95 3 1 25 326
57 99 3 2 25 326
58 0 1 3 23 854
58 4 1 3 18 854
58 6 1 3 21 854
58 9 1 1 10 854
58 11 1 2 15 854
58 13 1 3 1 854
58 15 1 3 11 854
58 17 1 4 6 854
58 20 1 2 15 854
58 21 1 1 25 854
58 22 1 4 6 854
58 25 1 4 20 854
58 26 1 2 16 854
58 27 1 4 5 854
58 28 1 4 18 854
58 30 1 1 5 854
58 33 1 1 6 854
58 35 1 2 12 854
58 36 1 2 25 854
58 38 1 2 3 854
58 40 1 2 24 854
58 41 1 4 25 854
58 42 1 3 3 854
58 43 1 1 23 854
58 44 1 1 2 854
58 51 1 2 25 854
58 60 1 1 11 854
58 62 1 1 25 854
58 63 1 3 3 854
58 64 1 1 22 854
58 66 1 2 6 854
58 69 1 3 5 854
58 70 1 3 23 854
58 74 1 4 14 854
58 75 1 2 5 854
58 76 1 1 11 854
58 77 1 3 1 854
58 78 1 3 14 854
58 79 1 1 12 854
58 80 1 2 1 854
58 81 1 2 7 854
58 84 1 2 7 854
58 88 1 4 16 854
58 93 1 3 10 854
58 96 1 1 11 854
58 97 1 2 11 854
58 98 1 4 21 854
59 1 4 2 4 843
59 2 4 3 2 843
59 3 4 4 23 843
59 6 4 3 4 843
59 8 4 1 21 843
59 9 4 1 16 843
59 10 4 2 8 843
59 11 4 2 21 843
59 13 4 3 18 843
59 14 4 1 2 843
59 15 4 3 8 843
59 17 4 4 20 843
59 18 4 1 6 843
59 20 4 2 8 843
59 22 4 4 17 843
59 23 4 1 16 843
59 25 4 4 6 843
59 28 4 4 17 843
59 29 4 2 19 843
59 30 4 1 6 843
59 31 4 3 5 843
59 33 4 1 16 843
59 34 4 2 4 843
59 38 4 2 12 843
59 39 4 4 6 843
59 41 4 4 2 843
59 42 4 3 25 843
59 46 4 2 22 843
59 47 4 1 19 843
59 51 4 2 6 843
59 52 4 4 3 843
59 53 4 3 7 843
59 55 4 2 2 843
59 56 4 2 12 843
59 61 4 4 14 843
59 64 4 1 24 843
59 67 4 1 25 843
59 68 4 1 9 843
59 69 4 3 25 843
59 70 4 3 10 843
59 74 4 4 21 843
59 77 4 3 1 843
59 78 4 3 7 843
59 85 4 1 2 843
59 86 4 1 2 843
59 87 4 4 7 843
59 92 4 1 9 843
59 93 4 3 1 843
59 94 4 1 15 843
59 95 4 1 19 843
59 96 4 1 20 843
59 98 4 4 9 843
59 99 4 2 5 843
60 0 1 3 7 990
60 5 1 1 15 990
60 7 1 2 1 990
60 9 1 1 4 990
60 10 1 2 23 990
60 13 1 3 16 990
60 16 1 2 13 990
60 17 1 4 22 990
60 18 1 1 14 990
60 19 1 4 19 990
60 20 1 2 12 990
60 22 1 4 14 990
60 23 1 1 21 990
60 24 1 4 9 990
60 27 1 4 10 990
60 31 1 3 5 990
60 32 1 4 17 990
60 33 1 1 25 990
60 34 1 2 8 990
60 41 1 4 3 990
60 48 1 1 12 990
60 49 1 2 2 990
60 50 1 3 15 990
60 53 1 3 9 990
60 54 1 4 9 990
60 55 1 2 14 990
60 58 1 1 11 990
60 61 1 4 14 990
60 65 1 4 11 990
60 67 1 1 22 990
60 72 1 1 24 990
60 74 1 4 6 990
60 75 1 2 4 990
60 78 1 3 12 990
60 79 1 1 12 990
60 80 1 2 17 990
60 82 1 4 7 990
60 83 1 1 15 990
60 85 1 1 6 990
60 87 1 4 10 990
60 88 1 4 3 990
60 89 1 2 21 990
60 92 1 1 9 990
60 93 1 3 16 990
60 94 1 1 11 990
60 97 1 2 19 990
61 1 4 2 5 822
61 2 4 3 12 822
61 6 4 3 1 822
61 11 4 2 14 822
61 12 4 1 5 822
61 15 4 3 12 822
61 16 4 2 5 822
61 17 4 4 25 822
61 19 4 4 16 822
61 20 4 2 3 822
61 21 4 1 4 822
61 22 4 4 8 822
61 24 4 4 21 822
61 25 4 4 18 822
61 26 4 2 11 822
61 30 4 1 9 822
61 34 4 2 2 822
61 37 4 1 19 822
61 39 4 4 3 822
61 40 4 2 11 822
61 42 4 3 5 822
61 45 4 2 13 822
61 46 4 2 14 822
61 49 4 2 8 822
61 50 4 3 12 822
61 55 4 2 12 822
61 56 4 2 24 822
61 57 4 3 15 822
61 59 4 4 14 822
61 60 4 1 14 822
61 62 4 1 24 822
61 63 4 3 11 822
61 64 4 1 23 822
61 65 4 4 23 822
61 72 4 1 4 822
61 76 4 1 2 822
61 81 4 2 21 822
61 83 4 1 22 822
61 89 4 2 11 822
61 90 4 4 22 822
61 92 4 1 21 822
61 94 4 1 4 822
61 98 4 4 11 822
62 0 1 3 25 166
62 1 1 2 15 166
62 7 1 2 12 166
62 8 1 1 24 166
62 9 1 1 12 166
62 10 1 2 20 166
62 13 1 3 7 166
62 14 1 1 7 166
62 16 1 2 25 166
62 20 1 2 16 166
62 22 1 4 10 166
62 31 1 3 9 166
62 33 1 1 19 166
62 34 1 2 18 166
62 37 1 1 11 166
62 40 1 2 14 166
62 42 1 3 21 166
62 43 1 1 2 166
62 44 1 1 8 166
62 45 1 2 21 166
62 48 1 1 22 166
62 51 1 2 11 166
62 54 1 4 16 166
62 57 1 3 24 166
62 58 1 1 25 166
62 61 1 4 24 166
62 64 1 1 17 166
62 68 1 1 14 166
62 69 1 3 19 166
62 70 1 3 20 166
62 72 1 1 16 166
62 73 1 1 3 166
62 75 1 2 2 166
62 76 1 1 2 166
62 79 1 1 1 166
62 81 1 2 11 166
62 82 1 4 22 166
62 83 1 1 20 166
62 84 1 2 3 166
62 85 1 1 18 166
62 87 1 4 23 166
62 88 1 4 15 166
62 90 1 4 8 166
62 92 1 1 2 166
62 93 1 3 3 166
62 95 1 1 7 166
62 97 1 2 13 166
62 99 1 2 22 166
63 0 3 3 14 679
63 1 3 2 4 679
63 2 3 3 20 679
63 4 3 3 5 679
63 10 3 2 14 679
63 11 3 2 20 679
63 12 3 1 4 679
63 13 3 3 21 679
63 14 3 1 1 679
63 16 3 2 24 679
63 18 3 1 18 679
63 23 3 1 7 679
63 26 3 2 1 679
63 27 3 4 21 679
63 28 3 4 11 679
63 30 3 1 16 679
63 31 3 3 7 679
63 35 3 2 18 679
63 37 3 1 10 679
63 39 3 4 5 679
63 41 3 4 10 679
63 42 3 3 7 679
63 43 3 1 8 679
63 45 3 2 8 679
63 49 3 2 20 679
63 50 3 3 2 679
63 51 3 2 10 679
63 53 3 3 6 679
63 56 3 2 9 679
63 57 3 3 25 679
63 58 3 1 3 679
63 61 3 4 11 679
63 65 3 4 14 679
63 66 3 2 25 679
63 69 3 3 1 679
63 74 3 4 18 679
63 75 3 2 18 679
63 76 3 1 10 679
63 78 3 3 14 679
63 79 3 1 18 679
63 81 3 2 10 679
63 83 3 1 12 679
63 84 3 2 14 679
63 85 3 1 15 679
63 86 3 1 13 679
63 87 3 4 16 679
63 89 3 2 25 679
63 90 3 4 20 679
63 93 3 3 20 679
63 95 3 1 6 679
63 97 3 2 1 679
63 99 3 2 17 679
64 2 1 3 17 107
64 6 1 3 8 107
64 7 1 2 9 107
64 8 1 1 5 107
64 11 1 2 1 107
64 12 1 1 18 107
64 13 1 3 10 107
64 16 1 2 21 107
64 19 1 4 21 107
64 20 1 2 5 107
64 22 1 4 20 107
64 27 1 4 19 107
64 28 1 4 12 107
64 30 1 1 8 107
64 32 1 4 7 107
64 34 1 2 10 107
64 35 1 2 5 107
64 40 1 2 17 107
64 41 1 4 11 107
64 43 1 1 8 107
64 45 1 2 19 107
64 46 1 2 1 107
64 47 1 1 7 107
64 49 1 2 20 107
64 52 1 4 14 107
64 53 1 3 3 107
64 56 1 2 3 107
64 58 1 1 22 107
64 59 1 4 24 107
64 61 1 4 23 107
64 62 1 1 17 107
64 65 1 4 1 107
64 66 1 2 10 107
64 67 1 1 19 107
64 69 1 3 23 107
64 70 1 3 8 107
64 71 1 3 20 107
64 72 1 1 19 107
64 73 1 1 3 107
64 75 1 2 1 107
64 77 1 3 14 107
64 78 1 3 14 107
64 79 1 1 11 107
64 80 1 2 12 107
64 81 1 2 3 107
64 83 1 1 25 107
64 86 1 1 1 107
64 90 1 4 23 107
64 93 1 3 15 107
64 97 1 2 5 107
64 98 1 4 8 107
64 99 1 2 20 107
65 1 4 2 22 860
65 2 4 3 10 860
65 4 4 3 1 860
65 7 4 2 1 860
65 8 4 1 7 860
65 9 4 1 10 860
65 12 4 1 8 860
65 15 4 3 11 860
65 16 4 2 14 860
65 17 4 4 24 860
65 18 4 1 15 860
65 20 4 2 20 860
65 22 4 4 14 860
65 24 4 4 15 860
65 25 4 4 13 860
65 27 4 4 20 860
65 28 4 4 4 860
65 30 4 1 22 860
65 34 4 2 3 860
65 35 4 2 15 860
65 38 4 2 10 860
65 39 4 4 6 860
65 40 4 2 13 860
65 41 4 4 23 860
65 42 4 3 22 860
65 44 4 1 11 860
65 47 4 1 21 860
65 51 4 2 25 860
65 52 4 4 5 860
65 53 4 3 23 860
65 56 4 2 22 860
65 57 4 3 15 860
65 60 4 1 11 860
65 61 4 4 23 860
65 63 4 3 14 860
65 64 4 1 1 860
65 67 4 1 9 860
65 68 4 1 19 860
65 70 4 3 4 860
65 72 4 1 9 860
65 73 4 1 22 860
65 75 4 2 1 860
65 76 4 1 5 860
65 77 4 3 9 860
65 79 4 1 23 860
65 80 4 2 6 860
65 83 4 1 7 860
65 85 4 1 23 860
65 86 4 1 2 860
65 87 4 4 8 860
65 91 4 1 20 860
65 93 4 3 11 860
65 94 4 1 4 860
65 96 4 1 18 860
66 4 2 3 7 232
66 6 2 3 20 232
66 8 2 1 2 232
66 10 2 2 2 232
66 12 2 1 6 232
66 14 2 1 7 232
66 16 2 2 5 232
66 18 2 1 3 232
66 19 2 4 11 232
66 22 2 4 21 232
66 23 2 1 7 232
66 26 2 2 9 232
66 28 2 4 22 232
66 29 2 2 6 232
66 34 2 2 12 232
66 35 2 2 2 232
66 36 2 2 19 232
66 37 2 1 17 232
66 39 2 4 8 232
66 41 2 4 21 232
66 43 2 1 10 232
66 44 2 1 2 232
66 45 2 2 18 232
66 47 2 1 18 232
66 50 2 3 1 232
66 51 2 2 25 232
66 52 2 4 16 232
66 53 2 3 10 232
66 54 2 4 25 232
66 57 2 3 9 232
66 58 2 1 6 232
66 63 2 3 25 232
66 64 2 1 10 232
66 67 2 1 21 232
66 69 2 3 20 232
66 72 2 1 5 232
66 75 2 2 19 232
66 76 2 1 17 232
66 77 2 3 9 232
66 78 2 3 3 232
66 81 2 2 23 232
66 82 2 4 20 232
66 83 2 1 21 232
66 84 2 2 19 232
66 89 2 2 16 232
66 90 2 4 18 232
66 91 2 1 14 232
66 92 2 1 24 232
66 97 2 2 11 232
66 98 2 4 2 232
67 1 1 2 3 810
67 2 1 3 12 810
67 5 1 1 10 810
67 17 1 4 12 810
67 18 1 1 23 810
67 23 1 1 9 810
67 26 1 2 2 810
67 27 1 4 8 810
67 28 1 4 15 810
67 29 1 2 15 810
67 31 1 3 16 810
67 32 1 4 15 810
67 33 1 1 5 810
67 34 1 2 1 810
67 35 1 2 10 810
67 37 1 1 14 810
67 38 1 2 2 810
67 40 1 2 24 810
67 41 1 4 2 810
67 42 1 3 24 810
67 43 1 1 15 810
67 44 1 1 25 810
67 45 1 2 21 810
67 46 1 2 24 810
67 47 1 1 25 810
67 49 1 2 24 810
67 50 1 3 4 810
67 51 1 2 7 810
67 54 1 4 7 810
67 55 1 2 19 810
67 57 1 3 6 810
67 59 1 4 25 810
67 60 1 1 22 810
67 64 1 1 19 810
67 65 1 4 9 810
67 66 1 2 21 810
67 68 1 1 5 810
67 71 1 3 23 810
67 72 1 1 21 810
67 73 1 1 20 810
67 76 1 1 18 810
67 79 1 1 2 810
67 82 1 4 1 810
67 83 1 1 16 810
67 84 1 2 3 810
67 85 1 1 19 810
67 87 1 4 2 810
67 91 1 1 14 810
67 92 1 1 5 810
67 93 1 3 22 810
67 95 1 1 15 810
68 1 1 2 2 333
68 3 1 4 12 333
68 5 1 1 25 333
68 6 1 3 2 333
68 8 1 1 22 333
68 9 1 1 3 333
68 10 1 2 21 333
68 12 1 1 13 333
68 14 1 1 12 333
68 18 1 1 16 333
68 21 1 1 5 333
68 22 1 4 17 333
68 23 1 1 16 333
68 24 1 4 20 333
68 25 1 4 21 333
68 26 1 2 20 333
68 29 1 2 14 333
68 30 1 1 4 333
68 31 1 3 19 333
68 32 1 4 6 333
68 34 1 2 21 333
68 36 1 2 10 333
68 39 1 4 4 333
68 43 1 1 6 333
68 45 1 2 7 333
68 46 1 2 18 333
68 47 1 1 17 333
68 49 1 2 20 333
68 52 1 4 22 333
68 54 1 4 21 333
68 55 1 2 5 333
68 59 1 4 9 333
68 62 1 1 14 333
68 65 1 4 19 333
68 67 1 1 5 333
68 69 1 3 25 333
68 70 1 3 1 333
68 71 1 3 11 333
68 74 1 4 22 333
68 75 1 2 15 333
68 76 1 1 19 333
68 79 1 1 21 333
68 81 1 2 16 333
68 82 1 4 22 333
68 84 1 2 21 333
68 85 1 1 23 333
68 93 1 3 4 333
68 96 1 1 13 333
69 0 3 3 24 379
69 1 3 2 1 379
69 6 3 3 22 379
69 7 3 2 24 379
69 8 3 1 16 379
69 9 3 1 7 379
69 10 3 2 7 379
69 11 3 2 21 379
69 15 3 3 11 379
69 20 3 2 19 379
69 23 3 1 3 379
69 24 3 4 9 379
69 26 3 2 25 379
69 27 3 4 11 379
69 29 3 2 18 379
69 30 3 1 24 379
69 32 3 4 9 379
69 34 3 2 8 379
69 36 3 2 21 379
69 38 3 2 16 379
69 39 3 4 25 379
69 40 3 2 4 379
69 41 3 4 14 379
69 45 3 2 13 379
69 47 3 1 5 379
69 49 3 2 22 379
69 52 3 4 2 379
69 53 3 3 10 379
69 55 3 2 8 379
69 56 3 2 4 379
69 57 3 3 12 379
69 58 3 1 5 379
69 59 3 4 25 379
69 62 3 1 19 379
69 63 3 3 1 379
69 64 3 1 23 379
69 66 3 2 20 379
69 68 3 1 25 379
69 70 3 3 19 379
69 71 3 3 5 379
69 72 3 1 17 379
69 75 3 2 16 379
69 76 3 1 15 379
69 79 3 1 23 379
69 82 3 4 25 379
69 83 3 1 8 379
69 84 3 2 22 379
69 85 3 1 9 379
69 88 3 4 25 379
69 89 3 2 18 379
69 92 3 1 19 379
69 95 3 1 17 379
69 98 3 4 3 379
69 99 3 2 3 379
70 0 3 3 25 977
70 1 3 2 7 977
70 2 3 3 21 977
70 3 3 4 22 977
70 6 3 3 13 977
70 9 3 1 19 977
70 10 3 2 24 977
70 11 3 2 8 977
70 15 3 3 8 977
70 16 3 2 11 977
70 18 3 1 17 977
70 20 3 2 5 977
70 26 3 2 8 977
70 32 3 4 16 977
70 34 3 2 1 977
70 39 3 4 4 977
70 40 3 2 8 977
70 41 3 4 1 977
70 42 3 3 1 977
70 43 3 1 11 977
70 44 3 1 8 977
70 47 3 1 8 977
70 48 3 1 8 977
70 49 3 2 2 977
70 50 3 3 5 977
70 54 3 4 13 977
70 55 3 2 12 977
70 56 3 2 7 977
70 58 3 1 23 977
70 59 3 4 10 977
70 62 3 1 20 977
70 64 3 1 8 977
70 65 3 4 4 977
70 68 3 1 1 977
70 69 3 3 19 977
70 71 3 3 6 977
70 72 3 1 22 977
70 75 3 2 25 977
70 76 3 1 19 977
70 77 3 3 8 977
70 78 3 3 17 977
70 80 3 2 19 977
70 81 3 2 19 977
70 83 3 1 16 977
70 86 3 1 4 977
70 87 3 4 1 977
70 88 3 4 8 977
70 91 3 1 22 977
70 92 3 1 17 977
70 93 3 3 22 977
70 95 3 1 21 977
70 96 3 1 9 977
71 0 3 3 6 300
71 1 3 2 13 300
71 3 3 4 5 300
71 7 3 2 2 300
71 10 3 2 6 300
71 11 3 2 22 300
71 13 3 3 16 300
71 14 3 1 20 300
71 17 3 4 18 300
71 18 3 1 18 300
71 19 3 4 21 300
71 20 3 2 24 300
71 21 3 1 3 300
71 26 3 2 5 300
71 27 3 4 8 300
71 28 3 4 1 300
71 30 3 1 19 300
71 32 3 4 13 300
71 33 3 1 18 300
71 36 3 2 12 300
71 42 3 3 1 300
71 45 3 2 8 300
71 46 3 2 9 300
71 47 3 1 3 300
71 49 3 2 14 300
71 50 3 3 9 300
71 51 3 2 19 300
71 52 3 4 6 300
71 53 3 3 3 300
71 54 3 4 14 300
71 56 3 2 24 300
71 57 3 3 6 300
71 64 3 1 20 300
71 67 3 1 23 300
71 68 3 1 11 300
71 69 3 3 5 300
71 70 3 3 6 300
71 72 3 1 9 300
71 74 3 4 9 300
71 75 3 2 14 300
71 78 3 3 3 300
71 80 3 2 18 300
71 81 3 2 14 300
71 82 3 4 1 300
71 83 3 1 8 300
71 85 3 1 23 300
71 90 3 4 22 300
71 92 3 1 17 300
71 93 3 3 4 300
71 94 3 1 11 300
71 95 3 1 13 300
71 96 3 1 18 300
71 99 3 2 19 300
72 1 1 2 25 982
72 2 1 3 14 982
72 3 1 4 21 982
72 4 1 3 3 982
72 5 1 1 16 982
72 6 1 3 1 982
72 10 1 2 15 982
72 12 1 1 7 982
72 14 1 1 13 982
72 18 1 1 9 982
72 19 1 4 12 982
72 20 1 2 15 982
72 22 1 4 7 982
72 23 1 1 4 982
72 25 1 4 18 982
72 31 1 3 20 982
72 33 1 1 15 982
72 34 1 2 13 982
72 37 1 1 1 982
72 39 1 4 1 982
72 40 1 2 4 982
72 41 1 4 7 982
72 43 1 1 5 982
72 44 1 1 3 982
72 45 1 2 3 982
72 46 1 2 6 982
72 48 1 1 13 982
72 49 1 2 14 982
72 55 1 2 12 982
72 56 1 2 15 982
72 60 1 1 24 982
72 61 1 4 4 982
72 62 1 1 16 982
72 64 1 1 19 982
72 65 1 4 9 982
72 66 1 2 5 982
72 67 1 1 21 982
72 69 1 3 17 982
72 70 1 3 22 982
72 71 1 3 9 982
72 73 1 1 1 982
72 74 1 4 16 982
72 75 1 2 10 982
72 76 1 1 4 982
72 80 1 2 15 982
72 81 1 2 25 982
72 84 1 2 25 982
72 85 1 1 24 982
72 86 1 1 19 982
72 89 1 2 9 982
72 90 1 4 11 982
72 92 1 1 7 982
72 93 1 3 24 982
72 94 1 1 14 982
72 95 1 1 4 982
72 97 1 2 1 982
72 98 1 4 19 982
72 99 1 2 20 982
73 2 1 3 2 945
73 6 1 3 20 945
73 9 1 1 20 945
73 11 1 2 12 945
73 12 1 1 10 945
73 15 1 3 25 945
73 18 1 1 11 945
73 19 1 4 16 945
73 20 1 2 1 945
73 21 1 1 16 945
73 26 1 2 17 945
73 30 1 1 12 945
73 31 1 3 23 945
73 32 1 4 7 945
73 38 1 2 3 945
73 39 1 4 12 945
73 40 1 2 19 945
73 43 1 1 24 945
73 44 1 1 15 945
73 45 1 2 3 945
73 48 1 1 7 945
73 50 1 3 21 945
73 51 1 2 19 945
73 53 1 3 23 945
73 54 1 4 19 945
73 56 1 2 7 945
73 62 1 1 3 945
73 64 1 1 3 945
73 65 1 4 22 945
73 67 1 1 20 945
73 72 1 1 1 945
73 79 1 1 1 945
73 81 1 2 9 945
73 83 1 1 3 945
73 84 1 2 3 945
73 86 1 1 5 945
73 87 1 4 23 945
73 88 1 4 3 945
73 89 1 2 6 945
73 92 1 1 4 945
73 95 1 1 4 945
73 96 1 1 7 945
73 97 1 2 4 945
73 98 1 4 7 945
74 0 4 3 3 742
74 1 4 2 12 742
74 2 4 3 8 742
74 3 4 4 25 742
74 4 4 3 9 742
74 7 4 2 18 742
74 8 4 1 14 742
74 10 4 2 24 742
74 12 4 1 12 742
74 13 4 3 16 742
74 16 4 2 4 742
74 20 4 2 15 742
74 26 4 2 23 742
74 27 4 4 9 742
74 28 4 4 7 742
74 29 4 2 8 742
74 30 4 1 25 742
74 32 4 4 10 742
74 33 4 1 1 742
74 39 4 4 17 742
74 42 4 3 15 742
74 43 4 1 4 742
74 44 4 1 4 742
74 46 4 2 21 742
74 51 4 2 11 742
74 52 4 4 6 742
74 53 4 3 9 742
74 57 4 3 15 742
74 58 4 1 14 742
74 59 4 4 21 742
74 60 4 1 6 742
74 63 4 3 18 742
74 68 4 1 22 742
74 71 4 3 9 742
74 72 4 1 16 742
74 75 4 2 5 742
74 76 4 1 3 742
74 78 4 3 20 742
74 79 4 1 12 742
74 80 4 2 1 742
74 81 4 2 5 742
74 83 4 1 5 742
74 84 4 2 1 742
74 85 4 1 2 742
74 86 4 1 14 742
74 87 4 4 6 742
74 91 4 1 9 742
74 92 4 1 3 742
74 96 4 1 7 742
74 97 4 2 6 742
75 0 2 3 14 841
75 5 2 1 4 841
75 6 2 3 10 841
75 9 2 1 21 841
75 12 2 1 19 841
75 13 2 3 12 841
75 15 2 3 4 841
75 18 2 1 18 841
75 19 2 4 21 841
75 20 2 2 25 841
75 23 2 1 5 841
75 24 2 4 21 841
75 25 2 4 19 841
75 26 2 2 13 841
75 32 2 4 20 841
75 35 2 2 10 841
75 36 2 2 18 841
75 38 2 2 6 841
75 39 2 4 21 841
75 47 2 1 2 841
75 48 2 1 6 841
75 49 2 2 22 841
75 50 2 3 1 841
75 52 2 4 10 841
75 53 2 3 19 841
75 54 2 4 9 841
75 55 2 2 9 841
75 57 2 3 24 841
75 58 2 1 5 841
75 60 2 1 4 841
75 62 2 1 2 841
75 63 2 3 18 841
75 64 2 1 1 841
75 65 2 4 1 841
75 66 2 2 19 841
75 68 2 1 15 841
75 69 2 3 16 841
75 70 2 3 25 841
75 71 2 3 14 841
75 72 2 1 10 841
75 74 2 4 5 841
75 76 2 1 22 841
75 77 2 3 21 841
75 82 2 4 22 841
75 84 2 2 2 841
75 86 2 1 6 841
75 88 2 4 13 841
75 90 2 4 19 841
75 92 2 1 17 841
75 94 2 1 20 841
75 95 2 1 17 841
75 96 2 1 9 841
75 97 2 2 23 841
75 99 2 2 7 841
76 1 1 2 20 649
76 5 1 1 7 649
76 7 1 2 24 649
76 8 1 1 13 649
76 11 1 2 15 649
76 12 1 1 16 649
76 14 1 1 25 649
76 15 1 3 3 649
76 17 1 4 19 649
76 18 1 1 3 649
76 24 1 4 6 649
76 31 1 3 1 649
76 33 1 1 4 649
76 35 1 2 22 649
76 38 1 2 1 649
76 39 1 4 6 649
76 42 1 3 10 649
76 44 1 1 23 649
76 46 1 2 7 649
76 52 1 4 2 649
76 53 1 3 5 649
76 55 1 2 13 649
76 58 1 1 11 649
76 61 1 4 2 649
76 62 1 1 2 649
76 63 1 3 10 649
76 65 1 4 5 649
76 66 1 2 17 649
76 67 1 1 18 649
76 68 1 1 19 649
76 69 1 3 15 649
76 70 1 3 19 649
76 72 1 1 4 649
76 74 1 4 3 649
76 75 1 2 22 649
76 77 1 3 10 649
76 78 1 3 5 649
76 79 1 1 2 649
76 80 1 2 12 649
76 83 1 1 7 649
76 84 1 2 1 649
76 85 1 1 19 649
76 88 1 4 9 649
76 91 1 1 10 649
76 97 1 2 11 649
76 99 1 2 24 649
77 2 3 3 25 672
77 4 3 3 23 672
77 6 3 3 13 672
77 8 3 1 25 672
77 9 3 1 2 672
77 10 3 2 4 672
77 13 3 3 8 672
77 14 3 1 25 672
77 15 3 3 4 672
77 16 3 2 11 672
77 17 3 4 22 672
77 18 3 1 4 672
77 23 3 1 2 672
77 30 3 1 9 672
77 33 3 1 7 672
77 35 3 2 21 672
77 36 3 2 8 672
77 38 3 2 3 672
77 39 3 4 16 672
77 42 3 3 21 672
77 44 3 1 12 672
77 45 3 2 17 672
77 46 3 2 21 672
77 47 3 1 24 672
77 48 3 1 17 672
77 52 3 4 13 672
77 56 3 2 24 672
77 57 3 3 21 672
77 58 3 1 1 672
77 59 3 4 1 672
77 64 3 1 14 672
77 65 3 4 9 672
77 66 3 2 9 672
77 70 3 3 8 672
77 75 3 2 21 672
77 76 3 1 10 672
77 78 3 3 21 672
77 79 3 1 21 672
77 80 3 2 8 672
77 81 3 2 2 672
77 83 3 1 19 672
77 84 3 2 21 672
77 86 3 1 12 672
77 87 3 4 11 672
77 94 3 1 18 672
77 95 3 1 2 672
77 96 3 1 6 672
78 0 3 3 13 302
78 1 3 2 21 302
78 2 3 3 8 302
78 4 3 3 13 302
78 5 3 1 16 302
78 6 3 3 10 302
78 8 3 1 2 302
78 9 3 1 23 302
78 13 3 3 6 302
78 14 3 1 25 302
78 16 3 2 6 302
78 17 3 4 5 302
78 18 3 1 15 302
78 20 3 2 10 302
78 21 3 1 12 302
78 22 3 4 3 302
78 27 3 4 15 302
78 31 3 3 12 302
78 32 3 4 11 302
78 33 3 1 17 302
78 34 3 2 4 302
78 36 3 2 20 302
78 38 3 2 13 302
78 39 3 4 19 302
78 40 3 2 4 302
78 41 3 4 7 302
78 44 3 1 3 302
78 45 3 2 15 302
78 47 3 1 24 302
78 48 3 1 11 302
78 50 3 3 14 302
78 52 3 4 20 302
78 53 3 3 8 302
78 55 3 2 3 302
78 56 3 2 14 302
78 58 3 1 14 302
78 59 3 4 7 302
78 60 3 1 12 302
78 63 3 3 14 302
78 64 3 1 14 302
78 66 3 2 3 302
78 70 3 3 17 302
78 71 3 3 3 302
78 74 3 4 20 302
78 76 3 1 5 302
78 77 3 3 21 302
78 79 3 1 19 302
78 82 3 4 10 302
78 83 3 1 19 302
78 84 3 2 17 302
78 86 3 1 22 302
78 87 3 4 16 302
78 88 3 4 23 302
78 90 3 4 15 302
78 92 3 1 14 302
78 93 3 3 17 302
78 94 3 1 15 302
78 95 3 1 5 302
78 97 3 2 10 302
78 99 3 2 25 302
79 2 1 3 2 279
79 5 1 1 14 279
79 6 1 3 21 279
79 9 1 1 22 279
79 10 1 2 14 279
79 11 1 2 7 279
79 13 1 3 15 279
79 14 1 1 9 279
79 15 1 3 16 279
79 16 1 2 8 279
79 17 1 4 16 279
79 19 1 4 9 279
79 22 1 4 3 279
79 24 1 4 6 279
79 25 1 4 22 279
79 26 1 2 20 279
79 28 1 4 8 279
79 29 1 2 11 279
79 30 1 1 23 279
79 31 1 3 2 279
79 36 1 2 15 279
79 39 1 4 12 279
79 40 1 2 8 279
79 41 1 4 25 279
79 43 1 1 14 279
79 45 1 2 21 279
79 47 1 1 3 279
79 51 1 2 19 279
79 56 1 2 22 279
79 57 1 3 5 279
79 58 1 1 12 279
79 60 1 1 12 279
79 62 1 1 1 279
79 63 1 3 18 279
79 64 1 1 11 279
79 65 1 4 23 279
79 67 1 1 2 279
79 68 1 1 21 279
79 69 1 3 23 279
79 73 1 1 1 279
79 74 1 4 12 279
79 76 1 1 2 279
79 77 1 3 21 279
79 78 1 3 19 279
79 80 1 2 10 279
79 83 1 1 25 279
79 87 1 4 3 279
79 93 1 3 3 279
79 95 1 1 9 279
79 96 1 1 10 279
79 98 1 4 7 279
79 99 1 2 13 279
80 0 2 3 10 118
80 1 2 2 9 118
80 2 2 3 12 118
80 4 2 3 5 118
80 6 2 3 11 118
80 7 2 2 20 118
80 8 2 1 18 118
80 11 2 2 10 118
80 15 2 3 18 118
80 16 2 2 10 118
80 18 2 1 10 118
80 19 2 4 3 118
80 20 2 2 1 118
80 22 2 4 12 118
80 23 2 1 13 118
80 26 2 2 10 118
80 27 2 4 22 118
80 29 2 2 24 118
80 30 2 1 9 118
80 31 2 3 8 118
80 33 2 1 11 118
80 34 2 2 1 118
80 35 2 2 21 118
80 38 2 2 17 118
80 39 2 4 20 118
80 40 2 2 11 118
80 42 2 3 2 118
80 45 2 2 16 118
80 46 2 2 7 118
80 49 2 2 18 118
80 50 2 3 13 118
80 57 2 3 1 118
80 58 2 1 1 118
80 60 2 1 17 118
80 64 2 1 12 118
80 65 2 4 6 118
80 70 2 3 19 118
80 71 2 3 18 118
80 72 2 1 15 118
80 74 2 4 1 118
80 76 2 1 12 118
80 77 2 3 8 118
80 79 2 1 10 118
80 83 2 1 24 118
80 84 2 2 22 118
80 87 2 4 7 118
80 89 2 2 18 118
80 90 2 4 14 118
80 92 2 1 20 118
80 95 2 1 4 118
80 97 2 2 5 118
80 99 2 2 2 118
81 1 2 2 6 471
81 4 2 3 13 471
81 6 2 3 11 471
81 7 2 2 2 471
81 8 2 1 19 471
81 9 2 1 1 471
81 10 2 2 3 471
81 13 2 3 25 471
81 14 2 1 19 471
81 18 2 1 9 471
81 19 2 4 9 471
81 20 2 2 9 471
81 21 2 1 10 471
81 25 2 4 22 471
81 26 2 2 5 471
81 30 2 1 6 471
81 31 2 3 3 471
81 33 2 1 24 471
81 37 2 1 23 471
81 39 2 4 1 471
81 44 2 1 19 471
81 45 2 2 23 471
81 50 2 3 2 471
81 51 2 2 17 471
81 53 2 3 25 471
81 54 2 4 12 471
81 55 2 2 21 471
81 56 2 2 19 471
81 57 2 3 22 471
81 58 2 1 7 471
81 61 2 4 21 471
81 62 2 1 11 471
81 63 2 3 10 471
81 64 2 1 3 471
81 66 2 2 23 471
81 68 2 1 16 471
81 70 2 3 19 471
81 71 2 3 14 471
81 72 2 1 25 471
81 73 2 1 9 471
81 74 2 4 5 471
81 77 2 3 2 471
81 82 2 4 21 471
81 83 2 1 3 471
81 87 2 4 5 471
81 89 2 2 8 471
81 91 2 1 22 471
81 93 2 3 4 471
81 95 2 1 2 471
81 96 2 1 4 471
81 99 2 2 10 471
82 0 4 3 6 59
82 4 4 3 11 59
82 11 4 2 11 59
82 12 4 1 12 59
82 14 4 1 5 59
82 15 4 3 7 59
82 16 4 2 23 59
82 21 4 1 7 59
82 22 4 4 19 59
82 23 4 1 2 59
82 24 4 4 17 59
82 27 4 4 20 59
82 30 4 1 1 59
82 31 4 3 15 59
82 32 4 4 23 59
82 33 4 1 21 59
82 34 4 2 16 59
82 36 4 2 13 59
82 37 4 1 21 59
82 39 4 4 10 59
82 42 4 3 19 59
82 44 4 1 11 59
82 46 4 2 19 59
82 49 4 2 16 59
82 52 4 4 7 59
82 54 4 4 4 59
82 60 4 1 7 59
82 62 4 1 22 59
82 66 4 2 20 59
82 67 4 1 1 59
82 68 4 1 22 59
82 69 4 3 25 59
82 71 4 3 1 59
82 75 4 2 22 59
82 78 4 3 10 59
82 81 4 2 21 59
82 83 4 1 18 59
82 84 4 2 6 59
82 86 4 1 6 59
82 87 4 4 1 59
82 89 4 2 19 59
82 91 4 1 8 59
82 92 4 1 19 59
82 94 4 1 4 59
82 95 4 1 24 59
82 96 4 1 5 59
83 0 1 3 22 228
83 2 1 3 2 228
83 3 1 4 16 228
83 5 1 1 2 228
83 6 1 3 15 228
83 8 1 1 8 228
83 12 1 1 14 228
83 15 1 3 6 228
83 16 1 2 18 228
83 18 1 1 9 228
83 19 1 4 17 228
83 20 1 2 11 228
83 21 1 1 1 228
83 22 1 4 11 228
83 26 1 2 2 228
83 27 1 4 22 228
83 28 1 4 23 228
83 29 1 2 15 228
83 30 1 1 1 228
83 31 1 3 5 228
83 33 1 1 2 228
83 34 1 2 10 228
83 38 1 2 1 228
83 41 1 4 3 228
83 42 1 3 20 228
83 46 1 2 4 228
83 47 1 1 6 228
83 48 1 1 3 228
83 50 1 3 7 228
83 51 1 2 6 228
83 52 1 4 2 228
83 54 1 4 19 228
83 55 1 2 25 228
83 56 1 2 22 228
83 60 1 1 15 228
83 61 1 4 22 228
83 62 1 1 20 228
83 63 1 3 12 228
83 64 1 1 25 228
83 65 1 4 7 228
83 66 1 2 21 228
83 67 1 1 16 228
83 69 1 3 8 228
83 70 1 3 16 228
83 71 1 3 8 228
83 73 1 1 3 228
83 74 1 4 5 228
83 76 1 1 7 228
83 77 1 3 19 228
83 78 1 3 19 228
83 79 1 1 25 228
83 80 1 2 24 228
83 81 1 2 3 228
83 82 1 4 18 228
83 84 1 2 21 228
83 85 1 1 19 228
83 86 1 1 12 228
83 88 1 4 21 228
83 91 1 1 12 228
83 93 1 3 2 228
83 94 1 1 12 228
83 97 1 2 17 228
83 98 1 4 10 228
83 99 1 2 19 228
84 0 2 3 14 313
84 2 2 3 21 313
84 3 2 4 25 313
84 4 2 3 5 313
84 9 2 1 7 313
84 10 2 2 2 313
84 11 2 2 15 313
84 12 2 1 16 313
84 14 2 1 14 313
84 17 2 4 20 313
84 18 2 1 18 313
84 19 2 4 16 313
84 21 2 1 23 313
84 24 2 4 22 313
84 26 2 2 23 313
84 27 2 4 23 313
84 29 2 2 3 313
84 30 2 1 12 313
84 32 2 4 19 313
84 33 2 1 11 313
84 35 2 2 9 313
84 37 2 1 14 313
84 38 2 2 17 313
84 40 2 2 13 313
84 48 2 1 21 313
84 49 2 2 8 313
84 55 2 2 7 313
84 56 2 2 6 313
84 58 2 1 7 313
84 62 2 1 3 313
84 63 2 3 14 313
84 66 2 2 19 313
84 67 2 1 3 313
84 68 2 1 21 313
84 69 2 3 22 313
84 72 2 1 25 313
84 73 2 1 3 313
84 74 2 4 1 313
84 75 2 2 2 313
84 76 2 1 1 313
84 77 2 3 21 313
84 78 2 3 17 313
84 80 2 2 22 313
84 82 2 4 6 313
84 83 2 1 21 313
84 86 2 1 5 313
84 87 2 4 9 313
84 88 2 4 2 313
84 89 2 2 21 313
84 94 2 1 19 313
84 95 2 1 5 313
84 96 2 1 14 313
84 99 2 2 3 313
85 4 1 3 12 825
85 5 1 1 23 825
85 7 1 2 13 825
85 8 1 1 9 825
85 9 1 1 10 825
85 10 1 2 20 825
85 12 1 1 18 825
85 14 1 1 4 825
85 15 1 3 20 825
85 17 1 4 11 825
85 20 1 2 25 825
85 21 1 1 24 825
85 27 1 4 12 825
85 28 1 4 5 825
85 31 1 3 10 825
85 32 1 4 1 825
85 33 1 1 23 825
85 35 1 2 15 825
85 36 1 2 14 825
85 37 1 1 8 825
85 39 1 4 25 825
85 41 1 4 15 825
85 43 1 1 1 825
85 45 1 2 16 825
85 46 1 2 23 825
85 47 1 1 4 825
85 49 1 2 18 825
85 50 1 3 10 825
85 56 1 2 9 825
85 57 1 3 17 825
85 59 1 4 2 825
85 60 1 1 6 825
85 62 1 1 18 825
85 63 1 3 15 825
85 65 1 4 23 825
85 67 1 1 19 825
85 68 1 1 23 825
85 69 1 3 9 825
85 71 1 3 23 825
85 72 1 1 24 825
85 74 1 4 2 825
85 76 1 1 19 825
85 83 1 1 19 825
85 88 1 4 21 825
85 89 1 2 1 825
85 94 1 1 24 825
85 96 1 1 23 825
85 97 1 2 21 825
85 98 1 4 2 825
86 2 1 3 23 771
86 9 1 1 5 771
86 12 1 1 8 771
86 15 1 3 15 771
86 16 1 2 7 771
86 18 1 1 13 771
86 20 1 2 6 771
86 22 1 4 13 771
86 23 1 1 17 771
86 27 1 4 5 771
86 28 1 4 12 771
86 30 1 1 8 771
86 32 1 4 22 771
86 34 1 2 14 771
86 35 1 2 1 771
86 37 1 1 6 771
86 38 1 2 21 771
86 39 1 4 21 771
86 41 1 4 22 771
86 42 1 3 14 771
86 48 1 1 3 771
86 50 1 3 9 771
86 53 1 3 14 771
86 54 1 4 24 771
86 59 1 4 2 771
86 63 1 3 13 771
86 64 1 1 1 771
86 65 1 4 2 771
86 70 1 3 4 771
86 72 1 1 19 771
86 73 1 1 5 771
86 74 1 4 14 771
86 75 1 2 6 771
86 77 1 3 12 771
86 78 1 3 22 771
86 82 1 4 6 771
86 83 1 1 12 771
86 84 1 2 5 771
86 90 1 4 2 771
86 91 1 1 25 771
86 92 1 1 13 771
86 97 1 2 16 771
87 0 4 3 7 200
87 1 4 2 5 200
87 2 4 3 22 200
87 4 4 3 1 200
87 5 4 1 12 200
87 7 4 2 25 200
87 9 4 1 20 200
87 10 4 2 21 200
87 12 4 1 1 200
87 14 4 1 19 200
87 17 4 4 23 200
87 18 4 1 13 200
87 19 4 4 9 200
87 21 4 1 2 200
87 25 4 4 5 200
87 27 4 4 3 200
87 29 4 2 9 200
87 30 4 1 11 200
87 31 4 3 20 200
87 35 4 2 3 200
87 36 4 2 15 200
87 42 4 3 13 200
87 45 4 2 9 200
87 47 4 1 15 200
87 51 4 2 15 200
87 53 4 3 6 200
87 57 4 3 17 200
87 59 4 4 7 200
87 60 4 1 10 200
87 62 4 1 23 200
87 63 4 3 16 200
87 65 4 4 8 200
87 67 4 1 2 200
87 70 4 3 1 200
87 73 4 1 23 200
87 74 4 4 6 200
87 77 4 3 11 200
87 78 4 3 16 200
87 79 4 1 3 200
87 80 4 2 7 200
87 81 4 2 5 200
87 82 4 4 1 200
87 84 4 2 9 200
87 90 4 4 13 200
87 91 4 1 22 200
87 97 4 2 22 200
87 98 4 4 6 200
88 1 4 2 5 644
88 4 4 3 8 644
88 7 4 2 1 644
88 12 4 1 23 644
88 13 4 3 18 644
88 15 4 3 13 644
88 16 4 2 18 644
88 17 4 4 4 644
88 18 4 1 12 644
88 21 4 1 11 644
88 22 4 4 25 644
88 23 4 1 16 644
88 27 4 4 15 644
88 28 4 4 3 644
88 29 4 2 18 644
88 31 4 3 1 644
88 33 4 1 14 644
88 34 4 2 5 644
88 38 4 2 1 644
88 39 4 4 23 644
88 41 4 4 14 644
88 43 4 1 17 644
88 46 4 2 11 644
88 47 4 1 5 644
88 50 4 3 5 644
88 53 4 3 6 644
88 54 4 4 18 644
88 55 4 2 15 644
88 57 4 3 19 644
88 58 4 1 16 644
88 60 4 1 3 644
88 62 4 1 15 644
88 69 4 3 25 644
88 70 4 3 8 644
88 73 4 1 3 644
88 75 4 2 13 644
88 76 4 1 9 644
88 78 4 3 23 644
88 83 4 1 21 644
88 84 4 2 2 644
88 85 4 1 21 644
89 0 2 3 4 594
89 1 2 2 19 594
89 2 2 3 5 594
89 5 2 1 21 594
89 7 2 2 23 594
89 8 2 1 9 594
89 9 2 1 19 594
89 10 2 2 12 594
89 13 2 3 20 594
89 14 2 1 5 594
89 16 2 2 20 594
89 19 2 4 12 594
89 20 2 2 8 594
89 22 2 4 24 594
89 23 2 1 11 594
89 24 2 4 2 594
89 25 2 4 17 594
89 27 2 4 1 594
89 28 2 4 12 594
89 29 2 2 3 594
89 33 2 1 8 594
89 34 2 2 12 594
89 35 2 2 24 594
89 37 2 1 5 594
89 39 2 4 17 594
89 47 2 1 1 594
89 49 2 2 2 594
89 54 2 4 1 594
89 55 2 2 24 594
89 56 2 2 13 594
89 57 2 3 23 594
89 60 2 1 21 594
89 61 2 4 11 594
89 63 2 3 25 594
89 66 2 2 16 594
89 69 2 3 18 594
89 72 2 1 9 594
89 73 2 1 6 594
89 80 2 2 18 594
89 81 2 2 8 594
89 82 2 4 19 594
89 84 2 2 21 594
89 85 2 1 1 594
89 90 2 4 8 594
89 91 2 1 25 594
89 92 2 1 15 594
89 95 2 1 2 594
89 96 2 1 3 594
89 97 2 2 17 594
89 98 2 4 23 594
90 1 4 2 10 947
90 2 4 3 1 947
90 3 4 4 19 947
90 5 4 1 22 947
90 6 4 3 20 947
90 8 4 1 1 947
90 9 4 1 10 947
90 11 4 2 2 947
90 12 4 1 10 947
90 17 4 4 10 947
90 20 4 2 15 947
90 21 4 1 1 947
90 23 4 1 13 947
90 25 4 4 9 947
90 27 4 4 8 947
90 28 4 4 25 947
90 35 4 2 20 947
90 39 4 4 3 947
90 40 4 2 1 947
90 41 4 4 4 947
90 42 4 3 9 947
90 45 4 2 25 947
90 46 4 2 2 947
90 47 4 1 11 947
90 49 4 2 7 947
90 50 4 3 3 947
90 52 4 4 10 947
90 53 4 3 24 947
90 54 4 4 14 947
90 55 4 2 13 947
90 61 4 4 22 947
90 62 4 1 8 947
90 63 4 3 20 947
90 64 4 1 23 947
90 66 4 2 18 947
90 71 4 3 22 947
90 72 4 1 11 947
90 75 4 2 19 947
90 78 4 3 15 947
90 80 4 2 14 947
90 86 4 1 2 947
90 87 4 4 13 947
90 89 4 2 8 947
90 93 4 3 1 947
90 94 4 1 4 947
90 95 4 1 12 947
90 98 4 4 6 947
91 0 1 3 25 427
91 1 1 2 24 427
91 6 1 3 23 427
91 7 1 2 6 427
91 11 1 2 6 427
91 13 1 3 17 427
91 14 1 1 18 427
91 15 1 3 11 427
91 17 1 4 3 427
91 21 1 1 15 427
91 23 1 1 4 427
91 24 1 4 5 427
91 27 1 4 1 427
91 28 1 4 22 427
91 29 1 2 7 427
91 31 1 3 22 427
91 32 1 4 10 427
91 35 1 2 9 427
91 36 1 2 25 427
91 38 1 2 15 427
91 39 1 4 25 427
91 40 1 2 22 427
91 42 1 3 7 427
91 45 1 2 4 427
91 48 1 1 19 427
91 50 1 3 8 427
91 52 1 4 5 427
91 54 1 4 9 427
91 65 1 4 20 427
91 66 1 2 14 427
91 67 1 1 14 427
91 70 1 3 22 427
91 74 1 4 9 427
91 76 1 1 10 427
91 81 1 2 22 427
91 82 1 4 8 427
91 83 1 1 12 427
91 86 1 1 25 427
91 87 1 4 22 427
91 89 1 2 25 427
91 93 1 3 5 427
91 94 1 1 1 427
91 96 1 1 13 427
92 0 1 3 5 217
92 1 1 2 22 217
92 3 1 4 17 217
92 4 1 3 19 217
92 9 1 1 5 217
92 11 1 2 4 217
92 13 1 3 6 217
92 15 1 3 4 217
92 17 1 4 18 217
92 18 1 1 1 217
92 21 1 1 3 217
92 22 1 4 11 217
92 23 1 1 20 217
92 24 1 4 8 217
92 25 1 4 9 217
92 26 1 2 15 217
92 27 1 4 8 217
92 28 1 4 8 217
92 30 1 1 15 217
92 35 1 2 13 217
92 36 1 2 14 217
92 37 1 1 14 217
92 38 1 2 21 217
92 39 1 4 23 217
92 42 1 3 6 217
92 43 1 1 24 217
92 44 1 1 22 217
92 49 1 2 14 217
92 50 1 3 10 217
92 55 1 2 8 217
92 59 1 4 9 217
92 60 1 1 9 217
92 61 1 4 21 217
92 62 1 1 2 217
92 66 1 2 24 217
92 67 1 1 5 217
92 69 1 3 19 217
92 70 1 3 17 217
92 71 1 3 17 217
92 72 1 1 7 217
92 73 1 1 4 217
92 74 1 4 3 217
92 75 1 2 17 217
92 78 1 3 14 217
92 80 1 2 20 217
92 82 1 4 19 217
92 86 1 1 13 217
92 89 1 2 15 217
92 93 1 3 4 217
92 94 1 1 21 217
92 96 1 1 24 217
92 97 1 2 9 217
92 98 1 4 5 217
93 0 3 3 12 65
93 1 3 2 7 65
93 2 3 3 21 65
93 3 3 4 14 65
93 8 3 1 15 65
93 10 3 2 22 65
93 11 3 2 2 65
93 13 3 3 20 65
93 16 3 2 4 65
93 19 3 4 7 65
93 22 3 4 2 65
93 24 3 4 11 65
93 25 3 4 25 65
93 27 3 4 13 65
93 32 3 4 19 65
93 33 3 1 9 65
93 34 3 2 22 65
93 40 3 2 10 65
93 41 3 4 23 65
93 47 3 1 15 65
93 50 3 3 14 65
93 51 3 2 23 65
93 54 3 4 2 65
93 55 3 2 10 65
93 57 3 3 19 65
93 58 3 1 10 65
93 59 3 4 1 65
93 60 3 1 16 65
93 62 3 1 3 65
93 63 3 3 20 65
93 64 3 1 15 65
93 65 3 4 11 65
93 67 3 1 22 65
93 68 3 1 4 65
93 70 3 3 22 65
93 71 3 3 4 65
93 72 3 1 24 65
93 78 3 3 17 65
93 79 3 1 3 65
93 81 3 2 4 65
93 83 3 1 2 65
93 90 3 4 1 65
93 91 3 1 5 65
93 92 3 1 4 65
93 97 3 2 24 65
93 98 3 4 20 65
94 0 1 3 21 701
94 1 1 2 19 701
94 3 1 4 10 701
94 5 1 1 21 701
94 6 1 3 17 701
94 7 1 2 21 701
94 9 1 1 16 701
94 11 1 2 25 701
94 12 1 1 15 701
94 13 1 3 14 701
94 17 1 4 24 701
94 19 1 4 1 701
94 20 1 2 3 701
94 24 1 4 4 701
94 26 1 2 20 701
94 28 1 4 1 701
94 30 1 1 15 701
94 33 1 1 20 701
94 35 1 2 10 701
94 37 1 1 18 701
94 39 1 4 1 701
94 40 1 2 12 701
94 41 1 4 12 701
94 42 1 3 15 701
94 44 1 1 21 701
94 48 1 1 23 701
94 52 1 4 12 701
94 54 1 4 23 701
94 55 1 2 1 701
94 57 1 3 3 701
94 59 1 4 15 701
94 60 1 1 11 701
94 61 1 4 4 701
94 65 1 4 4 701
94 71 1 3 11 701
94 72 1 1 14 701
94 75 1 2 20 701
94 77 1 3 18 701
94 78 1 3 15 701
94 82 1 4 4 701
94 83 1 1 12 701
94 84 1 2 19 701
94 85 1 1 24 701
94 90 1 4 4 701
94 91 1 1 1 701
94 92 1 1 21 701
94 95 1 1 1 701
94 96 1 1 24 701
94 98 1 4 5 701
95 2 1 3 19 181
95 4 1 3 9 181
95 7 1 2 21 181
95 8 1 1 17 181
95 9 1 1 25 181
95 11 1 2 25 181
95 12 1 1 11 181
95 13 1 3 5 181
95 15 1 3 9 181
95 16 1 2 9 181
95 17 1 4 4 181
95 20 1 2 8 181
95 21 1 1 15 181
95 22 1 4 20 181
95 25 1 4 6 181
95 26 1 2 25 181
95 31 1 3 6 181
95 32 1 4 23 181
95 34 1 2 25 181
95 35 1 2 20 181
95 36 1 2 20 181
95 37 1 1 17 181
95 38 1 2 18 181
95 44 1 1 8 181
95 46 1 2 5 181
95 48 1 1 23 181
95 54 1 4 3 181
95 57 1 3 25 181
95 59 1 4 19 181
95 62 1 1 7 181
95 63 1 3 6 181
95 67 1 1 15 181
95 69 1 3 17 181
95 70 1 3 21 181
95 71 1 3 13 181
95 72 1 1 4 181
95 73 1 1 4 181
95 75 1 2 17 181
95 77 1 3 2 181
95 78 1 3 5 181
95 79 1 1 9 181
95 80 1 2 4 181
95 81 1 2 2 181
95 82 1 4 24 181
95 84 1 2 5 181
95 89 1 2 2 181
95 90 1 4 12 181
95 94 1 1 1 181
95 99 1 2 18 181
96 1 1 2 17 252
96 2 1 3 5 252
96 3 1 4 22 252
96 4 1 3 19 252
96 5 1 1 4 252
96 6 1 3 23 252
96 7 1 2 21 252
96 8 1 1 24 252
96 13 1 3 7 252
96 17 1 4 11 252
96 21 1 1 5 252
96 22 1 4 17 252
96 23 1 1 9 252
96 24 1 4 21 252
96 29 1 2 9 252
96 30 1 1 1 252
96 32 1 4 25 252
96 34 1 2 23 252
96 35 1 2 3 252
96 36 1 2 13 252
96 38 1 2 7 252
96 39 1 4 13 252
96 40 1 2 7 252
96 41 1 4 11 252
96 46 1 2 19 252
96 48 1 1 2 252
96 51 1 2 23 252
96 52 1 4 6 252
96 53 1 3 18 252
96 54 1 4 6 252
96 55 1 2 21 252
96 58 1 1 11 252
96 59 1 4 20 252
96 65 1 4 18 252
96 68 1 1 13 252
96 70 1 3 9 252
96 71 1 3 18 252
96 73 1 1 7 252
96 74 1 4 7 252
96 75 1 2 9 252
96 77 1 3 6 252
96 79 1 1 10 252
96 81 1 2 4 252
96 82 1 4 5 252
96 84 1 2 14 252
96 85 1 1 23 252
96 89 1 2 3 252
96 91 1 1 13 252
96 92 1 1 24 252
96 94 1 1 24 252
96 97 1 2 23 252
96 99 1 2 6 252
97 0 2 3 12 885
97 2 2 3 21 885
97 3 2 4 5 885
97 5 2 1 22 885
97 6 2 3 15 885
97 7 2 2 22 885
97 12 2 1 22 885
97 13 2 3 9 885
97 14 2 1 10 885
97 17 2 4 20 885
97 18 2 1 1 885
97 19 2 4 7 885
97 20 2 2 25 885
97 21 2 1 23 885
97 23 2 1 15 885
97 24 2 4 12 885
97 25 2 4 5 885
97 26 2 2 24 885
97 29 2 2 10 885
97 30 2 1 9 885
97 32 2 4 4 885
97 33 2 1 21 885
97 34 2 2 8 885
97 36 2 2 11 885
97 37 2 1 11 885
97 38 2 2 19 885
97 39 2 4 10 885
97 42 2 3 8 885
97 45 2 2 2 885
97 48 2 1 12 885
97 49 2 2 25 885
97 50 2 3 24 885
97 51 2 2 25 885
97 53 2 3 7 885
97 54 2 4 9 885
97 56 2 2 25 885
97 58 2 1 11 885
97 60 2 1 19 885
97 62 2 1 13 885
97 63 2 3 1 885
97 64 2 1 5 885
97 66 2 2 11 885
97 72 2 1 1 885
97 73 2 1 4 885
97 74 2 4 6 885
97 75 2 2 23 885
97 76 2 1 11 885
97 78 2 3 10 885
97 80 2 2 5 885
97 83 2 1 17 885
97 85 2 1 21 885
97 86 2 1 16 885
97 87 2 4 22 885
97 89 2 2 17 885
97 92 2 1 9 885
97 93 2 3 24 885
97 96 2 1 23 885
97 98 2 4 10 885
97 99 2 2 24 885
98 0 4 3 19 511
98 1 4 2 5 511
98 3 4 4 18 511
98 4 4 3 8 511
98 8 4 1 13 511
98 12 4 1 4 511
98 13 4 3 25 511
98 14 4 1 24 511
98 15 4 3 8 511
98 16 4 2 8 511
98 18 4 1 3 511
98 24 4 4 19 511
98 26 4 2 22 511
98 28 4 4 14 511
98 32 4 4 1 511
98 34 4 2 9 511
98 38 4 2 4 511
98 40 4 2 20 511
98 41 4 4 13 511
98 42 4 3 4 511
98 43 4 1 7 511
98 46 4 2 24 511
98 47 4 1 1 511
98 50 4 3 13 511
98 52 4 4 25 511
98 54 4 4 5 511
98 58 4 1 21 511
98 59 4 4 9 511
98 61 4 4 11 511
98 64 4 1 8 511
98 66 4 2 2 511
98 69 4 3 3 511
98 72 4 1 19 511
98 73 4 1 7 511
98 79 4 1 7 511
98 83 4 1 10 511
98 85 4 1 2 511
98 87 4 4 6 511
98 89 4 2 23 511
98 90 4 4 6 511
98 92 4 1 5 511
98 93 4 3 20 511
98 94 4 1 5 511
98 97 4 2 10 511
99 3 2 4 1 79
99 7 2 2 25 79
99 10 2 2 24 79
99 11 2 2 7 79
99 12 2 1 24 79
99 14 2 1 24 79
99 15 2 3 16 79
99 16 2 2 1 79
99 17 2 4 17 79
99 18 2 1 21 79
99 21 2 1 13 79
99 26 2 2 3 79
99 28 2 4 20 79
99 29 2 2 5 79
99 32 2 4 20 79
99 33 2 1 13 79
99 36 2 2 4 79
99 42 2 3 24 79
99 44 2 1 18 79
99 47 2 1 3 79
99 48 2 1 13 79
99 51 2 2 17 79
99 52 2 4 5 79
99 53 2 3 10 79
99 54 2 4 24 79
99 57 2 3 25 79
99 59 2 4 5 79
99 62 2 1 22 79
99 63 2 3 17 79
99 64 2 1 20 79
99 69 2 3 3 79
99 71 2 3 19 79
99 72 2 1 20 79
99 75 2 2 7 79
99 76 2 1 24 79
99 78 2 3 25 79
99 79 2 1 13 79
99 80 2 2 2 79
99 81 2 2 10 79
99 83 2 1 19 79
99 84 2 2 3 79
99 95 2 1 18 79
99 96 2 1 6 79
99 97 2 2 24 79
