capacity  cost_by_node
nb_functions 10
20 38 72 38 36 14 61 16 36 11 13 56 38 27 93 65 36 55 97 17 30 48 28 19 24 46 46 45 71 16 37 62 36 81 94 89 20 76 87 26 35 49 83 49 72 13 83 33 92 21 71 
15 88 19 14 64 95 83 100 24 36 76 57 64 51 72 69 37 48 27 57 76 18 93 98 83 15 52 76 90 14 51 46 45 54 87 99 39 22 53 98 49 67 47 24 100 60 74 14 62 62 59 
17 29 53 76 68 17 69 98 18 12 79 85 93 86 61 14 57 89 63 29 63 54 47 65 21 26 56 36 39 87 12 81 16 40 54 56 14 44 95 87 84 31 50 40 61 59 91 59 60 66 28 
18 45 73 53 28 34 13 21 86 76 11 23 63 76 32 94 43 60 20 75 86 69 99 58 41 77 21 64 30 30 37 74 29 35 58 17 34 92 86 65 27 48 66 92 30 57 61 93 13 42 81 
19 36 22 55 46 41 95 11 24 76 21 96 78 32 11 95 64 76 27 80 52 98 99 48 81 38 48 21 34 36 80 98 74 55 18 78 84 50 63 67 18 12 82 27 96 92 38 38 34 84 75 
22 89 24 61 92 26 71 18 61 28 82 21 40 80 84 88 34 93 61 54 84 10 38 42 60 35 100 31 50 95 18 27 94 20 29 88 81 89 12 12 16 63 35 44 15 42 56 83 80 25 33 
19 44 53 66 17 13 67 32 100 40 75 52 21 38 41 74 93 10 70 37 12 17 52 29 60 71 29 31 16 91 13 79 79 32 34 27 42 61 80 96 79 21 53 42 81 54 10 28 49 13 38 
17 29 75 19 52 74 91 98 39 10 37 17 92 17 78 64 77 27 83 86 61 49 21 57 28 55 62 22 74 49 50 55 68 58 51 56 14 49 94 92 66 46 36 73 67 74 37 13 55 80 25 
12 73 58 49 31 16 44 71 12 90 96 15 59 49 37 80 30 21 43 78 71 63 76 96 20 16 14 42 76 82 29 24 76 97 27 13 57 73 87 57 67 46 66 33 44 98 98 22 26 49 77 
20 93 35 17 52 93 13 60 75 66 37 97 24 36 40 96 60 35 87 25 66 86 43 28 26 48 53 62 30 25 68 58 77 18 75 76 60 100 62 76 96 11 17 30 48 36 45 75 70 35 19 
