Node_1 Node_2 Capacity_node1 Capacity_node2 Latency_arc node_cost
nb_nodes 50
nb_arcs 1234
0 1 1 5 20 508
0 3 1 4 18 508
0 4 1 7 8 508
0 38 1 5 25 508
0 6 1 4 4 508
0 33 1 3 5 508
0 40 1 2 1 508
0 9 1 3 23 508
0 10 1 2 11 508
0 39 1 6 18 508
0 14 1 3 14 508
0 15 1 3 3 508
0 16 1 5 3 508
0 17 1 2 9 508
0 18 1 3 18 508
0 19 1 5 2 508
0 21 1 3 16 508
0 25 1 1 7 508
0 49 1 7 6 508
0 42 1 6 25 508
0 36 1 1 6 508
1 0 5 1 20 600
1 2 5 1 7 600
1 3 5 4 3 600
1 4 5 7 14 600
1 5 5 3 9 600
1 6 5 4 3 600
1 8 5 2 9 600
1 9 5 3 25 600
1 10 5 2 21 600
1 12 5 1 10 600
1 13 5 6 15 600
1 14 5 3 23 600
1 18 5 3 17 600
1 19 5 5 9 600
1 22 5 1 17 600
1 27 5 7 14 600
1 30 5 6 11 600
1 38 5 5 20 600
1 39 5 6 8 600
1 40 5 2 20 600
1 41 5 7 11 600
1 43 5 1 7 600
1 45 5 1 20 600
1 48 5 3 8 600
1 49 5 7 12 600
2 1 1 5 7 682
2 35 1 7 10 682
2 5 1 3 6 682
2 38 1 5 25 682
2 7 1 7 7 682
2 40 1 2 14 682
2 9 1 3 10 682
2 10 1 2 18 682
2 39 1 6 11 682
2 44 1 1 8 682
2 46 1 4 15 682
2 48 1 3 11 682
2 17 1 2 19 682
2 18 1 3 10 682
2 22 1 1 14 682
2 23 1 6 9 682
2 25 1 1 25 682
2 49 1 7 10 682
2 28 1 7 15 682
2 42 1 6 1 682
2 31 1 2 13 682
3 0 4 1 18 205
3 1 4 5 3 205
3 5 4 3 17 205
3 8 4 2 5 205
3 10 4 2 2 205
3 11 4 6 5 205
3 12 4 1 3 205
3 16 4 5 12 205
3 17 4 2 9 205
3 18 4 3 23 205
3 19 4 5 18 205
3 24 4 1 19 205
3 25 4 1 10 205
3 26 4 1 20 205
3 28 4 7 25 205
3 29 4 2 18 205
3 33 4 3 6 205
3 38 4 5 16 205
3 43 4 1 8 205
3 44 4 1 8 205
3 46 4 4 17 205
3 47 4 1 10 205
3 48 4 3 12 205
3 49 4 7 17 205
4 0 7 1 8 897
4 1 7 5 14 897
4 5 7 3 3 897
4 6 7 4 25 897
4 8 7 2 15 897
4 12 7 1 21 897
4 15 7 3 1 897
4 16 7 5 23 897
4 17 7 2 7 897
4 19 7 5 18 897
4 20 7 5 21 897
4 24 7 1 12 897
4 26 7 1 6 897
4 27 7 7 10 897
4 28 7 7 6 897
4 29 7 2 16 897
4 31 7 2 9 897
4 34 7 7 12 897
4 35 7 7 16 897
4 36 7 1 14 897
4 39 7 6 7 897
4 43 7 1 3 897
4 44 7 1 10 897
4 45 7 1 2 897
4 46 7 4 6 897
4 47 7 1 24 897
4 48 7 3 8 897
4 49 7 7 10 897
5 1 3 5 9 984
5 2 3 1 6 984
5 3 3 4 17 984
5 4 3 7 3 984
5 6 3 4 17 984
5 8 3 2 8 984
5 9 3 3 6 984
5 11 3 6 19 984
5 13 3 6 20 984
5 14 3 3 7 984
5 15 3 3 18 984
5 17 3 2 15 984
5 18 3 3 6 984
5 19 3 5 17 984
5 20 3 5 18 984
5 23 3 6 5 984
5 24 3 1 10 984
5 29 3 2 13 984
5 31 3 2 21 984
5 32 3 3 12 984
5 35 3 7 6 984
5 36 3 1 22 984
5 37 3 5 15 984
5 39 3 6 24 984
5 40 3 2 25 984
5 41 3 7 8 984
5 43 3 1 6 984
5 44 3 1 25 984
5 48 3 3 24 984
6 0 4 1 4 533
6 1 4 5 3 533
6 4 4 7 25 533
6 5 4 3 17 533
6 8 4 2 23 533
6 9 4 3 11 533
6 10 4 2 15 533
6 12 4 1 4 533
6 13 4 6 8 533
6 14 4 3 8 533
6 16 4 5 14 533
6 18 4 3 13 533
6 20 4 5 1 533
6 21 4 3 7 533
6 22 4 1 1 533
6 26 4 1 1 533
6 29 4 2 2 533
6 31 4 2 21 533
6 32 4 3 10 533
6 35 4 7 6 533
6 37 4 5 14 533
6 38 4 5 3 533
6 39 4 6 24 533
6 40 4 2 6 533
6 46 4 4 6 533
6 47 4 1 15 533
6 49 4 7 23 533
7 2 7 1 7 124
7 8 7 2 23 124
7 9 7 3 15 124
7 11 7 6 7 124
7 13 7 6 12 124
7 15 7 3 2 124
7 16 7 5 13 124
7 17 7 2 14 124
7 21 7 3 14 124
7 22 7 1 8 124
7 25 7 1 2 124
7 29 7 2 12 124
7 31 7 2 12 124
7 33 7 3 21 124
7 36 7 1 23 124
7 39 7 6 7 124
7 40 7 2 8 124
7 41 7 7 17 124
7 42 7 6 10 124
7 43 7 1 3 124
7 44 7 1 18 124
7 45 7 1 1 124
7 46 7 4 3 124
7 47 7 1 8 124
7 48 7 3 8 124
8 1 2 5 9 245
8 3 2 4 5 245
8 4 2 7 15 245
8 5 2 3 8 245
8 6 2 4 23 245
8 7 2 7 23 245
8 13 2 6 23 245
8 14 2 3 8 245
8 15 2 3 15 245
8 16 2 5 15 245
8 17 2 2 20 245
8 20 2 5 24 245
8 22 2 1 4 245
8 23 2 6 14 245
8 24 2 1 3 245
8 25 2 1 14 245
8 26 2 1 14 245
8 28 2 7 17 245
8 31 2 2 20 245
8 32 2 3 15 245
8 33 2 3 12 245
8 37 2 5 25 245
8 42 2 6 12 245
8 44 2 1 24 245
8 45 2 1 9 245
8 46 2 4 11 245
8 47 2 1 21 245
9 0 3 1 23 776
9 1 3 5 25 776
9 2 3 1 10 776
9 5 3 3 6 776
9 6 3 4 11 776
9 7 3 7 15 776
9 10 3 2 18 776
9 11 3 6 23 776
9 16 3 5 2 776
9 17 3 2 17 776
9 18 3 3 6 776
9 19 3 5 24 776
9 24 3 1 2 776
9 26 3 1 3 776
9 27 3 7 5 776
9 31 3 2 13 776
9 32 3 3 24 776
9 33 3 3 25 776
9 35 3 7 7 776
9 37 3 5 13 776
9 38 3 5 4 776
9 40 3 2 20 776
9 45 3 1 21 776
9 46 3 4 22 776
9 47 3 1 4 776
9 48 3 3 25 776
9 49 3 7 25 776
10 0 2 1 11 582
10 1 2 5 21 582
10 2 2 1 18 582
10 3 2 4 2 582
10 6 2 4 15 582
10 9 2 3 18 582
10 12 2 1 20 582
10 13 2 6 12 582
10 14 2 3 2 582
10 17 2 2 11 582
10 18 2 3 22 582
10 21 2 3 5 582
10 24 2 1 20 582
10 27 2 7 18 582
10 30 2 6 23 582
10 31 2 2 12 582
10 32 2 3 8 582
10 33 2 3 15 582
10 34 2 7 24 582
10 35 2 7 19 582
10 36 2 1 22 582
10 38 2 5 16 582
10 46 2 4 22 582
11 33 6 3 18 266
11 34 6 7 8 266
11 3 6 4 5 266
11 36 6 1 15 266
11 5 6 3 19 266
11 7 6 7 7 266
11 9 6 3 23 266
11 42 6 6 2 266
11 47 6 1 20 266
11 48 6 3 21 266
11 17 6 2 22 266
11 18 6 3 13 266
11 22 6 1 25 266
11 24 6 1 15 266
11 26 6 1 1 266
11 27 6 7 15 266
11 28 6 7 5 266
11 30 6 6 17 266
11 31 6 2 8 266
12 1 1 5 10 131
12 3 1 4 3 131
12 4 1 7 21 131
12 6 1 4 4 131
12 10 1 2 20 131
12 13 1 6 1 131
12 16 1 5 9 131
12 17 1 2 20 131
12 18 1 3 5 131
12 19 1 5 25 131
12 25 1 1 25 131
12 26 1 1 7 131
12 27 1 7 15 131
12 29 1 2 12 131
12 31 1 2 14 131
12 37 1 5 22 131
12 38 1 5 18 131
12 39 1 6 12 131
12 41 1 7 3 131
12 42 1 6 20 131
12 44 1 1 24 131
12 47 1 1 19 131
12 49 1 7 7 131
13 1 6 5 15 485
13 5 6 3 20 485
13 6 6 4 8 485
13 7 6 7 12 485
13 8 6 2 23 485
13 10 6 2 12 485
13 12 6 1 1 485
13 15 6 3 17 485
13 18 6 3 13 485
13 20 6 5 24 485
13 21 6 3 12 485
13 26 6 1 24 485
13 27 6 7 16 485
13 28 6 7 8 485
13 30 6 6 12 485
13 31 6 2 2 485
13 33 6 3 14 485
13 36 6 1 1 485
13 38 6 5 18 485
13 39 6 6 6 485
13 40 6 2 14 485
13 41 6 7 1 485
13 42 6 6 24 485
13 43 6 1 24 485
13 46 6 4 25 485
13 47 6 1 13 485
13 48 6 3 12 485
14 0 3 1 14 704
14 1 3 5 23 704
14 5 3 3 7 704
14 6 3 4 8 704
14 8 3 2 8 704
14 10 3 2 2 704
14 16 3 5 22 704
14 20 3 5 24 704
14 21 3 3 24 704
14 22 3 1 7 704
14 23 3 6 19 704
14 25 3 1 23 704
14 31 3 2 3 704
14 32 3 3 1 704
14 33 3 3 5 704
14 34 3 7 2 704
14 36 3 1 8 704
14 37 3 5 4 704
14 38 3 5 6 704
14 45 3 1 22 704
14 46 3 4 2 704
14 48 3 3 20 704
15 0 3 1 3 924
15 32 3 3 5 924
15 36 3 1 22 924
15 4 3 7 1 924
15 5 3 3 18 924
15 38 3 5 22 924
15 7 3 7 2 924
15 8 3 2 15 924
15 44 3 1 22 924
15 13 3 6 17 924
15 45 3 1 11 924
15 18 3 3 13 924
15 19 3 5 13 924
15 22 3 1 1 924
15 24 3 1 20 924
15 25 3 1 19 924
15 47 3 1 4 924
15 28 3 7 25 924
15 30 3 6 20 924
15 37 3 5 24 924
16 0 5 1 3 553
16 3 5 4 12 553
16 4 5 7 23 553
16 6 5 4 14 553
16 7 5 7 13 553
16 8 5 2 15 553
16 9 5 3 2 553
16 12 5 1 9 553
16 14 5 3 22 553
16 19 5 5 19 553
16 20 5 5 13 553
16 21 5 3 5 553
16 22 5 1 10 553
16 24 5 1 20 553
16 25 5 1 23 553
16 26 5 1 12 553
16 27 5 7 21 553
16 31 5 2 9 553
16 32 5 3 11 553
16 33 5 3 3 553
16 36 5 1 6 553
16 37 5 5 12 553
16 38 5 5 24 553
16 39 5 6 8 553
16 42 5 6 25 553
16 43 5 1 12 553
16 44 5 1 1 553
16 46 5 4 13 553
16 49 5 7 20 553
17 0 2 1 9 247
17 2 2 1 19 247
17 3 2 4 9 247
17 4 2 7 7 247
17 5 2 3 15 247
17 7 2 7 14 247
17 8 2 2 20 247
17 9 2 3 17 247
17 10 2 2 11 247
17 11 2 6 22 247
17 12 2 1 20 247
17 18 2 3 10 247
17 19 2 5 13 247
17 21 2 3 23 247
17 23 2 6 25 247
17 25 2 1 18 247
17 27 2 7 14 247
17 28 2 7 11 247
17 29 2 2 25 247
17 31 2 2 6 247
17 34 2 7 24 247
17 36 2 1 9 247
17 37 2 5 2 247
17 38 2 5 7 247
17 39 2 6 10 247
17 42 2 6 4 247
17 48 2 3 21 247
17 49 2 7 5 247
18 0 3 1 18 182
18 1 3 5 17 182
18 2 3 1 10 182
18 3 3 4 23 182
18 5 3 3 6 182
18 6 3 4 13 182
18 9 3 3 6 182
18 10 3 2 22 182
18 11 3 6 13 182
18 12 3 1 5 182
18 13 3 6 13 182
18 15 3 3 13 182
18 17 3 2 10 182
18 20 3 5 21 182
18 23 3 6 21 182
18 24 3 1 9 182
18 31 3 2 17 182
18 33 3 3 12 182
18 34 3 7 13 182
18 35 3 7 2 182
18 36 3 1 1 182
18 38 3 5 5 182
18 41 3 7 24 182
18 42 3 6 19 182
18 43 3 1 16 182
18 44 3 1 24 182
18 45 3 1 5 182
18 49 3 7 17 182
19 0 5 1 2 499
19 1 5 5 9 499
19 3 5 4 18 499
19 4 5 7 18 499
19 5 5 3 17 499
19 9 5 3 24 499
19 12 5 1 25 499
19 15 5 3 13 499
19 16 5 5 19 499
19 17 5 2 13 499
19 21 5 3 23 499
19 22 5 1 11 499
19 24 5 1 9 499
19 28 5 7 22 499
19 29 5 2 7 499
19 30 5 6 5 499
19 31 5 2 20 499
19 32 5 3 17 499
19 34 5 7 1 499
19 35 5 7 24 499
19 37 5 5 25 499
19 40 5 2 14 499
19 41 5 7 22 499
19 43 5 1 23 499
19 45 5 1 3 499
19 46 5 4 15 499
19 47 5 1 18 499
20 4 5 7 21 987
20 5 5 3 18 987
20 6 5 4 1 987
20 8 5 2 24 987
20 13 5 6 24 987
20 14 5 3 24 987
20 16 5 5 13 987
20 18 5 3 21 987
20 21 5 3 10 987
20 22 5 1 11 987
20 24 5 1 12 987
20 25 5 1 8 987
20 26 5 1 20 987
20 27 5 7 17 987
20 28 5 7 1 987
20 29 5 2 22 987
20 32 5 3 25 987
20 33 5 3 4 987
20 34 5 7 24 987
20 35 5 7 20 987
20 36 5 1 12 987
20 38 5 5 13 987
20 39 5 6 10 987
20 40 5 2 11 987
20 41 5 7 8 987
20 47 5 1 23 987
21 0 3 1 16 350
21 6 3 4 7 350
21 7 3 7 14 350
21 10 3 2 5 350
21 13 3 6 12 350
21 14 3 3 24 350
21 16 3 5 5 350
21 17 3 2 23 350
21 19 3 5 23 350
21 20 3 5 10 350
21 22 3 1 4 350
21 23 3 6 1 350
21 24 3 1 2 350
21 25 3 1 10 350
21 27 3 7 2 350
21 28 3 7 13 350
21 32 3 3 8 350
21 33 3 3 12 350
21 39 3 6 3 350
21 40 3 2 2 350
21 43 3 1 20 350
21 45 3 1 2 350
21 46 3 4 12 350
21 47 3 1 2 350
21 48 3 3 14 350
22 1 1 5 17 639
22 2 1 1 14 639
22 6 1 4 1 639
22 7 1 7 8 639
22 8 1 2 4 639
22 11 1 6 25 639
22 14 1 3 7 639
22 15 1 3 1 639
22 16 1 5 10 639
22 19 1 5 11 639
22 20 1 5 11 639
22 21 1 3 4 639
22 24 1 1 24 639
22 25 1 1 2 639
22 26 1 1 23 639
22 27 1 7 19 639
22 28 1 7 6 639
22 30 1 6 18 639
22 31 1 2 16 639
22 32 1 3 4 639
22 35 1 7 22 639
22 37 1 5 10 639
22 38 1 5 17 639
22 39 1 6 18 639
22 40 1 2 6 639
22 41 1 7 23 639
22 47 1 1 24 639
22 48 1 3 2 639
22 49 1 7 12 639
23 33 6 3 24 258
23 2 6 1 9 258
23 35 6 7 20 258
23 36 6 1 7 258
23 5 6 3 5 258
23 39 6 6 25 258
23 8 6 2 14 258
23 41 6 7 22 258
23 44 6 1 17 258
23 34 6 7 2 258
23 14 6 3 19 258
23 17 6 2 25 258
23 18 6 3 21 258
23 21 6 3 1 258
23 30 6 6 23 258
23 31 6 2 1 258
24 3 1 4 19 925
24 4 1 7 12 925
24 5 1 3 10 925
24 8 1 2 3 925
24 9 1 3 2 925
24 10 1 2 20 925
24 11 1 6 15 925
24 15 1 3 20 925
24 16 1 5 20 925
24 18 1 3 9 925
24 19 1 5 9 925
24 20 1 5 12 925
24 21 1 3 2 925
24 22 1 1 24 925
24 25 1 1 15 925
24 27 1 7 10 925
24 28 1 7 7 925
24 29 1 2 13 925
24 30 1 6 13 925
24 33 1 3 11 925
24 37 1 5 21 925
24 40 1 2 9 925
24 41 1 7 9 925
24 42 1 6 4 925
24 43 1 1 21 925
25 0 1 1 7 96
25 2 1 1 25 96
25 3 1 4 10 96
25 7 1 7 2 96
25 8 1 2 14 96
25 12 1 1 25 96
25 14 1 3 23 96
25 15 1 3 19 96
25 16 1 5 23 96
25 17 1 2 18 96
25 20 1 5 8 96
25 21 1 3 10 96
25 22 1 1 2 96
25 24 1 1 15 96
25 27 1 7 23 96
25 28 1 7 13 96
25 29 1 2 20 96
25 30 1 6 10 96
25 33 1 3 9 96
25 34 1 7 3 96
25 35 1 7 18 96
25 39 1 6 17 96
25 40 1 2 5 96
25 41 1 7 4 96
25 42 1 6 13 96
25 44 1 1 12 96
25 45 1 1 13 96
25 46 1 4 8 96
25 47 1 1 4 96
25 49 1 7 10 96
26 3 1 4 20 333
26 4 1 7 6 333
26 6 1 4 1 333
26 8 1 2 14 333
26 9 1 3 3 333
26 11 1 6 1 333
26 12 1 1 7 333
26 13 1 6 24 333
26 16 1 5 12 333
26 20 1 5 20 333
26 22 1 1 23 333
26 27 1 7 5 333
26 28 1 7 14 333
26 31 1 2 24 333
26 32 1 3 14 333
26 33 1 3 6 333
26 38 1 5 11 333
26 40 1 2 18 333
26 43 1 1 13 333
26 46 1 4 10 333
26 47 1 1 9 333
26 49 1 7 8 333
27 1 7 5 14 638
27 4 7 7 10 638
27 9 7 3 5 638
27 10 7 2 18 638
27 11 7 6 15 638
27 12 7 1 15 638
27 13 7 6 16 638
27 16 7 5 21 638
27 17 7 2 14 638
27 20 7 5 17 638
27 21 7 3 2 638
27 22 7 1 19 638
27 24 7 1 10 638
27 25 7 1 23 638
27 26 7 1 5 638
27 28 7 7 4 638
27 29 7 2 8 638
27 30 7 6 24 638
27 32 7 3 1 638
27 34 7 7 25 638
27 42 7 6 6 638
27 46 7 4 1 638
27 48 7 3 19 638
27 49 7 7 18 638
28 2 7 1 15 134
28 3 7 4 25 134
28 4 7 7 6 134
28 8 7 2 17 134
28 11 7 6 5 134
28 13 7 6 8 134
28 15 7 3 25 134
28 17 7 2 11 134
28 19 7 5 22 134
28 20 7 5 1 134
28 21 7 3 13 134
28 22 7 1 6 134
28 24 7 1 7 134
28 25 7 1 13 134
28 26 7 1 14 134
28 27 7 7 4 134
28 29 7 2 5 134
28 31 7 2 25 134
28 34 7 7 10 134
28 36 7 1 19 134
28 38 7 5 8 134
28 39 7 6 24 134
28 41 7 7 3 134
28 42 7 6 12 134
28 43 7 1 7 134
28 45 7 1 4 134
28 46 7 4 19 134
29 3 2 4 18 61
29 4 2 7 16 61
29 5 2 3 13 61
29 6 2 4 2 61
29 7 2 7 12 61
29 12 2 1 12 61
29 17 2 2 25 61
29 19 2 5 7 61
29 20 2 5 22 61
29 24 2 1 13 61
29 25 2 1 20 61
29 27 2 7 8 61
29 28 2 7 5 61
29 30 2 6 11 61
29 31 2 2 25 61
29 32 2 3 22 61
29 38 2 5 14 61
29 40 2 2 17 61
29 45 2 1 12 61
29 46 2 4 16 61
29 47 2 1 13 61
29 49 2 7 16 61
30 1 6 5 11 66
30 10 6 2 23 66
30 11 6 6 17 66
30 13 6 6 12 66
30 15 6 3 20 66
30 19 6 5 5 66
30 22 6 1 18 66
30 23 6 6 23 66
30 24 6 1 13 66
30 25 6 1 10 66
30 27 6 7 24 66
30 29 6 2 11 66
30 31 6 2 4 66
30 33 6 3 15 66
30 34 6 7 11 66
30 35 6 7 25 66
30 38 6 5 16 66
30 40 6 2 5 66
30 42 6 6 4 66
30 43 6 1 1 66
30 44 6 1 23 66
30 46 6 4 2 66
31 2 2 1 13 518
31 4 2 7 9 518
31 5 2 3 21 518
31 6 2 4 21 518
31 7 2 7 12 518
31 8 2 2 20 518
31 9 2 3 13 518
31 10 2 2 12 518
31 11 2 6 8 518
31 12 2 1 14 518
31 13 2 6 2 518
31 14 2 3 3 518
31 16 2 5 9 518
31 17 2 2 6 518
31 18 2 3 17 518
31 19 2 5 20 518
31 22 2 1 16 518
31 23 2 6 1 518
31 26 2 1 24 518
31 28 2 7 25 518
31 29 2 2 25 518
31 30 2 6 4 518
31 33 2 3 4 518
31 34 2 7 19 518
31 38 2 5 21 518
31 39 2 6 25 518
31 41 2 7 18 518
31 43 2 1 5 518
31 44 2 1 19 518
31 45 2 1 13 518
31 48 2 3 20 518
32 5 3 3 12 348
32 6 3 4 10 348
32 8 3 2 15 348
32 9 3 3 24 348
32 10 3 2 8 348
32 14 3 3 1 348
32 15 3 3 5 348
32 16 3 5 11 348
32 19 3 5 17 348
32 20 3 5 25 348
32 21 3 3 8 348
32 22 3 1 4 348
32 26 3 1 14 348
32 27 3 7 1 348
32 29 3 2 22 348
32 33 3 3 7 348
32 34 3 7 1 348
32 39 3 6 17 348
32 40 3 2 7 348
32 43 3 1 10 348
32 45 3 1 8 348
32 46 3 4 17 348
32 47 3 1 15 348
32 49 3 7 3 348
33 0 3 1 5 280
33 3 3 4 6 280
33 7 3 7 21 280
33 8 3 2 12 280
33 9 3 3 25 280
33 10 3 2 15 280
33 11 3 6 18 280
33 13 3 6 14 280
33 14 3 3 5 280
33 16 3 5 3 280
33 18 3 3 12 280
33 20 3 5 4 280
33 21 3 3 12 280
33 23 3 6 24 280
33 24 3 1 11 280
33 25 3 1 9 280
33 26 3 1 6 280
33 30 3 6 15 280
33 31 3 2 4 280
33 32 3 3 7 280
33 34 3 7 13 280
33 36 3 1 6 280
33 37 3 5 3 280
33 39 3 6 14 280
33 42 3 6 17 280
33 45 3 1 19 280
33 46 3 4 8 280
33 48 3 3 10 280
34 32 7 3 1 384
34 33 7 3 13 384
34 35 7 7 25 384
34 4 7 7 12 384
34 38 7 5 24 384
34 40 7 2 19 384
34 10 7 2 24 384
34 11 7 6 8 384
34 44 7 1 15 384
34 14 7 3 2 384
34 17 7 2 24 384
34 18 7 3 13 384
34 19 7 5 1 384
34 20 7 5 24 384
34 23 7 6 2 384
34 25 7 1 3 384
34 27 7 7 25 384
34 28 7 7 10 384
34 30 7 6 11 384
34 31 7 2 19 384
35 2 7 1 10 72
35 4 7 7 16 72
35 5 7 3 6 72
35 6 7 4 6 72
35 40 7 2 19 72
35 9 7 3 7 72
35 10 7 2 19 72
35 23 7 6 20 72
35 44 7 1 5 72
35 34 7 7 25 72
35 47 7 1 25 72
35 18 7 3 2 72
35 19 7 5 24 72
35 20 7 5 20 72
35 22 7 1 22 72
35 41 7 7 25 72
35 25 7 1 18 72
35 38 7 5 10 72
35 30 7 6 25 72
36 0 1 1 6 232
36 33 1 3 6 232
36 4 1 7 14 232
36 5 1 3 22 232
36 38 1 5 17 232
36 7 1 7 23 232
36 10 1 2 22 232
36 11 1 6 15 232
36 44 1 1 15 232
36 13 1 6 1 232
36 14 1 3 8 232
36 15 1 3 22 232
36 16 1 5 6 232
36 17 1 2 9 232
36 18 1 3 1 232
36 20 1 5 12 232
36 23 1 6 7 232
36 49 1 7 4 232
36 28 1 7 19 232
36 42 1 6 18 232
37 5 5 3 15 952
37 6 5 4 14 952
37 8 5 2 25 952
37 9 5 3 13 952
37 12 5 1 22 952
37 14 5 3 4 952
37 15 5 3 24 952
37 16 5 5 12 952
37 17 5 2 2 952
37 19 5 5 25 952
37 22 5 1 10 952
37 24 5 1 21 952
37 33 5 3 3 952
37 39 5 6 13 952
37 40 5 2 3 952
37 41 5 7 1 952
37 42 5 6 10 952
37 43 5 1 14 952
37 44 5 1 16 952
37 46 5 4 1 952
37 48 5 3 12 952
37 49 5 7 18 952
38 0 5 1 25 845
38 1 5 5 20 845
38 2 5 1 25 845
38 3 5 4 16 845
38 6 5 4 3 845
38 9 5 3 4 845
38 10 5 2 16 845
38 12 5 1 18 845
38 13 5 6 18 845
38 14 5 3 6 845
38 15 5 3 22 845
38 16 5 5 24 845
38 17 5 2 7 845
38 18 5 3 5 845
38 20 5 5 13 845
38 22 5 1 17 845
38 26 5 1 11 845
38 28 5 7 8 845
38 29 5 2 14 845
38 30 5 6 16 845
38 31 5 2 21 845
38 34 5 7 24 845
38 35 5 7 10 845
38 36 5 1 17 845
38 39 5 6 7 845
38 41 5 7 3 845
38 42 5 6 7 845
38 43 5 1 17 845
38 44 5 1 16 845
38 47 5 1 13 845
38 48 5 3 15 845
39 0 6 1 18 573
39 1 6 5 8 573
39 2 6 1 11 573
39 4 6 7 7 573
39 5 6 3 24 573
39 6 6 4 24 573
39 7 6 7 7 573
39 12 6 1 12 573
39 13 6 6 6 573
39 16 6 5 8 573
39 17 6 2 10 573
39 20 6 5 10 573
39 21 6 3 3 573
39 22 6 1 18 573
39 23 6 6 25 573
39 25 6 1 17 573
39 28 6 7 24 573
39 31 6 2 25 573
39 32 6 3 17 573
39 33 6 3 14 573
39 37 6 5 13 573
39 38 6 5 7 573
39 40 6 2 25 573
39 43 6 1 13 573
39 47 6 1 8 573
40 0 2 1 1 486
40 1 2 5 20 486
40 2 2 1 14 486
40 5 2 3 25 486
40 6 2 4 6 486
40 7 2 7 8 486
40 9 2 3 20 486
40 13 2 6 14 486
40 19 2 5 14 486
40 20 2 5 11 486
40 21 2 3 2 486
40 22 2 1 6 486
40 24 2 1 9 486
40 25 2 1 5 486
40 26 2 1 18 486
40 29 2 2 17 486
40 30 2 6 5 486
40 32 2 3 7 486
40 34 2 7 19 486
40 35 2 7 19 486
40 37 2 5 3 486
40 39 2 6 25 486
40 41 2 7 3 486
40 42 2 6 10 486
40 44 2 1 14 486
40 45 2 1 3 486
40 47 2 1 11 486
40 48 2 3 7 486
40 49 2 7 15 486
41 1 7 5 11 495
41 5 7 3 8 495
41 7 7 7 17 495
41 12 7 1 3 495
41 13 7 6 1 495
41 18 7 3 24 495
41 19 7 5 22 495
41 20 7 5 8 495
41 22 7 1 23 495
41 23 7 6 22 495
41 24 7 1 9 495
41 25 7 1 4 495
41 28 7 7 3 495
41 31 7 2 18 495
41 35 7 7 25 495
41 37 7 5 1 495
41 38 7 5 3 495
41 40 7 2 3 495
41 42 7 6 24 495
41 43 7 1 8 495
41 44 7 1 25 495
41 48 7 3 22 495
41 49 7 7 9 495
42 0 6 1 25 836
42 2 6 1 1 836
42 7 6 7 10 836
42 8 6 2 12 836
42 11 6 6 2 836
42 12 6 1 20 836
42 13 6 6 24 836
42 16 6 5 25 836
42 17 6 2 4 836
42 18 6 3 19 836
42 24 6 1 4 836
42 25 6 1 13 836
42 27 6 7 6 836
42 28 6 7 12 836
42 30 6 6 4 836
42 33 6 3 17 836
42 36 6 1 18 836
42 37 6 5 10 836
42 38 6 5 7 836
42 40 6 2 10 836
42 41 6 7 24 836
42 46 6 4 15 836
43 1 1 5 7 811
43 3 1 4 8 811
43 4 1 7 3 811
43 5 1 3 6 811
43 7 1 7 3 811
43 13 1 6 24 811
43 16 1 5 12 811
43 18 1 3 16 811
43 19 1 5 23 811
43 21 1 3 20 811
43 24 1 1 21 811
43 26 1 1 13 811
43 28 1 7 7 811
43 30 1 6 1 811
43 31 1 2 5 811
43 32 1 3 10 811
43 37 1 5 14 811
43 38 1 5 17 811
43 39 1 6 13 811
43 41 1 7 8 811
43 44 1 1 18 811
43 47 1 1 10 811
43 48 1 3 9 811
43 49 1 7 9 811
44 2 1 1 8 596
44 3 1 4 8 596
44 4 1 7 10 596
44 5 1 3 25 596
44 7 1 7 18 596
44 8 1 2 24 596
44 12 1 1 24 596
44 15 1 3 22 596
44 16 1 5 1 596
44 18 1 3 24 596
44 23 1 6 17 596
44 25 1 1 12 596
44 30 1 6 23 596
44 31 1 2 19 596
44 34 1 7 15 596
44 35 1 7 5 596
44 36 1 1 15 596
44 37 1 5 16 596
44 38 1 5 16 596
44 40 1 2 14 596
44 41 1 7 25 596
44 43 1 1 18 596
44 46 1 4 1 596
44 48 1 3 15 596
44 49 1 7 19 596
45 32 1 3 8 447
45 1 1 5 20 447
45 4 1 7 2 447
45 33 1 3 19 447
45 7 1 7 1 447
45 8 1 2 9 447
45 9 1 3 21 447
45 31 1 2 13 447
45 46 1 4 25 447
45 15 1 3 11 447
45 40 1 2 3 447
45 18 1 3 5 447
45 19 1 5 3 447
45 14 1 3 22 447
45 25 1 1 13 447
45 49 1 7 4 447
45 47 1 1 1 447
45 28 1 7 4 447
45 29 1 2 12 447
45 21 1 3 2 447
46 2 4 1 15 767
46 3 4 4 17 767
46 4 4 7 6 767
46 6 4 4 6 767
46 7 4 7 3 767
46 8 4 2 11 767
46 9 4 3 22 767
46 10 4 2 22 767
46 13 4 6 25 767
46 14 4 3 2 767
46 16 4 5 13 767
46 19 4 5 15 767
46 21 4 3 12 767
46 25 4 1 8 767
46 26 4 1 10 767
46 27 4 7 1 767
46 28 4 7 19 767
46 29 4 2 16 767
46 30 4 6 2 767
46 32 4 3 17 767
46 33 4 3 8 767
46 37 4 5 1 767
46 42 4 6 15 767
46 44 4 1 1 767
46 45 4 1 25 767
46 47 4 1 12 767
46 48 4 3 11 767
47 3 1 4 10 389
47 4 1 7 24 389
47 6 1 4 15 389
47 7 1 7 8 389
47 8 1 2 21 389
47 9 1 3 4 389
47 11 1 6 20 389
47 12 1 1 19 389
47 13 1 6 13 389
47 15 1 3 4 389
47 19 1 5 18 389
47 20 1 5 23 389
47 21 1 3 2 389
47 22 1 1 24 389
47 25 1 1 4 389
47 26 1 1 9 389
47 29 1 2 13 389
47 32 1 3 15 389
47 35 1 7 25 389
47 38 1 5 13 389
47 39 1 6 8 389
47 40 1 2 11 389
47 43 1 1 10 389
47 45 1 1 1 389
47 46 1 4 12 389
47 48 1 3 14 389
48 1 3 5 8 253
48 2 3 1 11 253
48 3 3 4 12 253
48 4 3 7 8 253
48 5 3 3 24 253
48 7 3 7 8 253
48 9 3 3 25 253
48 11 3 6 21 253
48 13 3 6 12 253
48 14 3 3 20 253
48 17 3 2 21 253
48 21 3 3 14 253
48 22 3 1 2 253
48 27 3 7 19 253
48 31 3 2 20 253
48 33 3 3 10 253
48 37 3 5 12 253
48 38 3 5 15 253
48 40 3 2 7 253
48 41 3 7 22 253
48 43 3 1 9 253
48 44 3 1 15 253
48 46 3 4 11 253
48 47 3 1 14 253
48 49 3 7 3 253
49 0 7 1 6 251
49 1 7 5 12 251
49 2 7 1 10 251
49 3 7 4 17 251
49 4 7 7 10 251
49 6 7 4 23 251
49 9 7 3 25 251
49 12 7 1 7 251
49 16 7 5 20 251
49 17 7 2 5 251
49 18 7 3 17 251
49 22 7 1 12 251
49 25 7 1 10 251
49 26 7 1 8 251
49 27 7 7 18 251
49 29 7 2 16 251
49 32 7 3 3 251
49 36 7 1 4 251
49 37 7 5 18 251
49 40 7 2 15 251
49 41 7 7 9 251
49 43 7 1 9 251
49 44 7 1 19 251
49 45 7 1 4 251
49 48 7 3 3 251
