capacity  cost_by_node
nb_functions 8
17 33 89 40 43 64 17 38 82 58 23 61 36 51 57 92 86 100 66 32 49 47 51 73 87 78 81 59 86 75 76 82 61 25 74 72 51 71 43 19 50 21 97 38 26 18 56 32 37 26 32 
17 68 15 98 95 38 58 95 14 44 32 92 22 93 90 95 33 89 86 79 13 18 16 57 42 60 61 25 49 63 68 74 54 79 31 97 24 57 69 31 54 43 39 89 87 27 41 35 72 21 62 
18 97 77 17 51 61 67 20 83 13 83 19 43 89 73 65 56 39 44 40 52 41 37 95 81 98 29 38 96 28 26 29 25 67 78 80 91 82 92 59 93 42 46 88 74 26 10 36 83 95 51 
19 68 92 80 10 12 57 28 56 28 47 92 56 87 32 59 43 21 45 30 58 38 60 80 24 57 20 27 49 39 51 28 53 28 17 36 25 34 16 94 21 39 93 31 29 93 29 47 84 81 43 
14 97 66 13 100 75 49 39 85 66 50 35 60 46 44 87 54 24 58 56 34 62 97 95 36 44 30 69 23 81 20 30 47 89 53 27 74 70 23 51 30 22 99 100 75 53 95 40 90 57 23 
18 31 87 88 77 13 15 31 79 67 13 69 39 35 82 26 62 73 52 12 44 13 15 20 60 20 32 33 49 20 24 40 40 35 14 40 91 26 17 50 27 23 64 73 56 29 70 83 63 49 59 
24 37 42 41 36 26 19 64 81 67 48 22 47 37 62 45 96 44 94 39 81 13 75 14 43 11 92 73 75 48 46 66 11 75 51 38 13 29 42 86 83 66 50 22 14 69 48 51 66 26 52 
16 35 66 30 97 90 42 25 18 90 78 81 81 79 93 69 87 60 36 50 33 32 44 12 45 69 44 92 28 87 62 83 44 87 97 10 93 85 17 38 20 98 94 89 87 14 21 31 32 30 83 
