Node_1 Node_2 Capacity_node1 Capacity_node2 Latency_arc node_cost
nb_nodes 50
nb_arcs 2190
0 1 3 4 17 836
0 2 3 1 3 836
0 3 3 4 13 836
0 4 3 5 11 836
0 8 3 2 25 836
0 9 3 2 18 836
0 11 3 5 8 836
0 12 3 5 8 836
0 13 3 2 25 836
0 14 3 3 7 836
0 15 3 3 20 836
0 17 3 1 6 836
0 19 3 3 22 836
0 20 3 1 11 836
0 21 3 2 25 836
0 23 3 2 21 836
0 24 3 5 15 836
0 26 3 4 23 836
0 27 3 1 14 836
0 28 3 2 12 836
0 29 3 2 17 836
0 30 3 2 13 836
0 31 3 4 2 836
0 32 3 4 8 836
0 33 3 1 13 836
0 34 3 1 9 836
0 35 3 5 24 836
0 36 3 4 1 836
0 37 3 3 22 836
0 38 3 1 4 836
0 39 3 2 5 836
0 40 3 2 23 836
0 41 3 3 14 836
0 42 3 2 22 836
0 43 3 3 3 836
0 44 3 4 18 836
0 45 3 1 7 836
0 46 3 1 24 836
0 47 3 1 11 836
0 48 3 1 17 836
0 49 3 2 4 836
1 0 4 3 17 893
1 2 4 1 10 893
1 3 4 4 10 893
1 4 4 5 4 893
1 5 4 2 20 893
1 7 4 1 20 893
1 8 4 2 17 893
1 9 4 2 17 893
1 10 4 5 13 893
1 11 4 5 25 893
1 12 4 5 16 893
1 13 4 2 19 893
1 14 4 3 7 893
1 15 4 3 3 893
1 17 4 1 4 893
1 18 4 3 8 893
1 19 4 3 9 893
1 20 4 1 22 893
1 21 4 2 7 893
1 22 4 4 4 893
1 23 4 2 4 893
1 24 4 5 8 893
1 25 4 3 21 893
1 26 4 4 17 893
1 27 4 1 18 893
1 28 4 2 14 893
1 29 4 2 18 893
1 31 4 4 16 893
1 32 4 4 12 893
1 33 4 1 21 893
1 34 4 1 19 893
1 35 4 5 7 893
1 36 4 4 11 893
1 37 4 3 10 893
1 38 4 1 15 893
1 39 4 2 5 893
1 40 4 2 8 893
1 41 4 3 7 893
1 42 4 2 10 893
1 43 4 3 21 893
1 45 4 1 21 893
1 46 4 1 11 893
1 47 4 1 4 893
1 48 4 1 12 893
1 49 4 2 10 893
2 0 1 3 3 444
2 1 1 4 10 444
2 3 1 4 16 444
2 4 1 5 4 444
2 6 1 3 4 444
2 7 1 1 10 444
2 8 1 2 8 444
2 9 1 2 13 444
2 10 1 5 24 444
2 11 1 5 23 444
2 12 1 5 19 444
2 13 1 2 15 444
2 14 1 3 3 444
2 15 1 3 20 444
2 16 1 5 20 444
2 17 1 1 9 444
2 18 1 3 10 444
2 19 1 3 20 444
2 20 1 1 10 444
2 21 1 2 14 444
2 22 1 4 11 444
2 23 1 2 15 444
2 24 1 5 2 444
2 25 1 3 11 444
2 26 1 4 24 444
2 27 1 1 8 444
2 28 1 2 10 444
2 29 1 2 12 444
2 31 1 4 15 444
2 32 1 4 14 444
2 33 1 1 18 444
2 35 1 5 18 444
2 36 1 4 19 444
2 38 1 1 16 444
2 40 1 2 13 444
2 41 1 3 4 444
2 42 1 2 22 444
2 43 1 3 6 444
2 44 1 4 18 444
2 45 1 1 2 444
2 46 1 1 15 444
2 47 1 1 21 444
2 48 1 1 19 444
2 49 1 2 17 444
3 0 4 3 13 86
3 1 4 4 10 86
3 2 4 1 16 86
3 4 4 5 13 86
3 5 4 2 23 86
3 6 4 3 3 86
3 7 4 1 5 86
3 9 4 2 24 86
3 10 4 5 15 86
3 12 4 5 2 86
3 13 4 2 11 86
3 14 4 3 23 86
3 15 4 3 20 86
3 17 4 1 3 86
3 18 4 3 14 86
3 20 4 1 19 86
3 21 4 2 17 86
3 22 4 4 2 86
3 23 4 2 17 86
3 24 4 5 21 86
3 25 4 3 5 86
3 28 4 2 15 86
3 29 4 2 3 86
3 30 4 2 20 86
3 31 4 4 17 86
3 32 4 4 15 86
3 33 4 1 16 86
3 34 4 1 21 86
3 36 4 4 5 86
3 37 4 3 11 86
3 38 4 1 1 86
3 39 4 2 25 86
3 40 4 2 12 86
3 41 4 3 23 86
3 42 4 2 25 86
3 43 4 3 5 86
3 44 4 4 24 86
3 45 4 1 2 86
3 46 4 1 11 86
3 48 4 1 24 86
3 49 4 2 13 86
4 0 5 3 11 243
4 1 5 4 4 243
4 2 5 1 4 243
4 3 5 4 13 243
4 5 5 2 11 243
4 6 5 3 5 243
4 7 5 1 10 243
4 8 5 2 21 243
4 9 5 2 14 243
4 10 5 5 16 243
4 11 5 5 12 243
4 12 5 5 16 243
4 14 5 3 1 243
4 15 5 3 11 243
4 16 5 5 24 243
4 18 5 3 2 243
4 20 5 1 18 243
4 22 5 4 17 243
4 23 5 2 16 243
4 24 5 5 22 243
4 25 5 3 21 243
4 26 5 4 25 243
4 27 5 1 1 243
4 28 5 2 18 243
4 29 5 2 20 243
4 30 5 2 5 243
4 31 5 4 19 243
4 32 5 4 4 243
4 33 5 1 18 243
4 34 5 1 22 243
4 35 5 5 11 243
4 36 5 4 10 243
4 37 5 3 24 243
4 38 5 1 9 243
4 39 5 2 2 243
4 40 5 2 3 243
4 41 5 3 23 243
4 42 5 2 7 243
4 43 5 3 18 243
4 44 5 4 23 243
4 45 5 1 12 243
4 47 5 1 7 243
4 48 5 1 19 243
5 1 2 4 20 767
5 3 2 4 23 767
5 4 2 5 11 767
5 6 2 3 25 767
5 7 2 1 7 767
5 8 2 2 17 767
5 9 2 2 17 767
5 10 2 5 13 767
5 12 2 5 9 767
5 13 2 2 25 767
5 14 2 3 16 767
5 15 2 3 11 767
5 17 2 1 17 767
5 18 2 3 1 767
5 19 2 3 22 767
5 20 2 1 1 767
5 21 2 2 8 767
5 22 2 4 16 767
5 23 2 2 15 767
5 26 2 4 2 767
5 27 2 1 3 767
5 28 2 2 17 767
5 29 2 2 9 767
5 30 2 2 23 767
5 31 2 4 16 767
5 32 2 4 25 767
5 34 2 1 22 767
5 35 2 5 4 767
5 36 2 4 9 767
5 37 2 3 15 767
5 38 2 1 8 767
5 39 2 2 19 767
5 40 2 2 22 767
5 41 2 3 11 767
5 42 2 2 18 767
5 43 2 3 10 767
5 44 2 4 25 767
5 45 2 1 7 767
5 46 2 1 9 767
5 48 2 1 21 767
5 49 2 2 8 767
6 2 3 1 4 883
6 3 3 4 3 883
6 4 3 5 5 883
6 5 3 2 25 883
6 7 3 1 19 883
6 8 3 2 14 883
6 9 3 2 22 883
6 10 3 5 16 883
6 11 3 5 24 883
6 12 3 5 11 883
6 13 3 2 13 883
6 14 3 3 25 883
6 15 3 3 19 883
6 17 3 1 19 883
6 18 3 3 23 883
6 19 3 3 7 883
6 20 3 1 10 883
6 21 3 2 4 883
6 22 3 4 16 883
6 23 3 2 24 883
6 24 3 5 13 883
6 25 3 3 25 883
6 26 3 4 18 883
6 28 3 2 2 883
6 29 3 2 25 883
6 31 3 4 7 883
6 32 3 4 22 883
6 33 3 1 9 883
6 34 3 1 15 883
6 37 3 3 5 883
6 38 3 1 20 883
6 39 3 2 10 883
6 41 3 3 15 883
6 42 3 2 5 883
6 43 3 3 12 883
6 44 3 4 20 883
6 45 3 1 22 883
6 46 3 1 20 883
6 47 3 1 4 883
6 48 3 1 12 883
6 49 3 2 19 883
7 1 1 4 20 731
7 2 1 1 10 731
7 3 1 4 5 731
7 4 1 5 10 731
7 5 1 2 7 731
7 6 1 3 19 731
7 8 1 2 1 731
7 9 1 2 7 731
7 10 1 5 5 731
7 11 1 5 18 731
7 12 1 5 3 731
7 13 1 2 16 731
7 14 1 3 16 731
7 15 1 3 11 731
7 16 1 5 3 731
7 17 1 1 13 731
7 19 1 3 3 731
7 20 1 1 12 731
7 21 1 2 12 731
7 22 1 4 14 731
7 23 1 2 20 731
7 24 1 5 21 731
7 25 1 3 12 731
7 28 1 2 11 731
7 29 1 2 1 731
7 30 1 2 9 731
7 31 1 4 14 731
7 32 1 4 17 731
7 33 1 1 14 731
7 34 1 1 1 731
7 35 1 5 11 731
7 36 1 4 24 731
7 38 1 1 11 731
7 39 1 2 14 731
7 40 1 2 8 731
7 41 1 3 23 731
7 42 1 2 19 731
7 43 1 3 14 731
7 44 1 4 10 731
7 46 1 1 11 731
7 47 1 1 5 731
7 48 1 1 16 731
7 49 1 2 22 731
8 0 2 3 25 455
8 1 2 4 17 455
8 2 2 1 8 455
8 4 2 5 21 455
8 5 2 2 17 455
8 6 2 3 14 455
8 7 2 1 1 455
8 9 2 2 9 455
8 10 2 5 15 455
8 11 2 5 13 455
8 12 2 5 22 455
8 13 2 2 13 455
8 14 2 3 9 455
8 17 2 1 12 455
8 18 2 3 3 455
8 19 2 3 21 455
8 20 2 1 10 455
8 22 2 4 9 455
8 23 2 2 18 455
8 24 2 5 21 455
8 25 2 3 15 455
8 26 2 4 8 455
8 29 2 2 25 455
8 30 2 2 25 455
8 31 2 4 7 455
8 32 2 4 8 455
8 34 2 1 12 455
8 35 2 5 9 455
8 36 2 4 7 455
8 37 2 3 25 455
8 38 2 1 24 455
8 39 2 2 9 455
8 40 2 2 9 455
8 42 2 2 1 455
8 43 2 3 3 455
8 44 2 4 24 455
8 45 2 1 14 455
8 46 2 1 7 455
8 47 2 1 6 455
8 48 2 1 1 455
8 49 2 2 15 455
9 0 2 3 18 500
9 1 2 4 17 500
9 2 2 1 13 500
9 3 2 4 24 500
9 4 2 5 14 500
9 5 2 2 17 500
9 6 2 3 22 500
9 7 2 1 7 500
9 8 2 2 9 500
9 10 2 5 5 500
9 11 2 5 12 500
9 12 2 5 10 500
9 14 2 3 5 500
9 15 2 3 23 500
9 16 2 5 6 500
9 17 2 1 3 500
9 18 2 3 21 500
9 19 2 3 24 500
9 20 2 1 4 500
9 21 2 2 8 500
9 22 2 4 7 500
9 23 2 2 8 500
9 24 2 5 14 500
9 25 2 3 4 500
9 26 2 4 18 500
9 27 2 1 23 500
9 30 2 2 16 500
9 31 2 4 23 500
9 32 2 4 25 500
9 33 2 1 21 500
9 34 2 1 17 500
9 35 2 5 14 500
9 36 2 4 20 500
9 37 2 3 5 500
9 38 2 1 12 500
9 39 2 2 10 500
9 40 2 2 25 500
9 41 2 3 17 500
9 42 2 2 24 500
9 43 2 3 19 500
9 44 2 4 5 500
9 45 2 1 21 500
9 46 2 1 12 500
9 48 2 1 13 500
9 49 2 2 1 500
10 1 5 4 13 877
10 2 5 1 24 877
10 3 5 4 15 877
10 4 5 5 16 877
10 5 5 2 13 877
10 6 5 3 16 877
10 7 5 1 5 877
10 8 5 2 15 877
10 9 5 2 5 877
10 11 5 5 4 877
10 12 5 5 22 877
10 13 5 2 15 877
10 14 5 3 24 877
10 15 5 3 16 877
10 16 5 5 3 877
10 17 5 1 1 877
10 18 5 3 22 877
10 19 5 3 3 877
10 20 5 1 6 877
10 21 5 2 25 877
10 22 5 4 15 877
10 24 5 5 20 877
10 25 5 3 11 877
10 26 5 4 15 877
10 27 5 1 21 877
10 29 5 2 4 877
10 30 5 2 24 877
10 32 5 4 18 877
10 33 5 1 16 877
10 34 5 1 17 877
10 35 5 5 12 877
10 36 5 4 17 877
10 37 5 3 15 877
10 38 5 1 9 877
10 39 5 2 14 877
10 40 5 2 14 877
10 41 5 3 13 877
10 42 5 2 23 877
10 43 5 3 21 877
10 44 5 4 18 877
10 45 5 1 7 877
10 46 5 1 22 877
10 47 5 1 11 877
10 48 5 1 1 877
10 49 5 2 13 877
11 0 5 3 8 608
11 1 5 4 25 608
11 2 5 1 23 608
11 4 5 5 12 608
11 6 5 3 24 608
11 7 5 1 18 608
11 8 5 2 13 608
11 9 5 2 12 608
11 10 5 5 4 608
11 12 5 5 24 608
11 13 5 2 1 608
11 14 5 3 20 608
11 15 5 3 3 608
11 16 5 5 23 608
11 17 5 1 9 608
11 18 5 3 2 608
11 19 5 3 23 608
11 20 5 1 7 608
11 21 5 2 21 608
11 22 5 4 23 608
11 23 5 2 18 608
11 24 5 5 10 608
11 25 5 3 19 608
11 26 5 4 22 608
11 27 5 1 8 608
11 28 5 2 4 608
11 29 5 2 15 608
11 30 5 2 17 608
11 31 5 4 23 608
11 32 5 4 8 608
11 34 5 1 12 608
11 35 5 5 7 608
11 36 5 4 19 608
11 37 5 3 9 608
11 38 5 1 8 608
11 39 5 2 22 608
11 40 5 2 5 608
11 41 5 3 12 608
11 42 5 2 17 608
11 43 5 3 22 608
11 44 5 4 21 608
11 45 5 1 22 608
11 46 5 1 21 608
11 47 5 1 4 608
11 48 5 1 19 608
11 49 5 2 3 608
12 0 5 3 8 766
12 1 5 4 16 766
12 2 5 1 19 766
12 3 5 4 2 766
12 4 5 5 16 766
12 5 5 2 9 766
12 6 5 3 11 766
12 7 5 1 3 766
12 8 5 2 22 766
12 9 5 2 10 766
12 10 5 5 22 766
12 11 5 5 24 766
12 13 5 2 10 766
12 14 5 3 9 766
12 15 5 3 12 766
12 16 5 5 4 766
12 17 5 1 17 766
12 18 5 3 20 766
12 19 5 3 2 766
12 20 5 1 2 766
12 21 5 2 3 766
12 22 5 4 22 766
12 23 5 2 22 766
12 24 5 5 1 766
12 25 5 3 15 766
12 27 5 1 2 766
12 28 5 2 11 766
12 29 5 2 12 766
12 30 5 2 1 766
12 31 5 4 25 766
12 32 5 4 10 766
12 33 5 1 12 766
12 35 5 5 5 766
12 36 5 4 14 766
12 37 5 3 24 766
12 38 5 1 4 766
12 39 5 2 3 766
12 40 5 2 21 766
12 41 5 3 8 766
12 42 5 2 13 766
12 43 5 3 14 766
12 44 5 4 14 766
12 45 5 1 19 766
12 46 5 1 15 766
12 47 5 1 17 766
12 48 5 1 5 766
12 49 5 2 4 766
13 0 2 3 25 335
13 1 2 4 19 335
13 2 2 1 15 335
13 3 2 4 11 335
13 5 2 2 25 335
13 6 2 3 13 335
13 7 2 1 16 335
13 8 2 2 13 335
13 10 2 5 15 335
13 11 2 5 1 335
13 12 2 5 10 335
13 14 2 3 8 335
13 15 2 3 7 335
13 18 2 3 23 335
13 19 2 3 22 335
13 20 2 1 20 335
13 21 2 2 3 335
13 22 2 4 13 335
13 23 2 2 6 335
13 24 2 5 13 335
13 25 2 3 20 335
13 26 2 4 14 335
13 27 2 1 6 335
13 28 2 2 16 335
13 29 2 2 11 335
13 30 2 2 18 335
13 31 2 4 3 335
13 32 2 4 6 335
13 33 2 1 14 335
13 34 2 1 13 335
13 35 2 5 14 335
13 36 2 4 17 335
13 37 2 3 14 335
13 38 2 1 11 335
13 40 2 2 24 335
13 41 2 3 24 335
13 42 2 2 11 335
13 43 2 3 2 335
13 44 2 4 3 335
13 45 2 1 14 335
13 46 2 1 18 335
13 47 2 1 21 335
13 48 2 1 22 335
13 49 2 2 4 335
14 0 3 3 7 676
14 1 3 4 7 676
14 2 3 1 3 676
14 3 3 4 23 676
14 4 3 5 1 676
14 5 3 2 16 676
14 6 3 3 25 676
14 7 3 1 16 676
14 8 3 2 9 676
14 9 3 2 5 676
14 10 3 5 24 676
14 11 3 5 20 676
14 12 3 5 9 676
14 13 3 2 8 676
14 15 3 3 24 676
14 16 3 5 15 676
14 17 3 1 4 676
14 18 3 3 19 676
14 19 3 3 24 676
14 20 3 1 2 676
14 21 3 2 19 676
14 22 3 4 3 676
14 23 3 2 21 676
14 24 3 5 25 676
14 25 3 3 3 676
14 26 3 4 9 676
14 27 3 1 8 676
14 28 3 2 23 676
14 29 3 2 2 676
14 30 3 2 4 676
14 31 3 4 9 676
14 32 3 4 23 676
14 33 3 1 7 676
14 34 3 1 10 676
14 35 3 5 17 676
14 36 3 4 7 676
14 37 3 3 7 676
14 38 3 1 9 676
14 39 3 2 19 676
14 40 3 2 8 676
14 41 3 3 24 676
14 42 3 2 6 676
14 43 3 3 5 676
14 44 3 4 14 676
14 45 3 1 9 676
14 46 3 1 21 676
14 47 3 1 22 676
14 48 3 1 23 676
14 49 3 2 9 676
15 0 3 3 20 995
15 1 3 4 3 995
15 2 3 1 20 995
15 3 3 4 20 995
15 4 3 5 11 995
15 5 3 2 11 995
15 6 3 3 19 995
15 7 3 1 11 995
15 9 3 2 23 995
15 10 3 5 16 995
15 11 3 5 3 995
15 12 3 5 12 995
15 13 3 2 7 995
15 14 3 3 24 995
15 16 3 5 13 995
15 17 3 1 17 995
15 18 3 3 24 995
15 19 3 3 3 995
15 20 3 1 7 995
15 21 3 2 20 995
15 22 3 4 13 995
15 23 3 2 1 995
15 24 3 5 23 995
15 25 3 3 8 995
15 26 3 4 4 995
15 27 3 1 3 995
15 28 3 2 24 995
15 29 3 2 18 995
15 31 3 4 12 995
15 33 3 1 18 995
15 34 3 1 3 995
15 36 3 4 17 995
15 37 3 3 2 995
15 38 3 1 1 995
15 39 3 2 11 995
15 40 3 2 7 995
15 41 3 3 12 995
15 42 3 2 20 995
15 44 3 4 9 995
15 45 3 1 2 995
15 47 3 1 4 995
15 48 3 1 6 995
15 49 3 2 21 995
16 2 5 1 20 901
16 4 5 5 24 901
16 7 5 1 3 901
16 9 5 2 6 901
16 10 5 5 3 901
16 11 5 5 23 901
16 12 5 5 4 901
16 14 5 3 15 901
16 15 5 3 13 901
16 17 5 1 11 901
16 18 5 3 4 901
16 20 5 1 7 901
16 21 5 2 4 901
16 22 5 4 9 901
16 23 5 2 14 901
16 24 5 5 13 901
16 25 5 3 15 901
16 26 5 4 15 901
16 27 5 1 13 901
16 28 5 2 20 901
16 30 5 2 20 901
16 31 5 4 15 901
16 32 5 4 18 901
16 33 5 1 14 901
16 35 5 5 6 901
16 36 5 4 7 901
16 37 5 3 22 901
16 38 5 1 19 901
16 39 5 2 25 901
16 40 5 2 21 901
16 41 5 3 14 901
16 42 5 2 5 901
16 44 5 4 13 901
16 45 5 1 19 901
16 47 5 1 12 901
16 48 5 1 21 901
16 49 5 2 24 901
17 0 1 3 6 420
17 1 1 4 4 420
17 2 1 1 9 420
17 3 1 4 3 420
17 5 1 2 17 420
17 6 1 3 19 420
17 7 1 1 13 420
17 8 1 2 12 420
17 9 1 2 3 420
17 10 1 5 1 420
17 11 1 5 9 420
17 12 1 5 17 420
17 14 1 3 4 420
17 15 1 3 17 420
17 16 1 5 11 420
17 18 1 3 20 420
17 19 1 3 14 420
17 21 1 2 25 420
17 22 1 4 13 420
17 23 1 2 4 420
17 26 1 4 10 420
17 28 1 2 24 420
17 29 1 2 17 420
17 31 1 4 20 420
17 32 1 4 3 420
17 33 1 1 17 420
17 34 1 1 10 420
17 36 1 4 8 420
17 37 1 3 7 420
17 38 1 1 9 420
17 39 1 2 15 420
17 40 1 2 17 420
17 42 1 2 24 420
17 43 1 3 24 420
17 44 1 4 14 420
17 45 1 1 5 420
17 47 1 1 20 420
17 48 1 1 14 420
17 49 1 2 7 420
18 1 3 4 8 543
18 2 3 1 10 543
18 3 3 4 14 543
18 4 3 5 2 543
18 5 3 2 1 543
18 6 3 3 23 543
18 8 3 2 3 543
18 9 3 2 21 543
18 10 3 5 22 543
18 11 3 5 2 543
18 12 3 5 20 543
18 13 3 2 23 543
18 14 3 3 19 543
18 15 3 3 24 543
18 16 3 5 4 543
18 17 3 1 20 543
18 19 3 3 21 543
18 20 3 1 9 543
18 21 3 2 5 543
18 22 3 4 20 543
18 24 3 5 25 543
18 25 3 3 16 543
18 26 3 4 16 543
18 27 3 1 14 543
18 28 3 2 19 543
18 29 3 2 13 543
18 30 3 2 8 543
18 31 3 4 20 543
18 32 3 4 19 543
18 33 3 1 15 543
18 34 3 1 22 543
18 35 3 5 20 543
18 36 3 4 21 543
18 37 3 3 25 543
18 38 3 1 1 543
18 39 3 2 14 543
18 40 3 2 23 543
18 41 3 3 17 543
18 42 3 2 25 543
18 43 3 3 11 543
18 45 3 1 16 543
18 47 3 1 12 543
18 48 3 1 8 543
18 49 3 2 23 543
19 0 3 3 22 330
19 1 3 4 9 330
19 2 3 1 20 330
19 5 3 2 22 330
19 6 3 3 7 330
19 7 3 1 3 330
19 8 3 2 21 330
19 9 3 2 24 330
19 10 3 5 3 330
19 11 3 5 23 330
19 12 3 5 2 330
19 13 3 2 22 330
19 14 3 3 24 330
19 15 3 3 3 330
19 17 3 1 14 330
19 18 3 3 21 330
19 20 3 1 15 330
19 22 3 4 11 330
19 23 3 2 12 330
19 24 3 5 9 330
19 25 3 3 14 330
19 26 3 4 5 330
19 27 3 1 10 330
19 28 3 2 10 330
19 29 3 2 9 330
19 30 3 2 7 330
19 31 3 4 1 330
19 33 3 1 7 330
19 35 3 5 18 330
19 36 3 4 24 330
19 37 3 3 17 330
19 38 3 1 25 330
19 39 3 2 16 330
19 40 3 2 4 330
19 41 3 3 9 330
19 42 3 2 12 330
19 43 3 3 23 330
19 44 3 4 15 330
19 45 3 1 1 330
19 46 3 1 6 330
19 47 3 1 18 330
19 48 3 1 16 330
20 0 1 3 11 830
20 1 1 4 22 830
20 2 1 1 10 830
20 3 1 4 19 830
20 4 1 5 18 830
20 5 1 2 1 830
20 6 1 3 10 830
20 7 1 1 12 830
20 8 1 2 10 830
20 9 1 2 4 830
20 10 1 5 6 830
20 11 1 5 7 830
20 12 1 5 2 830
20 13 1 2 20 830
20 14 1 3 2 830
20 15 1 3 7 830
20 16 1 5 7 830
20 18 1 3 9 830
20 19 1 3 15 830
20 21 1 2 2 830
20 22 1 4 11 830
20 23 1 2 6 830
20 24 1 5 22 830
20 25 1 3 14 830
20 26 1 4 1 830
20 27 1 1 24 830
20 28 1 2 21 830
20 29 1 2 17 830
20 30 1 2 1 830
20 31 1 4 14 830
20 32 1 4 19 830
20 33 1 1 21 830
20 34 1 1 15 830
20 35 1 5 23 830
20 36 1 4 5 830
20 37 1 3 16 830
20 38 1 1 12 830
20 39 1 2 2 830
20 40 1 2 1 830
20 41 1 3 22 830
20 42 1 2 13 830
20 43 1 3 19 830
20 45 1 1 4 830
20 46 1 1 13 830
20 48 1 1 16 830
20 49 1 2 7 830
21 0 2 3 25 954
21 1 2 4 7 954
21 2 2 1 14 954
21 3 2 4 17 954
21 5 2 2 8 954
21 6 2 3 4 954
21 7 2 1 12 954
21 9 2 2 8 954
21 10 2 5 25 954
21 11 2 5 21 954
21 12 2 5 3 954
21 13 2 2 3 954
21 14 2 3 19 954
21 15 2 3 20 954
21 16 2 5 4 954
21 17 2 1 25 954
21 18 2 3 5 954
21 20 2 1 2 954
21 22 2 4 24 954
21 23 2 2 17 954
21 24 2 5 12 954
21 25 2 3 16 954
21 26 2 4 12 954
21 27 2 1 17 954
21 28 2 2 13 954
21 29 2 2 7 954
21 30 2 2 4 954
21 31 2 4 1 954
21 32 2 4 20 954
21 33 2 1 12 954
21 34 2 1 25 954
21 35 2 5 10 954
21 37 2 3 9 954
21 38 2 1 15 954
21 40 2 2 16 954
21 41 2 3 9 954
21 42 2 2 8 954
21 43 2 3 21 954
21 44 2 4 11 954
21 45 2 1 22 954
21 46 2 1 4 954
21 47 2 1 9 954
21 48 2 1 7 954
21 49 2 2 19 954
22 1 4 4 4 647
22 2 4 1 11 647
22 3 4 4 2 647
22 4 4 5 17 647
22 5 4 2 16 647
22 6 4 3 16 647
22 7 4 1 14 647
22 8 4 2 9 647
22 9 4 2 7 647
22 10 4 5 15 647
22 11 4 5 23 647
22 12 4 5 22 647
22 13 4 2 13 647
22 14 4 3 3 647
22 15 4 3 13 647
22 16 4 5 9 647
22 17 4 1 13 647
22 18 4 3 20 647
22 19 4 3 11 647
22 20 4 1 11 647
22 21 4 2 24 647
22 23 4 2 10 647
22 24 4 5 1 647
22 25 4 3 14 647
22 26 4 4 12 647
22 27 4 1 13 647
22 28 4 2 3 647
22 29 4 2 10 647
22 30 4 2 9 647
22 31 4 4 19 647
22 32 4 4 15 647
22 33 4 1 9 647
22 34 4 1 8 647
22 35 4 5 2 647
22 36 4 4 8 647
22 37 4 3 23 647
22 38 4 1 20 647
22 39 4 2 23 647
22 40 4 2 13 647
22 41 4 3 19 647
22 42 4 2 13 647
22 43 4 3 7 647
22 44 4 4 16 647
22 45 4 1 15 647
22 46 4 1 22 647
22 47 4 1 23 647
22 49 4 2 8 647
23 0 2 3 21 62
23 1 2 4 4 62
23 2 2 1 15 62
23 3 2 4 17 62
23 4 2 5 16 62
23 5 2 2 15 62
23 6 2 3 24 62
23 7 2 1 20 62
23 8 2 2 18 62
23 9 2 2 8 62
23 11 2 5 18 62
23 12 2 5 22 62
23 13 2 2 6 62
23 14 2 3 21 62
23 15 2 3 1 62
23 16 2 5 14 62
23 17 2 1 4 62
23 19 2 3 12 62
23 20 2 1 6 62
23 21 2 2 17 62
23 22 2 4 10 62
23 24 2 5 9 62
23 25 2 3 11 62
23 26 2 4 8 62
23 27 2 1 2 62
23 28 2 2 15 62
23 29 2 2 18 62
23 30 2 2 1 62
23 31 2 4 10 62
23 32 2 4 16 62
23 33 2 1 24 62
23 35 2 5 2 62
23 37 2 3 4 62
23 38 2 1 15 62
23 40 2 2 21 62
23 41 2 3 2 62
23 42 2 2 22 62
23 43 2 3 19 62
23 44 2 4 4 62
23 45 2 1 8 62
23 46 2 1 13 62
23 47 2 1 6 62
23 48 2 1 18 62
23 49 2 2 7 62
24 0 5 3 15 305
24 1 5 4 8 305
24 2 5 1 2 305
24 3 5 4 21 305
24 4 5 5 22 305
24 6 5 3 13 305
24 7 5 1 21 305
24 8 5 2 21 305
24 9 5 2 14 305
24 10 5 5 20 305
24 11 5 5 10 305
24 12 5 5 1 305
24 13 5 2 13 305
24 14 5 3 25 305
24 15 5 3 23 305
24 16 5 5 13 305
24 18 5 3 25 305
24 19 5 3 9 305
24 20 5 1 22 305
24 21 5 2 12 305
24 22 5 4 1 305
24 23 5 2 9 305
24 25 5 3 2 305
24 26 5 4 19 305
24 27 5 1 13 305
24 28 5 2 25 305
24 29 5 2 2 305
24 30 5 2 23 305
24 31 5 4 19 305
24 32 5 4 8 305
24 33 5 1 13 305
24 34 5 1 3 305
24 35 5 5 1 305
24 37 5 3 1 305
24 38 5 1 18 305
24 39 5 2 3 305
24 40 5 2 11 305
24 41 5 3 16 305
24 42 5 2 5 305
24 43 5 3 13 305
24 44 5 4 14 305
24 45 5 1 20 305
24 46 5 1 5 305
24 47 5 1 21 305
24 48 5 1 16 305
24 49 5 2 8 305
25 1 3 4 21 165
25 2 3 1 11 165
25 3 3 4 5 165
25 4 3 5 21 165
25 6 3 3 25 165
25 7 3 1 12 165
25 8 3 2 15 165
25 9 3 2 4 165
25 10 3 5 11 165
25 11 3 5 19 165
25 12 3 5 15 165
25 13 3 2 20 165
25 14 3 3 3 165
25 15 3 3 8 165
25 16 3 5 15 165
25 18 3 3 16 165
25 19 3 3 14 165
25 20 3 1 14 165
25 21 3 2 16 165
25 22 3 4 14 165
25 23 3 2 11 165
25 24 3 5 2 165
25 27 3 1 22 165
25 28 3 2 4 165
25 29 3 2 2 165
25 31 3 4 15 165
25 32 3 4 24 165
25 33 3 1 4 165
25 34 3 1 14 165
25 35 3 5 25 165
25 36 3 4 21 165
25 37 3 3 17 165
25 38 3 1 5 165
25 39 3 2 18 165
25 40 3 2 6 165
25 41 3 3 2 165
25 42 3 2 3 165
25 43 3 3 6 165
25 44 3 4 7 165
25 45 3 1 17 165
25 46 3 1 14 165
25 47 3 1 10 165
25 48 3 1 12 165
25 49 3 2 22 165
26 0 4 3 23 641
26 1 4 4 17 641
26 2 4 1 24 641
26 4 4 5 25 641
26 5 4 2 2 641
26 6 4 3 18 641
26 8 4 2 8 641
26 9 4 2 18 641
26 10 4 5 15 641
26 11 4 5 22 641
26 13 4 2 14 641
26 14 4 3 9 641
26 15 4 3 4 641
26 16 4 5 15 641
26 17 4 1 10 641
26 18 4 3 16 641
26 19 4 3 5 641
26 20 4 1 1 641
26 21 4 2 12 641
26 22 4 4 12 641
26 23 4 2 8 641
26 24 4 5 19 641
26 27 4 1 19 641
26 28 4 2 10 641
26 29 4 2 13 641
26 30 4 2 13 641
26 31 4 4 11 641
26 32 4 4 4 641
26 33 4 1 14 641
26 34 4 1 22 641
26 35 4 5 18 641
26 37 4 3 24 641
26 38 4 1 14 641
26 39 4 2 12 641
26 41 4 3 10 641
26 42 4 2 4 641
26 43 4 3 3 641
26 44 4 4 10 641
26 45 4 1 4 641
26 46 4 1 24 641
26 47 4 1 9 641
26 48 4 1 23 641
26 49 4 2 22 641
27 0 1 3 14 265
27 1 1 4 18 265
27 2 1 1 8 265
27 4 1 5 1 265
27 5 1 2 3 265
27 9 1 2 23 265
27 10 1 5 21 265
27 11 1 5 8 265
27 12 1 5 2 265
27 13 1 2 6 265
27 14 1 3 8 265
27 15 1 3 3 265
27 16 1 5 13 265
27 18 1 3 14 265
27 19 1 3 10 265
27 20 1 1 24 265
27 21 1 2 17 265
27 22 1 4 13 265
27 23 1 2 2 265
27 24 1 5 13 265
27 25 1 3 22 265
27 26 1 4 19 265
27 28 1 2 21 265
27 29 1 2 15 265
27 31 1 4 17 265
27 32 1 4 23 265
27 33 1 1 20 265
27 34 1 1 13 265
27 35 1 5 10 265
27 36 1 4 8 265
27 37 1 3 9 265
27 38 1 1 25 265
27 39 1 2 3 265
27 40 1 2 6 265
27 41 1 3 21 265
27 42 1 2 14 265
27 43 1 3 5 265
27 44 1 4 2 265
27 45 1 1 7 265
27 46 1 1 9 265
27 48 1 1 25 265
27 49 1 2 13 265
28 0 2 3 12 80
28 1 2 4 14 80
28 2 2 1 10 80
28 3 2 4 15 80
28 4 2 5 18 80
28 5 2 2 17 80
28 6 2 3 2 80
28 7 2 1 11 80
28 11 2 5 4 80
28 12 2 5 11 80
28 13 2 2 16 80
28 14 2 3 23 80
28 15 2 3 24 80
28 16 2 5 20 80
28 17 2 1 24 80
28 18 2 3 19 80
28 19 2 3 10 80
28 20 2 1 21 80
28 21 2 2 13 80
28 22 2 4 3 80
28 23 2 2 15 80
28 24 2 5 25 80
28 25 2 3 4 80
28 26 2 4 10 80
28 27 2 1 21 80
28 29 2 2 16 80
28 30 2 2 11 80
28 31 2 4 6 80
28 32 2 4 17 80
28 33 2 1 23 80
28 35 2 5 4 80
28 36 2 4 14 80
28 37 2 3 14 80
28 38 2 1 19 80
28 39 2 2 7 80
28 40 2 2 17 80
28 41 2 3 3 80
28 42 2 2 1 80
28 43 2 3 7 80
28 45 2 1 9 80
28 46 2 1 16 80
28 47 2 1 18 80
28 48 2 1 14 80
28 49 2 2 16 80
29 0 2 3 17 196
29 1 2 4 18 196
29 2 2 1 12 196
29 3 2 4 3 196
29 4 2 5 20 196
29 5 2 2 9 196
29 6 2 3 25 196
29 7 2 1 1 196
29 8 2 2 25 196
29 10 2 5 4 196
29 11 2 5 15 196
29 12 2 5 12 196
29 13 2 2 11 196
29 14 2 3 2 196
29 15 2 3 18 196
29 17 2 1 17 196
29 18 2 3 13 196
29 19 2 3 9 196
29 20 2 1 17 196
29 21 2 2 7 196
29 22 2 4 10 196
29 23 2 2 18 196
29 24 2 5 2 196
29 25 2 3 2 196
29 26 2 4 13 196
29 27 2 1 15 196
29 28 2 2 16 196
29 30 2 2 12 196
29 32 2 4 22 196
29 33 2 1 6 196
29 34 2 1 21 196
29 36 2 4 11 196
29 37 2 3 16 196
29 38 2 1 2 196
29 39 2 2 22 196
29 40 2 2 14 196
29 41 2 3 4 196
29 42 2 2 20 196
29 43 2 3 4 196
29 44 2 4 23 196
29 45 2 1 2 196
29 46 2 1 18 196
29 48 2 1 21 196
29 49 2 2 15 196
30 0 2 3 13 582
30 3 2 4 20 582
30 4 2 5 5 582
30 5 2 2 23 582
30 7 2 1 9 582
30 8 2 2 25 582
30 9 2 2 16 582
30 10 2 5 24 582
30 11 2 5 17 582
30 12 2 5 1 582
30 13 2 2 18 582
30 14 2 3 4 582
30 16 2 5 20 582
30 18 2 3 8 582
30 19 2 3 7 582
30 20 2 1 1 582
30 21 2 2 4 582
30 22 2 4 9 582
30 23 2 2 1 582
30 24 2 5 23 582
30 26 2 4 13 582
30 28 2 2 11 582
30 29 2 2 12 582
30 31 2 4 12 582
30 32 2 4 6 582
30 33 2 1 17 582
30 34 2 1 1 582
30 35 2 5 2 582
30 36 2 4 24 582
30 37 2 3 9 582
30 38 2 1 21 582
30 40 2 2 5 582
30 42 2 2 24 582
30 43 2 3 4 582
30 44 2 4 6 582
30 45 2 1 19 582
30 46 2 1 11 582
30 47 2 1 17 582
30 48 2 1 13 582
30 49 2 2 4 582
31 0 4 3 2 660
31 1 4 4 16 660
31 2 4 1 15 660
31 3 4 4 17 660
31 4 4 5 19 660
31 5 4 2 16 660
31 6 4 3 7 660
31 7 4 1 14 660
31 8 4 2 7 660
31 9 4 2 23 660
31 11 4 5 23 660
31 12 4 5 25 660
31 13 4 2 3 660
31 14 4 3 9 660
31 15 4 3 12 660
31 16 4 5 15 660
31 17 4 1 20 660
31 18 4 3 20 660
31 19 4 3 1 660
31 20 4 1 14 660
31 21 4 2 1 660
31 22 4 4 19 660
31 23 4 2 10 660
31 24 4 5 19 660
31 25 4 3 15 660
31 26 4 4 11 660
31 27 4 1 17 660
31 28 4 2 6 660
31 30 4 2 12 660
31 32 4 4 17 660
31 33 4 1 2 660
31 34 4 1 9 660
31 35 4 5 14 660
31 36 4 4 18 660
31 37 4 3 22 660
31 38 4 1 8 660
31 39 4 2 24 660
31 40 4 2 24 660
31 41 4 3 16 660
31 42 4 2 12 660
31 43 4 3 1 660
31 44 4 4 3 660
31 45 4 1 12 660
31 47 4 1 2 660
31 48 4 1 3 660
31 49 4 2 3 660
32 0 4 3 8 370
32 1 4 4 12 370
32 2 4 1 14 370
32 3 4 4 15 370
32 4 4 5 4 370
32 5 4 2 25 370
32 6 4 3 22 370
32 7 4 1 17 370
32 8 4 2 8 370
32 9 4 2 25 370
32 10 4 5 18 370
32 11 4 5 8 370
32 12 4 5 10 370
32 13 4 2 6 370
32 14 4 3 23 370
32 16 4 5 18 370
32 17 4 1 3 370
32 18 4 3 19 370
32 20 4 1 19 370
32 21 4 2 20 370
32 22 4 4 15 370
32 23 4 2 16 370
32 24 4 5 8 370
32 25 4 3 24 370
32 26 4 4 4 370
32 27 4 1 23 370
32 28 4 2 17 370
32 29 4 2 22 370
32 30 4 2 6 370
32 31 4 4 17 370
32 34 4 1 21 370
32 36 4 4 13 370
32 37 4 3 13 370
32 39 4 2 1 370
32 40 4 2 16 370
32 41 4 3 8 370
32 42 4 2 11 370
32 43 4 3 15 370
32 44 4 4 11 370
32 45 4 1 1 370
32 46 4 1 8 370
32 47 4 1 12 370
32 48 4 1 13 370
32 49 4 2 25 370
33 0 1 3 13 497
33 1 1 4 21 497
33 2 1 1 18 497
33 3 1 4 16 497
33 4 1 5 18 497
33 6 1 3 9 497
33 7 1 1 14 497
33 9 1 2 21 497
33 10 1 5 16 497
33 12 1 5 12 497
33 13 1 2 14 497
33 14 1 3 7 497
33 15 1 3 18 497
33 16 1 5 14 497
33 17 1 1 17 497
33 18 1 3 15 497
33 19 1 3 7 497
33 20 1 1 21 497
33 21 1 2 12 497
33 22 1 4 9 497
33 23 1 2 24 497
33 24 1 5 13 497
33 25 1 3 4 497
33 26 1 4 14 497
33 27 1 1 20 497
33 28 1 2 23 497
33 29 1 2 6 497
33 30 1 2 17 497
33 31 1 4 2 497
33 34 1 1 15 497
33 35 1 5 8 497
33 36 1 4 15 497
33 37 1 3 13 497
33 39 1 2 10 497
33 40 1 2 15 497
33 41 1 3 4 497
33 42 1 2 9 497
33 43 1 3 16 497
33 44 1 4 20 497
33 45 1 1 25 497
33 46 1 1 19 497
33 47 1 1 15 497
33 48 1 1 13 497
34 0 1 3 9 613
34 1 1 4 19 613
34 3 1 4 21 613
34 4 1 5 22 613
34 5 1 2 22 613
34 6 1 3 15 613
34 7 1 1 1 613
34 8 1 2 12 613
34 9 1 2 17 613
34 10 1 5 17 613
34 11 1 5 12 613
34 13 1 2 13 613
34 14 1 3 10 613
34 15 1 3 3 613
34 17 1 1 10 613
34 18 1 3 22 613
34 20 1 1 15 613
34 21 1 2 25 613
34 22 1 4 8 613
34 24 1 5 3 613
34 25 1 3 14 613
34 26 1 4 22 613
34 27 1 1 13 613
34 29 1 2 21 613
34 30 1 2 1 613
34 31 1 4 9 613
34 32 1 4 21 613
34 33 1 1 15 613
34 35 1 5 13 613
34 36 1 4 21 613
34 37 1 3 21 613
34 38 1 1 18 613
34 39 1 2 24 613
34 40 1 2 15 613
34 41 1 3 8 613
34 42 1 2 23 613
34 43 1 3 21 613
34 44 1 4 3 613
34 46 1 1 4 613
34 47 1 1 14 613
34 48 1 1 5 613
34 49 1 2 16 613
35 0 5 3 24 428
35 1 5 4 7 428
35 2 5 1 18 428
35 4 5 5 11 428
35 5 5 2 4 428
35 7 5 1 11 428
35 8 5 2 9 428
35 9 5 2 14 428
35 10 5 5 12 428
35 11 5 5 7 428
35 12 5 5 5 428
35 13 5 2 14 428
35 14 5 3 17 428
35 16 5 5 6 428
35 18 5 3 20 428
35 19 5 3 18 428
35 20 5 1 23 428
35 21 5 2 10 428
35 22 5 4 2 428
35 23 5 2 2 428
35 24 5 5 1 428
35 25 5 3 25 428
35 26 5 4 18 428
35 27 5 1 10 428
35 28 5 2 4 428
35 30 5 2 2 428
35 31 5 4 14 428
35 33 5 1 8 428
35 34 5 1 13 428
35 36 5 4 1 428
35 37 5 3 14 428
35 38 5 1 9 428
35 39 5 2 20 428
35 40 5 2 3 428
35 41 5 3 10 428
35 42 5 2 17 428
35 43 5 3 7 428
35 44 5 4 6 428
35 46 5 1 9 428
35 47 5 1 14 428
35 48 5 1 1 428
35 49 5 2 9 428
36 0 4 3 1 170
36 1 4 4 11 170
36 2 4 1 19 170
36 3 4 4 5 170
36 4 4 5 10 170
36 5 4 2 9 170
36 7 4 1 24 170
36 8 4 2 7 170
36 9 4 2 20 170
36 10 4 5 17 170
36 11 4 5 19 170
36 12 4 5 14 170
36 13 4 2 17 170
36 14 4 3 7 170
36 15 4 3 17 170
36 16 4 5 7 170
36 17 4 1 8 170
36 18 4 3 21 170
36 19 4 3 24 170
36 20 4 1 5 170
36 22 4 4 8 170
36 25 4 3 21 170
36 27 4 1 8 170
36 28 4 2 14 170
36 29 4 2 11 170
36 30 4 2 24 170
36 31 4 4 18 170
36 32 4 4 13 170
36 33 4 1 15 170
36 34 4 1 21 170
36 35 4 5 1 170
36 37 4 3 12 170
36 38 4 1 18 170
36 39 4 2 25 170
36 40 4 2 6 170
36 41 4 3 12 170
36 42 4 2 1 170
36 43 4 3 16 170
36 44 4 4 10 170
36 45 4 1 17 170
36 46 4 1 12 170
36 47 4 1 1 170
36 48 4 1 24 170
36 49 4 2 6 170
37 0 3 3 22 854
37 1 3 4 10 854
37 3 3 4 11 854
37 4 3 5 24 854
37 5 3 2 15 854
37 6 3 3 5 854
37 8 3 2 25 854
37 9 3 2 5 854
37 10 3 5 15 854
37 11 3 5 9 854
37 12 3 5 24 854
37 13 3 2 14 854
37 14 3 3 7 854
37 15 3 3 2 854
37 16 3 5 22 854
37 17 3 1 7 854
37 18 3 3 25 854
37 19 3 3 17 854
37 20 3 1 16 854
37 21 3 2 9 854
37 22 3 4 23 854
37 23 3 2 4 854
37 24 3 5 1 854
37 25 3 3 17 854
37 26 3 4 24 854
37 27 3 1 9 854
37 28 3 2 14 854
37 29 3 2 16 854
37 30 3 2 9 854
37 31 3 4 22 854
37 32 3 4 13 854
37 33 3 1 13 854
37 34 3 1 21 854
37 35 3 5 14 854
37 36 3 4 12 854
37 38 3 1 13 854
37 39 3 2 3 854
37 40 3 2 25 854
37 41 3 3 12 854
37 42 3 2 17 854
37 43 3 3 23 854
37 44 3 4 1 854
37 45 3 1 16 854
37 46 3 1 12 854
37 47 3 1 23 854
37 48 3 1 20 854
37 49 3 2 20 854
38 0 1 3 4 429
38 1 1 4 15 429
38 2 1 1 16 429
38 3 1 4 1 429
38 4 1 5 9 429
38 5 1 2 8 429
38 6 1 3 20 429
38 7 1 1 11 429
38 8 1 2 24 429
38 9 1 2 12 429
38 10 1 5 9 429
38 11 1 5 8 429
38 12 1 5 4 429
38 13 1 2 11 429
38 14 1 3 9 429
38 15 1 3 1 429
38 16 1 5 19 429
38 17 1 1 9 429
38 18 1 3 1 429
38 19 1 3 25 429
38 20 1 1 12 429
38 21 1 2 15 429
38 22 1 4 20 429
38 23 1 2 15 429
38 24 1 5 18 429
38 25 1 3 5 429
38 26 1 4 14 429
38 27 1 1 25 429
38 28 1 2 19 429
38 29 1 2 2 429
38 30 1 2 21 429
38 31 1 4 8 429
38 34 1 1 18 429
38 35 1 5 9 429
38 36 1 4 18 429
38 37 1 3 13 429
38 39 1 2 21 429
38 40 1 2 8 429
38 41 1 3 8 429
38 42 1 2 5 429
38 43 1 3 6 429
38 44 1 4 7 429
38 45 1 1 14 429
38 46 1 1 18 429
38 47 1 1 13 429
38 48 1 1 13 429
38 49 1 2 17 429
39 0 2 3 5 421
39 1 2 4 5 421
39 3 2 4 25 421
39 4 2 5 2 421
39 5 2 2 19 421
39 6 2 3 10 421
39 7 2 1 14 421
39 8 2 2 9 421
39 9 2 2 10 421
39 10 2 5 14 421
39 11 2 5 22 421
39 12 2 5 3 421
39 14 2 3 19 421
39 15 2 3 11 421
39 16 2 5 25 421
39 17 2 1 15 421
39 18 2 3 14 421
39 19 2 3 16 421
39 20 2 1 2 421
39 22 2 4 23 421
39 24 2 5 3 421
39 25 2 3 18 421
39 26 2 4 12 421
39 27 2 1 3 421
39 28 2 2 7 421
39 29 2 2 22 421
39 31 2 4 24 421
39 32 2 4 1 421
39 33 2 1 10 421
39 34 2 1 24 421
39 35 2 5 20 421
39 36 2 4 25 421
39 37 2 3 3 421
39 38 2 1 21 421
39 41 2 3 20 421
39 42 2 2 25 421
39 43 2 3 16 421
39 44 2 4 3 421
39 45 2 1 15 421
39 46 2 1 24 421
39 47 2 1 9 421
39 48 2 1 16 421
39 49 2 2 13 421
40 0 2 3 23 455
40 1 2 4 8 455
40 2 2 1 13 455
40 3 2 4 12 455
40 4 2 5 3 455
40 5 2 2 22 455
40 7 2 1 8 455
40 8 2 2 9 455
40 9 2 2 25 455
40 10 2 5 14 455
40 11 2 5 5 455
40 12 2 5 21 455
40 13 2 2 24 455
40 14 2 3 8 455
40 15 2 3 7 455
40 16 2 5 21 455
40 17 2 1 17 455
40 18 2 3 23 455
40 19 2 3 4 455
40 20 2 1 1 455
40 21 2 2 16 455
40 22 2 4 13 455
40 23 2 2 21 455
40 24 2 5 11 455
40 25 2 3 6 455
40 27 2 1 6 455
40 28 2 2 17 455
40 29 2 2 14 455
40 30 2 2 5 455
40 31 2 4 24 455
40 32 2 4 16 455
40 33 2 1 15 455
40 34 2 1 15 455
40 35 2 5 3 455
40 36 2 4 6 455
40 37 2 3 25 455
40 38 2 1 8 455
40 41 2 3 12 455
40 42 2 2 18 455
40 44 2 4 7 455
40 45 2 1 18 455
40 46 2 1 1 455
40 47 2 1 1 455
40 48 2 1 13 455
40 49 2 2 21 455
41 0 3 3 14 431
41 1 3 4 7 431
41 2 3 1 4 431
41 3 3 4 23 431
41 4 3 5 23 431
41 5 3 2 11 431
41 6 3 3 15 431
41 7 3 1 23 431
41 9 3 2 17 431
41 10 3 5 13 431
41 11 3 5 12 431
41 12 3 5 8 431
41 13 3 2 24 431
41 14 3 3 24 431
41 15 3 3 12 431
41 16 3 5 14 431
41 18 3 3 17 431
41 19 3 3 9 431
41 20 3 1 22 431
41 21 3 2 9 431
41 22 3 4 19 431
41 23 3 2 2 431
41 24 3 5 16 431
41 25 3 3 2 431
41 26 3 4 10 431
41 27 3 1 21 431
41 28 3 2 3 431
41 29 3 2 4 431
41 31 3 4 16 431
41 32 3 4 8 431
41 33 3 1 4 431
41 34 3 1 8 431
41 35 3 5 10 431
41 36 3 4 12 431
41 37 3 3 12 431
41 38 3 1 8 431
41 39 3 2 20 431
41 40 3 2 12 431
41 42 3 2 2 431
41 43 3 3 10 431
41 44 3 4 13 431
41 46 3 1 19 431
41 47 3 1 21 431
41 48 3 1 9 431
41 49 3 2 2 431
42 0 2 3 22 68
42 1 2 4 10 68
42 2 2 1 22 68
42 3 2 4 25 68
42 4 2 5 7 68
42 5 2 2 18 68
42 6 2 3 5 68
42 7 2 1 19 68
42 8 2 2 1 68
42 9 2 2 24 68
42 10 2 5 23 68
42 11 2 5 17 68
42 12 2 5 13 68
42 13 2 2 11 68
42 14 2 3 6 68
42 15 2 3 20 68
42 16 2 5 5 68
42 17 2 1 24 68
42 18 2 3 25 68
42 19 2 3 12 68
42 20 2 1 13 68
42 21 2 2 8 68
42 22 2 4 13 68
42 23 2 2 22 68
42 24 2 5 5 68
42 25 2 3 3 68
42 26 2 4 4 68
42 27 2 1 14 68
42 28 2 2 1 68
42 29 2 2 20 68
42 30 2 2 24 68
42 31 2 4 12 68
42 32 2 4 11 68
42 33 2 1 9 68
42 34 2 1 23 68
42 35 2 5 17 68
42 36 2 4 1 68
42 37 2 3 17 68
42 38 2 1 5 68
42 39 2 2 25 68
42 40 2 2 18 68
42 41 2 3 2 68
42 43 2 3 16 68
42 44 2 4 2 68
42 45 2 1 15 68
42 46 2 1 8 68
42 48 2 1 5 68
43 0 3 3 3 161
43 1 3 4 21 161
43 2 3 1 6 161
43 3 3 4 5 161
43 4 3 5 18 161
43 5 3 2 10 161
43 6 3 3 12 161
43 7 3 1 14 161
43 8 3 2 3 161
43 9 3 2 19 161
43 10 3 5 21 161
43 11 3 5 22 161
43 12 3 5 14 161
43 13 3 2 2 161
43 14 3 3 5 161
43 17 3 1 24 161
43 18 3 3 11 161
43 19 3 3 23 161
43 20 3 1 19 161
43 21 3 2 21 161
43 22 3 4 7 161
43 23 3 2 19 161
43 24 3 5 13 161
43 25 3 3 6 161
43 26 3 4 3 161
43 27 3 1 5 161
43 28 3 2 7 161
43 29 3 2 4 161
43 30 3 2 4 161
43 31 3 4 1 161
43 32 3 4 15 161
43 33 3 1 16 161
43 34 3 1 21 161
43 35 3 5 7 161
43 36 3 4 16 161
43 37 3 3 23 161
43 38 3 1 6 161
43 39 3 2 16 161
43 41 3 3 10 161
43 42 3 2 16 161
43 44 3 4 1 161
43 45 3 1 21 161
43 46 3 1 14 161
43 47 3 1 10 161
43 48 3 1 9 161
43 49 3 2 7 161
44 0 4 3 18 730
44 2 4 1 18 730
44 3 4 4 24 730
44 4 4 5 23 730
44 5 4 2 25 730
44 6 4 3 20 730
44 7 4 1 10 730
44 8 4 2 24 730
44 9 4 2 5 730
44 10 4 5 18 730
44 11 4 5 21 730
44 12 4 5 14 730
44 13 4 2 3 730
44 14 4 3 14 730
44 15 4 3 9 730
44 16 4 5 13 730
44 17 4 1 14 730
44 19 4 3 15 730
44 21 4 2 11 730
44 22 4 4 16 730
44 23 4 2 4 730
44 24 4 5 14 730
44 25 4 3 7 730
44 26 4 4 10 730
44 27 4 1 2 730
44 29 4 2 23 730
44 30 4 2 6 730
44 31 4 4 3 730
44 32 4 4 11 730
44 33 4 1 20 730
44 34 4 1 3 730
44 35 4 5 6 730
44 36 4 4 10 730
44 37 4 3 1 730
44 38 4 1 7 730
44 39 4 2 3 730
44 40 4 2 7 730
44 41 4 3 13 730
44 42 4 2 2 730
44 43 4 3 1 730
44 45 4 1 19 730
44 46 4 1 25 730
44 47 4 1 20 730
44 48 4 1 5 730
44 49 4 2 1 730
45 0 1 3 7 689
45 1 1 4 21 689
45 2 1 1 2 689
45 3 1 4 2 689
45 4 1 5 12 689
45 5 1 2 7 689
45 6 1 3 22 689
45 8 1 2 14 689
45 9 1 2 21 689
45 10 1 5 7 689
45 11 1 5 22 689
45 12 1 5 19 689
45 13 1 2 14 689
45 14 1 3 9 689
45 15 1 3 2 689
45 16 1 5 19 689
45 17 1 1 5 689
45 18 1 3 16 689
45 19 1 3 1 689
45 20 1 1 4 689
45 21 1 2 22 689
45 22 1 4 15 689
45 23 1 2 8 689
45 24 1 5 20 689
45 25 1 3 17 689
45 26 1 4 4 689
45 27 1 1 7 689
45 28 1 2 9 689
45 29 1 2 2 689
45 30 1 2 19 689
45 31 1 4 12 689
45 32 1 4 1 689
45 33 1 1 25 689
45 36 1 4 17 689
45 37 1 3 16 689
45 38 1 1 14 689
45 39 1 2 15 689
45 40 1 2 18 689
45 42 1 2 15 689
45 43 1 3 21 689
45 44 1 4 19 689
45 46 1 1 11 689
45 47 1 1 11 689
45 48 1 1 18 689
45 49 1 2 5 689
46 0 1 3 24 650
46 1 1 4 11 650
46 2 1 1 15 650
46 3 1 4 11 650
46 5 1 2 9 650
46 6 1 3 20 650
46 7 1 1 11 650
46 8 1 2 7 650
46 9 1 2 12 650
46 10 1 5 22 650
46 11 1 5 21 650
46 12 1 5 15 650
46 13 1 2 18 650
46 14 1 3 21 650
46 19 1 3 6 650
46 20 1 1 13 650
46 21 1 2 4 650
46 22 1 4 22 650
46 23 1 2 13 650
46 24 1 5 5 650
46 25 1 3 14 650
46 26 1 4 24 650
46 27 1 1 9 650
46 28 1 2 16 650
46 29 1 2 18 650
46 30 1 2 11 650
46 32 1 4 8 650
46 33 1 1 19 650
46 34 1 1 4 650
46 35 1 5 9 650
46 36 1 4 12 650
46 37 1 3 12 650
46 38 1 1 18 650
46 39 1 2 24 650
46 40 1 2 1 650
46 41 1 3 19 650
46 42 1 2 8 650
46 43 1 3 14 650
46 44 1 4 25 650
46 45 1 1 11 650
46 47 1 1 12 650
46 49 1 2 10 650
47 0 1 3 11 793
47 1 1 4 4 793
47 2 1 1 21 793
47 4 1 5 7 793
47 6 1 3 4 793
47 7 1 1 5 793
47 8 1 2 6 793
47 10 1 5 11 793
47 11 1 5 4 793
47 12 1 5 17 793
47 13 1 2 21 793
47 14 1 3 22 793
47 15 1 3 4 793
47 16 1 5 12 793
47 17 1 1 20 793
47 18 1 3 12 793
47 19 1 3 18 793
47 21 1 2 9 793
47 22 1 4 23 793
47 23 1 2 6 793
47 24 1 5 21 793
47 25 1 3 10 793
47 26 1 4 9 793
47 28 1 2 18 793
47 30 1 2 17 793
47 31 1 4 2 793
47 32 1 4 12 793
47 33 1 1 15 793
47 34 1 1 14 793
47 35 1 5 14 793
47 36 1 4 1 793
47 37 1 3 23 793
47 38 1 1 13 793
47 39 1 2 9 793
47 40 1 2 1 793
47 41 1 3 21 793
47 43 1 3 10 793
47 44 1 4 20 793
47 45 1 1 11 793
47 46 1 1 12 793
47 48 1 1 1 793
47 49 1 2 5 793
48 0 1 3 17 705
48 1 1 4 12 705
48 2 1 1 19 705
48 3 1 4 24 705
48 4 1 5 19 705
48 5 1 2 21 705
48 6 1 3 12 705
48 7 1 1 16 705
48 8 1 2 1 705
48 9 1 2 13 705
48 10 1 5 1 705
48 11 1 5 19 705
48 12 1 5 5 705
48 13 1 2 22 705
48 14 1 3 23 705
48 15 1 3 6 705
48 16 1 5 21 705
48 17 1 1 14 705
48 18 1 3 8 705
48 19 1 3 16 705
48 20 1 1 16 705
48 21 1 2 7 705
48 23 1 2 18 705
48 24 1 5 16 705
48 25 1 3 12 705
48 26 1 4 23 705
48 27 1 1 25 705
48 28 1 2 14 705
48 29 1 2 21 705
48 30 1 2 13 705
48 31 1 4 3 705
48 32 1 4 13 705
48 33 1 1 13 705
48 34 1 1 5 705
48 35 1 5 1 705
48 36 1 4 24 705
48 37 1 3 20 705
48 38 1 1 13 705
48 39 1 2 16 705
48 40 1 2 13 705
48 41 1 3 9 705
48 42 1 2 5 705
48 43 1 3 9 705
48 44 1 4 5 705
48 45 1 1 18 705
48 47 1 1 1 705
49 0 2 3 4 952
49 1 2 4 10 952
49 2 2 1 17 952
49 3 2 4 13 952
49 5 2 2 8 952
49 6 2 3 19 952
49 7 2 1 22 952
49 8 2 2 15 952
49 9 2 2 1 952
49 10 2 5 13 952
49 11 2 5 3 952
49 12 2 5 4 952
49 13 2 2 4 952
49 14 2 3 9 952
49 15 2 3 21 952
49 16 2 5 24 952
49 17 2 1 7 952
49 18 2 3 23 952
49 20 2 1 7 952
49 21 2 2 19 952
49 22 2 4 8 952
49 23 2 2 7 952
49 24 2 5 8 952
49 25 2 3 22 952
49 26 2 4 22 952
49 27 2 1 13 952
49 28 2 2 16 952
49 29 2 2 15 952
49 30 2 2 4 952
49 31 2 4 3 952
49 32 2 4 25 952
49 34 2 1 16 952
49 35 2 5 9 952
49 36 2 4 6 952
49 37 2 3 20 952
49 38 2 1 17 952
49 39 2 2 13 952
49 40 2 2 21 952
49 41 2 3 2 952
49 43 2 3 7 952
49 44 2 4 1 952
49 45 2 1 5 952
49 46 2 1 10 952
49 47 2 1 5 952
