capacity  cost_by_node
nb_functions 10
19 26 62 29 59 100 40 70 87 31 75 30 26 94 83 46 37 45 51 97 33 83 58 19 48 29 
27 81 43 10 61 21 63 89 13 63 26 24 89 11 49 13 13 71 63 54 26 74 35 89 13 22 
20 99 45 19 84 25 95 90 76 51 98 85 35 26 56 64 21 91 22 13 44 29 26 38 80 48 
23 89 69 60 29 37 27 28 26 19 33 15 72 10 65 25 50 42 44 78 78 36 92 95 53 37 
14 100 77 32 96 97 46 92 83 87 93 34 71 41 51 39 24 49 62 80 64 68 88 75 63 14 
13 55 91 88 94 98 95 77 68 54 70 96 47 86 41 33 62 33 82 70 96 98 32 70 61 44 
13 83 63 70 91 12 46 46 49 89 35 11 32 21 39 28 85 45 62 63 11 37 83 42 48 94 
24 20 50 85 63 95 65 30 28 30 26 52 18 51 23 56 42 74 26 26 46 100 92 39 18 90 
14 84 67 38 52 45 41 64 56 77 58 96 79 64 99 89 38 41 97 50 84 25 60 62 82 12 
17 61 57 76 66 29 72 16 48 14 76 17 23 49 34 38 19 99 38 73 73 11 31 91 43 20 
