capacity  cost_by_node
nb_functions 8
15 69 96 63 91 62 89 66 87 87 34 66 91 89 12 50 40 51 33 23 85 34 32 80 16 34 84 28 35 42 45 47 15 46 14 58 60 98 92 99 51 64 57 76 64 52 46 78 91 83 80 
14 32 29 55 18 63 11 52 36 92 99 98 81 24 57 97 69 66 13 99 22 63 43 32 36 22 15 32 53 28 76 59 100 76 41 96 77 94 12 68 13 58 74 92 55 73 92 39 47 73 29 
16 13 78 90 84 93 29 64 52 22 52 68 35 94 51 53 54 99 77 52 25 71 27 68 10 23 68 82 92 29 12 87 67 75 86 65 31 78 33 62 69 47 45 24 61 68 19 66 41 13 40 
12 92 20 53 62 83 14 61 55 85 100 94 78 17 96 26 100 35 55 96 90 65 19 46 51 96 63 36 38 55 48 24 28 71 40 90 33 60 12 13 68 83 17 77 100 15 50 98 55 41 28 
9 15 36 13 98 42 74 75 68 39 67 17 78 69 76 80 50 59 49 79 35 76 46 77 92 24 71 31 100 94 93 71 78 55 49 95 57 43 69 76 29 76 24 84 34 47 55 73 97 91 36 
16 91 74 43 54 74 56 67 11 74 16 89 54 100 84 33 78 26 86 83 39 48 68 62 90 61 24 29 52 93 49 92 75 83 87 39 68 30 40 37 71 42 69 14 16 84 47 31 20 71 85 
10 62 92 69 33 32 99 13 69 31 37 39 42 89 63 88 95 46 54 95 52 22 98 78 94 61 10 25 50 95 97 42 39 19 12 55 98 91 32 54 37 26 67 11 36 79 61 71 59 53 53 
11 56 87 71 30 64 100 78 20 95 49 81 20 53 97 100 54 24 67 24 95 93 60 57 79 11 99 28 88 60 48 74 79 28 100 61 87 84 77 78 38 67 14 73 26 43 38 49 80 97 61 
