Node_1 Node_2 Capacity_node1 Capacity_node2 Latency_arc node_cost
nb_nodes 25
nb_arcs 554
0 1 2 13 7 523
0 2 2 3 3 523
0 3 2 13 8 523
0 5 2 6 14 523
0 6 2 2 12 523
0 7 2 10 19 523
0 8 2 9 17 523
0 9 2 11 25 523
0 10 2 10 17 523
0 11 2 5 24 523
0 12 2 12 1 523
0 13 2 10 1 523
0 15 2 12 14 523
0 16 2 3 12 523
0 17 2 1 1 523
0 18 2 13 11 523
0 19 2 1 20 523
0 20 2 7 18 523
0 21 2 6 23 523
0 22 2 12 4 523
0 23 2 8 19 523
0 24 2 10 6 523
1 0 13 2 7 832
1 2 13 3 13 832
1 3 13 13 12 832
1 4 13 3 17 832
1 6 13 2 17 832
1 7 13 10 5 832
1 8 13 9 21 832
1 9 13 11 7 832
1 10 13 10 23 832
1 11 13 5 17 832
1 12 13 12 10 832
1 13 13 10 7 832
1 14 13 1 21 832
1 16 13 3 19 832
1 17 13 1 2 832
1 18 13 13 9 832
1 19 13 1 5 832
1 20 13 7 13 832
1 21 13 6 24 832
1 22 13 12 12 832
1 23 13 8 5 832
1 24 13 10 18 832
2 0 3 2 3 889
2 1 3 13 13 889
2 3 3 13 17 889
2 4 3 3 4 889
2 5 3 6 5 889
2 6 3 2 20 889
2 7 3 10 19 889
2 8 3 9 7 889
2 9 3 11 17 889
2 10 3 10 20 889
2 11 3 5 10 889
2 12 3 12 10 889
2 13 3 10 4 889
2 14 3 1 21 889
2 15 3 12 14 889
2 16 3 3 5 889
2 17 3 1 14 889
2 18 3 13 10 889
2 19 3 1 10 889
2 20 3 7 13 889
2 21 3 6 9 889
2 22 3 12 11 889
2 24 3 10 19 889
3 0 13 2 8 467
3 1 13 13 12 467
3 2 13 3 17 467
3 4 13 3 2 467
3 5 13 6 17 467
3 6 13 2 18 467
3 7 13 10 3 467
3 8 13 9 7 467
3 9 13 11 7 467
3 10 13 10 17 467
3 11 13 5 17 467
3 12 13 12 14 467
3 13 13 10 19 467
3 14 13 1 20 467
3 15 13 12 11 467
3 16 13 3 16 467
3 17 13 1 7 467
3 18 13 13 10 467
3 19 13 1 5 467
3 20 13 7 23 467
3 21 13 6 2 467
3 22 13 12 15 467
3 23 13 8 22 467
3 24 13 10 8 467
4 1 3 13 17 462
4 2 3 3 4 462
4 3 3 13 2 462
4 5 3 6 21 462
4 6 3 2 13 462
4 7 3 10 4 462
4 8 3 9 18 462
4 9 3 11 18 462
4 10 3 10 13 462
4 11 3 5 4 462
4 13 3 10 23 462
4 14 3 1 19 462
4 15 3 12 2 462
4 16 3 3 20 462
4 17 3 1 23 462
4 18 3 13 19 462
4 19 3 1 11 462
4 20 3 7 13 462
4 21 3 6 7 462
4 22 3 12 19 462
4 24 3 10 18 462
5 0 6 2 14 228
5 2 6 3 5 228
5 3 6 13 17 228
5 4 6 3 21 228
5 6 6 2 12 228
5 7 6 10 3 228
5 8 6 9 7 228
5 10 6 10 12 228
5 11 6 5 13 228
5 13 6 10 13 228
5 14 6 1 25 228
5 15 6 12 5 228
5 16 6 3 5 228
5 17 6 1 3 228
5 18 6 13 18 228
5 19 6 1 15 228
5 20 6 7 22 228
5 21 6 6 5 228
5 22 6 12 7 228
5 23 6 8 19 228
5 24 6 10 16 228
6 0 2 2 12 737
6 1 2 13 17 737
6 2 2 3 20 737
6 3 2 13 18 737
6 4 2 3 13 737
6 5 2 6 12 737
6 7 2 10 17 737
6 8 2 9 2 737
6 9 2 11 7 737
6 10 2 10 22 737
6 11 2 5 17 737
6 12 2 12 13 737
6 13 2 10 7 737
6 15 2 12 19 737
6 17 2 1 21 737
6 18 2 13 8 737
6 19 2 1 2 737
6 20 2 7 15 737
6 21 2 6 7 737
6 22 2 12 9 737
6 23 2 8 18 737
6 24 2 10 18 737
7 0 10 2 19 282
7 1 10 13 5 282
7 2 10 3 19 282
7 3 10 13 3 282
7 4 10 3 4 282
7 5 10 6 3 282
7 6 10 2 17 282
7 8 10 9 9 282
7 9 10 11 2 282
7 10 10 10 3 282
7 11 10 5 24 282
7 12 10 12 1 282
7 13 10 10 10 282
7 14 10 1 17 282
7 15 10 12 24 282
7 16 10 3 15 282
7 17 10 1 3 282
7 18 10 13 3 282
7 19 10 1 21 282
7 20 10 7 10 282
7 22 10 12 19 282
7 23 10 8 6 282
7 24 10 10 18 282
8 0 9 2 17 756
8 1 9 13 21 756
8 2 9 3 7 756
8 3 9 13 7 756
8 4 9 3 18 756
8 5 9 6 7 756
8 6 9 2 2 756
8 7 9 10 9 756
8 9 9 11 22 756
8 10 9 10 20 756
8 11 9 5 8 756
8 12 9 12 18 756
8 13 9 10 23 756
8 14 9 1 19 756
8 15 9 12 23 756
8 16 9 3 23 756
8 17 9 1 15 756
8 19 9 1 6 756
8 20 9 7 16 756
8 21 9 6 7 756
8 22 9 12 25 756
8 23 9 8 18 756
8 24 9 10 10 756
9 0 11 2 25 620
9 1 11 13 7 620
9 2 11 3 17 620
9 3 11 13 7 620
9 4 11 3 18 620
9 6 11 2 7 620
9 7 11 10 2 620
9 8 11 9 22 620
9 10 11 10 14 620
9 11 11 5 6 620
9 12 11 12 3 620
9 13 11 10 13 620
9 14 11 1 9 620
9 15 11 12 24 620
9 16 11 3 20 620
9 17 11 1 24 620
9 18 11 13 11 620
9 19 11 1 20 620
9 20 11 7 22 620
9 21 11 6 12 620
9 22 11 12 25 620
9 23 11 8 22 620
9 24 11 10 21 620
10 0 10 2 17 365
10 1 10 13 23 365
10 2 10 3 20 365
10 3 10 13 17 365
10 4 10 3 13 365
10 5 10 6 12 365
10 6 10 2 22 365
10 7 10 10 3 365
10 8 10 9 20 365
10 9 10 11 14 365
10 11 10 5 8 365
10 13 10 10 22 365
10 14 10 1 15 365
10 15 10 12 16 365
10 16 10 3 7 365
10 17 10 1 22 365
10 18 10 13 17 365
10 19 10 1 17 365
10 20 10 7 10 365
10 21 10 6 14 365
10 22 10 12 15 365
10 23 10 8 5 365
10 24 10 10 6 365
11 0 5 2 24 677
11 1 5 13 17 677
11 2 5 3 10 677
11 3 5 13 17 677
11 4 5 3 4 677
11 5 5 6 13 677
11 6 5 2 17 677
11 7 5 10 24 677
11 8 5 9 8 677
11 9 5 11 6 677
11 10 5 10 8 677
11 12 5 12 6 677
11 13 5 10 20 677
11 14 5 1 17 677
11 16 5 3 6 677
11 17 5 1 21 677
11 19 5 1 21 677
11 21 5 6 16 677
11 22 5 12 13 677
11 24 5 10 13 677
12 0 12 2 1 911
12 1 12 13 10 911
12 2 12 3 10 911
12 3 12 13 14 911
12 6 12 2 13 911
12 7 12 10 1 911
12 8 12 9 18 911
12 9 12 11 3 911
12 11 12 5 6 911
12 13 12 10 18 911
12 14 12 1 11 911
12 15 12 12 9 911
12 16 12 3 17 911
12 17 12 1 3 911
12 18 12 13 9 911
12 19 12 1 11 911
12 20 12 7 14 911
12 21 12 6 20 911
12 22 12 12 6 911
12 23 12 8 21 911
12 24 12 10 10 911
13 0 10 2 1 850
13 1 10 13 7 850
13 2 10 3 4 850
13 3 10 13 19 850
13 4 10 3 23 850
13 5 10 6 13 850
13 6 10 2 7 850
13 7 10 10 10 850
13 8 10 9 23 850
13 9 10 11 13 850
13 10 10 10 22 850
13 11 10 5 20 850
13 12 10 12 18 850
13 14 10 1 16 850
13 15 10 12 18 850
13 16 10 3 18 850
13 17 10 1 7 850
13 18 10 13 11 850
13 19 10 1 18 850
13 20 10 7 12 850
13 21 10 6 19 850
13 22 10 12 6 850
13 23 10 8 5 850
14 1 1 13 21 276
14 2 1 3 21 276
14 3 1 13 20 276
14 4 1 3 19 276
14 5 1 6 25 276
14 7 1 10 17 276
14 8 1 9 19 276
14 9 1 11 9 276
14 10 1 10 15 276
14 11 1 5 17 276
14 12 1 12 11 276
14 13 1 10 16 276
14 15 1 12 1 276
14 16 1 3 9 276
14 17 1 1 3 276
14 18 1 13 8 276
14 19 1 1 11 276
14 20 1 7 17 276
14 21 1 6 18 276
14 22 1 12 13 276
14 23 1 8 16 276
14 24 1 10 20 276
15 0 12 2 14 812
15 2 12 3 14 812
15 3 12 13 11 812
15 4 12 3 2 812
15 5 12 6 5 812
15 6 12 2 19 812
15 7 12 10 24 812
15 8 12 9 23 812
15 9 12 11 24 812
15 10 12 10 16 812
15 12 12 12 9 812
15 13 12 10 18 812
15 14 12 1 1 812
15 16 12 3 24 812
15 17 12 1 22 812
15 18 12 13 16 812
15 19 12 1 4 812
15 20 12 7 10 812
15 21 12 6 8 812
15 22 12 12 12 812
15 23 12 8 12 812
15 24 12 10 1 812
16 0 3 2 12 260
16 1 3 13 19 260
16 2 3 3 5 260
16 3 3 13 16 260
16 4 3 3 20 260
16 5 3 6 5 260
16 7 3 10 15 260
16 8 3 9 23 260
16 9 3 11 20 260
16 10 3 10 7 260
16 11 3 5 6 260
16 12 3 12 17 260
16 13 3 10 18 260
16 14 3 1 9 260
16 15 3 12 24 260
16 17 3 1 9 260
16 18 3 13 25 260
16 19 3 1 10 260
16 20 3 7 15 260
16 21 3 6 22 260
16 23 3 8 11 260
17 0 1 2 1 718
17 1 1 13 2 718
17 2 1 3 14 718
17 3 1 13 7 718
17 4 1 3 23 718
17 5 1 6 3 718
17 6 1 2 21 718
17 7 1 10 3 718
17 8 1 9 15 718
17 9 1 11 24 718
17 10 1 10 22 718
17 11 1 5 21 718
17 12 1 12 3 718
17 13 1 10 7 718
17 14 1 1 3 718
17 15 1 12 22 718
17 16 1 3 9 718
17 18 1 13 20 718
17 19 1 1 18 718
17 20 1 7 21 718
17 21 1 6 5 718
17 22 1 12 14 718
17 24 1 10 13 718
18 0 13 2 11 600
18 1 13 13 9 600
18 2 13 3 10 600
18 3 13 13 10 600
18 4 13 3 19 600
18 5 13 6 18 600
18 6 13 2 8 600
18 7 13 10 3 600
18 9 13 11 11 600
18 10 13 10 17 600
18 12 13 12 9 600
18 13 13 10 11 600
18 14 13 1 8 600
18 15 13 12 16 600
18 16 13 3 25 600
18 17 13 1 20 600
18 19 13 1 24 600
18 20 13 7 7 600
18 21 13 6 2 600
18 22 13 12 5 600
18 23 13 8 20 600
18 24 13 10 24 600
19 0 1 2 20 592
19 1 1 13 5 592
19 2 1 3 10 592
19 3 1 13 5 592
19 4 1 3 11 592
19 5 1 6 15 592
19 6 1 2 2 592
19 7 1 10 21 592
19 8 1 9 6 592
19 9 1 11 20 592
19 10 1 10 17 592
19 11 1 5 21 592
19 12 1 12 11 592
19 13 1 10 18 592
19 14 1 1 11 592
19 15 1 12 4 592
19 16 1 3 10 592
19 17 1 1 18 592
19 18 1 13 24 592
19 20 1 7 10 592
19 21 1 6 20 592
19 22 1 12 16 592
19 23 1 8 18 592
19 24 1 10 7 592
20 0 7 2 18 546
20 1 7 13 13 546
20 2 7 3 13 546
20 3 7 13 23 546
20 4 7 3 13 546
20 5 7 6 22 546
20 6 7 2 15 546
20 7 7 10 10 546
20 8 7 9 16 546
20 9 7 11 22 546
20 10 7 10 10 546
20 12 7 12 14 546
20 13 7 10 12 546
20 14 7 1 17 546
20 15 7 12 10 546
20 16 7 3 15 546
20 17 7 1 21 546
20 18 7 13 7 546
20 19 7 1 10 546
20 21 7 6 24 546
20 22 7 12 9 546
20 23 7 8 3 546
20 24 7 10 12 546
21 0 6 2 23 433
21 1 6 13 24 433
21 2 6 3 9 433
21 3 6 13 2 433
21 4 6 3 7 433
21 5 6 6 5 433
21 6 6 2 7 433
21 8 6 9 7 433
21 9 6 11 12 433
21 10 6 10 14 433
21 11 6 5 16 433
21 12 6 12 20 433
21 13 6 10 19 433
21 14 6 1 18 433
21 15 6 12 8 433
21 16 6 3 22 433
21 17 6 1 5 433
21 18 6 13 2 433
21 19 6 1 20 433
21 20 6 7 24 433
21 22 6 12 18 433
21 23 6 8 23 433
21 24 6 10 24 433
22 0 12 2 4 994
22 1 12 13 12 994
22 2 12 3 11 994
22 3 12 13 15 994
22 4 12 3 19 994
22 5 12 6 7 994
22 6 12 2 9 994
22 7 12 10 19 994
22 8 12 9 25 994
22 9 12 11 25 994
22 10 12 10 15 994
22 11 12 5 13 994
22 12 12 12 6 994
22 13 12 10 6 994
22 14 12 1 13 994
22 15 12 12 12 994
22 17 12 1 14 994
22 18 12 13 5 994
22 19 12 1 16 994
22 20 12 7 9 994
22 21 12 6 18 994
22 24 12 10 24 994
23 0 8 2 19 400
23 1 8 13 5 400
23 3 8 13 22 400
23 5 8 6 19 400
23 6 8 2 18 400
23 7 8 10 6 400
23 8 8 9 18 400
23 9 8 11 22 400
23 10 8 10 5 400
23 12 8 12 21 400
23 13 8 10 5 400
23 14 8 1 16 400
23 15 8 12 12 400
23 16 8 3 11 400
23 18 8 13 20 400
23 19 8 1 18 400
23 20 8 7 3 400
23 21 8 6 23 400
23 24 8 10 13 400
24 0 10 2 6 158
24 1 10 13 18 158
24 2 10 3 19 158
24 3 10 13 8 158
24 4 10 3 18 158
24 5 10 6 16 158
24 6 10 2 18 158
24 7 10 10 18 158
24 8 10 9 10 158
24 9 10 11 21 158
24 10 10 10 6 158
24 11 10 5 13 158
24 12 10 12 10 158
24 14 10 1 20 158
24 15 10 12 1 158
24 17 10 1 13 158
24 18 10 13 24 158
24 19 10 1 7 158
24 20 10 7 12 158
24 21 10 6 24 158
24 22 10 12 24 158
24 23 10 8 13 158
