capacity  cost_by_node
nb_functions 10
30 12 87 90 47 51 11 62 66 15 36 71 44 71 52 60 43 26 23 46 99 74 18 25 96 86 95 11 31 50 99 29 62 39 29 32 30 50 65 81 55 41 66 34 67 70 47 74 71 30 62 
35 73 99 72 20 80 69 28 93 56 88 44 95 79 18 40 21 98 84 47 98 55 48 18 32 25 18 31 57 87 22 30 82 63 83 24 59 29 85 18 39 76 71 63 98 55 25 20 10 11 80 
34 81 30 95 66 42 85 19 70 62 10 13 52 47 92 55 69 16 57 57 51 40 17 90 82 40 78 30 13 54 12 41 24 86 49 47 66 38 83 67 25 79 85 79 91 56 69 49 47 60 71 
20 98 47 56 10 82 85 54 68 13 87 76 29 66 21 24 85 77 24 46 77 50 39 19 19 100 58 12 66 65 22 90 56 56 22 68 66 68 84 75 17 91 30 74 20 30 52 12 11 82 51 
27 40 47 49 26 28 82 38 38 44 70 23 29 71 73 38 90 48 50 19 61 21 73 69 72 59 19 85 88 91 79 70 73 38 35 85 46 80 71 10 100 88 29 36 46 26 26 76 93 31 22 
30 57 25 65 82 41 65 70 12 57 86 83 92 12 44 69 31 29 44 91 94 91 77 64 18 25 43 39 68 86 39 76 16 77 80 22 47 24 100 76 77 34 34 10 46 32 85 72 17 35 71 
30 49 36 43 87 97 33 73 92 91 35 97 72 81 28 23 18 30 76 21 12 83 40 37 22 96 68 16 73 86 39 29 52 45 84 72 86 26 76 67 26 49 12 54 40 16 94 43 14 87 48 
34 30 30 36 45 11 24 25 89 35 99 97 91 78 63 15 33 43 21 25 54 62 66 27 65 34 81 86 61 90 83 25 60 49 90 65 79 45 57 84 41 73 19 81 33 16 37 75 43 12 11 
25 42 83 97 27 80 14 66 44 90 53 90 38 61 87 10 49 15 71 33 86 35 13 65 66 12 78 10 35 61 20 53 26 48 54 92 86 87 87 90 68 95 17 40 56 13 99 81 63 73 32 
27 71 69 24 56 61 39 62 13 42 57 84 39 16 57 74 81 83 67 88 74 68 31 39 67 56 37 24 68 22 25 18 72 59 36 74 20 17 79 32 44 80 59 47 98 41 39 26 51 77 12 
