Node_1 Node_2 Capacity_node1 Capacity_node2 Latency_arc node_cost
nb_nodes 50
nb_arcs 1260
0 1 7 5 21 577
0 2 7 4 9 577
0 3 7 6 12 577
0 4 7 8 4 577
0 5 7 9 17 577
0 7 7 6 20 577
0 8 7 9 16 577
0 9 7 6 16 577
0 11 7 10 20 577
0 18 7 10 15 577
0 21 7 1 3 577
0 22 7 3 10 577
0 23 7 8 10 577
0 28 7 1 8 577
0 29 7 7 20 577
0 31 7 8 5 577
0 32 7 8 18 577
0 33 7 7 22 577
0 34 7 8 25 577
0 36 7 4 25 577
0 38 7 3 25 577
0 39 7 8 9 577
0 42 7 8 13 577
0 47 7 10 4 577
0 49 7 2 14 577
1 0 5 7 21 305
1 32 5 8 14 305
1 2 5 4 4 305
1 3 5 6 14 305
1 39 5 8 5 305
1 9 5 6 25 305
1 43 5 4 2 305
1 44 5 9 11 305
1 34 5 8 18 305
1 15 5 9 23 305
1 48 5 9 7 305
1 17 5 9 18 305
1 18 5 10 25 305
1 20 5 9 16 305
1 24 5 3 3 305
1 45 5 8 6 305
1 25 5 2 10 305
1 30 5 6 21 305
1 31 5 8 7 305
2 0 4 7 9 779
2 1 4 5 4 779
2 3 4 6 13 779
2 5 4 9 3 779
2 6 4 7 17 779
2 10 4 8 22 779
2 12 4 2 19 779
2 13 4 9 14 779
2 15 4 9 13 779
2 16 4 4 11 779
2 17 4 9 24 779
2 19 4 10 8 779
2 20 4 9 9 779
2 22 4 3 15 779
2 23 4 8 25 779
2 24 4 3 14 779
2 26 4 2 24 779
2 28 4 1 9 779
2 31 4 8 22 779
2 33 4 7 8 779
2 34 4 8 18 779
2 35 4 5 14 779
2 42 4 8 22 779
2 44 4 9 13 779
2 46 4 2 2 779
2 47 4 10 22 779
3 0 6 7 12 850
3 1 6 5 14 850
3 2 6 4 13 850
3 4 6 8 5 850
3 10 6 8 10 850
3 11 6 10 19 850
3 12 6 2 4 850
3 14 6 5 6 850
3 17 6 9 1 850
3 18 6 10 3 850
3 19 6 10 9 850
3 20 6 9 19 850
3 21 6 1 4 850
3 22 6 3 25 850
3 24 6 3 5 850
3 26 6 2 15 850
3 28 6 1 11 850
3 32 6 8 17 850
3 33 6 7 2 850
3 34 6 8 19 850
3 36 6 4 3 850
3 41 6 7 11 850
3 42 6 8 10 850
3 44 6 9 20 850
3 45 6 8 13 850
3 46 6 2 1 850
3 47 6 10 19 850
3 48 6 9 21 850
4 0 8 7 4 881
4 3 8 6 5 881
4 5 8 9 1 881
4 12 8 2 9 881
4 13 8 9 3 881
4 15 8 9 22 881
4 21 8 1 6 881
4 22 8 3 3 881
4 25 8 2 20 881
4 27 8 5 3 881
4 28 8 1 24 881
4 29 8 7 12 881
4 30 8 6 25 881
4 32 8 8 25 881
4 33 8 7 9 881
4 35 8 5 22 881
4 37 8 6 11 881
4 39 8 8 3 881
4 40 8 6 25 881
4 43 8 4 18 881
4 46 8 2 5 881
4 48 8 9 17 881
5 0 9 7 17 802
5 2 9 4 3 802
5 4 9 8 1 802
5 7 9 6 21 802
5 10 9 8 24 802
5 11 9 10 6 802
5 15 9 9 5 802
5 18 9 10 8 802
5 19 9 10 16 802
5 20 9 9 1 802
5 28 9 1 12 802
5 32 9 8 16 802
5 33 9 7 19 802
5 34 9 8 3 802
5 35 9 5 16 802
5 36 9 4 5 802
5 37 9 6 14 802
5 40 9 6 12 802
5 41 9 7 25 802
5 42 9 8 9 802
5 44 9 9 2 802
5 47 9 10 19 802
5 49 9 2 10 802
6 2 7 4 17 873
6 7 7 6 5 873
6 8 7 9 14 873
6 9 7 6 6 873
6 10 7 8 2 873
6 14 7 5 2 873
6 15 7 9 23 873
6 18 7 10 1 873
6 19 7 10 11 873
6 20 7 9 5 873
6 24 7 3 7 873
6 26 7 2 23 873
6 28 7 1 20 873
6 29 7 7 20 873
6 30 7 6 23 873
6 31 7 8 20 873
6 32 7 8 22 873
6 35 7 5 18 873
6 36 7 4 12 873
6 38 7 3 23 873
6 41 7 7 2 873
6 42 7 8 15 873
6 43 7 4 14 873
6 44 7 9 21 873
6 46 7 2 9 873
6 48 7 9 6 873
6 49 7 2 22 873
7 0 6 7 20 908
7 5 6 9 21 908
7 6 6 7 5 908
7 8 6 9 18 908
7 12 6 2 12 908
7 13 6 9 24 908
7 14 6 5 7 908
7 15 6 9 18 908
7 16 6 4 11 908
7 18 6 10 14 908
7 21 6 1 5 908
7 23 6 8 4 908
7 24 6 3 6 908
7 25 6 2 12 908
7 27 6 5 5 908
7 29 6 7 4 908
7 32 6 8 10 908
7 33 6 7 10 908
7 35 6 5 4 908
7 39 6 8 14 908
7 42 6 8 2 908
7 43 6 4 5 908
7 44 6 9 19 908
7 45 6 8 16 908
7 46 6 2 5 908
7 49 6 2 3 908
8 0 9 7 16 766
8 6 9 7 14 766
8 7 9 6 18 766
8 9 9 6 16 766
8 11 9 10 16 766
8 12 9 2 16 766
8 13 9 9 14 766
8 14 9 5 13 766
8 15 9 9 9 766
8 16 9 4 16 766
8 17 9 9 17 766
8 18 9 10 25 766
8 20 9 9 20 766
8 24 9 3 9 766
8 25 9 2 7 766
8 26 9 2 20 766
8 28 9 1 17 766
8 31 9 8 6 766
8 32 9 8 25 766
8 33 9 7 14 766
8 34 9 8 23 766
8 35 9 5 4 766
8 37 9 6 3 766
8 42 9 8 10 766
8 44 9 9 13 766
8 47 9 10 4 766
8 48 9 9 9 766
8 49 9 2 10 766
9 0 6 7 16 144
9 1 6 5 25 144
9 6 6 7 6 144
9 8 6 9 16 144
9 10 6 8 1 144
9 13 6 9 10 144
9 18 6 10 24 144
9 20 6 9 9 144
9 23 6 8 1 144
9 24 6 3 2 144
9 27 6 5 25 144
9 29 6 7 3 144
9 30 6 6 2 144
9 34 6 8 21 144
9 35 6 5 24 144
9 36 6 4 15 144
9 37 6 6 4 144
9 38 6 3 13 144
9 39 6 8 14 144
9 42 6 8 6 144
9 43 6 4 1 144
9 45 6 8 20 144
9 46 6 2 23 144
9 48 6 9 7 144
9 49 6 2 25 144
10 2 8 4 22 684
10 3 8 6 10 684
10 5 8 9 24 684
10 6 8 7 2 684
10 9 8 6 1 684
10 11 8 10 23 684
10 12 8 2 12 684
10 14 8 5 16 684
10 17 8 9 13 684
10 18 8 10 5 684
10 20 8 9 15 684
10 22 8 3 8 684
10 23 8 8 7 684
10 24 8 3 1 684
10 29 8 7 5 684
10 32 8 8 12 684
10 33 8 7 23 684
10 34 8 8 7 684
10 36 8 4 4 684
10 38 8 3 2 684
10 39 8 8 16 684
10 40 8 6 13 684
10 43 8 4 9 684
10 46 8 2 17 684
11 0 10 7 20 544
11 3 10 6 19 544
11 5 10 9 6 544
11 8 10 9 16 544
11 10 10 8 23 544
11 15 10 9 14 544
11 16 10 4 7 544
11 17 10 9 7 544
11 18 10 10 15 544
11 19 10 10 24 544
11 21 10 1 18 544
11 22 10 3 8 544
11 23 10 8 12 544
11 24 10 3 22 544
11 26 10 2 22 544
11 28 10 1 16 544
11 30 10 6 24 544
11 33 10 7 23 544
11 34 10 8 14 544
11 36 10 4 22 544
11 37 10 6 16 544
11 38 10 3 15 544
11 39 10 8 21 544
11 40 10 6 11 544
11 45 10 8 11 544
11 46 10 2 23 544
11 47 10 10 17 544
11 48 10 9 20 544
12 2 2 4 19 937
12 3 2 6 4 937
12 4 2 8 9 937
12 7 2 6 12 937
12 8 2 9 16 937
12 10 2 8 12 937
12 13 2 9 13 937
12 14 2 5 6 937
12 19 2 10 2 937
12 20 2 9 20 937
12 23 2 8 1 937
12 26 2 2 10 937
12 30 2 6 18 937
12 31 2 8 3 937
12 32 2 8 18 937
12 33 2 7 8 937
12 35 2 5 17 937
12 37 2 6 8 937
12 43 2 4 8 937
12 44 2 9 19 937
12 45 2 8 20 937
12 46 2 2 5 937
12 47 2 10 6 937
12 48 2 9 4 937
13 2 9 4 14 799
13 4 9 8 3 799
13 7 9 6 24 799
13 8 9 9 14 799
13 9 9 6 10 799
13 12 9 2 13 799
13 14 9 5 10 799
13 16 9 4 17 799
13 17 9 9 9 799
13 18 9 10 23 799
13 19 9 10 14 799
13 20 9 9 17 799
13 21 9 1 12 799
13 22 9 3 11 799
13 23 9 8 24 799
13 24 9 3 22 799
13 26 9 2 24 799
13 27 9 5 9 799
13 29 9 7 22 799
13 33 9 7 9 799
13 34 9 8 5 799
13 37 9 6 13 799
13 38 9 3 6 799
13 40 9 6 11 799
13 41 9 7 1 799
13 43 9 4 7 799
13 46 9 2 10 799
13 47 9 10 20 799
13 49 9 2 20 799
14 3 5 6 6 394
14 6 5 7 2 394
14 7 5 6 7 394
14 8 5 9 13 394
14 10 5 8 16 394
14 12 5 2 6 394
14 13 5 9 10 394
14 21 5 1 20 394
14 22 5 3 23 394
14 25 5 2 15 394
14 27 5 5 2 394
14 28 5 1 9 394
14 29 5 7 7 394
14 30 5 6 13 394
14 32 5 8 19 394
14 35 5 5 5 394
14 37 5 6 21 394
14 39 5 8 14 394
14 40 5 6 7 394
14 43 5 4 8 394
14 45 5 8 20 394
14 46 5 2 17 394
14 48 5 9 23 394
15 1 9 5 23 315
15 2 9 4 13 315
15 4 9 8 22 315
15 5 9 9 5 315
15 6 9 7 23 315
15 7 9 6 18 315
15 8 9 9 9 315
15 11 9 10 14 315
15 16 9 4 20 315
15 18 9 10 17 315
15 19 9 10 20 315
15 20 9 9 24 315
15 22 9 3 11 315
15 23 9 8 22 315
15 25 9 2 21 315
15 26 9 2 4 315
15 27 9 5 12 315
15 29 9 7 7 315
15 31 9 8 12 315
15 34 9 8 24 315
15 35 9 5 18 315
15 38 9 3 20 315
15 40 9 6 4 315
15 42 9 8 16 315
15 43 9 4 11 315
15 44 9 9 9 315
15 45 9 8 24 315
15 46 9 2 12 315
15 48 9 9 24 315
15 49 9 2 20 315
16 2 4 4 11 62
16 7 4 6 11 62
16 8 4 9 16 62
16 11 4 10 7 62
16 13 4 9 17 62
16 15 4 9 20 62
16 17 4 9 13 62
16 19 4 10 2 62
16 21 4 1 1 62
16 22 4 3 17 62
16 23 4 8 3 62
16 24 4 3 8 62
16 25 4 2 18 62
16 26 4 2 21 62
16 28 4 1 8 62
16 29 4 7 12 62
16 30 4 6 20 62
16 33 4 7 19 62
16 39 4 8 19 62
16 40 4 6 13 62
16 41 4 7 17 62
16 42 4 8 23 62
16 43 4 4 16 62
16 44 4 9 1 62
16 45 4 8 21 62
16 48 4 9 16 62
17 1 9 5 18 790
17 2 9 4 24 790
17 3 9 6 1 790
17 8 9 9 17 790
17 10 9 8 13 790
17 11 9 10 7 790
17 13 9 9 9 790
17 16 9 4 13 790
17 19 9 10 1 790
17 20 9 9 20 790
17 21 9 1 3 790
17 22 9 3 4 790
17 24 9 3 10 790
17 25 9 2 5 790
17 26 9 2 7 790
17 28 9 1 21 790
17 30 9 6 4 790
17 31 9 8 16 790
17 32 9 8 20 790
17 37 9 6 24 790
17 40 9 6 22 790
17 41 9 7 23 790
17 43 9 4 6 790
17 47 9 10 13 790
17 48 9 9 15 790
17 49 9 2 18 790
18 0 10 7 15 87
18 1 10 5 25 87
18 3 10 6 3 87
18 5 10 9 8 87
18 6 10 7 1 87
18 7 10 6 14 87
18 8 10 9 25 87
18 9 10 6 24 87
18 10 10 8 5 87
18 11 10 10 15 87
18 13 10 9 23 87
18 15 10 9 17 87
18 19 10 10 25 87
18 23 10 8 19 87
18 29 10 7 20 87
18 30 10 6 24 87
18 31 10 8 21 87
18 33 10 7 20 87
18 36 10 4 24 87
18 39 10 8 20 87
18 42 10 8 7 87
18 45 10 8 19 87
18 46 10 2 12 87
18 47 10 10 17 87
18 48 10 9 24 87
19 2 10 4 8 441
19 3 10 6 9 441
19 5 10 9 16 441
19 6 10 7 11 441
19 11 10 10 24 441
19 12 10 2 2 441
19 13 10 9 14 441
19 15 10 9 20 441
19 16 10 4 2 441
19 17 10 9 1 441
19 18 10 10 25 441
19 23 10 8 1 441
19 24 10 3 3 441
19 25 10 2 16 441
19 29 10 7 18 441
19 30 10 6 22 441
19 33 10 7 16 441
19 34 10 8 11 441
19 35 10 5 12 441
19 36 10 4 23 441
19 37 10 6 19 441
19 38 10 3 3 441
19 43 10 4 21 441
19 44 10 9 6 441
19 46 10 2 16 441
19 47 10 10 4 441
20 1 9 5 16 592
20 2 9 4 9 592
20 3 9 6 19 592
20 5 9 9 1 592
20 6 9 7 5 592
20 8 9 9 20 592
20 9 9 6 9 592
20 10 9 8 15 592
20 12 9 2 20 592
20 13 9 9 17 592
20 15 9 9 24 592
20 17 9 9 20 592
20 21 9 1 16 592
20 24 9 3 3 592
20 25 9 2 11 592
20 26 9 2 21 592
20 28 9 1 7 592
20 30 9 6 24 592
20 33 9 7 9 592
20 35 9 5 3 592
20 36 9 4 2 592
20 37 9 6 12 592
20 39 9 8 19 592
20 40 9 6 3 592
20 44 9 9 4 592
20 48 9 9 13 592
21 0 1 7 3 567
21 33 1 7 8 567
21 3 1 6 4 567
21 4 1 8 6 567
21 7 1 6 5 567
21 41 1 7 18 567
21 11 1 10 18 567
21 44 1 9 8 567
21 13 1 9 12 567
21 14 1 5 20 567
21 16 1 4 1 567
21 49 1 2 16 567
21 20 1 9 16 567
21 17 1 9 3 567
21 43 1 4 10 567
21 24 1 3 22 567
21 25 1 2 12 567
21 28 1 1 18 567
21 29 1 7 25 567
21 30 1 6 5 567
21 36 1 4 7 567
22 0 3 7 10 584
22 2 3 4 15 584
22 3 3 6 25 584
22 4 3 8 3 584
22 10 3 8 8 584
22 11 3 10 8 584
22 13 3 9 11 584
22 14 3 5 23 584
22 15 3 9 11 584
22 16 3 4 17 584
22 17 3 9 4 584
22 23 3 8 13 584
22 24 3 3 16 584
22 25 3 2 25 584
22 27 3 5 24 584
22 30 3 6 3 584
22 31 3 8 6 584
22 32 3 8 6 584
22 33 3 7 24 584
22 35 3 5 3 584
22 37 3 6 24 584
22 38 3 3 13 584
22 39 3 8 15 584
22 40 3 6 4 584
22 41 3 7 1 584
22 45 3 8 16 584
23 0 8 7 10 86
23 2 8 4 25 86
23 7 8 6 4 86
23 9 8 6 1 86
23 10 8 8 7 86
23 11 8 10 12 86
23 12 8 2 1 86
23 13 8 9 24 86
23 15 8 9 22 86
23 16 8 4 3 86
23 18 8 10 19 86
23 19 8 10 1 86
23 22 8 3 13 86
23 24 8 3 24 86
23 26 8 2 3 86
23 27 8 5 9 86
23 28 8 1 13 86
23 32 8 8 7 86
23 33 8 7 2 86
23 35 8 5 13 86
23 37 8 6 13 86
23 40 8 6 6 86
23 41 8 7 14 86
23 43 8 4 9 86
24 1 3 5 3 461
24 2 3 4 14 461
24 3 3 6 5 461
24 6 3 7 7 461
24 7 3 6 6 461
24 8 3 9 9 461
24 9 3 6 2 461
24 10 3 8 1 461
24 11 3 10 22 461
24 13 3 9 22 461
24 16 3 4 8 461
24 17 3 9 10 461
24 19 3 10 3 461
24 20 3 9 3 461
24 21 3 1 22 461
24 22 3 3 16 461
24 23 3 8 24 461
24 25 3 2 17 461
24 26 3 2 6 461
24 27 3 5 11 461
24 31 3 8 9 461
24 35 3 5 16 461
24 36 3 4 1 461
24 37 3 6 17 461
24 38 3 3 5 461
24 41 3 7 18 461
24 42 3 8 14 461
24 43 3 4 13 461
24 44 3 9 25 461
24 48 3 9 19 461
24 49 3 2 9 461
25 1 2 5 10 469
25 4 2 8 20 469
25 7 2 6 12 469
25 8 2 9 7 469
25 14 2 5 15 469
25 15 2 9 21 469
25 16 2 4 18 469
25 17 2 9 5 469
25 19 2 10 16 469
25 20 2 9 11 469
25 21 2 1 12 469
25 22 2 3 25 469
25 24 2 3 17 469
25 26 2 2 17 469
25 30 2 6 9 469
25 33 2 7 22 469
25 34 2 8 17 469
25 35 2 5 25 469
25 39 2 8 13 469
25 42 2 8 6 469
25 45 2 8 2 469
25 46 2 2 25 469
25 47 2 10 21 469
25 48 2 9 12 469
26 2 2 4 24 88
26 3 2 6 15 88
26 6 2 7 23 88
26 8 2 9 20 88
26 11 2 10 22 88
26 12 2 2 10 88
26 13 2 9 24 88
26 15 2 9 4 88
26 16 2 4 21 88
26 17 2 9 7 88
26 20 2 9 21 88
26 23 2 8 3 88
26 24 2 3 6 88
26 25 2 2 17 88
26 27 2 5 24 88
26 28 2 1 22 88
26 29 2 7 16 88
26 30 2 6 20 88
26 34 2 8 20 88
26 38 2 3 24 88
26 43 2 4 7 88
26 45 2 8 6 88
26 48 2 9 13 88
27 34 5 8 19 103
27 35 5 5 24 103
27 4 5 8 3 103
27 38 5 3 24 103
27 7 5 6 5 103
27 9 5 6 25 103
27 42 5 8 17 103
27 39 5 8 6 103
27 44 5 9 20 103
27 13 5 9 9 103
27 14 5 5 2 103
27 15 5 9 12 103
27 48 5 9 15 103
27 24 5 3 11 103
27 22 5 3 24 103
27 41 5 7 2 103
27 23 5 8 9 103
27 26 5 2 24 103
27 47 5 10 6 103
27 29 5 7 12 103
27 31 5 8 23 103
28 0 1 7 8 401
28 2 1 4 9 401
28 3 1 6 11 401
28 4 1 8 24 401
28 5 1 9 12 401
28 6 1 7 20 401
28 8 1 9 17 401
28 11 1 10 16 401
28 14 1 5 9 401
28 16 1 4 8 401
28 17 1 9 21 401
28 20 1 9 7 401
28 21 1 1 18 401
28 23 1 8 13 401
28 26 1 2 22 401
28 29 1 7 9 401
28 30 1 6 16 401
28 31 1 8 9 401
28 34 1 8 25 401
28 38 1 3 12 401
28 39 1 8 22 401
28 40 1 6 10 401
28 43 1 4 14 401
28 44 1 9 9 401
28 47 1 10 6 401
29 0 7 7 20 555
29 4 7 8 12 555
29 6 7 7 20 555
29 7 7 6 4 555
29 9 7 6 3 555
29 10 7 8 5 555
29 13 7 9 22 555
29 14 7 5 7 555
29 15 7 9 7 555
29 16 7 4 12 555
29 18 7 10 20 555
29 19 7 10 18 555
29 21 7 1 25 555
29 26 7 2 16 555
29 27 7 5 12 555
29 28 7 1 9 555
29 32 7 8 4 555
29 39 7 8 11 555
29 40 7 6 24 555
29 41 7 7 20 555
29 42 7 8 19 555
29 43 7 4 3 555
29 45 7 8 2 555
29 46 7 2 8 555
29 47 7 10 15 555
29 49 7 2 6 555
30 1 6 5 21 901
30 4 6 8 25 901
30 6 6 7 23 901
30 9 6 6 2 901
30 11 6 10 24 901
30 12 6 2 18 901
30 14 6 5 13 901
30 16 6 4 20 901
30 17 6 9 4 901
30 18 6 10 24 901
30 19 6 10 22 901
30 20 6 9 24 901
30 21 6 1 5 901
30 22 6 3 3 901
30 25 6 2 9 901
30 26 6 2 20 901
30 28 6 1 16 901
30 31 6 8 16 901
30 32 6 8 13 901
30 34 6 8 13 901
30 35 6 5 17 901
30 36 6 4 3 901
30 37 6 6 5 901
30 38 6 3 19 901
30 40 6 6 21 901
30 41 6 7 8 901
30 42 6 8 20 901
30 43 6 4 14 901
30 45 6 8 2 901
31 0 8 7 5 462
31 1 8 5 7 462
31 2 8 4 22 462
31 6 8 7 20 462
31 8 8 9 6 462
31 12 8 2 3 462
31 15 8 9 12 462
31 17 8 9 16 462
31 18 8 10 21 462
31 22 8 3 6 462
31 24 8 3 9 462
31 27 8 5 23 462
31 28 8 1 9 462
31 30 8 6 16 462
31 32 8 8 4 462
31 33 8 7 7 462
31 35 8 5 20 462
31 36 8 4 4 462
31 38 8 3 21 462
31 39 8 8 3 462
31 41 8 7 7 462
31 43 8 4 22 462
31 44 8 9 13 462
31 45 8 8 25 462
31 49 8 2 2 462
32 0 8 7 18 938
32 1 8 5 14 938
32 3 8 6 17 938
32 4 8 8 25 938
32 5 8 9 16 938
32 6 8 7 22 938
32 7 8 6 10 938
32 8 8 9 25 938
32 10 8 8 12 938
32 12 8 2 18 938
32 14 8 5 19 938
32 17 8 9 20 938
32 22 8 3 6 938
32 23 8 8 7 938
32 29 8 7 4 938
32 30 8 6 13 938
32 31 8 8 4 938
32 33 8 7 25 938
32 34 8 8 17 938
32 35 8 5 8 938
32 38 8 3 18 938
32 40 8 6 8 938
32 45 8 8 17 938
33 0 7 7 22 876
33 2 7 4 8 876
33 3 7 6 2 876
33 4 7 8 9 876
33 5 7 9 19 876
33 7 7 6 10 876
33 8 7 9 14 876
33 10 7 8 23 876
33 11 7 10 23 876
33 12 7 2 8 876
33 13 7 9 9 876
33 16 7 4 19 876
33 18 7 10 20 876
33 19 7 10 16 876
33 20 7 9 9 876
33 21 7 1 8 876
33 22 7 3 24 876
33 23 7 8 2 876
33 25 7 2 22 876
33 31 7 8 7 876
33 32 7 8 25 876
33 36 7 4 10 876
33 37 7 6 23 876
33 38 7 3 23 876
33 47 7 10 2 876
33 49 7 2 23 876
34 0 8 7 25 431
34 1 8 5 18 431
34 2 8 4 18 431
34 3 8 6 19 431
34 5 8 9 3 431
34 8 8 9 23 431
34 9 8 6 21 431
34 10 8 8 7 431
34 11 8 10 14 431
34 13 8 9 5 431
34 15 8 9 24 431
34 19 8 10 11 431
34 25 8 2 17 431
34 26 8 2 20 431
34 27 8 5 19 431
34 28 8 1 25 431
34 30 8 6 13 431
34 32 8 8 17 431
34 36 8 4 25 431
34 37 8 6 17 431
34 38 8 3 5 431
34 39 8 8 23 431
34 40 8 6 19 431
34 41 8 7 15 431
34 42 8 8 24 431
34 43 8 4 20 431
34 44 8 9 10 431
34 46 8 2 8 431
34 47 8 10 12 431
34 49 8 2 9 431
35 2 5 4 14 904
35 4 5 8 22 904
35 5 5 9 16 904
35 6 5 7 18 904
35 7 5 6 4 904
35 8 5 9 4 904
35 9 5 6 24 904
35 12 5 2 17 904
35 14 5 5 5 904
35 15 5 9 18 904
35 19 5 10 12 904
35 20 5 9 3 904
35 22 5 3 3 904
35 23 5 8 13 904
35 24 5 3 16 904
35 25 5 2 25 904
35 27 5 5 24 904
35 30 5 6 17 904
35 31 5 8 20 904
35 32 5 8 8 904
35 40 5 6 1 904
35 42 5 8 14 904
35 44 5 9 21 904
35 47 5 10 21 904
35 48 5 9 24 904
36 0 4 7 25 114
36 3 4 6 3 114
36 5 4 9 5 114
36 6 4 7 12 114
36 9 4 6 15 114
36 10 4 8 4 114
36 11 4 10 22 114
36 18 4 10 24 114
36 19 4 10 23 114
36 20 4 9 2 114
36 21 4 1 7 114
36 24 4 3 1 114
36 30 4 6 3 114
36 31 4 8 4 114
36 33 4 7 10 114
36 34 4 8 25 114
36 37 4 6 17 114
36 39 4 8 15 114
36 45 4 8 1 114
36 46 4 2 22 114
36 47 4 10 8 114
36 48 4 9 14 114
37 4 6 8 11 91
37 5 6 9 14 91
37 8 6 9 3 91
37 9 6 6 4 91
37 11 6 10 16 91
37 12 6 2 8 91
37 13 6 9 13 91
37 14 6 5 21 91
37 17 6 9 24 91
37 19 6 10 19 91
37 20 6 9 12 91
37 22 6 3 24 91
37 23 6 8 13 91
37 24 6 3 17 91
37 30 6 6 5 91
37 33 6 7 23 91
37 34 6 8 17 91
37 36 6 4 17 91
37 39 6 8 15 91
37 40 6 6 4 91
37 41 6 7 6 91
37 43 6 4 8 91
37 44 6 9 3 91
37 49 6 2 24 91
38 0 3 7 25 659
38 6 3 7 23 659
38 9 3 6 13 659
38 10 3 8 2 659
38 11 3 10 15 659
38 13 3 9 6 659
38 15 3 9 20 659
38 19 3 10 3 659
38 22 3 3 13 659
38 24 3 3 5 659
38 26 3 2 24 659
38 27 3 5 24 659
38 28 3 1 12 659
38 30 3 6 19 659
38 31 3 8 21 659
38 32 3 8 18 659
38 33 3 7 23 659
38 34 3 8 5 659
38 39 3 8 1 659
38 40 3 6 4 659
38 44 3 9 5 659
38 48 3 9 3 659
39 0 8 7 9 945
39 1 8 5 5 945
39 4 8 8 3 945
39 7 8 6 14 945
39 9 8 6 14 945
39 10 8 8 16 945
39 11 8 10 21 945
39 14 8 5 14 945
39 16 8 4 19 945
39 18 8 10 20 945
39 20 8 9 19 945
39 22 8 3 15 945
39 25 8 2 13 945
39 27 8 5 6 945
39 28 8 1 22 945
39 29 8 7 11 945
39 31 8 8 3 945
39 34 8 8 23 945
39 36 8 4 15 945
39 37 8 6 15 945
39 38 8 3 1 945
39 40 8 6 10 945
39 41 8 7 24 945
39 42 8 8 4 945
39 43 8 4 17 945
39 44 8 9 7 945
39 46 8 2 6 945
39 47 8 10 6 945
40 4 6 8 25 458
40 5 6 9 12 458
40 10 6 8 13 458
40 11 6 10 11 458
40 13 6 9 11 458
40 14 6 5 7 458
40 15 6 9 4 458
40 16 6 4 13 458
40 17 6 9 22 458
40 20 6 9 3 458
40 22 6 3 4 458
40 23 6 8 6 458
40 28 6 1 10 458
40 29 6 7 24 458
40 30 6 6 21 458
40 32 6 8 8 458
40 34 6 8 19 458
40 35 6 5 1 458
40 37 6 6 4 458
40 38 6 3 4 458
40 39 6 8 10 458
40 41 6 7 17 458
40 45 6 8 7 458
40 48 6 9 24 458
40 49 6 2 1 458
41 3 7 6 11 967
41 5 7 9 25 967
41 6 7 7 2 967
41 13 7 9 1 967
41 16 7 4 17 967
41 17 7 9 23 967
41 21 7 1 18 967
41 22 7 3 1 967
41 23 7 8 14 967
41 24 7 3 18 967
41 27 7 5 2 967
41 29 7 7 20 967
41 30 7 6 8 967
41 31 7 8 7 967
41 34 7 8 15 967
41 37 7 6 6 967
41 39 7 8 24 967
41 40 7 6 17 967
41 43 7 4 14 967
41 44 7 9 4 967
41 46 7 2 4 967
41 47 7 10 9 967
41 48 7 9 12 967
42 0 8 7 13 227
42 2 8 4 22 227
42 3 8 6 10 227
42 5 8 9 9 227
42 6 8 7 15 227
42 7 8 6 2 227
42 8 8 9 10 227
42 9 8 6 6 227
42 15 8 9 16 227
42 16 8 4 23 227
42 18 8 10 7 227
42 24 8 3 14 227
42 25 8 2 6 227
42 27 8 5 17 227
42 29 8 7 19 227
42 30 8 6 20 227
42 34 8 8 24 227
42 35 8 5 14 227
42 39 8 8 4 227
42 43 8 4 11 227
42 44 8 9 12 227
42 45 8 8 13 227
42 46 8 2 16 227
42 48 8 9 10 227
43 1 4 5 2 246
43 4 4 8 18 246
43 6 4 7 14 246
43 7 4 6 5 246
43 9 4 6 1 246
43 10 4 8 9 246
43 12 4 2 8 246
43 13 4 9 7 246
43 14 4 5 8 246
43 15 4 9 11 246
43 16 4 4 16 246
43 17 4 9 6 246
43 19 4 10 21 246
43 21 4 1 10 246
43 23 4 8 9 246
43 24 4 3 13 246
43 26 4 2 7 246
43 28 4 1 14 246
43 29 4 7 3 246
43 30 4 6 14 246
43 31 4 8 22 246
43 34 4 8 20 246
43 37 4 6 8 246
43 39 4 8 17 246
43 41 4 7 14 246
43 42 4 8 11 246
43 45 4 8 25 246
43 47 4 10 6 246
43 48 4 9 18 246
43 49 4 2 19 246
44 1 9 5 11 975
44 2 9 4 13 975
44 3 9 6 20 975
44 5 9 9 2 975
44 6 9 7 21 975
44 7 9 6 19 975
44 8 9 9 13 975
44 12 9 2 19 975
44 15 9 9 9 975
44 16 9 4 1 975
44 19 9 10 6 975
44 20 9 9 4 975
44 21 9 1 8 975
44 24 9 3 25 975
44 27 9 5 20 975
44 28 9 1 9 975
44 31 9 8 13 975
44 34 9 8 10 975
44 35 9 5 21 975
44 37 9 6 3 975
44 38 9 3 5 975
44 39 9 8 7 975
44 41 9 7 4 975
44 42 9 8 12 975
45 1 8 5 6 422
45 3 8 6 13 422
45 7 8 6 16 422
45 9 8 6 20 422
45 11 8 10 11 422
45 12 8 2 20 422
45 14 8 5 20 422
45 15 8 9 24 422
45 16 8 4 21 422
45 18 8 10 19 422
45 22 8 3 16 422
45 25 8 2 2 422
45 26 8 2 6 422
45 29 8 7 2 422
45 30 8 6 2 422
45 31 8 8 25 422
45 32 8 8 17 422
45 36 8 4 1 422
45 40 8 6 7 422
45 42 8 8 13 422
45 43 8 4 25 422
45 46 8 2 7 422
45 48 8 9 11 422
46 2 2 4 2 708
46 3 2 6 1 708
46 4 2 8 5 708
46 6 2 7 9 708
46 7 2 6 5 708
46 9 2 6 23 708
46 10 2 8 17 708
46 11 2 10 23 708
46 12 2 2 5 708
46 13 2 9 10 708
46 14 2 5 17 708
46 15 2 9 12 708
46 18 2 10 12 708
46 19 2 10 16 708
46 25 2 2 25 708
46 29 2 7 8 708
46 34 2 8 8 708
46 36 2 4 22 708
46 39 2 8 6 708
46 41 2 7 4 708
46 42 2 8 16 708
46 45 2 8 7 708
46 47 2 10 9 708
46 48 2 9 4 708
46 49 2 2 18 708
47 0 10 7 4 987
47 2 10 4 22 987
47 3 10 6 19 987
47 5 10 9 19 987
47 8 10 9 4 987
47 11 10 10 17 987
47 12 10 2 6 987
47 13 10 9 20 987
47 17 10 9 13 987
47 18 10 10 17 987
47 19 10 10 4 987
47 25 10 2 21 987
47 27 10 5 6 987
47 28 10 1 6 987
47 29 10 7 15 987
47 33 10 7 2 987
47 34 10 8 12 987
47 35 10 5 21 987
47 36 10 4 8 987
47 39 10 8 6 987
47 41 10 7 9 987
47 43 10 4 6 987
47 46 10 2 9 987
47 48 10 9 6 987
47 49 10 2 3 987
48 1 9 5 7 510
48 3 9 6 21 510
48 4 9 8 17 510
48 6 9 7 6 510
48 8 9 9 9 510
48 9 9 6 7 510
48 11 9 10 20 510
48 12 9 2 4 510
48 14 9 5 23 510
48 15 9 9 24 510
48 16 9 4 16 510
48 17 9 9 15 510
48 18 9 10 24 510
48 20 9 9 13 510
48 24 9 3 19 510
48 25 9 2 12 510
48 26 9 2 13 510
48 27 9 5 15 510
48 35 9 5 24 510
48 36 9 4 14 510
48 38 9 3 3 510
48 40 9 6 24 510
48 41 9 7 12 510
48 42 9 8 10 510
48 43 9 4 18 510
48 45 9 8 11 510
48 46 9 2 4 510
48 47 9 10 6 510
48 49 9 2 18 510
49 0 2 7 14 485
49 33 2 7 23 485
49 34 2 8 9 485
49 31 2 8 2 485
49 5 2 9 10 485
49 6 2 7 22 485
49 7 2 6 3 485
49 8 2 9 10 485
49 9 2 6 25 485
49 43 2 4 19 485
49 13 2 9 20 485
49 46 2 2 18 485
49 15 2 9 20 485
49 48 2 9 18 485
49 17 2 9 18 485
49 21 2 1 16 485
49 40 2 6 1 485
49 24 2 3 9 485
49 47 2 10 3 485
49 29 2 7 6 485
49 37 2 6 24 485
