Node_1 Node_2 Capacity_node1 Capacity_node2 Latency_arc node_cost
nb_nodes 100
nb_arcs 4996
0 3 2 3 18 412
0 7 2 2 18 412
0 8 2 2 17 412
0 10 2 2 1 412
0 11 2 3 21 412
0 12 2 2 23 412
0 13 2 2 20 412
0 14 2 1 7 412
0 17 2 3 25 412
0 18 2 1 12 412
0 19 2 3 17 412
0 20 2 1 5 412
0 24 2 3 17 412
0 25 2 2 9 412
0 26 2 3 19 412
0 28 2 1 5 412
0 30 2 1 9 412
0 31 2 2 7 412
0 32 2 2 19 412
0 37 2 1 4 412
0 39 2 3 23 412
0 40 2 1 9 412
0 42 2 3 23 412
0 43 2 2 25 412
0 45 2 2 12 412
0 46 2 2 23 412
0 47 2 3 11 412
0 48 2 3 3 412
0 49 2 2 16 412
0 50 2 3 7 412
0 53 2 1 17 412
0 54 2 2 7 412
0 57 2 3 8 412
0 58 2 2 23 412
0 59 2 3 4 412
0 61 2 2 11 412
0 62 2 2 14 412
0 63 2 1 2 412
0 64 2 3 10 412
0 67 2 3 7 412
0 68 2 2 12 412
0 69 2 2 12 412
0 71 2 1 12 412
0 73 2 1 21 412
0 75 2 1 13 412
0 76 2 2 19 412
0 77 2 2 10 412
0 78 2 2 4 412
0 84 2 3 10 412
0 85 2 1 23 412
0 86 2 2 1 412
0 93 2 2 12 412
0 94 2 2 12 412
0 95 2 3 3 412
0 97 2 2 25 412
0 98 2 1 5 412
1 2 3 3 8 890
1 3 3 3 7 890
1 4 3 1 15 890
1 6 3 3 4 890
1 7 3 2 7 890
1 12 3 2 21 890
1 16 3 3 3 890
1 17 3 3 8 890
1 19 3 3 17 890
1 20 3 1 22 890
1 22 3 2 4 890
1 24 3 3 10 890
1 25 3 2 13 890
1 32 3 2 17 890
1 33 3 1 2 890
1 35 3 1 2 890
1 38 3 2 8 890
1 39 3 3 15 890
1 40 3 1 16 890
1 45 3 2 12 890
1 47 3 3 22 890
1 49 3 2 3 890
1 52 3 3 23 890
1 53 3 1 16 890
1 56 3 3 17 890
1 60 3 3 2 890
1 61 3 2 11 890
1 65 3 3 24 890
1 66 3 3 4 890
1 69 3 2 25 890
1 70 3 2 24 890
1 72 3 1 1 890
1 73 3 1 12 890
1 75 3 1 14 890
1 76 3 2 13 890
1 78 3 2 12 890
1 79 3 3 24 890
1 80 3 1 11 890
1 81 3 1 12 890
1 85 3 1 3 890
1 86 3 2 18 890
1 87 3 3 17 890
1 88 3 3 19 890
1 89 3 3 6 890
1 90 3 1 1 890
1 93 3 2 22 890
1 97 3 2 3 890
1 98 3 1 10 890
1 99 3 3 25 890
2 1 3 3 8 96
2 3 3 3 25 96
2 5 3 3 1 96
2 6 3 3 22 96
2 7 3 2 12 96
2 8 3 2 13 96
2 11 3 3 8 96
2 13 3 2 9 96
2 14 3 1 13 96
2 15 3 1 14 96
2 18 3 1 22 96
2 20 3 1 18 96
2 21 3 3 22 96
2 22 3 2 1 96
2 24 3 3 6 96
2 25 3 2 20 96
2 26 3 3 19 96
2 28 3 1 19 96
2 30 3 1 6 96
2 31 3 2 12 96
2 34 3 2 21 96
2 36 3 1 17 96
2 37 3 1 1 96
2 39 3 3 22 96
2 40 3 1 22 96
2 41 3 3 18 96
2 42 3 3 20 96
2 43 3 2 7 96
2 44 3 3 7 96
2 45 3 2 21 96
2 46 3 2 5 96
2 49 3 2 1 96
2 51 3 3 25 96
2 52 3 3 1 96
2 56 3 3 17 96
2 58 3 2 6 96
2 59 3 3 24 96
2 62 3 2 4 96
2 63 3 1 1 96
2 64 3 3 25 96
2 68 3 2 6 96
2 69 3 2 4 96
2 72 3 1 14 96
2 74 3 1 8 96
2 75 3 1 15 96
2 78 3 2 10 96
2 79 3 3 17 96
2 83 3 1 22 96
2 84 3 3 8 96
2 85 3 1 13 96
2 87 3 3 12 96
2 90 3 1 15 96
2 91 3 3 10 96
2 93 3 2 20 96
2 94 3 2 2 96
2 95 3 3 1 96
2 97 3 2 13 96
2 98 3 1 8 96
2 99 3 3 10 96
3 0 3 2 18 542
3 1 3 3 7 542
3 2 3 3 25 542
3 4 3 1 10 542
3 5 3 3 19 542
3 7 3 2 10 542
3 8 3 2 14 542
3 9 3 2 18 542
3 10 3 2 12 542
3 11 3 3 25 542
3 13 3 2 18 542
3 14 3 1 21 542
3 18 3 1 11 542
3 20 3 1 1 542
3 23 3 3 1 542
3 24 3 3 11 542
3 25 3 2 23 542
3 30 3 1 20 542
3 32 3 2 10 542
3 33 3 1 23 542
3 36 3 1 21 542
3 40 3 1 21 542
3 44 3 3 14 542
3 53 3 1 7 542
3 56 3 3 15 542
3 59 3 3 15 542
3 64 3 3 4 542
3 65 3 3 24 542
3 66 3 3 21 542
3 67 3 3 11 542
3 68 3 2 4 542
3 71 3 1 9 542
3 72 3 1 5 542
3 75 3 1 1 542
3 76 3 2 2 542
3 79 3 3 19 542
3 80 3 1 4 542
3 81 3 1 12 542
3 82 3 1 3 542
3 84 3 3 24 542
3 86 3 2 17 542
3 88 3 3 20 542
3 89 3 3 7 542
3 92 3 2 24 542
3 93 3 2 18 542
3 96 3 3 4 542
3 99 3 3 22 542
4 1 1 3 15 911
4 3 1 3 10 911
4 5 1 3 6 911
4 10 1 2 17 911
4 12 1 2 8 911
4 13 1 2 21 911
4 16 1 3 25 911
4 17 1 3 6 911
4 18 1 1 4 911
4 19 1 3 3 911
4 25 1 2 4 911
4 28 1 1 19 911
4 29 1 3 18 911
4 32 1 2 6 911
4 33 1 1 1 911
4 35 1 1 17 911
4 38 1 2 16 911
4 39 1 3 2 911
4 41 1 3 10 911
4 42 1 3 24 911
4 44 1 3 18 911
4 46 1 2 11 911
4 52 1 3 8 911
4 54 1 2 22 911
4 55 1 1 13 911
4 64 1 3 22 911
4 65 1 3 18 911
4 66 1 3 21 911
4 74 1 1 14 911
4 75 1 1 22 911
4 76 1 2 9 911
4 80 1 1 19 911
4 81 1 1 16 911
4 83 1 1 15 911
4 84 1 3 4 911
4 89 1 3 16 911
4 91 1 3 14 911
4 92 1 2 13 911
4 97 1 2 16 911
5 2 3 3 1 297
5 3 3 3 19 297
5 4 3 1 6 297
5 7 3 2 6 297
5 8 3 2 15 297
5 9 3 2 25 297
5 10 3 2 8 297
5 11 3 3 17 297
5 14 3 1 9 297
5 17 3 3 9 297
5 20 3 1 19 297
5 23 3 3 9 297
5 25 3 2 3 297
5 27 3 3 3 297
5 33 3 1 1 297
5 34 3 2 22 297
5 35 3 1 16 297
5 38 3 2 17 297
5 39 3 3 17 297
5 40 3 1 18 297
5 44 3 3 1 297
5 45 3 2 15 297
5 46 3 2 1 297
5 47 3 3 16 297
5 48 3 3 25 297
5 54 3 2 12 297
5 55 3 1 6 297
5 56 3 3 1 297
5 60 3 3 17 297
5 62 3 2 21 297
5 63 3 1 7 297
5 65 3 3 14 297
5 72 3 1 11 297
5 74 3 1 20 297
5 75 3 1 20 297
5 76 3 2 5 297
5 78 3 2 6 297
5 79 3 3 24 297
5 81 3 1 17 297
5 82 3 1 9 297
5 84 3 3 3 297
5 88 3 3 5 297
5 89 3 3 4 297
5 92 3 2 12 297
5 97 3 2 1 297
5 99 3 3 2 297
6 1 3 3 4 685
6 2 3 3 22 685
6 7 3 2 9 685
6 8 3 2 25 685
6 9 3 2 11 685
6 10 3 2 20 685
6 11 3 3 19 685
6 12 3 2 5 685
6 13 3 2 18 685
6 18 3 1 12 685
6 20 3 1 5 685
6 24 3 3 23 685
6 25 3 2 7 685
6 27 3 3 6 685
6 29 3 3 6 685
6 31 3 2 19 685
6 34 3 2 13 685
6 36 3 1 13 685
6 38 3 2 15 685
6 42 3 3 13 685
6 46 3 2 10 685
6 48 3 3 3 685
6 49 3 2 2 685
6 50 3 3 2 685
6 54 3 2 23 685
6 58 3 2 12 685
6 60 3 3 19 685
6 61 3 2 15 685
6 63 3 1 14 685
6 64 3 3 5 685
6 69 3 2 10 685
6 71 3 1 11 685
6 72 3 1 5 685
6 73 3 1 8 685
6 76 3 2 6 685
6 79 3 3 23 685
6 81 3 1 16 685
6 83 3 1 15 685
6 84 3 3 21 685
6 85 3 1 15 685
6 87 3 3 12 685
6 90 3 1 12 685
6 92 3 2 22 685
6 94 3 2 8 685
6 95 3 3 23 685
6 97 3 2 14 685
6 98 3 1 19 685
6 99 3 3 25 685
7 0 2 2 18 550
7 1 2 3 7 550
7 2 2 3 12 550
7 3 2 3 10 550
7 5 2 3 6 550
7 6 2 3 9 550
7 9 2 2 3 550
7 10 2 2 8 550
7 12 2 2 18 550
7 16 2 3 2 550
7 17 2 3 3 550
7 18 2 1 1 550
7 19 2 3 6 550
7 20 2 1 25 550
7 21 2 3 22 550
7 23 2 3 11 550
7 28 2 1 13 550
7 31 2 2 24 550
7 33 2 1 1 550
7 35 2 1 24 550
7 42 2 3 17 550
7 43 2 2 22 550
7 44 2 3 10 550
7 45 2 2 2 550
7 47 2 3 22 550
7 49 2 2 1 550
7 50 2 3 12 550
7 52 2 3 8 550
7 55 2 1 3 550
7 57 2 3 1 550
7 58 2 2 14 550
7 59 2 3 14 550
7 60 2 3 5 550
7 66 2 3 20 550
7 68 2 2 5 550
7 70 2 2 7 550
7 71 2 1 21 550
7 72 2 1 20 550
7 73 2 1 16 550
7 74 2 1 21 550
7 75 2 1 25 550
7 76 2 2 5 550
7 78 2 2 3 550
7 79 2 3 15 550
7 81 2 1 7 550
7 82 2 1 18 550
7 84 2 3 7 550
7 85 2 1 14 550
7 86 2 2 21 550
7 92 2 2 10 550
7 94 2 2 19 550
7 98 2 1 11 550
7 99 2 3 15 550
8 0 2 2 17 389
8 2 2 3 13 389
8 3 2 3 14 389
8 5 2 3 15 389
8 6 2 3 25 389
8 9 2 2 5 389
8 12 2 2 14 389
8 13 2 2 22 389
8 14 2 1 9 389
8 15 2 1 18 389
8 19 2 3 10 389
8 20 2 1 24 389
8 21 2 3 12 389
8 27 2 3 2 389
8 29 2 3 25 389
8 32 2 2 8 389
8 33 2 1 14 389
8 37 2 1 19 389
8 41 2 3 20 389
8 42 2 3 12 389
8 45 2 2 2 389
8 48 2 3 3 389
8 49 2 2 5 389
8 51 2 3 2 389
8 54 2 2 16 389
8 55 2 1 21 389
8 57 2 3 3 389
8 60 2 3 24 389
8 61 2 2 5 389
8 62 2 2 14 389
8 66 2 3 23 389
8 67 2 3 2 389
8 68 2 2 16 389
8 70 2 2 4 389
8 72 2 1 9 389
8 73 2 1 13 389
8 75 2 1 6 389
8 76 2 2 9 389
8 78 2 2 7 389
8 80 2 1 14 389
8 81 2 1 24 389
8 82 2 1 21 389
8 84 2 3 24 389
8 85 2 1 21 389
8 86 2 2 5 389
8 88 2 3 5 389
8 89 2 3 19 389
8 94 2 2 24 389
8 95 2 3 2 389
8 96 2 3 3 389
8 97 2 2 16 389
8 98 2 1 18 389
8 99 2 3 11 389
9 3 2 3 18 779
9 5 2 3 25 779
9 6 2 3 11 779
9 7 2 2 3 779
9 8 2 2 5 779
9 11 2 3 9 779
9 12 2 2 17 779
9 13 2 2 14 779
9 16 2 3 10 779
9 18 2 1 24 779
9 19 2 3 21 779
9 27 2 3 1 779
9 29 2 3 5 779
9 30 2 1 21 779
9 32 2 2 9 779
9 33 2 1 5 779
9 36 2 1 19 779
9 38 2 2 20 779
9 42 2 3 25 779
9 48 2 3 16 779
9 49 2 2 5 779
9 52 2 3 11 779
9 53 2 1 15 779
9 54 2 2 14 779
9 55 2 1 7 779
9 58 2 2 21 779
9 61 2 2 11 779
9 62 2 2 7 779
9 65 2 3 5 779
9 70 2 2 18 779
9 71 2 1 9 779
9 73 2 1 8 779
9 74 2 1 23 779
9 75 2 1 7 779
9 77 2 2 22 779
9 80 2 1 6 779
9 82 2 1 6 779
9 83 2 1 20 779
9 84 2 3 3 779
9 85 2 1 8 779
9 87 2 3 11 779
9 88 2 3 20 779
9 89 2 3 23 779
9 93 2 2 15 779
9 98 2 1 11 779
10 0 2 2 1 413
10 3 2 3 12 413
10 4 2 1 17 413
10 5 2 3 8 413
10 6 2 3 20 413
10 7 2 2 8 413
10 11 2 3 10 413
10 16 2 3 13 413
10 17 2 3 24 413
10 20 2 1 15 413
10 23 2 3 6 413
10 24 2 3 23 413
10 25 2 2 25 413
10 26 2 3 3 413
10 27 2 3 15 413
10 28 2 1 3 413
10 29 2 3 11 413
10 31 2 2 5 413
10 32 2 2 21 413
10 33 2 1 3 413
10 36 2 1 17 413
10 37 2 1 15 413
10 38 2 2 20 413
10 40 2 1 6 413
10 41 2 3 18 413
10 42 2 3 5 413
10 43 2 2 22 413
10 45 2 2 3 413
10 48 2 3 19 413
10 50 2 3 14 413
10 51 2 3 14 413
10 53 2 1 1 413
10 56 2 3 1 413
10 57 2 3 22 413
10 58 2 2 10 413
10 60 2 3 22 413
10 61 2 2 20 413
10 62 2 2 25 413
10 63 2 1 16 413
10 64 2 3 4 413
10 74 2 1 7 413
10 75 2 1 11 413
10 77 2 2 21 413
10 79 2 3 11 413
10 83 2 1 5 413
10 84 2 3 15 413
10 85 2 1 11 413
10 86 2 2 23 413
10 88 2 3 19 413
10 92 2 2 15 413
10 93 2 2 12 413
10 95 2 3 4 413
10 99 2 3 4 413
11 0 3 2 21 821
11 2 3 3 8 821
11 3 3 3 25 821
11 5 3 3 17 821
11 6 3 3 19 821
11 9 3 2 9 821
11 10 3 2 10 821
11 12 3 2 25 821
11 13 3 2 1 821
11 14 3 1 17 821
11 15 3 1 2 821
11 16 3 3 13 821
11 17 3 3 9 821
11 18 3 1 25 821
11 20 3 1 23 821
11 21 3 3 12 821
11 23 3 3 17 821
11 27 3 3 11 821
11 29 3 3 9 821
11 32 3 2 6 821
11 34 3 2 5 821
11 36 3 1 21 821
11 37 3 1 6 821
11 38 3 2 2 821
11 39 3 3 9 821
11 40 3 1 3 821
11 41 3 3 20 821
11 42 3 3 23 821
11 43 3 2 6 821
11 44 3 3 10 821
11 45 3 2 3 821
11 47 3 3 14 821
11 49 3 2 23 821
11 50 3 3 14 821
11 51 3 3 9 821
11 54 3 2 21 821
11 55 3 1 20 821
11 57 3 3 6 821
11 60 3 3 3 821
11 62 3 2 12 821
11 63 3 1 2 821
11 64 3 3 10 821
11 67 3 3 18 821
11 68 3 2 21 821
11 70 3 2 19 821
11 73 3 1 19 821
11 77 3 2 3 821
11 79 3 3 8 821
11 82 3 1 12 821
11 84 3 3 17 821
11 87 3 3 5 821
11 88 3 3 6 821
11 90 3 1 1 821
11 91 3 3 18 821
11 93 3 2 3 821
11 94 3 2 6 821
11 95 3 3 11 821
11 96 3 3 7 821
12 0 2 2 23 636
12 1 2 3 21 636
12 4 2 1 8 636
12 6 2 3 5 636
12 7 2 2 18 636
12 8 2 2 14 636
12 9 2 2 17 636
12 11 2 3 25 636
12 13 2 2 3 636
12 14 2 1 6 636
12 15 2 1 22 636
12 22 2 2 19 636
12 25 2 2 22 636
12 26 2 3 10 636
12 27 2 3 4 636
12 34 2 2 7 636
12 35 2 1 20 636
12 41 2 3 12 636
12 42 2 3 25 636
12 44 2 3 15 636
12 47 2 3 19 636
12 48 2 3 7 636
12 49 2 2 20 636
12 52 2 3 1 636
12 54 2 2 4 636
12 57 2 3 21 636
12 61 2 2 5 636
12 62 2 2 24 636
12 63 2 1 5 636
12 64 2 3 17 636
12 65 2 3 22 636
12 66 2 3 13 636
12 67 2 3 13 636
12 68 2 2 11 636
12 70 2 2 5 636
12 75 2 1 8 636
12 76 2 2 8 636
12 78 2 2 13 636
12 79 2 3 16 636
12 83 2 1 6 636
12 84 2 3 4 636
12 85 2 1 21 636
12 86 2 2 16 636
12 88 2 3 10 636
12 98 2 1 15 636
13 0 2 2 20 387
13 2 2 3 9 387
13 3 2 3 18 387
13 4 2 1 21 387
13 6 2 3 18 387
13 8 2 2 22 387
13 9 2 2 14 387
13 11 2 3 1 387
13 12 2 2 3 387
13 16 2 3 5 387
13 17 2 3 21 387
13 21 2 3 16 387
13 27 2 3 18 387
13 29 2 3 24 387
13 32 2 2 14 387
13 34 2 2 13 387
13 35 2 1 3 387
13 36 2 1 1 387
13 37 2 1 18 387
13 41 2 3 8 387
13 42 2 3 10 387
13 44 2 3 1 387
13 45 2 2 21 387
13 46 2 2 21 387
13 49 2 2 6 387
13 50 2 3 9 387
13 52 2 3 9 387
13 53 2 1 7 387
13 54 2 2 18 387
13 55 2 1 12 387
13 56 2 3 20 387
13 59 2 3 18 387
13 61 2 2 7 387
13 67 2 3 2 387
13 70 2 2 18 387
13 71 2 1 2 387
13 72 2 1 21 387
13 74 2 1 7 387
13 75 2 1 7 387
13 77 2 2 9 387
13 78 2 2 14 387
13 80 2 1 5 387
13 82 2 1 3 387
13 83 2 1 23 387
13 84 2 3 21 387
13 86 2 2 8 387
13 88 2 3 14 387
13 89 2 3 10 387
13 93 2 2 18 387
13 94 2 2 23 387
13 96 2 3 8 387
13 98 2 1 21 387
14 0 1 2 7 993
14 2 1 3 13 993
14 3 1 3 21 993
14 5 1 3 9 993
14 8 1 2 9 993
14 11 1 3 17 993
14 12 1 2 6 993
14 15 1 1 14 993
14 17 1 3 16 993
14 18 1 1 11 993
14 19 1 3 17 993
14 24 1 3 14 993
14 26 1 3 2 993
14 28 1 1 16 993
14 29 1 3 12 993
14 32 1 2 9 993
14 33 1 1 25 993
14 35 1 1 4 993
14 37 1 1 8 993
14 40 1 1 22 993
14 44 1 3 10 993
14 46 1 2 4 993
14 50 1 3 22 993
14 51 1 3 17 993
14 52 1 3 16 993
14 55 1 1 14 993
14 56 1 3 3 993
14 57 1 3 25 993
14 58 1 2 23 993
14 59 1 3 6 993
14 61 1 2 20 993
14 63 1 1 3 993
14 65 1 3 3 993
14 69 1 2 1 993
14 71 1 1 11 993
14 72 1 1 22 993
14 73 1 1 15 993
14 75 1 1 18 993
14 77 1 2 3 993
14 84 1 3 11 993
14 85 1 1 8 993
14 86 1 2 15 993
14 87 1 3 2 993
14 89 1 3 20 993
14 92 1 2 8 993
14 93 1 2 19 993
14 99 1 3 1 993
15 2 1 3 14 360
15 8 1 2 18 360
15 11 1 3 2 360
15 12 1 2 22 360
15 14 1 1 14 360
15 16 1 3 16 360
15 17 1 3 7 360
15 21 1 3 16 360
15 22 1 2 15 360
15 23 1 3 1 360
15 24 1 3 4 360
15 26 1 3 20 360
15 27 1 3 12 360
15 28 1 1 4 360
15 31 1 2 22 360
15 33 1 1 19 360
15 35 1 1 5 360
15 36 1 1 23 360
15 37 1 1 17 360
15 41 1 3 22 360
15 43 1 2 12 360
15 45 1 2 3 360
15 47 1 3 23 360
15 50 1 3 11 360
15 51 1 3 8 360
15 52 1 3 2 360
15 53 1 1 24 360
15 56 1 3 6 360
15 57 1 3 1 360
15 59 1 3 21 360
15 65 1 3 7 360
15 67 1 3 8 360
15 68 1 2 12 360
15 69 1 2 21 360
15 71 1 1 2 360
15 72 1 1 17 360
15 75 1 1 4 360
15 76 1 2 6 360
15 77 1 2 18 360
15 79 1 3 17 360
15 80 1 1 11 360
15 84 1 3 19 360
15 85 1 1 9 360
15 86 1 2 16 360
15 90 1 1 23 360
15 91 1 3 12 360
15 92 1 2 5 360
15 93 1 2 3 360
15 95 1 3 15 360
16 1 3 3 3 156
16 4 3 1 25 156
16 7 3 2 2 156
16 9 3 2 10 156
16 10 3 2 13 156
16 11 3 3 13 156
16 13 3 2 5 156
16 15 3 1 16 156
16 17 3 3 4 156
16 18 3 1 2 156
16 19 3 3 9 156
16 20 3 1 21 156
16 21 3 3 7 156
16 23 3 3 17 156
16 24 3 3 13 156
16 27 3 3 10 156
16 28 3 1 20 156
16 29 3 3 19 156
16 33 3 1 10 156
16 34 3 2 8 156
16 35 3 1 2 156
16 37 3 1 6 156
16 38 3 2 9 156
16 44 3 3 23 156
16 45 3 2 21 156
16 46 3 2 12 156
16 48 3 3 9 156
16 50 3 3 24 156
16 51 3 3 18 156
16 53 3 1 8 156
16 58 3 2 24 156
16 63 3 1 20 156
16 64 3 3 25 156
16 65 3 3 4 156
16 71 3 1 7 156
16 72 3 1 11 156
16 73 3 1 14 156
16 74 3 1 19 156
16 77 3 2 8 156
16 79 3 3 20 156
16 80 3 1 6 156
16 84 3 3 16 156
16 85 3 1 23 156
16 88 3 3 2 156
16 90 3 1 18 156
16 92 3 2 2 156
16 94 3 2 16 156
16 96 3 3 5 156
16 98 3 1 24 156
17 0 3 2 25 799
17 1 3 3 8 799
17 4 3 1 6 799
17 5 3 3 9 799
17 7 3 2 3 799
17 10 3 2 24 799
17 11 3 3 9 799
17 13 3 2 21 799
17 14 3 1 16 799
17 15 3 1 7 799
17 16 3 3 4 799
17 20 3 1 12 799
17 21 3 3 14 799
17 22 3 2 12 799
17 23 3 3 1 799
17 30 3 1 23 799
17 32 3 2 5 799
17 33 3 1 9 799
17 34 3 2 10 799
17 35 3 1 14 799
17 36 3 1 3 799
17 38 3 2 10 799
17 39 3 3 10 799
17 41 3 3 7 799
17 42 3 3 4 799
17 44 3 3 12 799
17 45 3 2 18 799
17 46 3 2 19 799
17 47 3 3 14 799
17 48 3 3 13 799
17 49 3 2 1 799
17 52 3 3 1 799
17 53 3 1 25 799
17 54 3 2 17 799
17 58 3 2 20 799
17 59 3 3 7 799
17 60 3 3 8 799
17 61 3 2 8 799
17 62 3 2 14 799
17 68 3 2 1 799
17 69 3 2 20 799
17 71 3 1 6 799
17 74 3 1 2 799
17 76 3 2 14 799
17 77 3 2 23 799
17 79 3 3 24 799
17 81 3 1 5 799
17 82 3 1 25 799
17 83 3 1 24 799
17 85 3 1 14 799
17 89 3 3 25 799
17 92 3 2 21 799
17 94 3 2 11 799
17 95 3 3 9 799
17 96 3 3 25 799
17 98 3 1 9 799
17 99 3 3 21 799
18 0 1 2 12 268
18 2 1 3 22 268
18 3 1 3 11 268
18 4 1 1 4 268
18 6 1 3 12 268
18 7 1 2 1 268
18 9 1 2 24 268
18 11 1 3 25 268
18 14 1 1 11 268
18 16 1 3 2 268
18 19 1 3 21 268
18 20 1 1 5 268
18 21 1 3 21 268
18 23 1 3 21 268
18 24 1 3 1 268
18 25 1 2 16 268
18 26 1 3 7 268
18 27 1 3 4 268
18 28 1 1 19 268
18 30 1 1 12 268
18 32 1 2 22 268
18 33 1 1 14 268
18 35 1 1 14 268
18 39 1 3 12 268
18 43 1 2 5 268
18 46 1 2 19 268
18 47 1 3 22 268
18 48 1 3 23 268
18 59 1 3 4 268
18 60 1 3 10 268
18 62 1 2 8 268
18 64 1 3 22 268
18 65 1 3 15 268
18 68 1 2 10 268
18 69 1 2 7 268
18 77 1 2 19 268
18 78 1 2 9 268
18 79 1 3 7 268
18 81 1 1 16 268
18 82 1 1 6 268
18 84 1 3 7 268
18 86 1 2 9 268
18 91 1 3 12 268
18 92 1 2 6 268
18 94 1 2 17 268
18 96 1 3 5 268
18 99 1 3 25 268
19 0 3 2 17 511
19 1 3 3 17 511
19 4 3 1 3 511
19 7 3 2 6 511
19 8 3 2 10 511
19 9 3 2 21 511
19 14 3 1 17 511
19 16 3 3 9 511
19 18 3 1 21 511
19 21 3 3 5 511
19 25 3 2 9 511
19 26 3 3 4 511
19 27 3 3 4 511
19 28 3 1 11 511
19 31 3 2 15 511
19 32 3 2 18 511
19 33 3 1 16 511
19 34 3 2 18 511
19 37 3 1 18 511
19 39 3 3 18 511
19 43 3 2 4 511
19 45 3 2 3 511
19 46 3 2 24 511
19 47 3 3 7 511
19 48 3 3 25 511
19 53 3 1 24 511
19 55 3 1 13 511
19 56 3 3 11 511
19 58 3 2 20 511
19 60 3 3 20 511
19 62 3 2 7 511
19 65 3 3 16 511
19 66 3 3 7 511
19 67 3 3 20 511
19 68 3 2 3 511
19 69 3 2 24 511
19 70 3 2 5 511
19 72 3 1 5 511
19 74 3 1 23 511
19 76 3 2 6 511
19 77 3 2 10 511
19 80 3 1 12 511
19 82 3 1 7 511
19 83 3 1 2 511
19 84 3 3 20 511
19 87 3 3 14 511
19 89 3 3 2 511
19 90 3 1 1 511
19 92 3 2 7 511
19 93 3 2 7 511
19 94 3 2 4 511
19 95 3 3 14 511
19 98 3 1 9 511
20 0 1 2 5 691
20 1 1 3 22 691
20 2 1 3 18 691
20 3 1 3 1 691
20 5 1 3 19 691
20 6 1 3 5 691
20 7 1 2 25 691
20 8 1 2 24 691
20 10 1 2 15 691
20 11 1 3 23 691
20 16 1 3 21 691
20 17 1 3 12 691
20 18 1 1 5 691
20 21 1 3 9 691
20 24 1 3 17 691
20 30 1 1 9 691
20 31 1 2 5 691
20 32 1 2 14 691
20 33 1 1 7 691
20 35 1 1 20 691
20 36 1 1 1 691
20 38 1 2 21 691
20 42 1 3 15 691
20 45 1 2 14 691
20 46 1 2 12 691
20 49 1 2 9 691
20 50 1 3 6 691
20 51 1 3 7 691
20 52 1 3 16 691
20 55 1 1 12 691
20 60 1 3 18 691
20 62 1 2 21 691
20 63 1 1 23 691
20 64 1 3 23 691
20 65 1 3 5 691
20 66 1 3 4 691
20 68 1 2 1 691
20 70 1 2 16 691
20 72 1 1 23 691
20 73 1 1 18 691
20 74 1 1 3 691
20 75 1 1 22 691
20 79 1 3 9 691
20 83 1 1 18 691
20 84 1 3 2 691
20 86 1 2 25 691
20 90 1 1 12 691
20 91 1 3 2 691
20 92 1 2 9 691
20 93 1 2 17 691
20 96 1 3 9 691
20 98 1 1 15 691
21 2 3 3 22 54
21 7 3 2 22 54
21 8 3 2 12 54
21 11 3 3 12 54
21 13 3 2 16 54
21 15 3 1 16 54
21 16 3 3 7 54
21 17 3 3 14 54
21 18 3 1 21 54
21 19 3 3 5 54
21 20 3 1 9 54
21 22 3 2 6 54
21 23 3 3 5 54
21 25 3 2 21 54
21 29 3 3 23 54
21 32 3 2 15 54
21 33 3 1 6 54
21 34 3 2 8 54
21 36 3 1 10 54
21 40 3 1 11 54
21 43 3 2 9 54
21 47 3 3 12 54
21 48 3 3 6 54
21 51 3 3 24 54
21 55 3 1 15 54
21 56 3 3 14 54
21 57 3 3 7 54
21 59 3 3 7 54
21 61 3 2 23 54
21 63 3 1 15 54
21 65 3 3 22 54
21 66 3 3 21 54
21 67 3 3 16 54
21 69 3 2 2 54
21 70 3 2 18 54
21 71 3 1 11 54
21 72 3 1 2 54
21 73 3 1 7 54
21 81 3 1 13 54
21 82 3 1 22 54
21 84 3 3 13 54
21 85 3 1 16 54
21 86 3 2 13 54
21 87 3 3 16 54
21 88 3 3 12 54
21 94 3 2 13 54
21 97 3 2 7 54
22 1 2 3 4 756
22 2 2 3 1 756
22 12 2 2 19 756
22 15 2 1 15 756
22 17 2 3 12 756
22 21 2 3 6 756
22 23 2 3 20 756
22 28 2 1 9 756
22 33 2 1 20 756
22 34 2 2 16 756
22 35 2 1 25 756
22 36 2 1 4 756
22 39 2 3 7 756
22 41 2 3 25 756
22 44 2 3 3 756
22 46 2 2 19 756
22 47 2 3 6 756
22 48 2 3 15 756
22 51 2 3 10 756
22 54 2 2 10 756
22 58 2 2 5 756
22 59 2 3 14 756
22 60 2 3 6 756
22 62 2 2 12 756
22 63 2 1 13 756
22 65 2 3 4 756
22 66 2 3 11 756
22 71 2 1 4 756
22 72 2 1 14 756
22 78 2 2 10 756
22 83 2 1 23 756
22 85 2 1 12 756
22 86 2 2 23 756
22 89 2 3 4 756
22 90 2 1 15 756
22 93 2 2 16 756
22 94 2 2 19 756
22 95 2 3 14 756
22 96 2 3 3 756
22 99 2 3 18 756
23 3 3 3 1 484
23 5 3 3 9 484
23 7 3 2 11 484
23 10 3 2 6 484
23 11 3 3 17 484
23 15 3 1 1 484
23 16 3 3 17 484
23 17 3 3 1 484
23 18 3 1 21 484
23 21 3 3 5 484
23 22 3 2 20 484
23 25 3 2 9 484
23 27 3 3 1 484
23 28 3 1 6 484
23 33 3 1 25 484
23 36 3 1 23 484
23 38 3 2 24 484
23 40 3 1 3 484
23 42 3 3 1 484
23 46 3 2 14 484
23 47 3 3 8 484
23 49 3 2 19 484
23 55 3 1 11 484
23 56 3 3 8 484
23 57 3 3 8 484
23 59 3 3 18 484
23 61 3 2 3 484
23 65 3 3 14 484
23 70 3 2 19 484
23 72 3 1 23 484
23 73 3 1 7 484
23 74 3 1 21 484
23 76 3 2 4 484
23 77 3 2 23 484
23 78 3 2 11 484
23 79 3 3 13 484
23 85 3 1 17 484
23 86 3 2 5 484
23 88 3 3 21 484
23 90 3 1 2 484
23 91 3 3 14 484
23 94 3 2 14 484
23 96 3 3 7 484
23 97 3 2 6 484
24 0 3 2 17 774
24 1 3 3 10 774
24 2 3 3 6 774
24 3 3 3 11 774
24 6 3 3 23 774
24 10 3 2 23 774
24 14 3 1 14 774
24 15 3 1 4 774
24 16 3 3 13 774
24 18 3 1 1 774
24 20 3 1 17 774
24 25 3 2 8 774
24 28 3 1 21 774
24 30 3 1 3 774
24 32 3 2 25 774
24 35 3 1 1 774
24 38 3 2 10 774
24 39 3 3 6 774
24 41 3 3 12 774
24 48 3 3 10 774
24 50 3 3 8 774
24 56 3 3 6 774
24 57 3 3 17 774
24 58 3 2 15 774
24 59 3 3 19 774
24 61 3 2 14 774
24 63 3 1 13 774
24 64 3 3 2 774
24 65 3 3 22 774
24 66 3 3 24 774
24 67 3 3 3 774
24 68 3 2 24 774
24 70 3 2 16 774
24 72 3 1 18 774
24 73 3 1 14 774
24 74 3 1 15 774
24 75 3 1 2 774
24 76 3 2 12 774
24 79 3 3 8 774
24 81 3 1 24 774
24 85 3 1 16 774
24 86 3 2 15 774
24 88 3 3 24 774
24 89 3 3 13 774
24 90 3 1 24 774
24 94 3 2 12 774
24 96 3 3 11 774
24 98 3 1 20 774
24 99 3 3 10 774
25 0 2 2 9 650
25 1 2 3 13 650
25 2 2 3 20 650
25 3 2 3 23 650
25 4 2 1 4 650
25 5 2 3 3 650
25 6 2 3 7 650
25 10 2 2 25 650
25 12 2 2 22 650
25 18 2 1 16 650
25 19 2 3 9 650
25 21 2 3 21 650
25 23 2 3 9 650
25 24 2 3 8 650
25 30 2 1 6 650
25 32 2 2 5 650
25 34 2 2 14 650
25 37 2 1 17 650
25 39 2 3 6 650
25 40 2 1 5 650
25 41 2 3 5 650
25 42 2 3 8 650
25 47 2 3 21 650
25 48 2 3 16 650
25 50 2 3 12 650
25 53 2 1 18 650
25 54 2 2 5 650
25 55 2 1 2 650
25 58 2 2 22 650
25 60 2 3 17 650
25 62 2 2 6 650
25 65 2 3 7 650
25 69 2 2 10 650
25 75 2 1 8 650
25 76 2 2 12 650
25 77 2 2 16 650
25 78 2 2 22 650
25 79 2 3 5 650
25 80 2 1 5 650
25 81 2 1 18 650
25 87 2 3 12 650
25 88 2 3 25 650
25 90 2 1 21 650
25 94 2 2 12 650
25 98 2 1 9 650
25 99 2 3 5 650
26 0 3 2 19 690
26 2 3 3 19 690
26 10 3 2 3 690
26 12 3 2 10 690
26 14 3 1 2 690
26 15 3 1 20 690
26 18 3 1 7 690
26 19 3 3 4 690
26 27 3 3 9 690
26 28 3 1 24 690
26 31 3 2 6 690
26 34 3 2 9 690
26 35 3 1 7 690
26 36 3 1 3 690
26 37 3 1 4 690
26 40 3 1 13 690
26 41 3 3 13 690
26 43 3 2 2 690
26 44 3 3 4 690
26 45 3 2 13 690
26 46 3 2 24 690
26 49 3 2 9 690
26 50 3 3 6 690
26 51 3 3 19 690
26 52 3 3 11 690
26 53 3 1 5 690
26 55 3 1 8 690
26 56 3 3 19 690
26 57 3 3 20 690
26 59 3 3 25 690
26 60 3 3 21 690
26 61 3 2 14 690
26 67 3 3 5 690
26 71 3 1 9 690
26 73 3 1 8 690
26 74 3 1 24 690
26 75 3 1 7 690
26 77 3 2 9 690
26 82 3 1 22 690
26 83 3 1 4 690
26 85 3 1 24 690
26 87 3 3 22 690
26 88 3 3 18 690
26 90 3 1 12 690
26 95 3 3 20 690
26 97 3 2 7 690
26 99 3 3 15 690
27 5 3 3 3 167
27 6 3 3 6 167
27 8 3 2 2 167
27 9 3 2 1 167
27 10 3 2 15 167
27 11 3 3 11 167
27 12 3 2 4 167
27 13 3 2 18 167
27 15 3 1 12 167
27 16 3 3 10 167
27 18 3 1 4 167
27 19 3 3 4 167
27 23 3 3 1 167
27 26 3 3 9 167
27 28 3 1 8 167
27 31 3 2 6 167
27 32 3 2 6 167
27 33 3 1 16 167
27 34 3 2 3 167
27 37 3 1 18 167
27 42 3 3 4 167
27 44 3 3 8 167
27 45 3 2 12 167
27 48 3 3 6 167
27 50 3 3 2 167
27 51 3 3 20 167
27 53 3 1 20 167
27 56 3 3 7 167
27 57 3 3 17 167
27 58 3 2 16 167
27 61 3 2 14 167
27 64 3 3 19 167
27 65 3 3 19 167
27 66 3 3 17 167
27 68 3 2 18 167
27 69 3 2 8 167
27 70 3 2 15 167
27 71 3 1 18 167
27 72 3 1 12 167
27 74 3 1 1 167
27 75 3 1 16 167
27 76 3 2 20 167
27 77 3 2 25 167
27 78 3 2 3 167
27 81 3 1 17 167
27 83 3 1 8 167
27 85 3 1 9 167
27 86 3 2 18 167
27 87 3 3 6 167
27 88 3 3 4 167
27 90 3 1 12 167
27 92 3 2 19 167
27 94 3 2 1 167
27 96 3 3 21 167
27 98 3 1 21 167
27 99 3 3 6 167
28 0 1 2 5 552
28 2 1 3 19 552
28 4 1 1 19 552
28 7 1 2 13 552
28 10 1 2 3 552
28 14 1 1 16 552
28 15 1 1 4 552
28 16 1 3 20 552
28 18 1 1 19 552
28 19 1 3 11 552
28 22 1 2 9 552
28 23 1 3 6 552
28 24 1 3 21 552
28 26 1 3 24 552
28 27 1 3 8 552
28 29 1 3 19 552
28 30 1 1 23 552
28 31 1 2 10 552
28 32 1 2 20 552
28 33 1 1 8 552
28 35 1 1 3 552
28 36 1 1 4 552
28 37 1 1 14 552
28 39 1 3 4 552
28 40 1 1 9 552
28 44 1 3 16 552
28 45 1 2 18 552
28 46 1 2 11 552
28 47 1 3 19 552
28 48 1 3 24 552
28 49 1 2 4 552
28 50 1 3 13 552
28 51 1 3 15 552
28 52 1 3 15 552
28 54 1 2 10 552
28 55 1 1 20 552
28 60 1 3 11 552
28 61 1 2 11 552
28 62 1 2 14 552
28 65 1 3 18 552
28 66 1 3 25 552
28 69 1 2 18 552
28 71 1 1 25 552
28 73 1 1 2 552
28 74 1 1 16 552
28 75 1 1 19 552
28 76 1 2 23 552
28 78 1 2 1 552
28 82 1 1 16 552
28 83 1 1 25 552
28 85 1 1 25 552
28 86 1 2 24 552
28 87 1 3 11 552
28 89 1 3 8 552
28 91 1 3 20 552
28 96 1 3 11 552
29 4 3 1 18 764
29 6 3 3 6 764
29 8 3 2 25 764
29 9 3 2 5 764
29 10 3 2 11 764
29 11 3 3 9 764
29 13 3 2 24 764
29 14 3 1 12 764
29 16 3 3 19 764
29 21 3 3 23 764
29 28 3 1 19 764
29 30 3 1 13 764
29 31 3 2 23 764
29 33 3 1 18 764
29 34 3 2 19 764
29 35 3 1 23 764
29 43 3 2 21 764
29 46 3 2 5 764
29 49 3 2 24 764
29 50 3 3 14 764
29 51 3 3 1 764
29 53 3 1 2 764
29 54 3 2 15 764
29 57 3 3 8 764
29 58 3 2 8 764
29 61 3 2 24 764
29 68 3 2 7 764
29 70 3 2 15 764
29 74 3 1 19 764
29 77 3 2 25 764
29 79 3 3 18 764
29 80 3 1 22 764
29 81 3 1 10 764
29 84 3 3 6 764
29 85 3 1 12 764
29 86 3 2 19 764
29 87 3 3 14 764
29 91 3 3 5 764
29 92 3 2 6 764
29 98 3 1 13 764
30 0 1 2 9 507
30 2 1 3 6 507
30 3 1 3 20 507
30 9 1 2 21 507
30 17 1 3 23 507
30 18 1 1 12 507
30 20 1 1 9 507
30 24 1 3 3 507
30 25 1 2 6 507
30 28 1 1 23 507
30 29 1 3 13 507
30 33 1 1 7 507
30 35 1 1 7 507
30 36 1 1 17 507
30 41 1 3 18 507
30 44 1 3 13 507
30 46 1 2 8 507
30 48 1 3 18 507
30 50 1 3 20 507
30 53 1 1 10 507
30 57 1 3 24 507
30 58 1 2 11 507
30 60 1 3 14 507
30 61 1 2 12 507
30 64 1 3 16 507
30 65 1 3 1 507
30 66 1 3 17 507
30 68 1 2 9 507
30 72 1 1 17 507
30 73 1 1 10 507
30 75 1 1 19 507
30 76 1 2 4 507
30 77 1 2 2 507
30 78 1 2 22 507
30 81 1 1 6 507
30 85 1 1 17 507
30 87 1 3 13 507
30 88 1 3 20 507
30 89 1 3 16 507
30 92 1 2 17 507
30 93 1 2 13 507
30 95 1 3 14 507
30 96 1 3 18 507
30 97 1 2 20 507
30 98 1 1 6 507
30 99 1 3 18 507
31 0 2 2 7 179
31 2 2 3 12 179
31 6 2 3 19 179
31 7 2 2 24 179
31 10 2 2 5 179
31 15 2 1 22 179
31 19 2 3 15 179
31 20 2 1 5 179
31 26 2 3 6 179
31 27 2 3 6 179
31 28 2 1 10 179
31 29 2 3 23 179
31 34 2 2 2 179
31 35 2 1 15 179
31 36 2 1 22 179
31 38 2 2 20 179
31 40 2 1 23 179
31 45 2 2 15 179
31 48 2 3 24 179
31 49 2 2 23 179
31 51 2 3 19 179
31 54 2 2 1 179
31 55 2 1 13 179
31 56 2 3 22 179
31 57 2 3 25 179
31 58 2 2 12 179
31 60 2 3 8 179
31 64 2 3 4 179
31 66 2 3 21 179
31 69 2 2 15 179
31 73 2 1 12 179
31 77 2 2 25 179
31 78 2 2 3 179
31 80 2 1 15 179
31 82 2 1 17 179
31 84 2 3 18 179
31 86 2 2 5 179
31 88 2 3 25 179
31 91 2 3 25 179
31 96 2 3 19 179
31 99 2 3 15 179
32 0 2 2 19 53
32 1 2 3 17 53
32 3 2 3 10 53
32 4 2 1 6 53
32 8 2 2 8 53
32 9 2 2 9 53
32 10 2 2 21 53
32 11 2 3 6 53
32 13 2 2 14 53
32 14 2 1 9 53
32 17 2 3 5 53
32 18 2 1 22 53
32 19 2 3 18 53
32 20 2 1 14 53
32 21 2 3 15 53
32 24 2 3 25 53
32 25 2 2 5 53
32 27 2 3 6 53
32 28 2 1 20 53
32 33 2 1 25 53
32 34 2 2 5 53
32 39 2 3 2 53
32 40 2 1 9 53
32 41 2 3 25 53
32 42 2 3 23 53
32 47 2 3 12 53
32 48 2 3 24 53
32 49 2 2 16 53
32 51 2 3 2 53
32 52 2 3 8 53
32 54 2 2 14 53
32 58 2 2 22 53
32 59 2 3 23 53
32 60 2 3 15 53
32 62 2 2 5 53
32 64 2 3 25 53
32 65 2 3 13 53
32 66 2 3 8 53
32 67 2 3 25 53
32 72 2 1 12 53
32 73 2 1 23 53
32 76 2 2 16 53
32 77 2 2 15 53
32 78 2 2 1 53
32 82 2 1 24 53
32 87 2 3 25 53
32 88 2 3 7 53
32 89 2 3 17 53
32 95 2 3 21 53
32 96 2 3 2 53
32 97 2 2 9 53
32 99 2 3 19 53
33 1 1 3 2 575
33 3 1 3 23 575
33 4 1 1 1 575
33 5 1 3 1 575
33 7 1 2 1 575
33 8 1 2 14 575
33 9 1 2 5 575
33 10 1 2 3 575
33 14 1 1 25 575
33 15 1 1 19 575
33 16 1 3 10 575
33 17 1 3 9 575
33 18 1 1 14 575
33 19 1 3 16 575
33 20 1 1 7 575
33 21 1 3 6 575
33 22 1 2 20 575
33 23 1 3 25 575
33 27 1 3 16 575
33 28 1 1 8 575
33 29 1 3 18 575
33 30 1 1 7 575
33 32 1 2 25 575
33 35 1 1 18 575
33 38 1 2 15 575
33 40 1 1 18 575
33 41 1 3 16 575
33 45 1 2 25 575
33 48 1 3 2 575
33 49 1 2 5 575
33 50 1 3 8 575
33 51 1 3 3 575
33 52 1 3 9 575
33 53 1 1 13 575
33 57 1 3 19 575
33 58 1 2 1 575
33 59 1 3 19 575
33 61 1 2 11 575
33 64 1 3 15 575
33 65 1 3 24 575
33 66 1 3 13 575
33 69 1 2 18 575
33 72 1 1 9 575
33 75 1 1 16 575
33 76 1 2 25 575
33 77 1 2 3 575
33 81 1 1 15 575
33 82 1 1 17 575
33 84 1 3 3 575
33 85 1 1 15 575
33 86 1 2 22 575
33 87 1 3 4 575
33 90 1 1 4 575
33 91 1 3 18 575
33 92 1 2 4 575
33 93 1 2 23 575
33 94 1 2 9 575
33 95 1 3 10 575
34 2 2 3 21 125
34 5 2 3 22 125
34 6 2 3 13 125
34 11 2 3 5 125
34 12 2 2 7 125
34 13 2 2 13 125
34 16 2 3 8 125
34 17 2 3 10 125
34 19 2 3 18 125
34 21 2 3 8 125
34 22 2 2 16 125
34 25 2 2 14 125
34 26 2 3 9 125
34 27 2 3 3 125
34 29 2 3 19 125
34 31 2 2 2 125
34 32 2 2 5 125
34 35 2 1 18 125
34 38 2 2 7 125
34 39 2 3 6 125
34 40 2 1 4 125
34 42 2 3 1 125
34 43 2 2 12 125
34 44 2 3 4 125
34 45 2 2 10 125
34 47 2 3 4 125
34 49 2 2 19 125
34 58 2 2 19 125
34 60 2 3 18 125
34 61 2 2 24 125
34 63 2 1 10 125
34 64 2 3 10 125
34 66 2 3 8 125
34 67 2 3 18 125
34 68 2 2 1 125
34 69 2 2 25 125
34 71 2 1 1 125
34 72 2 1 22 125
34 74 2 1 13 125
34 78 2 2 8 125
34 81 2 1 2 125
34 83 2 1 23 125
34 84 2 3 16 125
34 85 2 1 22 125
34 87 2 3 17 125
34 88 2 3 19 125
34 90 2 1 14 125
34 92 2 2 11 125
34 94 2 2 4 125
34 95 2 3 22 125
34 97 2 2 17 125
35 1 1 3 2 850
35 4 1 1 17 850
35 5 1 3 16 850
35 7 1 2 24 850
35 12 1 2 20 850
35 13 1 2 3 850
35 14 1 1 4 850
35 15 1 1 5 850
35 16 1 3 2 850
35 17 1 3 14 850
35 18 1 1 14 850
35 20 1 1 20 850
35 22 1 2 25 850
35 24 1 3 1 850
35 26 1 3 7 850
35 28 1 1 3 850
35 29 1 3 23 850
35 30 1 1 7 850
35 31 1 2 15 850
35 33 1 1 18 850
35 34 1 2 18 850
35 36 1 1 10 850
35 37 1 1 13 850
35 38 1 2 15 850
35 40 1 1 6 850
35 41 1 3 8 850
35 42 1 3 11 850
35 44 1 3 16 850
35 45 1 2 19 850
35 46 1 2 12 850
35 47 1 3 4 850
35 50 1 3 15 850
35 51 1 3 11 850
35 54 1 2 1 850
35 61 1 2 25 850
35 62 1 2 19 850
35 63 1 1 14 850
35 64 1 3 5 850
35 66 1 3 5 850
35 68 1 2 7 850
35 69 1 2 5 850
35 70 1 2 9 850
35 72 1 1 19 850
35 73 1 1 12 850
35 76 1 2 23 850
35 78 1 2 25 850
35 80 1 1 8 850
35 83 1 1 7 850
35 84 1 3 1 850
35 85 1 1 16 850
35 87 1 3 8 850
35 88 1 3 5 850
35 89 1 3 7 850
35 90 1 1 13 850
35 92 1 2 21 850
35 93 1 2 22 850
35 94 1 2 5 850
35 97 1 2 19 850
35 98 1 1 17 850
36 2 1 3 17 550
36 3 1 3 21 550
36 6 1 3 13 550
36 9 1 2 19 550
36 10 1 2 17 550
36 11 1 3 21 550
36 13 1 2 1 550
36 15 1 1 23 550
36 17 1 3 3 550
36 20 1 1 1 550
36 21 1 3 10 550
36 22 1 2 4 550
36 23 1 3 23 550
36 26 1 3 3 550
36 28 1 1 4 550
36 30 1 1 17 550
36 31 1 2 22 550
36 35 1 1 10 550
36 38 1 2 15 550
36 39 1 3 4 550
36 41 1 3 24 550
36 43 1 2 24 550
36 46 1 2 20 550
36 49 1 2 15 550
36 50 1 3 2 550
36 55 1 1 6 550
36 56 1 3 17 550
36 58 1 2 8 550
36 60 1 3 15 550
36 64 1 3 6 550
36 65 1 3 1 550
36 68 1 2 3 550
36 76 1 2 8 550
36 77 1 2 20 550
36 78 1 2 10 550
36 80 1 1 19 550
36 81 1 1 4 550
36 83 1 1 5 550
36 87 1 3 15 550
36 88 1 3 11 550
36 89 1 3 14 550
36 90 1 1 12 550
36 91 1 3 15 550
36 92 1 2 22 550
36 93 1 2 7 550
36 97 1 2 7 550
36 98 1 1 16 550
36 99 1 3 11 550
37 0 1 2 4 824
37 2 1 3 1 824
37 8 1 2 19 824
37 10 1 2 15 824
37 11 1 3 6 824
37 13 1 2 18 824
37 14 1 1 8 824
37 15 1 1 17 824
37 16 1 3 6 824
37 19 1 3 18 824
37 25 1 2 17 824
37 26 1 3 4 824
37 27 1 3 18 824
37 28 1 1 14 824
37 35 1 1 13 824
37 42 1 3 4 824
37 45 1 2 16 824
37 52 1 3 7 824
37 53 1 1 1 824
37 54 1 2 21 824
37 55 1 1 16 824
37 56 1 3 6 824
37 57 1 3 15 824
37 59 1 3 12 824
37 61 1 2 11 824
37 63 1 1 25 824
37 64 1 3 6 824
37 66 1 3 12 824
37 67 1 3 16 824
37 68 1 2 1 824
37 69 1 2 7 824
37 72 1 1 11 824
37 73 1 1 19 824
37 74 1 1 22 824
37 75 1 1 17 824
37 77 1 2 1 824
37 78 1 2 8 824
37 79 1 3 7 824
37 80 1 1 1 824
37 85 1 1 23 824
37 87 1 3 7 824
37 90 1 1 18 824
37 91 1 3 11 824
37 94 1 2 22 824
37 96 1 3 24 824
37 97 1 2 7 824
37 98 1 1 22 824
38 1 2 3 8 261
38 4 2 1 16 261
38 5 2 3 17 261
38 6 2 3 15 261
38 9 2 2 20 261
38 10 2 2 20 261
38 11 2 3 2 261
38 16 2 3 9 261
38 17 2 3 10 261
38 20 2 1 21 261
38 23 2 3 24 261
38 24 2 3 10 261
38 31 2 2 20 261
38 33 2 1 15 261
38 34 2 2 7 261
38 35 2 1 15 261
38 36 2 1 15 261
38 43 2 2 22 261
38 47 2 3 19 261
38 51 2 3 22 261
38 52 2 3 18 261
38 56 2 3 13 261
38 57 2 3 20 261
38 58 2 2 6 261
38 60 2 3 18 261
38 62 2 2 20 261
38 64 2 3 3 261
38 66 2 3 21 261
38 67 2 3 7 261
38 70 2 2 19 261
38 71 2 1 6 261
38 72 2 1 14 261
38 74 2 1 21 261
38 76 2 2 10 261
38 79 2 3 4 261
38 81 2 1 15 261
38 82 2 1 4 261
38 86 2 2 15 261
38 88 2 3 21 261
38 91 2 3 6 261
38 93 2 2 9 261
38 95 2 3 11 261
38 96 2 3 18 261
38 98 2 1 2 261
38 99 2 3 21 261
39 0 3 2 23 355
39 1 3 3 15 355
39 2 3 3 22 355
39 4 3 1 2 355
39 5 3 3 17 355
39 11 3 3 9 355
39 17 3 3 10 355
39 18 3 1 12 355
39 19 3 3 18 355
39 22 3 2 7 355
39 24 3 3 6 355
39 25 3 2 6 355
39 28 3 1 4 355
39 32 3 2 2 355
39 34 3 2 6 355
39 36 3 1 4 355
39 40 3 1 6 355
39 43 3 2 4 355
39 47 3 3 15 355
39 49 3 2 14 355
39 51 3 3 24 355
39 57 3 3 8 355
39 59 3 3 15 355
39 60 3 3 8 355
39 61 3 2 21 355
39 62 3 2 9 355
39 66 3 3 22 355
39 67 3 3 14 355
39 73 3 1 2 355
39 75 3 1 2 355
39 81 3 1 11 355
39 82 3 1 17 355
39 86 3 2 5 355
39 87 3 3 7 355
39 89 3 3 9 355
39 90 3 1 3 355
39 91 3 3 12 355
39 92 3 2 22 355
39 94 3 2 6 355
39 99 3 3 21 355
40 0 1 2 9 846
40 1 1 3 16 846
40 2 1 3 22 846
40 3 1 3 21 846
40 5 1 3 18 846
40 10 1 2 6 846
40 11 1 3 3 846
40 14 1 1 22 846
40 21 1 3 11 846
40 23 1 3 3 846
40 25 1 2 5 846
40 26 1 3 13 846
40 28 1 1 9 846
40 31 1 2 23 846
40 32 1 2 9 846
40 33 1 1 18 846
40 34 1 2 4 846
40 35 1 1 6 846
40 39 1 3 6 846
40 42 1 3 19 846
40 43 1 2 21 846
40 44 1 3 12 846
40 46 1 2 17 846
40 47 1 3 13 846
40 48 1 3 22 846
40 51 1 3 7 846
40 52 1 3 17 846
40 59 1 3 5 846
40 65 1 3 1 846
40 66 1 3 18 846
40 67 1 3 16 846
40 72 1 1 7 846
40 73 1 1 20 846
40 74 1 1 12 846
40 75 1 1 19 846
40 77 1 2 15 846
40 78 1 2 8 846
40 79 1 3 15 846
40 80 1 1 23 846
40 81 1 1 9 846
40 83 1 1 20 846
40 85 1 1 17 846
40 88 1 3 14 846
40 90 1 1 20 846
40 91 1 3 16 846
40 92 1 2 5 846
40 93 1 2 25 846
40 95 1 3 12 846
40 97 1 2 13 846
40 98 1 1 4 846
41 2 3 3 18 202
41 4 3 1 10 202
41 8 3 2 20 202
41 10 3 2 18 202
41 11 3 3 20 202
41 12 3 2 12 202
41 13 3 2 8 202
41 15 3 1 22 202
41 17 3 3 7 202
41 22 3 2 25 202
41 24 3 3 12 202
41 25 3 2 5 202
41 26 3 3 13 202
41 30 3 1 18 202
41 32 3 2 25 202
41 33 3 1 16 202
41 35 3 1 8 202
41 36 3 1 24 202
41 42 3 3 11 202
41 44 3 3 21 202
41 46 3 2 1 202
41 47 3 3 25 202
41 48 3 3 20 202
41 51 3 3 14 202
41 52 3 3 22 202
41 53 3 1 2 202
41 54 3 2 20 202
41 56 3 3 18 202
41 58 3 2 21 202
41 60 3 3 3 202
41 61 3 2 2 202
41 63 3 1 19 202
41 68 3 2 1 202
41 71 3 1 2 202
41 74 3 1 11 202
41 78 3 2 13 202
41 80 3 1 3 202
41 84 3 3 24 202
41 88 3 3 13 202
41 89 3 3 9 202
41 90 3 1 14 202
41 91 3 3 22 202
41 93 3 2 17 202
41 94 3 2 24 202
41 97 3 2 24 202
41 98 3 1 11 202
41 99 3 3 8 202
42 0 3 2 23 162
42 2 3 3 20 162
42 4 3 1 24 162
42 6 3 3 13 162
42 7 3 2 17 162
42 8 3 2 12 162
42 9 3 2 25 162
42 10 3 2 5 162
42 11 3 3 23 162
42 12 3 2 25 162
42 13 3 2 10 162
42 17 3 3 4 162
42 20 3 1 15 162
42 23 3 3 1 162
42 25 3 2 8 162
42 27 3 3 4 162
42 32 3 2 23 162
42 34 3 2 1 162
42 35 3 1 11 162
42 37 3 1 4 162
42 40 3 1 19 162
42 41 3 3 11 162
42 43 3 2 11 162
42 44 3 3 23 162
42 45 3 2 17 162
42 46 3 2 24 162
42 47 3 3 13 162
42 48 3 3 6 162
42 49 3 2 17 162
42 51 3 3 11 162
42 52 3 3 13 162
42 54 3 2 13 162
42 55 3 1 1 162
42 56 3 3 14 162
42 57 3 3 12 162
42 58 3 2 6 162
42 65 3 3 25 162
42 67 3 3 20 162
42 68 3 2 15 162
42 69 3 2 13 162
42 77 3 2 3 162
42 78 3 2 11 162
42 79 3 3 7 162
42 80 3 1 15 162
42 82 3 1 11 162
42 86 3 2 19 162
42 88 3 3 21 162
42 89 3 3 25 162
42 95 3 3 1 162
42 96 3 3 14 162
42 99 3 3 15 162
43 0 2 2 25 696
43 2 2 3 7 696
43 7 2 2 22 696
43 10 2 2 22 696
43 11 2 3 6 696
43 15 2 1 12 696
43 18 2 1 5 696
43 19 2 3 4 696
43 21 2 3 9 696
43 26 2 3 2 696
43 29 2 3 21 696
43 34 2 2 12 696
43 36 2 1 24 696
43 38 2 2 22 696
43 39 2 3 4 696
43 40 2 1 21 696
43 42 2 3 11 696
43 47 2 3 20 696
43 49 2 2 9 696
43 53 2 1 19 696
43 54 2 2 10 696
43 55 2 1 10 696
43 57 2 3 3 696
43 58 2 2 13 696
43 59 2 3 16 696
43 61 2 2 6 696
43 62 2 2 7 696
43 63 2 1 4 696
43 64 2 3 24 696
43 65 2 3 5 696
43 67 2 3 23 696
43 70 2 2 20 696
43 72 2 1 16 696
43 73 2 1 1 696
43 74 2 1 9 696
43 76 2 2 7 696
43 77 2 2 7 696
43 78 2 2 24 696
43 79 2 3 9 696
43 84 2 3 20 696
43 91 2 3 16 696
43 92 2 2 23 696
43 93 2 2 10 696
43 97 2 2 7 696
43 98 2 1 19 696
44 2 3 3 7 930
44 3 3 3 14 930
44 4 3 1 18 930
44 5 3 3 1 930
44 7 3 2 10 930
44 11 3 3 10 930
44 12 3 2 15 930
44 13 3 2 1 930
44 14 3 1 10 930
44 16 3 3 23 930
44 17 3 3 12 930
44 22 3 2 3 930
44 26 3 3 4 930
44 27 3 3 8 930
44 28 3 1 16 930
44 30 3 1 13 930
44 34 3 2 4 930
44 35 3 1 16 930
44 40 3 1 12 930
44 41 3 3 21 930
44 42 3 3 23 930
44 46 3 2 23 930
44 47 3 3 14 930
44 48 3 3 2 930
44 49 3 2 13 930
44 56 3 3 24 930
44 57 3 3 8 930
44 63 3 1 15 930
44 65 3 3 6 930
44 69 3 2 12 930
44 72 3 1 17 930
44 73 3 1 16 930
44 74 3 1 3 930
44 77 3 2 4 930
44 79 3 3 13 930
44 80 3 1 18 930
44 81 3 1 2 930
44 85 3 1 23 930
44 87 3 3 25 930
44 88 3 3 12 930
44 96 3 3 18 930
44 97 3 2 5 930
45 0 2 2 12 160
45 1 2 3 12 160
45 2 2 3 21 160
45 5 2 3 15 160
45 7 2 2 2 160
45 8 2 2 2 160
45 10 2 2 3 160
45 11 2 3 3 160
45 13 2 2 21 160
45 15 2 1 3 160
45 16 2 3 21 160
45 17 2 3 18 160
45 19 2 3 3 160
45 20 2 1 14 160
45 26 2 3 13 160
45 27 2 3 12 160
45 28 2 1 18 160
45 31 2 2 15 160
45 33 2 1 25 160
45 34 2 2 10 160
45 35 2 1 19 160
45 37 2 1 16 160
45 42 2 3 17 160
45 49 2 2 6 160
45 51 2 3 23 160
45 52 2 3 11 160
45 53 2 1 15 160
45 55 2 1 23 160
45 58 2 2 3 160
45 60 2 3 12 160
45 61 2 2 11 160
45 62 2 2 8 160
45 64 2 3 15 160
45 65 2 3 11 160
45 66 2 3 17 160
45 69 2 2 2 160
45 71 2 1 11 160
45 73 2 1 25 160
45 78 2 2 11 160
45 80 2 1 17 160
45 84 2 3 10 160
45 85 2 1 12 160
45 88 2 3 12 160
45 89 2 3 2 160
45 92 2 2 23 160
45 93 2 2 9 160
45 95 2 3 11 160
45 96 2 3 19 160
45 97 2 2 7 160
45 99 2 3 2 160
46 0 2 2 23 416
46 2 2 3 5 416
46 4 2 1 11 416
46 5 2 3 1 416
46 6 2 3 10 416
46 13 2 2 21 416
46 14 2 1 4 416
46 16 2 3 12 416
46 17 2 3 19 416
46 18 2 1 19 416
46 19 2 3 24 416
46 20 2 1 12 416
46 22 2 2 19 416
46 23 2 3 14 416
46 26 2 3 24 416
46 28 2 1 11 416
46 29 2 3 5 416
46 30 2 1 8 416
46 35 2 1 12 416
46 36 2 1 20 416
46 40 2 1 17 416
46 41 2 3 1 416
46 42 2 3 24 416
46 44 2 3 23 416
46 47 2 3 11 416
46 49 2 2 24 416
46 50 2 3 2 416
46 51 2 3 11 416
46 54 2 2 19 416
46 55 2 1 17 416
46 59 2 3 10 416
46 63 2 1 15 416
46 66 2 3 1 416
46 67 2 3 14 416
46 68 2 2 24 416
46 70 2 2 3 416
46 74 2 1 18 416
46 76 2 2 23 416
46 79 2 3 22 416
46 83 2 1 8 416
46 84 2 3 2 416
46 85 2 1 10 416
46 87 2 3 20 416
46 91 2 3 13 416
46 92 2 2 14 416
46 93 2 2 4 416
46 94 2 2 2 416
46 98 2 1 21 416
46 99 2 3 24 416
47 0 3 2 11 174
47 1 3 3 22 174
47 5 3 3 16 174
47 7 3 2 22 174
47 11 3 3 14 174
47 12 3 2 19 174
47 15 3 1 23 174
47 17 3 3 14 174
47 18 3 1 22 174
47 19 3 3 7 174
47 21 3 3 12 174
47 22 3 2 6 174
47 23 3 3 8 174
47 25 3 2 21 174
47 28 3 1 19 174
47 32 3 2 12 174
47 34 3 2 4 174
47 35 3 1 4 174
47 38 3 2 19 174
47 39 3 3 15 174
47 40 3 1 13 174
47 41 3 3 25 174
47 42 3 3 13 174
47 43 3 2 20 174
47 44 3 3 14 174
47 46 3 2 11 174
47 48 3 3 11 174
47 50 3 3 2 174
47 51 3 3 10 174
47 53 3 1 21 174
47 58 3 2 10 174
47 59 3 3 4 174
47 60 3 3 5 174
47 61 3 2 19 174
47 63 3 1 6 174
47 71 3 1 5 174
47 77 3 2 2 174
47 78 3 2 10 174
47 79 3 3 23 174
47 81 3 1 24 174
47 82 3 1 21 174
47 83 3 1 8 174
47 87 3 3 25 174
47 90 3 1 24 174
47 92 3 2 22 174
47 93 3 2 5 174
47 94 3 2 6 174
47 96 3 3 3 174
47 97 3 2 25 174
47 98 3 1 2 174
47 99 3 3 2 174
48 0 3 2 3 193
48 5 3 3 25 193
48 6 3 3 3 193
48 8 3 2 3 193
48 9 3 2 16 193
48 10 3 2 19 193
48 12 3 2 7 193
48 16 3 3 9 193
48 17 3 3 13 193
48 18 3 1 23 193
48 19 3 3 25 193
48 21 3 3 6 193
48 22 3 2 15 193
48 24 3 3 10 193
48 25 3 2 16 193
48 27 3 3 6 193
48 28 3 1 24 193
48 30 3 1 18 193
48 31 3 2 24 193
48 32 3 2 24 193
48 33 3 1 2 193
48 40 3 1 22 193
48 41 3 3 20 193
48 42 3 3 6 193
48 44 3 3 2 193
48 47 3 3 11 193
48 49 3 2 7 193
48 51 3 3 14 193
48 55 3 1 8 193
48 58 3 2 8 193
48 59 3 3 15 193
48 61 3 2 19 193
48 62 3 2 14 193
48 63 3 1 20 193
48 66 3 3 8 193
48 69 3 2 9 193
48 72 3 1 5 193
48 73 3 1 12 193
48 76 3 2 21 193
48 77 3 2 11 193
48 79 3 3 14 193
48 80 3 1 12 193
48 81 3 1 7 193
48 84 3 3 16 193
48 85 3 1 6 193
48 89 3 3 21 193
48 92 3 2 14 193
48 93 3 2 5 193
48 96 3 3 1 193
48 98 3 1 22 193
48 99 3 3 22 193
49 0 2 2 16 647
49 1 2 3 3 647
49 2 2 3 1 647
49 6 2 3 2 647
49 7 2 2 1 647
49 8 2 2 5 647
49 9 2 2 5 647
49 11 2 3 23 647
49 12 2 2 20 647
49 13 2 2 6 647
49 17 2 3 1 647
49 20 2 1 9 647
49 23 2 3 19 647
49 26 2 3 9 647
49 28 2 1 4 647
49 29 2 3 24 647
49 31 2 2 23 647
49 32 2 2 16 647
49 33 2 1 5 647
49 34 2 2 19 647
49 36 2 1 15 647
49 39 2 3 14 647
49 42 2 3 17 647
49 43 2 2 9 647
49 44 2 3 13 647
49 45 2 2 6 647
49 46 2 2 24 647
49 48 2 3 7 647
49 52 2 3 11 647
49 53 2 1 24 647
49 54 2 2 1 647
49 55 2 1 22 647
49 56 2 3 11 647
49 57 2 3 23 647
49 58 2 2 8 647
49 61 2 2 17 647
49 66 2 3 21 647
49 67 2 3 10 647
49 68 2 2 22 647
49 70 2 2 3 647
49 71 2 1 8 647
49 72 2 1 8 647
49 73 2 1 25 647
49 75 2 1 15 647
49 77 2 2 24 647
49 78 2 2 23 647
49 79 2 3 23 647
49 80 2 1 14 647
49 81 2 1 14 647
49 82 2 1 5 647
49 83 2 1 1 647
49 86 2 2 12 647
49 87 2 3 25 647
49 88 2 3 1 647
49 91 2 3 16 647
49 92 2 2 9 647
49 93 2 2 15 647
49 95 2 3 22 647
49 97 2 2 4 647
49 98 2 1 14 647
49 99 2 3 19 647
50 0 3 2 7 664
50 6 3 3 2 664
50 7 3 2 12 664
50 10 3 2 14 664
50 11 3 3 14 664
50 13 3 2 9 664
50 14 3 1 22 664
50 15 3 1 11 664
50 16 3 3 24 664
50 20 3 1 6 664
50 24 3 3 8 664
50 25 3 2 12 664
50 26 3 3 6 664
50 27 3 3 2 664
50 28 3 1 13 664
50 29 3 3 14 664
50 30 3 1 20 664
50 33 3 1 8 664
50 35 3 1 15 664
50 36 3 1 2 664
50 46 3 2 2 664
50 47 3 3 2 664
50 52 3 3 24 664
50 53 3 1 14 664
50 54 3 2 18 664
50 56 3 3 12 664
50 57 3 3 23 664
50 59 3 3 22 664
50 60 3 3 9 664
50 62 3 2 24 664
50 63 3 1 25 664
50 64 3 3 18 664
50 66 3 3 10 664
50 67 3 3 3 664
50 72 3 1 15 664
50 73 3 1 7 664
50 74 3 1 15 664
50 75 3 1 17 664
50 80 3 1 21 664
50 82 3 1 3 664
50 84 3 3 24 664
50 85 3 1 10 664
50 86 3 2 1 664
50 87 3 3 11 664
50 89 3 3 24 664
50 92 3 2 1 664
50 93 3 2 14 664
50 96 3 3 14 664
50 99 3 3 12 664
51 2 3 3 25 712
51 8 3 2 2 712
51 10 3 2 14 712
51 11 3 3 9 712
51 14 3 1 17 712
51 15 3 1 8 712
51 16 3 3 18 712
51 20 3 1 7 712
51 21 3 3 24 712
51 22 3 2 10 712
51 26 3 3 19 712
51 27 3 3 20 712
51 28 3 1 15 712
51 29 3 3 1 712
51 31 3 2 19 712
51 32 3 2 2 712
51 33 3 1 3 712
51 35 3 1 11 712
51 38 3 2 22 712
51 39 3 3 24 712
51 40 3 1 7 712
51 41 3 3 14 712
51 42 3 3 11 712
51 45 3 2 23 712
51 46 3 2 11 712
51 47 3 3 10 712
51 48 3 3 14 712
51 56 3 3 10 712
51 58 3 2 12 712
51 59 3 3 7 712
51 60 3 3 9 712
51 70 3 2 8 712
51 71 3 1 4 712
51 73 3 1 8 712
51 74 3 1 20 712
51 75 3 1 25 712
51 77 3 2 7 712
51 78 3 2 15 712
51 79 3 3 7 712
51 81 3 1 15 712
51 82 3 1 19 712
51 83 3 1 1 712
51 89 3 3 22 712
51 90 3 1 18 712
51 91 3 3 21 712
51 92 3 2 25 712
51 93 3 2 12 712
51 96 3 3 12 712
51 97 3 2 11 712
51 98 3 1 7 712
52 1 3 3 23 244
52 2 3 3 1 244
52 4 3 1 8 244
52 7 3 2 8 244
52 9 3 2 11 244
52 12 3 2 1 244
52 13 3 2 9 244
52 14 3 1 16 244
52 15 3 1 2 244
52 17 3 3 1 244
52 20 3 1 16 244
52 26 3 3 11 244
52 28 3 1 15 244
52 32 3 2 8 244
52 33 3 1 9 244
52 37 3 1 7 244
52 38 3 2 18 244
52 40 3 1 17 244
52 41 3 3 22 244
52 42 3 3 13 244
52 45 3 2 11 244
52 49 3 2 11 244
52 50 3 3 24 244
52 54 3 2 3 244
52 55 3 1 25 244
52 56 3 3 12 244
52 61 3 2 21 244
52 62 3 2 16 244
52 63 3 1 22 244
52 65 3 3 6 244
52 66 3 3 10 244
52 68 3 2 21 244
52 69 3 2 14 244
52 71 3 1 10 244
52 73 3 1 14 244
52 75 3 1 17 244
52 77 3 2 11 244
52 78 3 2 2 244
52 79 3 3 21 244
52 81 3 1 17 244
52 82 3 1 17 244
52 83 3 1 25 244
52 88 3 3 20 244
52 91 3 3 9 244
52 92 3 2 7 244
52 94 3 2 20 244
52 95 3 3 3 244
52 98 3 1 4 244
53 0 1 2 17 260
53 1 1 3 16 260
53 3 1 3 7 260
53 9 1 2 15 260
53 10 1 2 1 260
53 13 1 2 7 260
53 15 1 1 24 260
53 16 1 3 8 260
53 17 1 3 25 260
53 19 1 3 24 260
53 25 1 2 18 260
53 26 1 3 5 260
53 27 1 3 20 260
53 29 1 3 2 260
53 30 1 1 10 260
53 33 1 1 13 260
53 37 1 1 1 260
53 41 1 3 2 260
53 43 1 2 19 260
53 45 1 2 15 260
53 47 1 3 21 260
53 49 1 2 24 260
53 50 1 3 14 260
53 54 1 2 20 260
53 56 1 3 9 260
53 59 1 3 1 260
53 60 1 3 3 260
53 61 1 2 12 260
53 62 1 2 17 260
53 64 1 3 15 260
53 65 1 3 20 260
53 67 1 3 22 260
53 69 1 2 20 260
53 70 1 2 3 260
53 71 1 1 10 260
53 75 1 1 10 260
53 77 1 2 14 260
53 78 1 2 7 260
53 80 1 1 17 260
53 82 1 1 13 260
53 87 1 3 22 260
53 88 1 3 24 260
53 89 1 3 21 260
53 90 1 1 19 260
53 93 1 2 2 260
53 96 1 3 7 260
53 97 1 2 24 260
53 98 1 1 6 260
54 0 2 2 7 771
54 4 2 1 22 771
54 5 2 3 12 771
54 6 2 3 23 771
54 8 2 2 16 771
54 9 2 2 14 771
54 11 2 3 21 771
54 12 2 2 4 771
54 13 2 2 18 771
54 17 2 3 17 771
54 22 2 2 10 771
54 25 2 2 5 771
54 28 2 1 10 771
54 29 2 3 15 771
54 31 2 2 1 771
54 32 2 2 14 771
54 35 2 1 1 771
54 37 2 1 21 771
54 41 2 3 20 771
54 42 2 3 13 771
54 43 2 2 10 771
54 46 2 2 19 771
54 49 2 2 1 771
54 50 2 3 18 771
54 52 2 3 3 771
54 53 2 1 20 771
54 55 2 1 17 771
54 56 2 3 1 771
54 58 2 2 11 771
54 60 2 3 17 771
54 62 2 2 5 771
54 69 2 2 9 771
54 71 2 1 25 771
54 73 2 1 12 771
54 74 2 1 13 771
54 75 2 1 3 771
54 77 2 2 13 771
54 78 2 2 3 771
54 79 2 3 24 771
54 81 2 1 2 771
54 83 2 1 14 771
54 84 2 3 14 771
54 85 2 1 6 771
54 89 2 3 13 771
54 91 2 3 17 771
54 92 2 2 21 771
54 95 2 3 23 771
54 96 2 3 24 771
54 98 2 1 4 771
54 99 2 3 3 771
55 4 1 1 13 744
55 5 1 3 6 744
55 7 1 2 3 744
55 8 1 2 21 744
55 9 1 2 7 744
55 11 1 3 20 744
55 13 1 2 12 744
55 14 1 1 14 744
55 19 1 3 13 744
55 20 1 1 12 744
55 21 1 3 15 744
55 23 1 3 11 744
55 25 1 2 2 744
55 26 1 3 8 744
55 28 1 1 20 744
55 31 1 2 13 744
55 36 1 1 6 744
55 37 1 1 16 744
55 42 1 3 1 744
55 43 1 2 10 744
55 45 1 2 23 744
55 46 1 2 17 744
55 48 1 3 8 744
55 49 1 2 22 744
55 52 1 3 25 744
55 54 1 2 17 744
55 57 1 3 22 744
55 60 1 3 9 744
55 61 1 2 21 744
55 62 1 2 17 744
55 65 1 3 19 744
55 66 1 3 10 744
55 68 1 2 20 744
55 70 1 2 18 744
55 71 1 1 8 744
55 72 1 1 16 744
55 73 1 1 11 744
55 74 1 1 3 744
55 75 1 1 7 744
55 77 1 2 2 744
55 78 1 2 12 744
55 79 1 3 13 744
55 80 1 1 23 744
55 82 1 1 24 744
55 83 1 1 20 744
55 85 1 1 6 744
55 86 1 2 7 744
55 87 1 3 6 744
55 89 1 3 6 744
55 90 1 1 22 744
55 91 1 3 20 744
55 92 1 2 1 744
55 93 1 2 11 744
55 95 1 3 6 744
55 97 1 2 5 744
56 1 3 3 17 348
56 2 3 3 17 348
56 3 3 3 15 348
56 5 3 3 1 348
56 10 3 2 1 348
56 13 3 2 20 348
56 14 3 1 3 348
56 15 3 1 6 348
56 19 3 3 11 348
56 21 3 3 14 348
56 23 3 3 8 348
56 24 3 3 6 348
56 26 3 3 19 348
56 27 3 3 7 348
56 31 3 2 22 348
56 36 3 1 17 348
56 37 3 1 6 348
56 38 3 2 13 348
56 41 3 3 18 348
56 42 3 3 14 348
56 44 3 3 24 348
56 49 3 2 11 348
56 50 3 3 12 348
56 51 3 3 10 348
56 52 3 3 12 348
56 53 3 1 9 348
56 54 3 2 1 348
56 58 3 2 13 348
56 59 3 3 6 348
56 60 3 3 18 348
56 61 3 2 12 348
56 62 3 2 24 348
56 65 3 3 9 348
56 66 3 3 4 348
56 69 3 2 16 348
56 71 3 1 16 348
56 75 3 1 20 348
56 76 3 2 1 348
56 77 3 2 15 348
56 78 3 2 21 348
56 81 3 1 16 348
56 83 3 1 18 348
56 86 3 2 16 348
56 89 3 3 11 348
56 93 3 2 14 348
56 95 3 3 12 348
56 96 3 3 20 348
56 98 3 1 21 348
57 0 3 2 8 413
57 7 3 2 1 413
57 8 3 2 3 413
57 10 3 2 22 413
57 11 3 3 6 413
57 12 3 2 21 413
57 14 3 1 25 413
57 15 3 1 1 413
57 21 3 3 7 413
57 23 3 3 8 413
57 24 3 3 17 413
57 26 3 3 20 413
57 27 3 3 17 413
57 29 3 3 8 413
57 30 3 1 24 413
57 31 3 2 25 413
57 33 3 1 19 413
57 37 3 1 15 413
57 38 3 2 20 413
57 39 3 3 8 413
57 42 3 3 12 413
57 43 3 2 3 413
57 44 3 3 8 413
57 49 3 2 23 413
57 50 3 3 23 413
57 55 3 1 22 413
57 58 3 2 10 413
57 61 3 2 22 413
57 62 3 2 14 413
57 65 3 3 6 413
57 68 3 2 8 413
57 71 3 1 3 413
57 72 3 1 5 413
57 74 3 1 6 413
57 76 3 2 13 413
57 77 3 2 11 413
57 79 3 3 19 413
57 80 3 1 24 413
57 81 3 1 22 413
57 82 3 1 18 413
57 83 3 1 5 413
57 84 3 3 14 413
57 87 3 3 25 413
57 88 3 3 4 413
57 94 3 2 9 413
57 99 3 3 20 413
58 0 2 2 23 69
58 2 2 3 6 69
58 6 2 3 12 69
58 7 2 2 14 69
58 9 2 2 21 69
58 10 2 2 10 69
58 14 2 1 23 69
58 16 2 3 24 69
58 17 2 3 20 69
58 19 2 3 20 69
58 22 2 2 5 69
58 24 2 3 15 69
58 25 2 2 22 69
58 27 2 3 16 69
58 29 2 3 8 69
58 30 2 1 11 69
58 31 2 2 12 69
58 32 2 2 22 69
58 33 2 1 1 69
58 34 2 2 19 69
58 36 2 1 8 69
58 38 2 2 6 69
58 41 2 3 21 69
58 42 2 3 6 69
58 43 2 2 13 69
58 45 2 2 3 69
58 47 2 3 10 69
58 48 2 3 8 69
58 49 2 2 8 69
58 51 2 3 12 69
58 54 2 2 11 69
58 56 2 3 13 69
58 57 2 3 10 69
58 60 2 3 23 69
58 61 2 2 4 69
58 62 2 2 11 69
58 69 2 2 9 69
58 71 2 1 24 69
58 73 2 1 23 69
58 75 2 1 12 69
58 77 2 2 22 69
58 78 2 2 19 69
58 79 2 3 9 69
58 83 2 1 19 69
58 85 2 1 20 69
58 91 2 3 1 69
58 93 2 2 13 69
58 95 2 3 10 69
58 96 2 3 19 69
58 97 2 2 11 69
58 99 2 3 22 69
59 0 3 2 4 88
59 2 3 3 24 88
59 3 3 3 15 88
59 7 3 2 14 88
59 13 3 2 18 88
59 14 3 1 6 88
59 15 3 1 21 88
59 17 3 3 7 88
59 18 3 1 4 88
59 21 3 3 7 88
59 22 3 2 14 88
59 23 3 3 18 88
59 24 3 3 19 88
59 26 3 3 25 88
59 32 3 2 23 88
59 33 3 1 19 88
59 37 3 1 12 88
59 39 3 3 15 88
59 40 3 1 5 88
59 43 3 2 16 88
59 46 3 2 10 88
59 47 3 3 4 88
59 48 3 3 15 88
59 50 3 3 22 88
59 51 3 3 7 88
59 53 3 1 1 88
59 56 3 3 6 88
59 60 3 3 16 88
59 61 3 2 5 88
59 62 3 2 19 88
59 66 3 3 3 88
59 69 3 2 20 88
59 71 3 1 20 88
59 72 3 1 12 88
59 74 3 1 10 88
59 75 3 1 18 88
59 78 3 2 25 88
59 80 3 1 17 88
59 84 3 3 3 88
59 85 3 1 20 88
59 86 3 2 17 88
59 87 3 3 9 88
59 88 3 3 6 88
59 89 3 3 9 88
59 91 3 3 24 88
59 93 3 2 18 88
59 95 3 3 12 88
59 98 3 1 23 88
59 99 3 3 20 88
60 1 3 3 2 358
60 5 3 3 17 358
60 6 3 3 19 358
60 7 3 2 5 358
60 8 3 2 24 358
60 10 3 2 22 358
60 11 3 3 3 358
60 17 3 3 8 358
60 18 3 1 10 358
60 19 3 3 20 358
60 20 3 1 18 358
60 22 3 2 6 358
60 25 3 2 17 358
60 26 3 3 21 358
60 28 3 1 11 358
60 30 3 1 14 358
60 31 3 2 8 358
60 32 3 2 15 358
60 34 3 2 18 358
60 36 3 1 15 358
60 38 3 2 18 358
60 39 3 3 8 358
60 41 3 3 3 358
60 45 3 2 12 358
60 47 3 3 5 358
60 50 3 3 9 358
60 51 3 3 9 358
60 53 3 1 3 358
60 54 3 2 17 358
60 55 3 1 9 358
60 56 3 3 18 358
60 58 3 2 23 358
60 59 3 3 16 358
60 63 3 1 14 358
60 64 3 3 16 358
60 65 3 3 18 358
60 67 3 3 8 358
60 68 3 2 25 358
60 69 3 2 25 358
60 70 3 2 19 358
60 71 3 1 20 358
60 73 3 1 23 358
60 74 3 1 14 358
60 75 3 1 1 358
60 76 3 2 20 358
60 79 3 3 8 358
60 80 3 1 3 358
60 87 3 3 19 358
60 88 3 3 19 358
60 89 3 3 1 358
60 93 3 2 10 358
60 94 3 2 1 358
60 96 3 3 15 358
61 0 2 2 11 690
61 1 2 3 11 690
61 6 2 3 15 690
61 8 2 2 5 690
61 9 2 2 11 690
61 10 2 2 20 690
61 12 2 2 5 690
61 13 2 2 7 690
61 14 2 1 20 690
61 17 2 3 8 690
61 21 2 3 23 690
61 23 2 3 3 690
61 24 2 3 14 690
61 26 2 3 14 690
61 27 2 3 14 690
61 28 2 1 11 690
61 29 2 3 24 690
61 30 2 1 12 690
61 33 2 1 11 690
61 34 2 2 24 690
61 35 2 1 25 690
61 37 2 1 11 690
61 39 2 3 21 690
61 41 2 3 2 690
61 43 2 2 6 690
61 45 2 2 11 690
61 47 2 3 19 690
61 48 2 3 19 690
61 49 2 2 17 690
61 52 2 3 21 690
61 53 2 1 12 690
61 55 2 1 21 690
61 56 2 3 12 690
61 57 2 3 22 690
61 58 2 2 4 690
61 59 2 3 5 690
61 64 2 3 13 690
61 65 2 3 4 690
61 67 2 3 12 690
61 68 2 2 20 690
61 69 2 2 20 690
61 70 2 2 1 690
61 72 2 1 3 690
61 73 2 1 14 690
61 75 2 1 18 690
61 76 2 2 22 690
61 77 2 2 23 690
61 78 2 2 19 690
61 79 2 3 24 690
61 80 2 1 18 690
61 81 2 1 3 690
61 82 2 1 11 690
61 83 2 1 24 690
61 84 2 3 8 690
61 85 2 1 7 690
61 87 2 3 16 690
61 88 2 3 13 690
61 89 2 3 17 690
61 91 2 3 10 690
61 93 2 2 24 690
61 95 2 3 23 690
61 99 2 3 19 690
62 0 2 2 14 113
62 2 2 3 4 113
62 5 2 3 21 113
62 8 2 2 14 113
62 9 2 2 7 113
62 10 2 2 25 113
62 11 2 3 12 113
62 12 2 2 24 113
62 17 2 3 14 113
62 18 2 1 8 113
62 19 2 3 7 113
62 20 2 1 21 113
62 22 2 2 12 113
62 25 2 2 6 113
62 28 2 1 14 113
62 32 2 2 5 113
62 35 2 1 19 113
62 38 2 2 20 113
62 39 2 3 9 113
62 43 2 2 7 113
62 45 2 2 8 113
62 48 2 3 14 113
62 50 2 3 24 113
62 52 2 3 16 113
62 53 2 1 17 113
62 54 2 2 5 113
62 55 2 1 17 113
62 56 2 3 24 113
62 57 2 3 14 113
62 58 2 2 11 113
62 59 2 3 19 113
62 63 2 1 24 113
62 66 2 3 3 113
62 67 2 3 13 113
62 69 2 2 2 113
62 70 2 2 20 113
62 72 2 1 25 113
62 76 2 2 22 113
62 78 2 2 9 113
62 79 2 3 21 113
62 80 2 1 15 113
62 81 2 1 6 113
62 83 2 1 19 113
62 84 2 3 19 113
62 85 2 1 5 113
62 86 2 2 9 113
62 88 2 3 16 113
62 90 2 1 10 113
62 94 2 2 22 113
62 95 2 3 16 113
62 97 2 2 22 113
62 98 2 1 13 113
62 99 2 3 18 113
63 0 1 2 2 449
63 2 1 3 1 449
63 5 1 3 7 449
63 6 1 3 14 449
63 10 1 2 16 449
63 11 1 3 2 449
63 12 1 2 5 449
63 14 1 1 3 449
63 16 1 3 20 449
63 20 1 1 23 449
63 21 1 3 15 449
63 22 1 2 13 449
63 24 1 3 13 449
63 34 1 2 10 449
63 35 1 1 14 449
63 37 1 1 25 449
63 41 1 3 19 449
63 43 1 2 4 449
63 44 1 3 15 449
63 46 1 2 15 449
63 47 1 3 6 449
63 48 1 3 20 449
63 50 1 3 25 449
63 52 1 3 22 449
63 60 1 3 14 449
63 62 1 2 24 449
63 67 1 3 24 449
63 69 1 2 12 449
63 70 1 2 6 449
63 73 1 1 19 449
63 74 1 1 23 449
63 75 1 1 22 449
63 77 1 2 22 449
63 78 1 2 12 449
63 81 1 1 14 449
63 83 1 1 4 449
63 85 1 1 13 449
63 86 1 2 24 449
63 87 1 3 5 449
63 88 1 3 12 449
63 89 1 3 24 449
63 90 1 1 19 449
63 92 1 2 7 449
63 93 1 2 12 449
63 94 1 2 15 449
63 95 1 3 16 449
63 96 1 3 17 449
63 97 1 2 25 449
64 0 3 2 10 377
64 2 3 3 25 377
64 3 3 3 4 377
64 4 3 1 22 377
64 6 3 3 5 377
64 10 3 2 4 377
64 11 3 3 10 377
64 12 3 2 17 377
64 16 3 3 25 377
64 18 3 1 22 377
64 20 3 1 23 377
64 24 3 3 2 377
64 27 3 3 19 377
64 30 3 1 16 377
64 31 3 2 4 377
64 32 3 2 25 377
64 33 3 1 15 377
64 34 3 2 10 377
64 35 3 1 5 377
64 36 3 1 6 377
64 37 3 1 6 377
64 38 3 2 3 377
64 43 3 2 24 377
64 45 3 2 15 377
64 50 3 3 18 377
64 53 3 1 15 377
64 60 3 3 16 377
64 61 3 2 13 377
64 67 3 3 13 377
64 70 3 2 23 377
64 71 3 1 15 377
64 72 3 1 15 377
64 75 3 1 1 377
64 78 3 2 3 377
64 79 3 3 9 377
64 80 3 1 1 377
64 82 3 1 17 377
64 83 3 1 8 377
64 84 3 3 13 377
64 86 3 2 24 377
64 87 3 3 24 377
64 88 3 3 11 377
64 91 3 3 14 377
64 92 3 2 24 377
64 95 3 3 25 377
64 97 3 2 22 377
64 98 3 1 19 377
65 1 3 3 24 679
65 3 3 3 24 679
65 4 3 1 18 679
65 5 3 3 14 679
65 9 3 2 5 679
65 12 3 2 22 679
65 14 3 1 3 679
65 15 3 1 7 679
65 16 3 3 4 679
65 18 3 1 15 679
65 19 3 3 16 679
65 20 3 1 5 679
65 21 3 3 22 679
65 22 3 2 4 679
65 23 3 3 14 679
65 24 3 3 22 679
65 25 3 2 7 679
65 27 3 3 19 679
65 28 3 1 18 679
65 30 3 1 1 679
65 32 3 2 13 679
65 33 3 1 24 679
65 36 3 1 1 679
65 40 3 1 1 679
65 42 3 3 25 679
65 43 3 2 5 679
65 44 3 3 6 679
65 45 3 2 11 679
65 52 3 3 6 679
65 53 3 1 20 679
65 55 3 1 19 679
65 56 3 3 9 679
65 57 3 3 6 679
65 60 3 3 18 679
65 61 3 2 4 679
65 66 3 3 13 679
65 67 3 3 3 679
65 69 3 2 14 679
65 70 3 2 15 679
65 73 3 1 24 679
65 75 3 1 6 679
65 77 3 2 14 679
65 78 3 2 20 679
65 81 3 1 22 679
65 82 3 1 21 679
65 83 3 1 9 679
65 85 3 1 14 679
65 89 3 3 21 679
65 94 3 2 12 679
65 95 3 3 10 679
65 96 3 3 12 679
65 98 3 1 25 679
66 1 3 3 4 54
66 3 3 3 21 54
66 4 3 1 21 54
66 7 3 2 20 54
66 8 3 2 23 54
66 12 3 2 13 54
66 19 3 3 7 54
66 20 3 1 4 54
66 21 3 3 21 54
66 22 3 2 11 54
66 24 3 3 24 54
66 27 3 3 17 54
66 28 3 1 25 54
66 30 3 1 17 54
66 31 3 2 21 54
66 32 3 2 8 54
66 33 3 1 13 54
66 34 3 2 8 54
66 35 3 1 5 54
66 37 3 1 12 54
66 38 3 2 21 54
66 39 3 3 22 54
66 40 3 1 18 54
66 45 3 2 17 54
66 46 3 2 1 54
66 48 3 3 8 54
66 49 3 2 21 54
66 50 3 3 10 54
66 52 3 3 10 54
66 55 3 1 10 54
66 56 3 3 4 54
66 59 3 3 3 54
66 62 3 2 3 54
66 65 3 3 13 54
66 69 3 2 20 54
66 71 3 1 18 54
66 73 3 1 14 54
66 78 3 2 1 54
66 79 3 3 4 54
66 80 3 1 9 54
66 81 3 1 15 54
66 85 3 1 17 54
66 86 3 2 9 54
66 88 3 3 20 54
66 91 3 3 25 54
66 92 3 2 4 54
66 93 3 2 21 54
66 95 3 3 18 54
67 0 3 2 7 573
67 3 3 3 11 573
67 8 3 2 2 573
67 11 3 3 18 573
67 12 3 2 13 573
67 13 3 2 2 573
67 15 3 1 8 573
67 19 3 3 20 573
67 21 3 3 16 573
67 24 3 3 3 573
67 26 3 3 5 573
67 32 3 2 25 573
67 34 3 2 18 573
67 37 3 1 16 573
67 38 3 2 7 573
67 39 3 3 14 573
67 40 3 1 16 573
67 42 3 3 20 573
67 43 3 2 23 573
67 46 3 2 14 573
67 49 3 2 10 573
67 50 3 3 3 573
67 53 3 1 22 573
67 60 3 3 8 573
67 61 3 2 12 573
67 62 3 2 13 573
67 63 3 1 24 573
67 64 3 3 13 573
67 65 3 3 3 573
67 68 3 2 19 573
67 71 3 1 12 573
67 72 3 1 5 573
67 80 3 1 12 573
67 85 3 1 9 573
67 87 3 3 15 573
67 88 3 3 25 573
67 90 3 1 12 573
67 92 3 2 19 573
67 93 3 2 6 573
67 94 3 2 16 573
67 96 3 3 18 573
67 97 3 2 5 573
67 98 3 1 23 573
68 0 2 2 12 457
68 2 2 3 6 457
68 3 2 3 4 457
68 7 2 2 5 457
68 8 2 2 16 457
68 11 2 3 21 457
68 12 2 2 11 457
68 15 2 1 12 457
68 17 2 3 1 457
68 18 2 1 10 457
68 19 2 3 3 457
68 20 2 1 1 457
68 24 2 3 24 457
68 27 2 3 18 457
68 29 2 3 7 457
68 30 2 1 9 457
68 34 2 2 1 457
68 35 2 1 7 457
68 36 2 1 3 457
68 37 2 1 1 457
68 41 2 3 1 457
68 42 2 3 15 457
68 46 2 2 24 457
68 49 2 2 22 457
68 52 2 3 21 457
68 55 2 1 20 457
68 57 2 3 8 457
68 60 2 3 25 457
68 61 2 2 20 457
68 67 2 3 19 457
68 71 2 1 15 457
68 73 2 1 15 457
68 75 2 1 22 457
68 77 2 2 23 457
68 78 2 2 22 457
68 79 2 3 22 457
68 81 2 1 25 457
68 82 2 1 6 457
68 83 2 1 4 457
68 88 2 3 8 457
68 91 2 3 23 457
68 95 2 3 1 457
68 98 2 1 12 457
69 0 2 2 12 393
69 1 2 3 25 393
69 2 2 3 4 393
69 6 2 3 10 393
69 14 2 1 1 393
69 15 2 1 21 393
69 17 2 3 20 393
69 18 2 1 7 393
69 19 2 3 24 393
69 21 2 3 2 393
69 25 2 2 10 393
69 27 2 3 8 393
69 28 2 1 18 393
69 31 2 2 15 393
69 33 2 1 18 393
69 34 2 2 25 393
69 35 2 1 5 393
69 37 2 1 7 393
69 42 2 3 13 393
69 44 2 3 12 393
69 45 2 2 2 393
69 48 2 3 9 393
69 52 2 3 14 393
69 53 2 1 20 393
69 54 2 2 9 393
69 56 2 3 16 393
69 58 2 2 9 393
69 59 2 3 20 393
69 60 2 3 25 393
69 61 2 2 20 393
69 62 2 2 2 393
69 63 2 1 12 393
69 65 2 3 14 393
69 66 2 3 20 393
69 72 2 1 11 393
69 73 2 1 7 393
69 74 2 1 2 393
69 75 2 1 21 393
69 76 2 2 19 393
69 78 2 2 7 393
69 79 2 3 3 393
69 81 2 1 20 393
69 82 2 1 9 393
69 84 2 3 12 393
69 86 2 2 8 393
69 89 2 3 12 393
69 92 2 2 3 393
69 96 2 3 7 393
69 97 2 2 22 393
69 98 2 1 17 393
69 99 2 3 24 393
70 1 2 3 24 69
70 7 2 2 7 69
70 8 2 2 4 69
70 9 2 2 18 69
70 11 2 3 19 69
70 12 2 2 5 69
70 13 2 2 18 69
70 19 2 3 5 69
70 20 2 1 16 69
70 21 2 3 18 69
70 23 2 3 19 69
70 24 2 3 16 69
70 27 2 3 15 69
70 29 2 3 15 69
70 35 2 1 9 69
70 38 2 2 19 69
70 43 2 2 20 69
70 46 2 2 3 69
70 49 2 2 3 69
70 51 2 3 8 69
70 53 2 1 3 69
70 55 2 1 18 69
70 60 2 3 19 69
70 61 2 2 1 69
70 62 2 2 20 69
70 63 2 1 6 69
70 64 2 3 23 69
70 65 2 3 15 69
70 71 2 1 10 69
70 72 2 1 3 69
70 74 2 1 9 69
70 75 2 1 19 69
70 78 2 2 5 69
70 82 2 1 7 69
70 86 2 2 8 69
70 90 2 1 16 69
70 91 2 3 3 69
70 93 2 2 12 69
70 94 2 2 11 69
70 96 2 3 14 69
70 97 2 2 19 69
70 98 2 1 1 69
71 0 1 2 12 693
71 3 1 3 9 693
71 6 1 3 11 693
71 7 1 2 21 693
71 9 1 2 9 693
71 13 1 2 2 693
71 14 1 1 11 693
71 15 1 1 2 693
71 16 1 3 7 693
71 17 1 3 6 693
71 21 1 3 11 693
71 22 1 2 4 693
71 26 1 3 9 693
71 27 1 3 18 693
71 28 1 1 25 693
71 34 1 2 1 693
71 38 1 2 6 693
71 41 1 3 2 693
71 45 1 2 11 693
71 47 1 3 5 693
71 49 1 2 8 693
71 51 1 3 4 693
71 52 1 3 10 693
71 53 1 1 10 693
71 54 1 2 25 693
71 55 1 1 8 693
71 56 1 3 16 693
71 57 1 3 3 693
71 58 1 2 24 693
71 59 1 3 20 693
71 60 1 3 20 693
71 64 1 3 15 693
71 66 1 3 18 693
71 67 1 3 12 693
71 68 1 2 15 693
71 70 1 2 10 693
71 73 1 1 4 693
71 75 1 1 17 693
71 76 1 2 22 693
71 77 1 2 17 693
71 78 1 2 14 693
71 79 1 3 25 693
71 80 1 1 17 693
71 81 1 1 17 693
71 85 1 1 2 693
71 87 1 3 17 693
71 88 1 3 5 693
71 89 1 3 25 693
71 92 1 2 1 693
71 93 1 2 24 693
71 94 1 2 1 693
71 96 1 3 6 693
71 97 1 2 18 693
72 1 1 3 1 147
72 2 1 3 14 147
72 3 1 3 5 147
72 5 1 3 11 147
72 6 1 3 5 147
72 7 1 2 20 147
72 8 1 2 9 147
72 13 1 2 21 147
72 14 1 1 22 147
72 15 1 1 17 147
72 16 1 3 11 147
72 19 1 3 5 147
72 20 1 1 23 147
72 21 1 3 2 147
72 22 1 2 14 147
72 23 1 3 23 147
72 24 1 3 18 147
72 27 1 3 12 147
72 30 1 1 17 147
72 32 1 2 12 147
72 33 1 1 9 147
72 34 1 2 22 147
72 35 1 1 19 147
72 37 1 1 11 147
72 38 1 2 14 147
72 40 1 1 7 147
72 43 1 2 16 147
72 44 1 3 17 147
72 48 1 3 5 147
72 49 1 2 8 147
72 50 1 3 15 147
72 55 1 1 16 147
72 57 1 3 5 147
72 59 1 3 12 147
72 61 1 2 3 147
72 62 1 2 25 147
72 64 1 3 15 147
72 67 1 3 5 147
72 69 1 2 11 147
72 70 1 2 3 147
72 73 1 1 18 147
72 78 1 2 10 147
72 80 1 1 15 147
72 81 1 1 17 147
72 83 1 1 3 147
72 84 1 3 3 147
72 88 1 3 7 147
72 91 1 3 14 147
72 92 1 2 16 147
72 93 1 2 17 147
72 94 1 2 15 147
72 95 1 3 13 147
72 96 1 3 22 147
72 98 1 1 10 147
72 99 1 3 12 147
73 0 1 2 21 57
73 1 1 3 12 57
73 6 1 3 8 57
73 7 1 2 16 57
73 8 1 2 13 57
73 9 1 2 8 57
73 11 1 3 19 57
73 14 1 1 15 57
73 16 1 3 14 57
73 20 1 1 18 57
73 21 1 3 7 57
73 23 1 3 7 57
73 24 1 3 14 57
73 26 1 3 8 57
73 28 1 1 2 57
73 30 1 1 10 57
73 31 1 2 12 57
73 32 1 2 23 57
73 35 1 1 12 57
73 37 1 1 19 57
73 39 1 3 2 57
73 40 1 1 20 57
73 43 1 2 1 57
73 44 1 3 16 57
73 45 1 2 25 57
73 48 1 3 12 57
73 49 1 2 25 57
73 50 1 3 7 57
73 51 1 3 8 57
73 52 1 3 14 57
73 54 1 2 12 57
73 55 1 1 11 57
73 58 1 2 23 57
73 60 1 3 23 57
73 61 1 2 14 57
73 63 1 1 19 57
73 65 1 3 24 57
73 66 1 3 14 57
73 68 1 2 15 57
73 69 1 2 7 57
73 71 1 1 4 57
73 72 1 1 18 57
73 74 1 1 9 57
73 75 1 1 7 57
73 79 1 3 4 57
73 80 1 1 17 57
73 82 1 1 8 57
73 83 1 1 18 57
73 89 1 3 4 57
73 90 1 1 4 57
73 91 1 3 17 57
73 92 1 2 21 57
73 95 1 3 22 57
73 96 1 3 16 57
73 97 1 2 13 57
74 2 1 3 8 970
74 4 1 1 14 970
74 5 1 3 20 970
74 7 1 2 21 970
74 9 1 2 23 970
74 10 1 2 7 970
74 13 1 2 7 970
74 16 1 3 19 970
74 17 1 3 2 970
74 19 1 3 23 970
74 20 1 1 3 970
74 23 1 3 21 970
74 24 1 3 15 970
74 26 1 3 24 970
74 27 1 3 1 970
74 28 1 1 16 970
74 29 1 3 19 970
74 34 1 2 13 970
74 37 1 1 22 970
74 38 1 2 21 970
74 40 1 1 12 970
74 41 1 3 11 970
74 43 1 2 9 970
74 44 1 3 3 970
74 46 1 2 18 970
74 50 1 3 15 970
74 51 1 3 20 970
74 54 1 2 13 970
74 55 1 1 3 970
74 57 1 3 6 970
74 59 1 3 10 970
74 60 1 3 14 970
74 63 1 1 23 970
74 69 1 2 2 970
74 70 1 2 9 970
74 73 1 1 9 970
74 75 1 1 15 970
74 79 1 3 10 970
74 80 1 1 14 970
74 81 1 1 12 970
74 83 1 1 7 970
74 84 1 3 7 970
74 85 1 1 23 970
74 87 1 3 16 970
74 88 1 3 9 970
74 89 1 3 12 970
74 90 1 1 17 970
74 91 1 3 22 970
74 93 1 2 24 970
74 94 1 2 19 970
74 96 1 3 22 970
74 97 1 2 16 970
75 0 1 2 13 290
75 1 1 3 14 290
75 2 1 3 15 290
75 3 1 3 1 290
75 4 1 1 22 290
75 5 1 3 20 290
75 7 1 2 25 290
75 8 1 2 6 290
75 9 1 2 7 290
75 10 1 2 11 290
75 12 1 2 8 290
75 13 1 2 7 290
75 14 1 1 18 290
75 15 1 1 4 290
75 20 1 1 22 290
75 24 1 3 2 290
75 25 1 2 8 290
75 26 1 3 7 290
75 27 1 3 16 290
75 28 1 1 19 290
75 30 1 1 19 290
75 33 1 1 16 290
75 37 1 1 17 290
75 39 1 3 2 290
75 40 1 1 19 290
75 49 1 2 15 290
75 50 1 3 17 290
75 51 1 3 25 290
75 52 1 3 17 290
75 53 1 1 10 290
75 54 1 2 3 290
75 55 1 1 7 290
75 56 1 3 20 290
75 58 1 2 12 290
75 59 1 3 18 290
75 60 1 3 1 290
75 61 1 2 18 290
75 63 1 1 22 290
75 64 1 3 1 290
75 65 1 3 6 290
75 68 1 2 22 290
75 69 1 2 21 290
75 70 1 2 19 290
75 71 1 1 17 290
75 73 1 1 7 290
75 74 1 1 15 290
75 76 1 2 21 290
75 79 1 3 6 290
75 81 1 1 9 290
75 83 1 1 11 290
75 85 1 1 2 290
75 86 1 2 9 290
75 88 1 3 22 290
75 89 1 3 25 290
75 90 1 1 5 290
75 92 1 2 21 290
75 93 1 2 21 290
75 96 1 3 12 290
75 98 1 1 20 290
75 99 1 3 13 290
76 0 2 2 19 726
76 1 2 3 13 726
76 3 2 3 2 726
76 4 2 1 9 726
76 5 2 3 5 726
76 6 2 3 6 726
76 7 2 2 5 726
76 8 2 2 9 726
76 12 2 2 8 726
76 15 2 1 6 726
76 17 2 3 14 726
76 19 2 3 6 726
76 23 2 3 4 726
76 24 2 3 12 726
76 25 2 2 12 726
76 27 2 3 20 726
76 28 2 1 23 726
76 30 2 1 4 726
76 32 2 2 16 726
76 33 2 1 25 726
76 35 2 1 23 726
76 36 2 1 8 726
76 38 2 2 10 726
76 43 2 2 7 726
76 46 2 2 23 726
76 48 2 3 21 726
76 56 2 3 1 726
76 57 2 3 13 726
76 60 2 3 20 726
76 61 2 2 22 726
76 62 2 2 22 726
76 69 2 2 19 726
76 71 2 1 22 726
76 75 2 1 21 726
76 77 2 2 25 726
76 79 2 3 1 726
76 80 2 1 12 726
76 81 2 1 6 726
76 82 2 1 7 726
76 83 2 1 19 726
76 85 2 1 23 726
76 86 2 2 9 726
76 91 2 3 6 726
76 92 2 2 1 726
76 93 2 2 9 726
76 94 2 2 11 726
76 95 2 3 7 726
76 98 2 1 23 726
77 0 2 2 10 142
77 9 2 2 22 142
77 10 2 2 21 142
77 11 2 3 3 142
77 13 2 2 9 142
77 14 2 1 3 142
77 15 2 1 18 142
77 16 2 3 8 142
77 17 2 3 23 142
77 18 2 1 19 142
77 19 2 3 10 142
77 23 2 3 23 142
77 25 2 2 16 142
77 26 2 3 9 142
77 27 2 3 25 142
77 29 2 3 25 142
77 30 2 1 2 142
77 31 2 2 25 142
77 32 2 2 15 142
77 33 2 1 3 142
77 36 2 1 20 142
77 37 2 1 1 142
77 40 2 1 15 142
77 42 2 3 3 142
77 43 2 2 7 142
77 44 2 3 4 142
77 47 2 3 2 142
77 48 2 3 11 142
77 49 2 2 24 142
77 51 2 3 7 142
77 52 2 3 11 142
77 53 2 1 14 142
77 54 2 2 13 142
77 55 2 1 2 142
77 56 2 3 15 142
77 57 2 3 11 142
77 58 2 2 22 142
77 61 2 2 23 142
77 63 2 1 22 142
77 65 2 3 14 142
77 68 2 2 23 142
77 71 2 1 17 142
77 76 2 2 25 142
77 78 2 2 24 142
77 80 2 1 5 142
77 84 2 3 20 142
77 87 2 3 4 142
77 91 2 3 11 142
77 93 2 2 11 142
77 95 2 3 4 142
77 99 2 3 11 142
78 0 2 2 4 831
78 1 2 3 12 831
78 2 2 3 10 831
78 5 2 3 6 831
78 7 2 2 3 831
78 8 2 2 7 831
78 12 2 2 13 831
78 13 2 2 14 831
78 18 2 1 9 831
78 22 2 2 10 831
78 23 2 3 11 831
78 25 2 2 22 831
78 27 2 3 3 831
78 28 2 1 1 831
78 30 2 1 22 831
78 31 2 2 3 831
78 32 2 2 1 831
78 34 2 2 8 831
78 35 2 1 25 831
78 36 2 1 10 831
78 37 2 1 8 831
78 40 2 1 8 831
78 41 2 3 13 831
78 42 2 3 11 831
78 43 2 2 24 831
78 45 2 2 11 831
78 47 2 3 10 831
78 49 2 2 23 831
78 51 2 3 15 831
78 52 2 3 2 831
78 53 2 1 7 831
78 54 2 2 3 831
78 55 2 1 12 831
78 56 2 3 21 831
78 58 2 2 19 831
78 59 2 3 25 831
78 61 2 2 19 831
78 62 2 2 9 831
78 63 2 1 12 831
78 64 2 3 3 831
78 65 2 3 20 831
78 66 2 3 1 831
78 68 2 2 22 831
78 69 2 2 7 831
78 70 2 2 5 831
78 71 2 1 14 831
78 72 2 1 10 831
78 77 2 2 24 831
78 80 2 1 3 831
78 81 2 1 11 831
78 83 2 1 25 831
78 84 2 3 24 831
78 86 2 2 1 831
78 88 2 3 11 831
78 92 2 2 21 831
78 94 2 2 16 831
78 95 2 3 22 831
79 1 3 3 24 871
79 2 3 3 17 871
79 3 3 3 19 871
79 5 3 3 24 871
79 6 3 3 23 871
79 7 3 2 15 871
79 10 3 2 11 871
79 11 3 3 8 871
79 12 3 2 16 871
79 15 3 1 17 871
79 16 3 3 20 871
79 17 3 3 24 871
79 18 3 1 7 871
79 20 3 1 9 871
79 23 3 3 13 871
79 24 3 3 8 871
79 25 3 2 5 871
79 29 3 3 18 871
79 37 3 1 7 871
79 38 3 2 4 871
79 40 3 1 15 871
79 42 3 3 7 871
79 43 3 2 9 871
79 44 3 3 13 871
79 46 3 2 22 871
79 47 3 3 23 871
79 48 3 3 14 871
79 49 3 2 23 871
79 51 3 3 7 871
79 52 3 3 21 871
79 54 3 2 24 871
79 55 3 1 13 871
79 57 3 3 19 871
79 58 3 2 9 871
79 60 3 3 8 871
79 61 3 2 24 871
79 62 3 2 21 871
79 64 3 3 9 871
79 66 3 3 4 871
79 68 3 2 22 871
79 69 3 2 3 871
79 71 3 1 25 871
79 73 3 1 4 871
79 74 3 1 10 871
79 75 3 1 6 871
79 76 3 2 1 871
79 83 3 1 25 871
79 84 3 3 24 871
79 86 3 2 5 871
79 88 3 3 23 871
79 89 3 3 10 871
79 90 3 1 24 871
79 92 3 2 10 871
79 93 3 2 22 871
79 95 3 3 4 871
79 96 3 3 3 871
79 97 3 2 18 871
79 99 3 3 22 871
80 1 1 3 11 760
80 3 1 3 4 760
80 4 1 1 19 760
80 8 1 2 14 760
80 9 1 2 6 760
80 13 1 2 5 760
80 15 1 1 11 760
80 16 1 3 6 760
80 19 1 3 12 760
80 25 1 2 5 760
80 29 1 3 22 760
80 31 1 2 15 760
80 35 1 1 8 760
80 36 1 1 19 760
80 37 1 1 1 760
80 40 1 1 23 760
80 41 1 3 3 760
80 42 1 3 15 760
80 44 1 3 18 760
80 45 1 2 17 760
80 48 1 3 12 760
80 49 1 2 14 760
80 50 1 3 21 760
80 53 1 1 17 760
80 55 1 1 23 760
80 57 1 3 24 760
80 59 1 3 17 760
80 60 1 3 3 760
80 61 1 2 18 760
80 62 1 2 15 760
80 64 1 3 1 760
80 66 1 3 9 760
80 67 1 3 12 760
80 71 1 1 17 760
80 72 1 1 15 760
80 73 1 1 17 760
80 74 1 1 14 760
80 76 1 2 12 760
80 77 1 2 5 760
80 78 1 2 3 760
80 84 1 3 18 760
80 85 1 1 24 760
80 86 1 2 9 760
80 88 1 3 10 760
80 91 1 3 3 760
80 95 1 3 24 760
80 96 1 3 12 760
80 98 1 1 6 760
80 99 1 3 24 760
81 1 1 3 12 477
81 3 1 3 12 477
81 4 1 1 16 477
81 5 1 3 17 477
81 6 1 3 16 477
81 7 1 2 7 477
81 8 1 2 24 477
81 17 1 3 5 477
81 18 1 1 16 477
81 21 1 3 13 477
81 24 1 3 24 477
81 25 1 2 18 477
81 27 1 3 17 477
81 29 1 3 10 477
81 30 1 1 6 477
81 33 1 1 15 477
81 34 1 2 2 477
81 36 1 1 4 477
81 38 1 2 15 477
81 39 1 3 11 477
81 40 1 1 9 477
81 44 1 3 2 477
81 47 1 3 24 477
81 48 1 3 7 477
81 49 1 2 14 477
81 51 1 3 15 477
81 52 1 3 17 477
81 54 1 2 2 477
81 56 1 3 16 477
81 57 1 3 22 477
81 61 1 2 3 477
81 62 1 2 6 477
81 63 1 1 14 477
81 65 1 3 22 477
81 66 1 3 15 477
81 68 1 2 25 477
81 69 1 2 20 477
81 71 1 1 17 477
81 72 1 1 17 477
81 74 1 1 12 477
81 75 1 1 9 477
81 76 1 2 6 477
81 78 1 2 11 477
81 82 1 1 7 477
81 83 1 1 2 477
81 84 1 3 8 477
81 85 1 1 11 477
81 86 1 2 22 477
81 87 1 3 10 477
81 90 1 1 3 477
81 93 1 2 21 477
81 97 1 2 19 477
81 98 1 1 24 477
82 3 1 3 3 311
82 5 1 3 9 311
82 7 1 2 18 311
82 8 1 2 21 311
82 9 1 2 6 311
82 11 1 3 12 311
82 13 1 2 3 311
82 17 1 3 25 311
82 18 1 1 6 311
82 19 1 3 7 311
82 21 1 3 22 311
82 26 1 3 22 311
82 28 1 1 16 311
82 31 1 2 17 311
82 32 1 2 24 311
82 33 1 1 17 311
82 38 1 2 4 311
82 39 1 3 17 311
82 42 1 3 11 311
82 47 1 3 21 311
82 49 1 2 5 311
82 50 1 3 3 311
82 51 1 3 19 311
82 52 1 3 17 311
82 53 1 1 13 311
82 55 1 1 24 311
82 57 1 3 18 311
82 61 1 2 11 311
82 64 1 3 17 311
82 65 1 3 21 311
82 68 1 2 6 311
82 69 1 2 9 311
82 70 1 2 7 311
82 73 1 1 8 311
82 76 1 2 7 311
82 81 1 1 7 311
82 83 1 1 12 311
82 87 1 3 13 311
82 88 1 3 25 311
82 90 1 1 18 311
82 96 1 3 17 311
83 2 1 3 22 165
83 4 1 1 15 165
83 6 1 3 15 165
83 9 1 2 20 165
83 10 1 2 5 165
83 12 1 2 6 165
83 13 1 2 23 165
83 17 1 3 24 165
83 19 1 3 2 165
83 20 1 1 18 165
83 22 1 2 23 165
83 26 1 3 4 165
83 27 1 3 8 165
83 28 1 1 25 165
83 34 1 2 23 165
83 35 1 1 7 165
83 36 1 1 5 165
83 40 1 1 20 165
83 46 1 2 8 165
83 47 1 3 8 165
83 49 1 2 1 165
83 51 1 3 1 165
83 52 1 3 25 165
83 54 1 2 14 165
83 55 1 1 20 165
83 56 1 3 18 165
83 57 1 3 5 165
83 58 1 2 19 165
83 61 1 2 24 165
83 62 1 2 19 165
83 63 1 1 4 165
83 64 1 3 8 165
83 65 1 3 9 165
83 68 1 2 4 165
83 72 1 1 3 165
83 73 1 1 18 165
83 74 1 1 7 165
83 75 1 1 11 165
83 76 1 2 19 165
83 78 1 2 25 165
83 79 1 3 25 165
83 81 1 1 2 165
83 82 1 1 12 165
83 86 1 2 17 165
83 87 1 3 13 165
83 88 1 3 19 165
83 89 1 3 21 165
83 92 1 2 10 165
83 93 1 2 3 165
83 97 1 2 6 165
83 98 1 1 4 165
83 99 1 3 24 165
84 0 3 2 10 873
84 2 3 3 8 873
84 3 3 3 24 873
84 4 3 1 4 873
84 5 3 3 3 873
84 6 3 3 21 873
84 7 3 2 7 873
84 8 3 2 24 873
84 9 3 2 3 873
84 10 3 2 15 873
84 11 3 3 17 873
84 12 3 2 4 873
84 13 3 2 21 873
84 14 3 1 11 873
84 15 3 1 19 873
84 16 3 3 16 873
84 18 3 1 7 873
84 19 3 3 20 873
84 20 3 1 2 873
84 21 3 3 13 873
84 29 3 3 6 873
84 31 3 2 18 873
84 33 3 1 3 873
84 34 3 2 16 873
84 35 3 1 1 873
84 41 3 3 24 873
84 43 3 2 20 873
84 45 3 2 10 873
84 46 3 2 2 873
84 48 3 3 16 873
84 50 3 3 24 873
84 54 3 2 14 873
84 57 3 3 14 873
84 59 3 3 3 873
84 61 3 2 8 873
84 62 3 2 19 873
84 64 3 3 13 873
84 69 3 2 12 873
84 72 3 1 3 873
84 74 3 1 7 873
84 77 3 2 20 873
84 78 3 2 24 873
84 79 3 3 24 873
84 80 3 1 18 873
84 81 3 1 8 873
84 87 3 3 19 873
84 89 3 3 16 873
84 90 3 1 23 873
84 91 3 3 22 873
84 92 3 2 16 873
84 93 3 2 11 873
84 97 3 2 8 873
84 99 3 3 12 873
85 0 1 2 23 593
85 1 1 3 3 593
85 2 1 3 13 593
85 6 1 3 15 593
85 7 1 2 14 593
85 8 1 2 21 593
85 9 1 2 8 593
85 10 1 2 11 593
85 12 1 2 21 593
85 14 1 1 8 593
85 15 1 1 9 593
85 16 1 3 23 593
85 17 1 3 14 593
85 21 1 3 16 593
85 22 1 2 12 593
85 23 1 3 17 593
85 24 1 3 16 593
85 26 1 3 24 593
85 27 1 3 9 593
85 28 1 1 25 593
85 29 1 3 12 593
85 30 1 1 17 593
85 33 1 1 15 593
85 34 1 2 22 593
85 35 1 1 16 593
85 37 1 1 23 593
85 40 1 1 17 593
85 44 1 3 23 593
85 45 1 2 12 593
85 46 1 2 10 593
85 48 1 3 6 593
85 50 1 3 10 593
85 54 1 2 6 593
85 55 1 1 6 593
85 58 1 2 20 593
85 59 1 3 20 593
85 61 1 2 7 593
85 62 1 2 5 593
85 63 1 1 13 593
85 65 1 3 14 593
85 66 1 3 17 593
85 67 1 3 9 593
85 71 1 1 2 593
85 74 1 1 23 593
85 75 1 1 2 593
85 76 1 2 23 593
85 80 1 1 24 593
85 81 1 1 11 593
85 90 1 1 16 593
85 91 1 3 9 593
85 92 1 2 18 593
85 94 1 2 8 593
85 95 1 3 18 593
85 96 1 3 13 593
85 97 1 2 17 593
85 99 1 3 6 593
86 0 2 2 1 302
86 1 2 3 18 302
86 3 2 3 17 302
86 7 2 2 21 302
86 8 2 2 5 302
86 10 2 2 23 302
86 12 2 2 16 302
86 13 2 2 8 302
86 14 2 1 15 302
86 15 2 1 16 302
86 18 2 1 9 302
86 20 2 1 25 302
86 21 2 3 13 302
86 22 2 2 23 302
86 23 2 3 5 302
86 24 2 3 15 302
86 27 2 3 18 302
86 28 2 1 24 302
86 29 2 3 19 302
86 31 2 2 5 302
86 33 2 1 22 302
86 38 2 2 15 302
86 39 2 3 5 302
86 42 2 3 19 302
86 49 2 2 12 302
86 50 2 3 1 302
86 55 2 1 7 302
86 56 2 3 16 302
86 59 2 3 17 302
86 62 2 2 9 302
86 63 2 1 24 302
86 64 2 3 24 302
86 66 2 3 9 302
86 69 2 2 8 302
86 70 2 2 8 302
86 75 2 1 9 302
86 76 2 2 9 302
86 78 2 2 1 302
86 79 2 3 5 302
86 80 2 1 9 302
86 81 2 1 22 302
86 83 2 1 17 302
86 91 2 3 6 302
86 94 2 2 23 302
86 96 2 3 24 302
86 98 2 1 9 302
86 99 2 3 10 302
87 1 3 3 17 872
87 2 3 3 12 872
87 6 3 3 12 872
87 9 3 2 11 872
87 11 3 3 5 872
87 14 3 1 2 872
87 19 3 3 14 872
87 21 3 3 16 872
87 25 3 2 12 872
87 26 3 3 22 872
87 27 3 3 6 872
87 28 3 1 11 872
87 29 3 3 14 872
87 30 3 1 13 872
87 32 3 2 25 872
87 33 3 1 4 872
87 34 3 2 17 872
87 35 3 1 8 872
87 36 3 1 15 872
87 37 3 1 7 872
87 39 3 3 7 872
87 44 3 3 25 872
87 46 3 2 20 872
87 47 3 3 25 872
87 49 3 2 25 872
87 50 3 3 11 872
87 53 3 1 22 872
87 55 3 1 6 872
87 57 3 3 25 872
87 59 3 3 9 872
87 60 3 3 19 872
87 61 3 2 16 872
87 63 3 1 5 872
87 64 3 3 24 872
87 67 3 3 15 872
87 71 3 1 17 872
87 74 3 1 16 872
87 77 3 2 4 872
87 81 3 1 10 872
87 82 3 1 13 872
87 83 3 1 13 872
87 84 3 3 19 872
87 91 3 3 2 872
87 92 3 2 9 872
87 93 3 2 23 872
87 96 3 3 16 872
87 99 3 3 16 872
88 1 3 3 19 90
88 3 3 3 20 90
88 5 3 3 5 90
88 8 3 2 5 90
88 9 3 2 20 90
88 10 3 2 19 90
88 11 3 3 6 90
88 12 3 2 10 90
88 13 3 2 14 90
88 16 3 3 2 90
88 21 3 3 12 90
88 23 3 3 21 90
88 24 3 3 24 90
88 25 3 2 25 90
88 26 3 3 18 90
88 27 3 3 4 90
88 30 3 1 20 90
88 31 3 2 25 90
88 32 3 2 7 90
88 34 3 2 19 90
88 35 3 1 5 90
88 36 3 1 11 90
88 38 3 2 21 90
88 40 3 1 14 90
88 41 3 3 13 90
88 42 3 3 21 90
88 44 3 3 12 90
88 45 3 2 12 90
88 49 3 2 1 90
88 52 3 3 20 90
88 53 3 1 24 90
88 57 3 3 4 90
88 59 3 3 6 90
88 60 3 3 19 90
88 61 3 2 13 90
88 62 3 2 16 90
88 63 3 1 12 90
88 64 3 3 11 90
88 66 3 3 20 90
88 67 3 3 25 90
88 68 3 2 8 90
88 71 3 1 5 90
88 72 3 1 7 90
88 74 3 1 9 90
88 75 3 1 22 90
88 78 3 2 11 90
88 79 3 3 23 90
88 80 3 1 10 90
88 82 3 1 25 90
88 83 3 1 19 90
88 89 3 3 4 90
88 91 3 3 18 90
88 92 3 2 6 90
88 94 3 2 24 90
88 95 3 3 24 90
88 98 3 1 13 90
88 99 3 3 9 90
89 1 3 3 6 443
89 3 3 3 7 443
89 4 3 1 16 443
89 5 3 3 4 443
89 8 3 2 19 443
89 9 3 2 23 443
89 13 3 2 10 443
89 14 3 1 20 443
89 17 3 3 25 443
89 19 3 3 2 443
89 22 3 2 4 443
89 24 3 3 13 443
89 28 3 1 8 443
89 30 3 1 16 443
89 32 3 2 17 443
89 35 3 1 7 443
89 36 3 1 14 443
89 39 3 3 9 443
89 41 3 3 9 443
89 42 3 3 25 443
89 45 3 2 2 443
89 48 3 3 21 443
89 50 3 3 24 443
89 51 3 3 22 443
89 53 3 1 21 443
89 54 3 2 13 443
89 55 3 1 6 443
89 56 3 3 11 443
89 59 3 3 9 443
89 60 3 3 1 443
89 61 3 2 17 443
89 63 3 1 24 443
89 65 3 3 21 443
89 69 3 2 12 443
89 71 3 1 25 443
89 73 3 1 4 443
89 74 3 1 12 443
89 75 3 1 25 443
89 79 3 3 10 443
89 83 3 1 21 443
89 84 3 3 16 443
89 88 3 3 4 443
89 90 3 1 5 443
89 92 3 2 2 443
89 95 3 3 11 443
89 96 3 3 14 443
89 97 3 2 19 443
89 98 3 1 5 443
89 99 3 3 15 443
90 1 1 3 1 758
90 2 1 3 15 758
90 6 1 3 12 758
90 11 1 3 1 758
90 15 1 1 23 758
90 16 1 3 18 758
90 19 1 3 1 758
90 20 1 1 12 758
90 22 1 2 15 758
90 23 1 3 2 758
90 24 1 3 24 758
90 25 1 2 21 758
90 26 1 3 12 758
90 27 1 3 12 758
90 33 1 1 4 758
90 34 1 2 14 758
90 35 1 1 13 758
90 36 1 1 12 758
90 37 1 1 18 758
90 39 1 3 3 758
90 40 1 1 20 758
90 41 1 3 14 758
90 47 1 3 24 758
90 51 1 3 18 758
90 53 1 1 19 758
90 55 1 1 22 758
90 62 1 2 10 758
90 63 1 1 19 758
90 67 1 3 12 758
90 70 1 2 16 758
90 73 1 1 4 758
90 74 1 1 17 758
90 75 1 1 5 758
90 79 1 3 24 758
90 81 1 1 3 758
90 82 1 1 18 758
90 84 1 3 23 758
90 85 1 1 16 758
90 89 1 3 5 758
90 91 1 3 20 758
90 93 1 2 2 758
90 94 1 2 24 758
90 98 1 1 11 758
90 99 1 3 7 758
91 2 3 3 10 766
91 4 3 1 14 766
91 11 3 3 18 766
91 15 3 1 12 766
91 18 3 1 12 766
91 20 3 1 2 766
91 23 3 3 14 766
91 28 3 1 20 766
91 29 3 3 5 766
91 31 3 2 25 766
91 33 3 1 18 766
91 36 3 1 15 766
91 37 3 1 11 766
91 38 3 2 6 766
91 39 3 3 12 766
91 40 3 1 16 766
91 41 3 3 22 766
91 43 3 2 16 766
91 46 3 2 13 766
91 49 3 2 16 766
91 51 3 3 21 766
91 52 3 3 9 766
91 54 3 2 17 766
91 55 3 1 20 766
91 58 3 2 1 766
91 59 3 3 24 766
91 61 3 2 10 766
91 64 3 3 14 766
91 66 3 3 25 766
91 68 3 2 23 766
91 70 3 2 3 766
91 72 3 1 14 766
91 73 3 1 17 766
91 74 3 1 22 766
91 76 3 2 6 766
91 77 3 2 11 766
91 80 3 1 3 766
91 84 3 3 22 766
91 85 3 1 9 766
91 86 3 2 6 766
91 87 3 3 2 766
91 88 3 3 18 766
91 90 3 1 20 766
91 95 3 3 7 766
91 96 3 3 16 766
91 98 3 1 14 766
91 99 3 3 17 766
92 3 2 3 24 704
92 4 2 1 13 704
92 5 2 3 12 704
92 6 2 3 22 704
92 7 2 2 10 704
92 10 2 2 15 704
92 14 2 1 8 704
92 15 2 1 5 704
92 16 2 3 2 704
92 17 2 3 21 704
92 18 2 1 6 704
92 19 2 3 7 704
92 20 2 1 9 704
92 27 2 3 19 704
92 29 2 3 6 704
92 30 2 1 17 704
92 33 2 1 4 704
92 34 2 2 11 704
92 35 2 1 21 704
92 36 2 1 22 704
92 39 2 3 22 704
92 40 2 1 5 704
92 43 2 2 23 704
92 45 2 2 23 704
92 46 2 2 14 704
92 47 2 3 22 704
92 48 2 3 14 704
92 49 2 2 9 704
92 50 2 3 1 704
92 51 2 3 25 704
92 52 2 3 7 704
92 54 2 2 21 704
92 55 2 1 1 704
92 63 2 1 7 704
92 64 2 3 24 704
92 66 2 3 4 704
92 67 2 3 19 704
92 69 2 2 3 704
92 71 2 1 1 704
92 72 2 1 16 704
92 73 2 1 21 704
92 75 2 1 21 704
92 76 2 2 1 704
92 78 2 2 21 704
92 79 2 3 10 704
92 83 2 1 10 704
92 84 2 3 16 704
92 85 2 1 18 704
92 87 2 3 9 704
92 88 2 3 6 704
92 89 2 3 2 704
92 94 2 2 13 704
92 97 2 2 6 704
92 98 2 1 13 704
93 0 2 2 12 751
93 1 2 3 22 751
93 2 2 3 20 751
93 3 2 3 18 751
93 9 2 2 15 751
93 10 2 2 12 751
93 11 2 3 3 751
93 13 2 2 18 751
93 14 2 1 19 751
93 15 2 1 3 751
93 19 2 3 7 751
93 20 2 1 17 751
93 22 2 2 16 751
93 30 2 1 13 751
93 33 2 1 23 751
93 35 2 1 22 751
93 36 2 1 7 751
93 38 2 2 9 751
93 40 2 1 25 751
93 41 2 3 17 751
93 43 2 2 10 751
93 45 2 2 9 751
93 46 2 2 4 751
93 47 2 3 5 751
93 48 2 3 5 751
93 49 2 2 15 751
93 50 2 3 14 751
93 51 2 3 12 751
93 53 2 1 2 751
93 55 2 1 11 751
93 56 2 3 14 751
93 58 2 2 13 751
93 59 2 3 18 751
93 60 2 3 10 751
93 61 2 2 24 751
93 63 2 1 12 751
93 66 2 3 21 751
93 67 2 3 6 751
93 70 2 2 12 751
93 71 2 1 24 751
93 72 2 1 17 751
93 74 2 1 24 751
93 75 2 1 21 751
93 76 2 2 9 751
93 77 2 2 11 751
93 79 2 3 22 751
93 81 2 1 21 751
93 83 2 1 3 751
93 84 2 3 11 751
93 87 2 3 23 751
93 90 2 1 2 751
93 94 2 2 9 751
93 95 2 3 15 751
93 96 2 3 21 751
93 99 2 3 1 751
94 0 2 2 12 855
94 2 2 3 2 855
94 6 2 3 8 855
94 7 2 2 19 855
94 8 2 2 24 855
94 11 2 3 6 855
94 13 2 2 23 855
94 16 2 3 16 855
94 17 2 3 11 855
94 18 2 1 17 855
94 19 2 3 4 855
94 21 2 3 13 855
94 22 2 2 19 855
94 23 2 3 14 855
94 24 2 3 12 855
94 25 2 2 12 855
94 27 2 3 1 855
94 33 2 1 9 855
94 34 2 2 4 855
94 35 2 1 5 855
94 37 2 1 22 855
94 39 2 3 6 855
94 41 2 3 24 855
94 46 2 2 2 855
94 47 2 3 6 855
94 52 2 3 20 855
94 57 2 3 9 855
94 60 2 3 1 855
94 62 2 2 22 855
94 63 2 1 15 855
94 65 2 3 12 855
94 67 2 3 16 855
94 70 2 2 11 855
94 71 2 1 1 855
94 72 2 1 15 855
94 74 2 1 19 855
94 76 2 2 11 855
94 78 2 2 16 855
94 85 2 1 8 855
94 86 2 2 23 855
94 88 2 3 24 855
94 90 2 1 24 855
94 92 2 2 13 855
94 93 2 2 9 855
94 95 2 3 16 855
94 98 2 1 7 855
95 0 3 2 3 425
95 2 3 3 1 425
95 6 3 3 23 425
95 8 3 2 2 425
95 10 3 2 4 425
95 11 3 3 11 425
95 15 3 1 15 425
95 17 3 3 9 425
95 19 3 3 14 425
95 22 3 2 14 425
95 26 3 3 20 425
95 30 3 1 14 425
95 32 3 2 21 425
95 33 3 1 10 425
95 34 3 2 22 425
95 38 3 2 11 425
95 40 3 1 12 425
95 42 3 3 1 425
95 45 3 2 11 425
95 49 3 2 22 425
95 52 3 3 3 425
95 54 3 2 23 425
95 55 3 1 6 425
95 56 3 3 12 425
95 58 3 2 10 425
95 59 3 3 12 425
95 61 3 2 23 425
95 62 3 2 16 425
95 63 3 1 16 425
95 64 3 3 25 425
95 65 3 3 10 425
95 66 3 3 18 425
95 68 3 2 1 425
95 72 3 1 13 425
95 73 3 1 22 425
95 76 3 2 7 425
95 77 3 2 4 425
95 78 3 2 22 425
95 79 3 3 4 425
95 80 3 1 24 425
95 85 3 1 18 425
95 88 3 3 24 425
95 89 3 3 11 425
95 91 3 3 7 425
95 93 3 2 15 425
95 94 3 2 16 425
95 96 3 3 20 425
95 99 3 3 25 425
96 3 3 3 4 339
96 8 3 2 3 339
96 11 3 3 7 339
96 13 3 2 8 339
96 16 3 3 5 339
96 17 3 3 25 339
96 18 3 1 5 339
96 20 3 1 9 339
96 22 3 2 3 339
96 23 3 3 7 339
96 24 3 3 11 339
96 27 3 3 21 339
96 28 3 1 11 339
96 30 3 1 18 339
96 31 3 2 19 339
96 32 3 2 2 339
96 37 3 1 24 339
96 38 3 2 18 339
96 42 3 3 14 339
96 44 3 3 18 339
96 45 3 2 19 339
96 47 3 3 3 339
96 48 3 3 1 339
96 50 3 3 14 339
96 51 3 3 12 339
96 53 3 1 7 339
96 54 3 2 24 339
96 56 3 3 20 339
96 58 3 2 19 339
96 60 3 3 15 339
96 63 3 1 17 339
96 65 3 3 12 339
96 67 3 3 18 339
96 69 3 2 7 339
96 70 3 2 14 339
96 71 3 1 6 339
96 72 3 1 22 339
96 73 3 1 16 339
96 74 3 1 22 339
96 75 3 1 12 339
96 79 3 3 3 339
96 80 3 1 12 339
96 82 3 1 17 339
96 85 3 1 13 339
96 86 3 2 24 339
96 87 3 3 16 339
96 89 3 3 14 339
96 91 3 3 16 339
96 93 3 2 21 339
96 95 3 3 20 339
96 97 3 2 4 339
97 0 2 2 25 168
97 1 2 3 3 168
97 2 2 3 13 168
97 4 2 1 16 168
97 5 2 3 1 168
97 6 2 3 14 168
97 8 2 2 16 168
97 21 2 3 7 168
97 23 2 3 6 168
97 26 2 3 7 168
97 30 2 1 20 168
97 32 2 2 9 168
97 34 2 2 17 168
97 35 2 1 19 168
97 36 2 1 7 168
97 37 2 1 7 168
97 40 2 1 13 168
97 41 2 3 24 168
97 43 2 2 7 168
97 44 2 3 5 168
97 45 2 2 7 168
97 47 2 3 25 168
97 49 2 2 4 168
97 51 2 3 11 168
97 53 2 1 24 168
97 55 2 1 5 168
97 58 2 2 11 168
97 62 2 2 22 168
97 63 2 1 25 168
97 64 2 3 22 168
97 67 2 3 5 168
97 69 2 2 22 168
97 70 2 2 19 168
97 71 2 1 18 168
97 73 2 1 13 168
97 74 2 1 16 168
97 79 2 3 18 168
97 81 2 1 19 168
97 83 2 1 6 168
97 84 2 3 8 168
97 85 2 1 17 168
97 89 2 3 19 168
97 92 2 2 6 168
97 96 2 3 4 168
97 99 2 3 25 168
98 0 1 2 5 155
98 1 1 3 10 155
98 2 1 3 8 155
98 6 1 3 19 155
98 7 1 2 11 155
98 8 1 2 18 155
98 9 1 2 11 155
98 12 1 2 15 155
98 13 1 2 21 155
98 16 1 3 24 155
98 17 1 3 9 155
98 19 1 3 9 155
98 20 1 1 15 155
98 24 1 3 20 155
98 25 1 2 9 155
98 27 1 3 21 155
98 29 1 3 13 155
98 30 1 1 6 155
98 35 1 1 17 155
98 36 1 1 16 155
98 37 1 1 22 155
98 38 1 2 2 155
98 40 1 1 4 155
98 41 1 3 11 155
98 43 1 2 19 155
98 46 1 2 21 155
98 47 1 3 2 155
98 48 1 3 22 155
98 49 1 2 14 155
98 51 1 3 7 155
98 52 1 3 4 155
98 53 1 1 6 155
98 54 1 2 4 155
98 56 1 3 21 155
98 59 1 3 23 155
98 62 1 2 13 155
98 64 1 3 19 155
98 65 1 3 25 155
98 67 1 3 23 155
98 68 1 2 12 155
98 69 1 2 17 155
98 70 1 2 1 155
98 72 1 1 10 155
98 75 1 1 20 155
98 76 1 2 23 155
98 80 1 1 6 155
98 81 1 1 24 155
98 83 1 1 4 155
98 86 1 2 9 155
98 88 1 3 13 155
98 89 1 3 5 155
98 90 1 1 11 155
98 91 1 3 14 155
98 92 1 2 13 155
98 94 1 2 7 155
98 99 1 3 12 155
99 1 3 3 25 528
99 2 3 3 10 528
99 3 3 3 22 528
99 5 3 3 2 528
99 6 3 3 25 528
99 7 3 2 15 528
99 8 3 2 11 528
99 10 3 2 4 528
99 14 3 1 1 528
99 17 3 3 21 528
99 18 3 1 25 528
99 22 3 2 18 528
99 24 3 3 10 528
99 25 3 2 5 528
99 26 3 3 15 528
99 27 3 3 6 528
99 30 3 1 18 528
99 31 3 2 15 528
99 32 3 2 19 528
99 36 3 1 11 528
99 38 3 2 21 528
99 39 3 3 21 528
99 41 3 3 8 528
99 42 3 3 15 528
99 45 3 2 2 528
99 46 3 2 24 528
99 47 3 3 2 528
99 48 3 3 22 528
99 49 3 2 19 528
99 50 3 3 12 528
99 54 3 2 3 528
99 57 3 3 20 528
99 58 3 2 22 528
99 59 3 3 20 528
99 61 3 2 19 528
99 62 3 2 18 528
99 69 3 2 24 528
99 72 3 1 12 528
99 75 3 1 13 528
99 77 3 2 11 528
99 79 3 3 22 528
99 80 3 1 24 528
99 83 3 1 24 528
99 84 3 3 12 528
99 85 3 1 6 528
99 86 3 2 10 528
99 87 3 3 16 528
99 88 3 3 9 528
99 89 3 3 15 528
99 90 3 1 7 528
99 91 3 3 17 528
99 93 3 2 1 528
99 95 3 3 25 528
99 97 3 2 25 528
99 98 3 1 12 528
