capacity  cost_by_node
nb_functions 10
10 94 25 12 43 39 49 85 93 28 28 12 98 49 34 70 69 34 52 59 60 79 38 94 46 61 83 90 83 32 58 33 91 14 27 27 66 35 71 32 76 78 15 84 75 87 23 85 50 84 60 23 10 36 19 55 40 71 23 64 84 54 40 73 98 94 88 28 89 85 87 81 63 24 43 58 86 50 36 67 74 31 22 18 84 67 60 91 94 57 18 49 94 10 78 51 42 47 28 51 67 
6 29 21 25 43 74 73 87 32 71 59 71 27 92 95 46 98 48 53 16 47 76 85 18 82 18 14 94 97 13 12 17 98 91 31 22 42 91 77 26 87 11 34 38 39 77 100 98 45 70 94 83 13 55 76 38 97 35 96 76 72 82 89 45 53 24 82 42 21 54 53 50 93 69 50 93 52 68 80 83 42 24 19 79 12 26 79 49 25 60 93 69 69 80 34 51 46 65 39 48 82 
10 35 28 24 94 39 11 78 85 11 46 64 16 51 83 24 24 67 42 53 40 26 94 29 54 19 48 39 46 57 65 97 32 22 90 65 64 31 57 38 27 11 70 52 67 58 29 32 36 14 34 60 91 38 51 40 89 82 53 16 67 33 24 11 87 28 33 97 84 72 82 24 82 35 100 80 34 48 83 21 51 71 69 85 76 25 23 56 83 19 22 65 76 29 53 72 44 34 65 72 69 
7 91 10 24 56 71 59 65 49 13 10 43 21 76 90 46 56 50 38 68 40 87 58 42 76 50 91 65 62 97 14 39 13 17 20 76 40 99 79 18 26 97 14 13 18 100 21 99 95 29 71 69 96 60 19 54 96 71 13 87 74 33 47 84 58 98 21 33 89 39 66 90 76 66 51 47 56 41 67 100 14 15 19 71 75 35 84 46 100 75 44 22 53 95 71 17 21 63 100 96 62 
11 78 34 22 12 34 74 33 80 51 87 79 43 41 51 78 36 11 92 82 89 66 48 77 66 74 17 99 23 63 72 44 50 62 24 92 70 79 63 56 54 100 55 11 41 16 62 75 14 39 97 17 84 12 57 56 85 48 35 89 35 22 62 81 30 11 76 68 21 80 59 88 61 45 39 45 65 48 47 85 100 55 42 37 61 19 86 99 20 94 59 67 41 20 56 13 87 47 57 41 66 
10 73 47 92 15 53 27 84 41 28 31 92 21 45 68 56 29 16 78 66 54 83 81 19 25 16 34 17 46 27 45 41 21 39 47 49 61 76 27 56 67 41 93 48 90 56 21 48 64 40 96 71 90 89 11 84 45 72 36 41 26 90 43 96 86 28 13 33 56 71 98 16 65 71 81 54 25 55 41 13 100 50 57 24 40 17 70 41 58 37 52 42 29 67 11 73 89 13 43 35 87 
5 38 16 42 72 54 54 39 76 60 32 50 67 80 18 25 63 52 67 32 97 66 25 81 29 69 16 64 90 90 50 38 82 12 74 31 31 44 18 65 26 49 13 14 67 12 48 89 84 14 10 81 10 44 73 11 36 74 64 82 40 34 24 53 83 75 94 59 41 95 83 14 55 96 19 39 50 74 43 46 65 88 22 89 61 91 64 23 49 44 32 57 34 80 59 88 13 91 44 84 28 
11 29 88 20 46 35 93 57 32 84 15 69 16 65 75 17 100 48 59 84 59 98 64 24 97 62 28 31 73 84 36 82 30 70 12 49 49 12 82 46 100 17 100 83 42 45 24 96 44 27 60 10 49 47 68 27 37 31 36 79 39 56 84 99 60 90 99 10 78 44 86 54 74 50 31 55 74 32 89 72 69 76 12 41 78 50 84 88 36 60 32 25 76 14 48 76 61 68 10 50 38 
11 15 23 31 75 83 78 71 42 69 84 15 16 51 31 34 68 50 69 68 85 85 11 71 94 76 65 99 75 70 15 30 81 95 72 47 89 88 37 66 72 77 86 36 71 55 74 38 85 35 27 64 36 93 74 71 52 26 21 39 64 14 61 89 41 90 96 46 73 31 33 70 57 85 49 67 95 52 44 82 94 67 67 42 63 80 12 99 73 75 92 45 11 36 96 98 36 40 91 65 98 
10 43 63 39 28 51 31 43 84 68 64 76 52 13 81 99 58 19 95 30 15 58 63 51 97 20 90 84 99 71 59 45 52 44 44 78 33 30 68 29 36 85 72 36 41 43 49 61 28 54 39 74 20 70 80 27 95 66 98 44 23 23 71 39 58 42 83 23 22 46 24 83 96 74 40 15 80 100 91 65 85 21 14 92 28 80 41 51 89 50 88 24 89 34 63 42 12 60 27 39 70 
