Node_1 Node_2 Capacity_node1 Capacity_node2 Latency_arc node_cost
nb_nodes 100
nb_arcs 5026
0 5 2 2 7 314
0 7 2 3 2 314
0 10 2 2 12 314
0 13 2 1 17 314
0 15 2 2 25 314
0 16 2 3 23 314
0 17 2 2 25 314
0 18 2 3 24 314
0 19 2 1 17 314
0 21 2 3 5 314
0 22 2 3 15 314
0 24 2 1 5 314
0 25 2 3 6 314
0 30 2 1 24 314
0 32 2 1 20 314
0 35 2 1 13 314
0 38 2 3 23 314
0 40 2 2 5 314
0 41 2 1 3 314
0 43 2 2 22 314
0 45 2 2 25 314
0 47 2 3 22 314
0 49 2 2 8 314
0 50 2 3 3 314
0 51 2 2 1 314
0 52 2 3 1 314
0 54 2 1 16 314
0 55 2 2 23 314
0 58 2 1 7 314
0 59 2 2 9 314
0 60 2 3 9 314
0 61 2 3 15 314
0 62 2 1 11 314
0 66 2 1 22 314
0 67 2 2 1 314
0 70 2 1 23 314
0 73 2 3 18 314
0 75 2 1 10 314
0 77 2 3 3 314
0 80 2 1 18 314
0 81 2 3 19 314
0 83 2 1 24 314
0 85 2 3 15 314
0 86 2 2 18 314
0 88 2 1 22 314
0 90 2 2 24 314
0 92 2 1 23 314
0 94 2 3 21 314
0 95 2 1 3 314
0 96 2 2 7 314
1 2 3 2 14 112
1 3 3 3 25 112
1 4 3 1 4 112
1 9 3 1 6 112
1 11 3 2 1 112
1 12 3 1 16 112
1 13 3 1 18 112
1 14 3 3 17 112
1 16 3 3 22 112
1 19 3 1 11 112
1 20 3 3 20 112
1 22 3 3 7 112
1 23 3 3 24 112
1 25 3 3 18 112
1 27 3 1 22 112
1 31 3 1 7 112
1 32 3 1 3 112
1 33 3 3 14 112
1 35 3 1 21 112
1 36 3 2 13 112
1 39 3 3 8 112
1 40 3 2 2 112
1 41 3 1 23 112
1 42 3 2 16 112
1 43 3 2 15 112
1 44 3 3 10 112
1 51 3 2 1 112
1 52 3 3 9 112
1 53 3 2 24 112
1 55 3 2 10 112
1 57 3 1 11 112
1 58 3 1 20 112
1 59 3 2 11 112
1 62 3 1 25 112
1 63 3 2 23 112
1 64 3 3 1 112
1 65 3 2 2 112
1 66 3 1 14 112
1 67 3 2 14 112
1 70 3 1 22 112
1 71 3 2 8 112
1 72 3 2 23 112
1 77 3 3 1 112
1 78 3 2 11 112
1 79 3 3 18 112
1 82 3 2 22 112
1 83 3 1 24 112
1 84 3 3 19 112
1 85 3 3 2 112
1 87 3 3 9 112
1 89 3 3 23 112
1 91 3 1 3 112
1 93 3 1 25 112
1 96 3 2 10 112
1 98 3 2 3 112
1 99 3 3 24 112
2 1 2 3 14 430
2 4 2 1 19 430
2 9 2 1 13 430
2 11 2 2 11 430
2 12 2 1 9 430
2 13 2 1 18 430
2 16 2 3 2 430
2 17 2 2 22 430
2 18 2 3 23 430
2 25 2 3 21 430
2 26 2 1 3 430
2 27 2 1 1 430
2 30 2 1 20 430
2 32 2 1 23 430
2 33 2 3 23 430
2 35 2 1 23 430
2 36 2 2 12 430
2 40 2 2 2 430
2 42 2 2 18 430
2 45 2 2 19 430
2 46 2 1 12 430
2 47 2 3 13 430
2 48 2 3 6 430
2 51 2 2 13 430
2 52 2 3 20 430
2 54 2 1 7 430
2 55 2 2 22 430
2 57 2 1 20 430
2 58 2 1 2 430
2 59 2 2 18 430
2 61 2 3 3 430
2 63 2 2 5 430
2 64 2 3 25 430
2 67 2 2 12 430
2 72 2 2 15 430
2 75 2 1 21 430
2 76 2 2 13 430
2 79 2 3 16 430
2 82 2 2 4 430
2 84 2 3 21 430
2 85 2 3 6 430
2 89 2 3 25 430
2 90 2 2 13 430
2 93 2 1 22 430
2 95 2 1 4 430
2 98 2 2 21 430
2 99 2 3 9 430
3 1 3 3 25 909
3 4 3 1 21 909
3 6 3 2 3 909
3 8 3 2 25 909
3 9 3 1 14 909
3 15 3 2 2 909
3 16 3 3 17 909
3 17 3 2 15 909
3 18 3 3 21 909
3 19 3 1 23 909
3 22 3 3 17 909
3 25 3 3 3 909
3 26 3 1 10 909
3 27 3 1 10 909
3 30 3 1 11 909
3 31 3 1 9 909
3 33 3 3 8 909
3 35 3 1 18 909
3 36 3 2 19 909
3 37 3 2 11 909
3 39 3 3 11 909
3 40 3 2 13 909
3 44 3 3 5 909
3 47 3 3 1 909
3 49 3 2 4 909
3 52 3 3 2 909
3 55 3 2 19 909
3 56 3 2 12 909
3 57 3 1 7 909
3 58 3 1 10 909
3 59 3 2 7 909
3 60 3 3 4 909
3 64 3 3 21 909
3 68 3 2 20 909
3 69 3 2 25 909
3 70 3 1 16 909
3 71 3 2 4 909
3 72 3 2 7 909
3 75 3 1 10 909
3 76 3 2 4 909
3 77 3 3 5 909
3 81 3 3 23 909
3 83 3 1 17 909
3 84 3 3 1 909
3 86 3 2 1 909
3 87 3 3 24 909
3 88 3 1 25 909
3 92 3 1 19 909
3 93 3 1 2 909
3 94 3 3 25 909
3 95 3 1 20 909
3 98 3 2 3 909
4 1 1 3 4 305
4 2 1 2 19 305
4 3 1 3 21 305
4 5 1 2 18 305
4 6 1 2 10 305
4 9 1 1 10 305
4 11 1 2 9 305
4 12 1 1 19 305
4 13 1 1 13 305
4 15 1 2 22 305
4 16 1 3 11 305
4 17 1 2 12 305
4 18 1 3 4 305
4 19 1 1 13 305
4 21 1 3 12 305
4 23 1 3 18 305
4 25 1 3 7 305
4 26 1 1 1 305
4 28 1 3 5 305
4 30 1 1 21 305
4 31 1 1 17 305
4 32 1 1 20 305
4 33 1 3 2 305
4 34 1 3 16 305
4 35 1 1 12 305
4 36 1 2 18 305
4 37 1 2 9 305
4 38 1 3 8 305
4 39 1 3 1 305
4 40 1 2 16 305
4 43 1 2 1 305
4 44 1 3 5 305
4 45 1 2 5 305
4 47 1 3 14 305
4 50 1 3 13 305
4 51 1 2 18 305
4 52 1 3 19 305
4 53 1 2 7 305
4 54 1 1 22 305
4 55 1 2 20 305
4 57 1 1 4 305
4 59 1 2 22 305
4 61 1 3 14 305
4 62 1 1 24 305
4 64 1 3 20 305
4 65 1 2 13 305
4 66 1 1 24 305
4 69 1 2 24 305
4 70 1 1 21 305
4 74 1 2 11 305
4 76 1 2 5 305
4 77 1 3 14 305
4 81 1 3 25 305
4 82 1 2 24 305
4 84 1 3 20 305
4 85 1 3 15 305
4 86 1 2 19 305
4 88 1 1 14 305
4 93 1 1 11 305
4 95 1 1 8 305
4 96 1 2 7 305
4 98 1 2 5 305
4 99 1 3 13 305
5 0 2 2 7 199
5 4 2 1 18 199
5 6 2 2 25 199
5 7 2 3 18 199
5 8 2 2 15 199
5 10 2 2 1 199
5 11 2 2 1 199
5 12 2 1 11 199
5 13 2 1 22 199
5 14 2 3 12 199
5 16 2 3 4 199
5 19 2 1 1 199
5 24 2 1 8 199
5 28 2 3 3 199
5 29 2 2 6 199
5 30 2 1 19 199
5 32 2 1 10 199
5 33 2 3 6 199
5 35 2 1 7 199
5 38 2 3 13 199
5 41 2 1 17 199
5 42 2 2 22 199
5 43 2 2 5 199
5 45 2 2 21 199
5 46 2 1 21 199
5 49 2 2 18 199
5 51 2 2 11 199
5 53 2 2 14 199
5 56 2 2 7 199
5 57 2 1 18 199
5 59 2 2 7 199
5 60 2 3 16 199
5 61 2 3 11 199
5 65 2 2 1 199
5 67 2 2 7 199
5 68 2 2 21 199
5 69 2 2 16 199
5 70 2 1 17 199
5 73 2 3 13 199
5 74 2 2 1 199
5 75 2 1 20 199
5 76 2 2 13 199
5 77 2 3 17 199
5 80 2 1 15 199
5 81 2 3 22 199
5 83 2 1 10 199
5 84 2 3 9 199
5 85 2 3 5 199
5 87 2 3 10 199
5 88 2 1 19 199
5 89 2 3 4 199
5 90 2 2 14 199
5 91 2 1 4 199
5 92 2 1 3 199
5 93 2 1 10 199
5 95 2 1 25 199
5 96 2 2 2 199
5 97 2 2 3 199
6 3 2 3 3 102
6 4 2 1 10 102
6 5 2 2 25 102
6 8 2 2 21 102
6 10 2 2 2 102
6 14 2 3 1 102
6 16 2 3 2 102
6 20 2 3 8 102
6 24 2 1 23 102
6 26 2 1 15 102
6 28 2 3 3 102
6 29 2 2 20 102
6 33 2 3 24 102
6 34 2 3 8 102
6 36 2 2 11 102
6 37 2 2 9 102
6 38 2 3 2 102
6 39 2 3 10 102
6 40 2 2 19 102
6 42 2 2 2 102
6 49 2 2 8 102
6 50 2 3 18 102
6 51 2 2 2 102
6 52 2 3 9 102
6 56 2 2 20 102
6 57 2 1 9 102
6 58 2 1 9 102
6 60 2 3 23 102
6 61 2 3 17 102
6 62 2 1 20 102
6 63 2 2 25 102
6 64 2 3 13 102
6 66 2 1 2 102
6 68 2 2 10 102
6 69 2 2 22 102
6 70 2 1 25 102
6 71 2 2 19 102
6 74 2 2 21 102
6 77 2 3 11 102
6 78 2 2 2 102
6 79 2 3 22 102
6 81 2 3 5 102
6 82 2 2 9 102
6 84 2 3 24 102
6 86 2 2 24 102
6 90 2 2 2 102
6 95 2 1 9 102
6 97 2 2 5 102
6 98 2 2 22 102
6 99 2 3 17 102
7 0 3 2 2 168
7 5 3 2 18 168
7 8 3 2 14 168
7 10 3 2 12 168
7 13 3 1 14 168
7 16 3 3 6 168
7 18 3 3 5 168
7 19 3 1 21 168
7 20 3 3 18 168
7 21 3 3 6 168
7 23 3 3 21 168
7 25 3 3 5 168
7 26 3 1 1 168
7 27 3 1 16 168
7 29 3 2 20 168
7 34 3 3 13 168
7 35 3 1 1 168
7 36 3 2 18 168
7 38 3 3 15 168
7 39 3 3 14 168
7 44 3 3 19 168
7 47 3 3 5 168
7 49 3 2 25 168
7 50 3 3 1 168
7 51 3 2 10 168
7 54 3 1 11 168
7 55 3 2 15 168
7 56 3 2 6 168
7 57 3 1 13 168
7 58 3 1 17 168
7 59 3 2 2 168
7 63 3 2 6 168
7 66 3 1 12 168
7 67 3 2 17 168
7 68 3 2 4 168
7 69 3 2 8 168
7 72 3 2 12 168
7 73 3 3 18 168
7 74 3 2 3 168
7 75 3 1 23 168
7 77 3 3 1 168
7 80 3 1 14 168
7 81 3 3 23 168
7 84 3 3 8 168
7 88 3 1 10 168
7 89 3 3 13 168
7 90 3 2 1 168
7 91 3 1 19 168
7 94 3 3 14 168
7 96 3 2 6 168
7 97 3 2 15 168
7 98 3 2 11 168
8 3 2 3 25 589
8 5 2 2 15 589
8 6 2 2 21 589
8 7 2 3 14 589
8 9 2 1 19 589
8 10 2 2 13 589
8 12 2 1 11 589
8 17 2 2 7 589
8 18 2 3 12 589
8 19 2 1 20 589
8 22 2 3 25 589
8 25 2 3 24 589
8 29 2 2 18 589
8 31 2 1 6 589
8 32 2 1 15 589
8 34 2 3 24 589
8 35 2 1 16 589
8 36 2 2 11 589
8 37 2 2 2 589
8 38 2 3 7 589
8 39 2 3 8 589
8 40 2 2 2 589
8 45 2 2 22 589
8 46 2 1 16 589
8 47 2 3 5 589
8 50 2 3 23 589
8 51 2 2 12 589
8 53 2 2 24 589
8 54 2 1 21 589
8 55 2 2 11 589
8 56 2 2 11 589
8 59 2 2 2 589
8 63 2 2 18 589
8 64 2 3 12 589
8 65 2 2 15 589
8 67 2 2 12 589
8 68 2 2 24 589
8 69 2 2 21 589
8 70 2 1 23 589
8 71 2 2 7 589
8 73 2 3 4 589
8 75 2 1 18 589
8 77 2 3 22 589
8 79 2 3 25 589
8 82 2 2 25 589
8 83 2 1 3 589
8 85 2 3 21 589
8 86 2 2 3 589
8 87 2 3 14 589
8 92 2 1 4 589
8 93 2 1 2 589
8 94 2 3 2 589
8 96 2 2 3 589
8 97 2 2 3 589
8 99 2 3 7 589
9 1 1 3 6 86
9 2 1 2 13 86
9 3 1 3 14 86
9 4 1 1 10 86
9 8 1 2 19 86
9 11 1 2 25 86
9 14 1 3 12 86
9 16 1 3 24 86
9 22 1 3 6 86
9 23 1 3 3 86
9 25 1 3 12 86
9 27 1 1 1 86
9 28 1 3 6 86
9 29 1 2 25 86
9 30 1 1 13 86
9 32 1 1 1 86
9 36 1 2 5 86
9 38 1 3 8 86
9 40 1 2 12 86
9 42 1 2 1 86
9 43 1 2 7 86
9 44 1 3 6 86
9 46 1 1 6 86
9 47 1 3 12 86
9 50 1 3 7 86
9 52 1 3 24 86
9 55 1 2 13 86
9 56 1 2 25 86
9 58 1 1 4 86
9 61 1 3 14 86
9 63 1 2 19 86
9 67 1 2 21 86
9 68 1 2 8 86
9 71 1 2 5 86
9 72 1 2 18 86
9 73 1 3 24 86
9 75 1 1 5 86
9 77 1 3 9 86
9 78 1 2 10 86
9 79 1 3 11 86
9 80 1 1 8 86
9 83 1 1 23 86
9 88 1 1 20 86
9 89 1 3 1 86
9 92 1 1 3 86
9 93 1 1 15 86
9 94 1 3 25 86
9 96 1 2 17 86
9 97 1 2 22 86
9 98 1 2 14 86
9 99 1 3 7 86
10 0 2 2 12 245
10 5 2 2 1 245
10 6 2 2 2 245
10 7 2 3 12 245
10 8 2 2 13 245
10 17 2 2 24 245
10 18 2 3 24 245
10 22 2 3 6 245
10 23 2 3 16 245
10 24 2 1 9 245
10 25 2 3 16 245
10 26 2 1 19 245
10 28 2 3 19 245
10 32 2 1 17 245
10 35 2 1 16 245
10 36 2 2 19 245
10 40 2 2 7 245
10 42 2 2 19 245
10 44 2 3 6 245
10 45 2 2 3 245
10 48 2 3 8 245
10 49 2 2 25 245
10 51 2 2 11 245
10 52 2 3 8 245
10 54 2 1 18 245
10 59 2 2 7 245
10 60 2 3 17 245
10 61 2 3 19 245
10 62 2 1 12 245
10 67 2 2 9 245
10 73 2 3 22 245
10 77 2 3 11 245
10 78 2 2 3 245
10 79 2 3 20 245
10 80 2 1 1 245
10 83 2 1 17 245
10 87 2 3 1 245
10 91 2 1 22 245
10 94 2 3 2 245
10 96 2 2 20 245
11 1 2 3 1 593
11 2 2 2 11 593
11 4 2 1 9 593
11 5 2 2 1 593
11 9 2 1 25 593
11 13 2 1 8 593
11 14 2 3 7 593
11 15 2 2 5 593
11 16 2 3 15 593
11 17 2 2 19 593
11 21 2 3 6 593
11 22 2 3 11 593
11 25 2 3 25 593
11 26 2 1 22 593
11 35 2 1 24 593
11 40 2 2 20 593
11 41 2 1 7 593
11 44 2 3 14 593
11 45 2 2 6 593
11 46 2 1 18 593
11 50 2 3 7 593
11 51 2 2 11 593
11 52 2 3 19 593
11 54 2 1 10 593
11 55 2 2 22 593
11 58 2 1 17 593
11 60 2 3 11 593
11 63 2 2 21 593
11 65 2 2 22 593
11 67 2 2 2 593
11 69 2 2 23 593
11 70 2 1 9 593
11 73 2 3 12 593
11 74 2 2 15 593
11 75 2 1 6 593
11 76 2 2 24 593
11 79 2 3 3 593
11 80 2 1 6 593
11 82 2 2 20 593
11 85 2 3 1 593
11 86 2 2 2 593
11 87 2 3 8 593
11 88 2 1 19 593
11 90 2 2 25 593
11 92 2 1 15 593
11 94 2 3 12 593
11 96 2 2 15 593
11 99 2 3 21 593
12 1 1 3 16 780
12 2 1 2 9 780
12 4 1 1 19 780
12 5 1 2 11 780
12 8 1 2 11 780
12 13 1 1 8 780
12 17 1 2 23 780
12 18 1 3 13 780
12 20 1 3 18 780
12 21 1 3 13 780
12 23 1 3 6 780
12 24 1 1 1 780
12 28 1 3 12 780
12 31 1 1 3 780
12 32 1 1 17 780
12 33 1 3 16 780
12 35 1 1 24 780
12 36 1 2 2 780
12 40 1 2 25 780
12 41 1 1 23 780
12 43 1 2 10 780
12 45 1 2 22 780
12 46 1 1 5 780
12 48 1 3 25 780
12 49 1 2 7 780
12 50 1 3 10 780
12 51 1 2 19 780
12 53 1 2 6 780
12 54 1 1 9 780
12 55 1 2 21 780
12 56 1 2 6 780
12 59 1 2 5 780
12 64 1 3 7 780
12 65 1 2 12 780
12 66 1 1 9 780
12 68 1 2 9 780
12 71 1 2 23 780
12 72 1 2 6 780
12 73 1 3 22 780
12 74 1 2 15 780
12 75 1 1 13 780
12 77 1 3 2 780
12 78 1 2 3 780
12 80 1 1 15 780
12 84 1 3 3 780
12 85 1 3 10 780
12 86 1 2 15 780
12 91 1 1 21 780
12 92 1 1 23 780
12 94 1 3 11 780
12 97 1 2 20 780
12 99 1 3 21 780
13 0 1 2 17 316
13 1 1 3 18 316
13 2 1 2 18 316
13 4 1 1 13 316
13 5 1 2 22 316
13 7 1 3 14 316
13 11 1 2 8 316
13 12 1 1 8 316
13 14 1 3 24 316
13 15 1 2 9 316
13 17 1 2 18 316
13 18 1 3 18 316
13 20 1 3 8 316
13 21 1 3 16 316
13 24 1 1 9 316
13 27 1 1 23 316
13 28 1 3 15 316
13 31 1 1 3 316
13 35 1 1 14 316
13 36 1 2 24 316
13 37 1 2 24 316
13 38 1 3 12 316
13 41 1 1 12 316
13 45 1 2 17 316
13 47 1 3 8 316
13 50 1 3 14 316
13 51 1 2 17 316
13 54 1 1 9 316
13 58 1 1 4 316
13 59 1 2 25 316
13 60 1 3 10 316
13 61 1 3 3 316
13 65 1 2 9 316
13 67 1 2 3 316
13 71 1 2 19 316
13 72 1 2 17 316
13 73 1 3 17 316
13 75 1 1 1 316
13 76 1 2 17 316
13 77 1 3 6 316
13 82 1 2 12 316
13 84 1 3 21 316
13 88 1 1 23 316
13 89 1 3 4 316
13 90 1 2 17 316
13 96 1 2 22 316
13 97 1 2 3 316
13 99 1 3 12 316
14 1 3 3 17 630
14 5 3 2 12 630
14 6 3 2 1 630
14 9 3 1 12 630
14 11 3 2 7 630
14 13 3 1 24 630
14 15 3 2 3 630
14 17 3 2 18 630
14 21 3 3 12 630
14 24 3 1 8 630
14 25 3 3 8 630
14 27 3 1 22 630
14 28 3 3 10 630
14 30 3 1 1 630
14 31 3 1 11 630
14 32 3 1 15 630
14 33 3 3 7 630
14 35 3 1 14 630
14 38 3 3 1 630
14 39 3 3 16 630
14 40 3 2 22 630
14 43 3 2 21 630
14 45 3 2 17 630
14 46 3 1 22 630
14 50 3 3 7 630
14 53 3 2 20 630
14 55 3 2 7 630
14 56 3 2 19 630
14 58 3 1 22 630
14 59 3 2 15 630
14 60 3 3 22 630
14 63 3 2 10 630
14 65 3 2 5 630
14 73 3 3 2 630
14 74 3 2 23 630
14 75 3 1 22 630
14 78 3 2 7 630
14 80 3 1 10 630
14 81 3 3 6 630
14 82 3 2 22 630
14 86 3 2 10 630
14 89 3 3 1 630
14 90 3 2 8 630
14 92 3 1 21 630
14 93 3 1 20 630
14 98 3 2 18 630
15 0 2 2 25 567
15 3 2 3 2 567
15 4 2 1 22 567
15 11 2 2 5 567
15 13 2 1 9 567
15 14 2 3 3 567
15 21 2 3 3 567
15 23 2 3 22 567
15 25 2 3 24 567
15 27 2 1 14 567
15 30 2 1 25 567
15 32 2 1 14 567
15 35 2 1 22 567
15 36 2 2 6 567
15 39 2 3 8 567
15 40 2 2 15 567
15 42 2 2 4 567
15 44 2 3 1 567
15 47 2 3 13 567
15 49 2 2 15 567
15 52 2 3 7 567
15 53 2 2 13 567
15 54 2 1 18 567
15 55 2 2 1 567
15 56 2 2 21 567
15 60 2 3 4 567
15 62 2 1 17 567
15 63 2 2 18 567
15 64 2 3 17 567
15 66 2 1 17 567
15 73 2 3 14 567
15 76 2 2 2 567
15 77 2 3 17 567
15 78 2 2 13 567
15 79 2 3 14 567
15 82 2 2 5 567
15 83 2 1 21 567
15 84 2 3 8 567
15 85 2 3 8 567
15 87 2 3 12 567
15 89 2 3 9 567
15 91 2 1 24 567
15 92 2 1 5 567
15 95 2 1 12 567
15 96 2 2 19 567
15 98 2 2 12 567
15 99 2 3 6 567
16 0 3 2 23 295
16 1 3 3 22 295
16 2 3 2 2 295
16 3 3 3 17 295
16 4 3 1 11 295
16 5 3 2 4 295
16 6 3 2 2 295
16 7 3 3 6 295
16 9 3 1 24 295
16 11 3 2 15 295
16 18 3 3 19 295
16 19 3 1 1 295
16 22 3 3 22 295
16 25 3 3 10 295
16 26 3 1 17 295
16 28 3 3 4 295
16 31 3 1 9 295
16 32 3 1 2 295
16 36 3 2 11 295
16 39 3 3 5 295
16 42 3 2 21 295
16 43 3 2 23 295
16 44 3 3 11 295
16 46 3 1 6 295
16 48 3 3 4 295
16 50 3 3 4 295
16 51 3 2 23 295
16 52 3 3 12 295
16 53 3 2 23 295
16 57 3 1 10 295
16 58 3 1 8 295
16 60 3 3 22 295
16 66 3 1 17 295
16 67 3 2 10 295
16 68 3 2 14 295
16 73 3 3 16 295
16 79 3 3 5 295
16 80 3 1 1 295
16 86 3 2 24 295
16 88 3 1 12 295
16 90 3 2 2 295
16 91 3 1 8 295
16 94 3 3 17 295
16 95 3 1 22 295
16 96 3 2 10 295
16 97 3 2 20 295
16 98 3 2 12 295
17 0 2 2 25 662
17 2 2 2 22 662
17 3 2 3 15 662
17 4 2 1 12 662
17 8 2 2 7 662
17 10 2 2 24 662
17 11 2 2 19 662
17 12 2 1 23 662
17 13 2 1 18 662
17 14 2 3 18 662
17 23 2 3 5 662
17 24 2 1 19 662
17 26 2 1 11 662
17 28 2 3 21 662
17 29 2 2 20 662
17 30 2 1 11 662
17 37 2 2 24 662
17 38 2 3 13 662
17 39 2 3 9 662
17 41 2 1 17 662
17 48 2 3 24 662
17 49 2 2 7 662
17 50 2 3 24 662
17 59 2 2 3 662
17 60 2 3 10 662
17 62 2 1 2 662
17 65 2 2 5 662
17 67 2 2 6 662
17 69 2 2 20 662
17 70 2 1 10 662
17 75 2 1 7 662
17 76 2 2 13 662
17 77 2 3 22 662
17 78 2 2 22 662
17 82 2 2 17 662
17 84 2 3 3 662
17 85 2 3 24 662
17 87 2 3 4 662
17 89 2 3 13 662
17 90 2 2 16 662
17 91 2 1 14 662
17 92 2 1 17 662
17 94 2 3 4 662
17 97 2 2 24 662
17 98 2 2 2 662
18 0 3 2 24 293
18 2 3 2 23 293
18 3 3 3 21 293
18 4 3 1 4 293
18 7 3 3 5 293
18 8 3 2 12 293
18 10 3 2 24 293
18 12 3 1 13 293
18 13 3 1 18 293
18 16 3 3 19 293
18 19 3 1 8 293
18 20 3 3 17 293
18 22 3 3 21 293
18 25 3 3 16 293
18 26 3 1 21 293
18 28 3 3 20 293
18 29 3 2 16 293
18 30 3 1 9 293
18 31 3 1 25 293
18 36 3 2 8 293
18 37 3 2 14 293
18 38 3 3 5 293
18 40 3 2 17 293
18 41 3 1 16 293
18 42 3 2 8 293
18 43 3 2 13 293
18 44 3 3 1 293
18 45 3 2 13 293
18 47 3 3 10 293
18 51 3 2 1 293
18 53 3 2 20 293
18 55 3 2 23 293
18 62 3 1 21 293
18 65 3 2 22 293
18 67 3 2 22 293
18 70 3 1 5 293
18 71 3 2 7 293
18 72 3 2 12 293
18 73 3 3 11 293
18 76 3 2 23 293
18 77 3 3 13 293
18 78 3 2 1 293
18 80 3 1 10 293
18 84 3 3 1 293
18 85 3 3 11 293
18 88 3 1 25 293
18 89 3 3 18 293
18 90 3 2 20 293
18 91 3 1 17 293
18 93 3 1 16 293
18 96 3 2 3 293
18 99 3 3 6 293
19 0 1 2 17 468
19 1 1 3 11 468
19 3 1 3 23 468
19 4 1 1 13 468
19 5 1 2 1 468
19 7 1 3 21 468
19 8 1 2 20 468
19 16 1 3 1 468
19 18 1 3 8 468
19 22 1 3 12 468
19 23 1 3 19 468
19 24 1 1 14 468
19 26 1 1 12 468
19 27 1 1 25 468
19 28 1 3 7 468
19 30 1 1 6 468
19 32 1 1 14 468
19 33 1 3 18 468
19 34 1 3 10 468
19 35 1 1 19 468
19 36 1 2 1 468
19 38 1 3 5 468
19 41 1 1 23 468
19 42 1 2 18 468
19 44 1 3 15 468
19 46 1 1 23 468
19 49 1 2 14 468
19 51 1 2 23 468
19 52 1 3 22 468
19 54 1 1 8 468
19 55 1 2 15 468
19 56 1 2 16 468
19 57 1 1 18 468
19 59 1 2 22 468
19 64 1 3 15 468
19 65 1 2 22 468
19 68 1 2 8 468
19 69 1 2 14 468
19 70 1 1 23 468
19 72 1 2 16 468
19 76 1 2 18 468
19 82 1 2 11 468
19 84 1 3 23 468
19 87 1 3 8 468
19 89 1 3 23 468
19 90 1 2 2 468
19 91 1 1 9 468
19 93 1 1 23 468
19 94 1 3 14 468
19 97 1 2 18 468
19 98 1 2 24 468
20 1 3 3 20 799
20 6 3 2 8 799
20 7 3 3 18 799
20 12 3 1 18 799
20 13 3 1 8 799
20 18 3 3 17 799
20 22 3 3 25 799
20 23 3 3 15 799
20 24 3 1 25 799
20 26 3 1 16 799
20 29 3 2 6 799
20 30 3 1 23 799
20 31 3 1 18 799
20 33 3 3 20 799
20 34 3 3 16 799
20 38 3 3 14 799
20 39 3 3 20 799
20 41 3 1 9 799
20 42 3 2 24 799
20 43 3 2 10 799
20 47 3 3 21 799
20 48 3 3 2 799
20 49 3 2 11 799
20 51 3 2 23 799
20 55 3 2 22 799
20 56 3 2 24 799
20 60 3 3 20 799
20 61 3 3 3 799
20 62 3 1 14 799
20 64 3 3 20 799
20 65 3 2 7 799
20 66 3 1 11 799
20 67 3 2 22 799
20 69 3 2 6 799
20 73 3 3 10 799
20 74 3 2 24 799
20 75 3 1 16 799
20 79 3 3 2 799
20 81 3 3 14 799
20 82 3 2 3 799
20 85 3 3 13 799
20 86 3 2 19 799
20 89 3 3 9 799
20 90 3 2 23 799
20 93 3 1 10 799
20 95 3 1 24 799
20 96 3 2 14 799
21 0 3 2 5 871
21 4 3 1 12 871
21 7 3 3 6 871
21 11 3 2 6 871
21 12 3 1 13 871
21 13 3 1 16 871
21 14 3 3 12 871
21 15 3 2 3 871
21 22 3 3 21 871
21 23 3 3 21 871
21 24 3 1 21 871
21 25 3 3 22 871
21 29 3 2 9 871
21 31 3 1 20 871
21 33 3 3 22 871
21 35 3 1 16 871
21 37 3 2 3 871
21 38 3 3 21 871
21 39 3 3 4 871
21 40 3 2 4 871
21 42 3 2 23 871
21 47 3 3 10 871
21 48 3 3 24 871
21 49 3 2 14 871
21 50 3 3 11 871
21 51 3 2 4 871
21 53 3 2 3 871
21 54 3 1 13 871
21 56 3 2 4 871
21 58 3 1 14 871
21 63 3 2 8 871
21 64 3 3 4 871
21 65 3 2 18 871
21 66 3 1 14 871
21 69 3 2 9 871
21 75 3 1 13 871
21 76 3 2 16 871
21 77 3 3 24 871
21 78 3 2 24 871
21 79 3 3 22 871
21 84 3 3 4 871
21 86 3 2 16 871
21 89 3 3 5 871
21 90 3 2 4 871
21 97 3 2 3 871
21 99 3 3 17 871
22 0 3 2 15 304
22 1 3 3 7 304
22 3 3 3 17 304
22 8 3 2 25 304
22 9 3 1 6 304
22 10 3 2 6 304
22 11 3 2 11 304
22 16 3 3 22 304
22 18 3 3 21 304
22 19 3 1 12 304
22 20 3 3 25 304
22 21 3 3 21 304
22 24 3 1 25 304
22 26 3 1 3 304
22 27 3 1 17 304
22 28 3 3 17 304
22 29 3 2 8 304
22 30 3 1 19 304
22 33 3 3 12 304
22 35 3 1 3 304
22 36 3 2 11 304
22 37 3 2 20 304
22 39 3 3 2 304
22 42 3 2 10 304
22 44 3 3 22 304
22 45 3 2 22 304
22 46 3 1 10 304
22 47 3 3 20 304
22 48 3 3 14 304
22 49 3 2 1 304
22 53 3 2 21 304
22 54 3 1 12 304
22 56 3 2 3 304
22 58 3 1 6 304
22 59 3 2 19 304
22 60 3 3 18 304
22 61 3 3 9 304
22 63 3 2 15 304
22 64 3 3 24 304
22 65 3 2 15 304
22 68 3 2 11 304
22 69 3 2 2 304
22 70 3 1 14 304
22 72 3 2 20 304
22 74 3 2 7 304
22 76 3 2 25 304
22 79 3 3 2 304
22 80 3 1 18 304
22 81 3 3 14 304
22 83 3 1 16 304
22 85 3 3 1 304
22 86 3 2 16 304
22 87 3 3 11 304
22 91 3 1 8 304
22 92 3 1 12 304
22 95 3 1 12 304
22 97 3 2 7 304
22 98 3 2 1 304
22 99 3 3 5 304
23 1 3 3 24 996
23 4 3 1 18 996
23 7 3 3 21 996
23 9 3 1 3 996
23 10 3 2 16 996
23 12 3 1 6 996
23 15 3 2 22 996
23 17 3 2 5 996
23 19 3 1 19 996
23 20 3 3 15 996
23 21 3 3 21 996
23 26 3 1 3 996
23 27 3 1 25 996
23 28 3 3 19 996
23 29 3 2 8 996
23 30 3 1 24 996
23 33 3 3 17 996
23 34 3 3 1 996
23 35 3 1 19 996
23 38 3 3 17 996
23 44 3 3 13 996
23 45 3 2 11 996
23 46 3 1 23 996
23 48 3 3 20 996
23 49 3 2 5 996
23 52 3 3 9 996
23 53 3 2 6 996
23 58 3 1 1 996
23 60 3 3 19 996
23 61 3 3 21 996
23 62 3 1 23 996
23 63 3 2 15 996
23 68 3 2 20 996
23 76 3 2 10 996
23 77 3 3 8 996
23 78 3 2 16 996
23 81 3 3 25 996
23 82 3 2 23 996
23 83 3 1 5 996
23 84 3 3 8 996
23 86 3 2 25 996
23 87 3 3 20 996
23 88 3 1 12 996
23 89 3 3 10 996
23 93 3 1 11 996
23 94 3 3 15 996
23 97 3 2 8 996
23 98 3 2 20 996
23 99 3 3 15 996
24 0 1 2 5 947
24 5 1 2 8 947
24 6 1 2 23 947
24 10 1 2 9 947
24 12 1 1 1 947
24 13 1 1 9 947
24 14 1 3 8 947
24 17 1 2 19 947
24 19 1 1 14 947
24 20 1 3 25 947
24 21 1 3 21 947
24 22 1 3 25 947
24 26 1 1 16 947
24 27 1 1 20 947
24 28 1 3 8 947
24 29 1 2 8 947
24 32 1 1 7 947
24 35 1 1 5 947
24 36 1 2 10 947
24 38 1 3 5 947
24 42 1 2 25 947
24 43 1 2 23 947
24 45 1 2 12 947
24 47 1 3 1 947
24 48 1 3 4 947
24 50 1 3 22 947
24 51 1 2 19 947
24 53 1 2 11 947
24 58 1 1 3 947
24 60 1 3 17 947
24 61 1 3 14 947
24 64 1 3 14 947
24 66 1 1 15 947
24 67 1 2 9 947
24 68 1 2 16 947
24 74 1 2 22 947
24 77 1 3 9 947
24 79 1 3 1 947
24 81 1 3 14 947
24 82 1 2 8 947
24 85 1 3 3 947
24 87 1 3 13 947
24 88 1 1 13 947
24 89 1 3 22 947
24 93 1 1 10 947
24 94 1 3 9 947
24 96 1 2 11 947
24 97 1 2 17 947
25 0 3 2 6 482
25 1 3 3 18 482
25 2 3 2 21 482
25 3 3 3 3 482
25 4 3 1 7 482
25 7 3 3 5 482
25 8 3 2 24 482
25 9 3 1 12 482
25 10 3 2 16 482
25 11 3 2 25 482
25 14 3 3 8 482
25 15 3 2 24 482
25 16 3 3 10 482
25 18 3 3 16 482
25 21 3 3 22 482
25 28 3 3 25 482
25 31 3 1 22 482
25 32 3 1 16 482
25 33 3 3 5 482
25 37 3 2 21 482
25 38 3 3 15 482
25 39 3 3 8 482
25 40 3 2 2 482
25 41 3 1 21 482
25 43 3 2 2 482
25 44 3 3 1 482
25 48 3 3 5 482
25 50 3 3 2 482
25 51 3 2 1 482
25 52 3 3 21 482
25 54 3 1 20 482
25 58 3 1 8 482
25 60 3 3 4 482
25 62 3 1 17 482
25 68 3 2 21 482
25 69 3 2 10 482
25 70 3 1 6 482
25 73 3 3 9 482
25 75 3 1 22 482
25 76 3 2 14 482
25 77 3 3 25 482
25 79 3 3 18 482
25 88 3 1 3 482
25 90 3 2 11 482
25 91 3 1 2 482
25 94 3 3 8 482
25 95 3 1 20 482
25 99 3 3 12 482
26 2 1 2 3 772
26 3 1 3 10 772
26 4 1 1 1 772
26 6 1 2 15 772
26 7 1 3 1 772
26 10 1 2 19 772
26 11 1 2 22 772
26 16 1 3 17 772
26 17 1 2 11 772
26 18 1 3 21 772
26 19 1 1 12 772
26 20 1 3 16 772
26 22 1 3 3 772
26 23 1 3 3 772
26 24 1 1 16 772
26 27 1 1 24 772
26 30 1 1 24 772
26 31 1 1 14 772
26 36 1 2 1 772
26 39 1 3 2 772
26 40 1 2 11 772
26 41 1 1 9 772
26 46 1 1 5 772
26 47 1 3 19 772
26 48 1 3 4 772
26 51 1 2 18 772
26 57 1 1 6 772
26 59 1 2 19 772
26 60 1 3 7 772
26 62 1 1 20 772
26 63 1 2 18 772
26 64 1 3 12 772
26 65 1 2 11 772
26 66 1 1 8 772
26 67 1 2 17 772
26 71 1 2 22 772
26 72 1 2 5 772
26 73 1 3 13 772
26 77 1 3 17 772
26 84 1 3 8 772
26 85 1 3 11 772
26 86 1 2 23 772
26 88 1 1 19 772
26 89 1 3 18 772
26 93 1 1 10 772
26 94 1 3 11 772
26 96 1 2 8 772
26 97 1 2 23 772
27 1 1 3 22 878
27 2 1 2 1 878
27 3 1 3 10 878
27 7 1 3 16 878
27 9 1 1 1 878
27 13 1 1 23 878
27 14 1 3 22 878
27 15 1 2 14 878
27 19 1 1 25 878
27 22 1 3 17 878
27 23 1 3 25 878
27 24 1 1 20 878
27 26 1 1 24 878
27 28 1 3 9 878
27 29 1 2 5 878
27 31 1 1 18 878
27 32 1 1 21 878
27 33 1 3 15 878
27 35 1 1 18 878
27 37 1 2 20 878
27 43 1 2 4 878
27 44 1 3 21 878
27 45 1 2 22 878
27 46 1 1 8 878
27 48 1 3 18 878
27 49 1 2 12 878
27 50 1 3 6 878
27 51 1 2 1 878
27 52 1 3 7 878
27 53 1 2 17 878
27 55 1 2 19 878
27 56 1 2 8 878
27 60 1 3 25 878
27 61 1 3 6 878
27 62 1 1 7 878
27 66 1 1 5 878
27 71 1 2 17 878
27 72 1 2 20 878
27 73 1 3 14 878
27 74 1 2 9 878
27 75 1 1 13 878
27 76 1 2 14 878
27 80 1 1 2 878
27 84 1 3 5 878
27 85 1 3 3 878
27 86 1 2 12 878
27 92 1 1 21 878
27 94 1 3 10 878
27 95 1 1 9 878
27 98 1 2 6 878
28 4 3 1 5 363
28 5 3 2 3 363
28 6 3 2 3 363
28 9 3 1 6 363
28 10 3 2 19 363
28 12 3 1 12 363
28 13 3 1 15 363
28 14 3 3 10 363
28 16 3 3 4 363
28 17 3 2 21 363
28 18 3 3 20 363
28 19 3 1 7 363
28 22 3 3 17 363
28 23 3 3 19 363
28 24 3 1 8 363
28 25 3 3 25 363
28 27 3 1 9 363
28 32 3 1 2 363
28 33 3 3 15 363
28 34 3 3 24 363
28 35 3 1 2 363
28 40 3 2 2 363
28 41 3 1 22 363
28 44 3 3 24 363
28 50 3 3 1 363
28 53 3 2 1 363
28 55 3 2 1 363
28 56 3 2 16 363
28 57 3 1 1 363
28 58 3 1 8 363
28 59 3 2 17 363
28 61 3 3 21 363
28 63 3 2 14 363
28 64 3 3 19 363
28 67 3 2 16 363
28 69 3 2 1 363
28 71 3 2 14 363
28 72 3 2 21 363
28 73 3 3 16 363
28 75 3 1 12 363
28 76 3 2 10 363
28 78 3 2 21 363
28 79 3 3 9 363
28 81 3 3 21 363
28 85 3 3 10 363
28 86 3 2 9 363
28 87 3 3 17 363
28 89 3 3 5 363
28 90 3 2 6 363
28 91 3 1 10 363
28 92 3 1 23 363
28 93 3 1 5 363
28 96 3 2 7 363
28 97 3 2 10 363
28 98 3 2 1 363
28 99 3 3 11 363
29 5 2 2 6 326
29 6 2 2 20 326
29 7 2 3 20 326
29 8 2 2 18 326
29 9 2 1 25 326
29 17 2 2 20 326
29 18 2 3 16 326
29 20 2 3 6 326
29 21 2 3 9 326
29 22 2 3 8 326
29 23 2 3 8 326
29 24 2 1 8 326
29 27 2 1 5 326
29 31 2 1 15 326
29 32 2 1 22 326
29 33 2 3 12 326
29 34 2 3 22 326
29 35 2 1 23 326
29 37 2 2 12 326
29 44 2 3 12 326
29 45 2 2 1 326
29 46 2 1 20 326
29 48 2 3 10 326
29 49 2 2 12 326
29 50 2 3 1 326
29 51 2 2 24 326
29 59 2 2 23 326
29 60 2 3 25 326
29 61 2 3 19 326
29 62 2 1 23 326
29 66 2 1 19 326
29 67 2 2 19 326
29 68 2 2 15 326
29 70 2 1 15 326
29 76 2 2 3 326
29 78 2 2 4 326
29 82 2 2 20 326
29 83 2 1 15 326
29 87 2 3 12 326
29 90 2 2 19 326
29 91 2 1 12 326
29 98 2 2 19 326
30 0 1 2 24 818
30 2 1 2 20 818
30 3 1 3 11 818
30 4 1 1 21 818
30 5 1 2 19 818
30 9 1 1 13 818
30 14 1 3 1 818
30 15 1 2 25 818
30 17 1 2 11 818
30 18 1 3 9 818
30 19 1 1 6 818
30 20 1 3 23 818
30 22 1 3 19 818
30 23 1 3 24 818
30 26 1 1 24 818
30 32 1 1 11 818
30 33 1 3 23 818
30 35 1 1 3 818
30 39 1 3 1 818
30 40 1 2 4 818
30 41 1 1 1 818
30 45 1 2 4 818
30 48 1 3 22 818
30 49 1 2 9 818
30 50 1 3 9 818
30 55 1 2 14 818
30 56 1 2 3 818
30 57 1 1 24 818
30 58 1 1 25 818
30 59 1 2 1 818
30 60 1 3 11 818
30 64 1 3 13 818
30 68 1 2 22 818
30 69 1 2 8 818
30 71 1 2 3 818
30 74 1 2 22 818
30 75 1 1 6 818
30 78 1 2 22 818
30 79 1 3 15 818
30 80 1 1 7 818
30 85 1 3 22 818
30 86 1 2 15 818
30 88 1 1 21 818
30 89 1 3 24 818
30 93 1 1 14 818
30 96 1 2 18 818
30 97 1 2 25 818
30 98 1 2 8 818
30 99 1 3 15 818
31 1 1 3 7 786
31 3 1 3 9 786
31 4 1 1 17 786
31 8 1 2 6 786
31 12 1 1 3 786
31 13 1 1 3 786
31 14 1 3 11 786
31 16 1 3 9 786
31 18 1 3 25 786
31 20 1 3 18 786
31 21 1 3 20 786
31 25 1 3 22 786
31 26 1 1 14 786
31 27 1 1 18 786
31 29 1 2 15 786
31 32 1 1 17 786
31 34 1 3 22 786
31 36 1 2 16 786
31 42 1 2 23 786
31 44 1 3 15 786
31 45 1 2 10 786
31 46 1 1 24 786
31 49 1 2 3 786
31 55 1 2 22 786
31 58 1 1 11 786
31 60 1 3 23 786
31 64 1 3 14 786
31 65 1 2 2 786
31 68 1 2 2 786
31 69 1 2 8 786
31 70 1 1 12 786
31 71 1 2 14 786
31 72 1 2 12 786
31 77 1 3 23 786
31 78 1 2 16 786
31 80 1 1 13 786
31 82 1 2 12 786
31 83 1 1 15 786
31 84 1 3 25 786
31 87 1 3 4 786
31 88 1 1 7 786
31 90 1 2 14 786
31 92 1 1 1 786
31 95 1 1 1 786
31 96 1 2 3 786
32 0 1 2 20 676
32 1 1 3 3 676
32 2 1 2 23 676
32 4 1 1 20 676
32 5 1 2 10 676
32 8 1 2 15 676
32 9 1 1 1 676
32 10 1 2 17 676
32 12 1 1 17 676
32 14 1 3 15 676
32 15 1 2 14 676
32 16 1 3 2 676
32 19 1 1 14 676
32 24 1 1 7 676
32 25 1 3 16 676
32 27 1 1 21 676
32 28 1 3 2 676
32 29 1 2 22 676
32 30 1 1 11 676
32 31 1 1 17 676
32 34 1 3 14 676
32 35 1 1 18 676
32 39 1 3 21 676
32 40 1 2 25 676
32 41 1 1 6 676
32 42 1 2 22 676
32 44 1 3 8 676
32 45 1 2 9 676
32 47 1 3 24 676
32 50 1 3 24 676
32 51 1 2 10 676
32 52 1 3 21 676
32 53 1 2 2 676
32 54 1 1 25 676
32 59 1 2 24 676
32 60 1 3 18 676
32 61 1 3 17 676
32 63 1 2 16 676
32 65 1 2 19 676
32 67 1 2 9 676
32 68 1 2 20 676
32 69 1 2 23 676
32 72 1 2 15 676
32 73 1 3 3 676
32 75 1 1 17 676
32 76 1 2 20 676
32 77 1 3 24 676
32 82 1 2 3 676
32 87 1 3 14 676
32 89 1 3 12 676
32 90 1 2 21 676
32 92 1 1 9 676
32 93 1 1 12 676
32 94 1 3 25 676
32 95 1 1 18 676
32 98 1 2 20 676
32 99 1 3 23 676
33 1 3 3 14 624
33 2 3 2 23 624
33 3 3 3 8 624
33 4 3 1 2 624
33 5 3 2 6 624
33 6 3 2 24 624
33 12 3 1 16 624
33 14 3 3 7 624
33 19 3 1 18 624
33 20 3 3 20 624
33 21 3 3 22 624
33 22 3 3 12 624
33 23 3 3 17 624
33 25 3 3 5 624
33 27 3 1 15 624
33 28 3 3 15 624
33 29 3 2 12 624
33 30 3 1 23 624
33 34 3 3 6 624
33 35 3 1 25 624
33 38 3 3 14 624
33 41 3 1 23 624
33 42 3 2 19 624
33 44 3 3 16 624
33 47 3 3 18 624
33 48 3 3 7 624
33 51 3 2 23 624
33 53 3 2 22 624
33 54 3 1 8 624
33 55 3 2 15 624
33 56 3 2 18 624
33 64 3 3 3 624
33 65 3 2 7 624
33 71 3 2 17 624
33 72 3 2 18 624
33 77 3 3 15 624
33 78 3 2 13 624
33 82 3 2 7 624
33 87 3 3 5 624
33 89 3 3 18 624
33 91 3 1 2 624
33 92 3 1 7 624
33 97 3 2 13 624
33 98 3 2 19 624
33 99 3 3 23 624
34 4 3 1 16 775
34 6 3 2 8 775
34 7 3 3 13 775
34 8 3 2 24 775
34 19 3 1 10 775
34 20 3 3 16 775
34 23 3 3 1 775
34 28 3 3 24 775
34 29 3 2 22 775
34 31 3 1 22 775
34 32 3 1 14 775
34 33 3 3 6 775
34 35 3 1 7 775
34 40 3 2 3 775
34 42 3 2 13 775
34 43 3 2 4 775
34 46 3 1 4 775
34 49 3 2 15 775
34 53 3 2 6 775
34 54 3 1 25 775
34 55 3 2 11 775
34 58 3 1 7 775
34 59 3 2 1 775
34 62 3 1 9 775
34 64 3 3 15 775
34 66 3 1 19 775
34 69 3 2 19 775
34 70 3 1 17 775
34 74 3 2 9 775
34 75 3 1 22 775
34 77 3 3 10 775
34 78 3 2 2 775
34 80 3 1 4 775
34 84 3 3 21 775
34 87 3 3 7 775
34 88 3 1 24 775
34 89 3 3 10 775
34 92 3 1 17 775
34 95 3 1 20 775
34 98 3 2 19 775
35 0 1 2 13 451
35 1 1 3 21 451
35 2 1 2 23 451
35 3 1 3 18 451
35 4 1 1 12 451
35 5 1 2 7 451
35 7 1 3 1 451
35 8 1 2 16 451
35 10 1 2 16 451
35 11 1 2 24 451
35 12 1 1 24 451
35 13 1 1 14 451
35 14 1 3 14 451
35 15 1 2 22 451
35 19 1 1 19 451
35 21 1 3 16 451
35 22 1 3 3 451
35 23 1 3 19 451
35 24 1 1 5 451
35 27 1 1 18 451
35 28 1 3 2 451
35 29 1 2 23 451
35 30 1 1 3 451
35 32 1 1 18 451
35 33 1 3 25 451
35 34 1 3 7 451
35 37 1 2 11 451
35 38 1 3 20 451
35 43 1 2 9 451
35 45 1 2 17 451
35 46 1 1 1 451
35 50 1 3 4 451
35 54 1 1 20 451
35 55 1 2 16 451
35 57 1 1 13 451
35 60 1 3 15 451
35 61 1 3 5 451
35 62 1 1 14 451
35 63 1 2 2 451
35 65 1 2 8 451
35 66 1 1 24 451
35 70 1 1 1 451
35 71 1 2 20 451
35 75 1 1 16 451
35 77 1 3 10 451
35 81 1 3 16 451
35 83 1 1 9 451
35 84 1 3 8 451
35 87 1 3 25 451
35 88 1 1 17 451
35 89 1 3 16 451
35 90 1 2 22 451
35 91 1 1 17 451
35 92 1 1 17 451
35 94 1 3 1 451
35 95 1 1 16 451
35 96 1 2 18 451
35 97 1 2 9 451
35 98 1 2 13 451
35 99 1 3 1 451
36 1 2 3 13 577
36 2 2 2 12 577
36 3 2 3 19 577
36 4 2 1 18 577
36 6 2 2 11 577
36 7 2 3 18 577
36 8 2 2 11 577
36 9 2 1 5 577
36 10 2 2 19 577
36 12 2 1 2 577
36 13 2 1 24 577
36 15 2 2 6 577
36 16 2 3 11 577
36 18 2 3 8 577
36 19 2 1 1 577
36 22 2 3 11 577
36 24 2 1 10 577
36 26 2 1 1 577
36 31 2 1 16 577
36 38 2 3 1 577
36 40 2 2 9 577
36 41 2 1 15 577
36 43 2 2 24 577
36 46 2 1 20 577
36 50 2 3 19 577
36 51 2 2 4 577
36 53 2 2 9 577
36 56 2 2 14 577
36 59 2 2 12 577
36 61 2 3 8 577
36 65 2 2 24 577
36 67 2 2 24 577
36 71 2 2 7 577
36 75 2 1 15 577
36 76 2 2 16 577
36 77 2 3 11 577
36 80 2 1 6 577
36 81 2 3 3 577
36 82 2 2 10 577
36 83 2 1 6 577
36 85 2 3 17 577
36 86 2 2 8 577
36 90 2 2 1 577
36 95 2 1 1 577
36 96 2 2 7 577
37 3 2 3 11 836
37 4 2 1 9 836
37 6 2 2 9 836
37 8 2 2 2 836
37 13 2 1 24 836
37 17 2 2 24 836
37 18 2 3 14 836
37 21 2 3 3 836
37 22 2 3 20 836
37 25 2 3 21 836
37 27 2 1 20 836
37 29 2 2 12 836
37 35 2 1 11 836
37 38 2 3 9 836
37 42 2 2 10 836
37 43 2 2 21 836
37 44 2 3 20 836
37 45 2 2 23 836
37 47 2 3 1 836
37 50 2 3 10 836
37 51 2 2 10 836
37 53 2 2 20 836
37 55 2 2 24 836
37 56 2 2 15 836
37 57 2 1 8 836
37 58 2 1 21 836
37 60 2 3 16 836
37 61 2 3 9 836
37 62 2 1 14 836
37 64 2 3 8 836
37 68 2 2 15 836
37 69 2 2 23 836
37 70 2 1 10 836
37 72 2 2 5 836
37 75 2 1 17 836
37 77 2 3 4 836
37 78 2 2 3 836
37 80 2 1 19 836
37 82 2 2 7 836
37 86 2 2 10 836
37 87 2 3 8 836
37 88 2 1 17 836
37 91 2 1 20 836
37 92 2 1 20 836
37 93 2 1 8 836
37 95 2 1 12 836
37 98 2 2 11 836
38 0 3 2 23 725
38 4 3 1 8 725
38 5 3 2 13 725
38 6 3 2 2 725
38 7 3 3 15 725
38 8 3 2 7 725
38 9 3 1 8 725
38 13 3 1 12 725
38 14 3 3 1 725
38 17 3 2 13 725
38 18 3 3 5 725
38 19 3 1 5 725
38 20 3 3 14 725
38 21 3 3 21 725
38 23 3 3 17 725
38 24 3 1 5 725
38 25 3 3 15 725
38 33 3 3 14 725
38 35 3 1 20 725
38 36 3 2 1 725
38 37 3 2 9 725
38 44 3 3 9 725
38 45 3 2 14 725
38 47 3 3 16 725
38 50 3 3 23 725
38 52 3 3 12 725
38 54 3 1 2 725
38 55 3 2 15 725
38 56 3 2 4 725
38 57 3 1 15 725
38 59 3 2 1 725
38 60 3 3 22 725
38 61 3 3 8 725
38 62 3 1 24 725
38 63 3 2 16 725
38 64 3 3 20 725
38 66 3 1 7 725
38 68 3 2 25 725
38 70 3 1 21 725
38 71 3 2 15 725
38 72 3 2 8 725
38 74 3 2 11 725
38 76 3 2 4 725
38 77 3 3 20 725
38 80 3 1 16 725
38 81 3 3 9 725
38 83 3 1 1 725
38 84 3 3 22 725
38 85 3 3 5 725
38 89 3 3 9 725
38 91 3 1 20 725
38 92 3 1 21 725
38 93 3 1 10 725
38 94 3 3 14 725
38 98 3 2 7 725
39 1 3 3 8 199
39 3 3 3 11 199
39 4 3 1 1 199
39 6 3 2 10 199
39 7 3 3 14 199
39 8 3 2 8 199
39 14 3 3 16 199
39 15 3 2 8 199
39 16 3 3 5 199
39 17 3 2 9 199
39 20 3 3 20 199
39 21 3 3 4 199
39 22 3 3 2 199
39 25 3 3 8 199
39 26 3 1 2 199
39 30 3 1 1 199
39 32 3 1 21 199
39 41 3 1 6 199
39 43 3 2 6 199
39 44 3 3 16 199
39 46 3 1 3 199
39 47 3 3 23 199
39 48 3 3 5 199
39 49 3 2 24 199
39 50 3 3 19 199
39 52 3 3 18 199
39 53 3 2 19 199
39 54 3 1 10 199
39 57 3 1 23 199
39 60 3 3 7 199
39 62 3 1 4 199
39 63 3 2 16 199
39 65 3 2 18 199
39 66 3 1 3 199
39 68 3 2 18 199
39 69 3 2 16 199
39 71 3 2 18 199
39 73 3 3 23 199
39 74 3 2 8 199
39 75 3 1 23 199
39 79 3 3 17 199
39 80 3 1 16 199
39 82 3 2 2 199
39 84 3 3 19 199
39 85 3 3 21 199
39 89 3 3 21 199
39 92 3 1 17 199
39 95 3 1 23 199
39 96 3 2 25 199
39 97 3 2 5 199
39 99 3 3 9 199
40 0 2 2 5 253
40 1 2 3 2 253
40 2 2 2 2 253
40 3 2 3 13 253
40 4 2 1 16 253
40 6 2 2 19 253
40 8 2 2 2 253
40 9 2 1 12 253
40 10 2 2 7 253
40 11 2 2 20 253
40 12 2 1 25 253
40 14 2 3 22 253
40 15 2 2 15 253
40 18 2 3 17 253
40 21 2 3 4 253
40 25 2 3 2 253
40 26 2 1 11 253
40 28 2 3 2 253
40 30 2 1 4 253
40 32 2 1 25 253
40 34 2 3 3 253
40 36 2 2 9 253
40 42 2 2 12 253
40 44 2 3 24 253
40 46 2 1 8 253
40 47 2 3 5 253
40 50 2 3 14 253
40 51 2 2 22 253
40 52 2 3 12 253
40 54 2 1 24 253
40 55 2 2 6 253
40 57 2 1 5 253
40 58 2 1 22 253
40 59 2 2 12 253
40 60 2 3 19 253
40 61 2 3 6 253
40 62 2 1 13 253
40 63 2 2 18 253
40 65 2 2 18 253
40 66 2 1 8 253
40 67 2 2 15 253
40 69 2 2 16 253
40 70 2 1 17 253
40 72 2 2 1 253
40 74 2 2 13 253
40 78 2 2 24 253
40 79 2 3 11 253
40 80 2 1 24 253
40 82 2 2 17 253
40 84 2 3 3 253
40 87 2 3 7 253
40 89 2 3 10 253
40 91 2 1 9 253
40 93 2 1 10 253
40 94 2 3 13 253
40 95 2 1 9 253
40 96 2 2 8 253
40 98 2 2 10 253
41 0 1 2 3 800
41 1 1 3 23 800
41 5 1 2 17 800
41 11 1 2 7 800
41 12 1 1 23 800
41 13 1 1 12 800
41 17 1 2 17 800
41 18 1 3 16 800
41 19 1 1 23 800
41 20 1 3 9 800
41 25 1 3 21 800
41 26 1 1 9 800
41 28 1 3 22 800
41 30 1 1 1 800
41 32 1 1 6 800
41 33 1 3 23 800
41 36 1 2 15 800
41 39 1 3 6 800
41 42 1 2 1 800
41 45 1 2 23 800
41 47 1 3 25 800
41 49 1 2 10 800
41 52 1 3 25 800
41 54 1 1 19 800
41 56 1 2 19 800
41 57 1 1 20 800
41 58 1 1 16 800
41 61 1 3 2 800
41 63 1 2 2 800
41 64 1 3 7 800
41 65 1 2 17 800
41 68 1 2 3 800
41 69 1 2 18 800
41 73 1 3 23 800
41 76 1 2 10 800
41 77 1 3 19 800
41 78 1 2 11 800
41 80 1 1 24 800
41 82 1 2 11 800
41 83 1 1 4 800
41 84 1 3 24 800
41 85 1 3 18 800
41 87 1 3 5 800
41 89 1 3 11 800
41 92 1 1 14 800
41 94 1 3 10 800
41 96 1 2 17 800
41 97 1 2 23 800
41 98 1 2 12 800
41 99 1 3 4 800
42 1 2 3 16 976
42 2 2 2 18 976
42 5 2 2 22 976
42 6 2 2 2 976
42 9 2 1 1 976
42 10 2 2 19 976
42 15 2 2 4 976
42 16 2 3 21 976
42 18 2 3 8 976
42 19 2 1 18 976
42 20 2 3 24 976
42 21 2 3 23 976
42 22 2 3 10 976
42 24 2 1 25 976
42 31 2 1 23 976
42 32 2 1 22 976
42 33 2 3 19 976
42 34 2 3 13 976
42 37 2 2 10 976
42 40 2 2 12 976
42 41 2 1 1 976
42 43 2 2 23 976
42 44 2 3 19 976
42 45 2 2 22 976
42 46 2 1 9 976
42 47 2 3 6 976
42 49 2 2 11 976
42 50 2 3 4 976
42 53 2 2 23 976
42 56 2 2 18 976
42 58 2 1 11 976
42 61 2 3 9 976
42 62 2 1 12 976
42 63 2 2 15 976
42 64 2 3 17 976
42 65 2 2 10 976
42 66 2 1 12 976
42 67 2 2 22 976
42 69 2 2 6 976
42 73 2 3 16 976
42 74 2 2 11 976
42 75 2 1 8 976
42 77 2 3 6 976
42 78 2 2 6 976
42 79 2 3 2 976
42 80 2 1 8 976
42 83 2 1 3 976
42 84 2 3 18 976
42 85 2 3 8 976
42 86 2 2 20 976
42 91 2 1 18 976
42 93 2 1 4 976
42 94 2 3 4 976
42 95 2 1 25 976
42 98 2 2 21 976
42 99 2 3 10 976
43 0 2 2 22 95
43 1 2 3 15 95
43 4 2 1 1 95
43 5 2 2 5 95
43 9 2 1 7 95
43 12 2 1 10 95
43 14 2 3 21 95
43 16 2 3 23 95
43 18 2 3 13 95
43 20 2 3 10 95
43 24 2 1 23 95
43 25 2 3 2 95
43 27 2 1 4 95
43 34 2 3 4 95
43 35 2 1 9 95
43 36 2 2 24 95
43 37 2 2 21 95
43 39 2 3 6 95
43 42 2 2 23 95
43 46 2 1 8 95
43 49 2 2 8 95
43 53 2 2 21 95
43 55 2 2 5 95
43 56 2 2 18 95
43 57 2 1 1 95
43 58 2 1 11 95
43 59 2 2 24 95
43 60 2 3 8 95
43 69 2 2 2 95
43 71 2 2 19 95
43 75 2 1 23 95
43 76 2 2 21 95
43 78 2 2 6 95
43 81 2 3 23 95
43 82 2 2 25 95
43 84 2 3 15 95
43 85 2 3 10 95
43 86 2 2 3 95
43 88 2 1 6 95
43 89 2 3 16 95
43 92 2 1 16 95
43 93 2 1 5 95
43 95 2 1 9 95
43 97 2 2 1 95
43 99 2 3 8 95
44 1 3 3 10 723
44 3 3 3 5 723
44 4 3 1 5 723
44 7 3 3 19 723
44 9 3 1 6 723
44 10 3 2 6 723
44 11 3 2 14 723
44 15 3 2 1 723
44 16 3 3 11 723
44 18 3 3 1 723
44 19 3 1 15 723
44 22 3 3 22 723
44 23 3 3 13 723
44 25 3 3 1 723
44 27 3 1 21 723
44 28 3 3 24 723
44 29 3 2 12 723
44 31 3 1 15 723
44 32 3 1 8 723
44 33 3 3 16 723
44 37 3 2 20 723
44 38 3 3 9 723
44 39 3 3 16 723
44 40 3 2 24 723
44 42 3 2 19 723
44 45 3 2 18 723
44 46 3 1 12 723
44 49 3 2 5 723
44 53 3 2 7 723
44 55 3 2 17 723
44 56 3 2 1 723
44 59 3 2 12 723
44 61 3 3 24 723
44 62 3 1 7 723
44 63 3 2 18 723
44 64 3 3 16 723
44 66 3 1 6 723
44 67 3 2 10 723
44 70 3 1 16 723
44 72 3 2 3 723
44 73 3 3 4 723
44 74 3 2 8 723
44 75 3 1 14 723
44 76 3 2 10 723
44 77 3 3 10 723
44 81 3 3 3 723
44 84 3 3 14 723
44 85 3 3 25 723
44 88 3 1 24 723
44 92 3 1 8 723
44 94 3 3 14 723
44 95 3 1 3 723
44 97 3 2 1 723
44 98 3 2 5 723
44 99 3 3 4 723
45 0 2 2 25 988
45 2 2 2 19 988
45 4 2 1 5 988
45 5 2 2 21 988
45 8 2 2 22 988
45 10 2 2 3 988
45 11 2 2 6 988
45 12 2 1 22 988
45 13 2 1 17 988
45 14 2 3 17 988
45 18 2 3 13 988
45 22 2 3 22 988
45 23 2 3 11 988
45 24 2 1 12 988
45 27 2 1 22 988
45 29 2 2 1 988
45 30 2 1 4 988
45 31 2 1 10 988
45 32 2 1 9 988
45 35 2 1 17 988
45 37 2 2 23 988
45 38 2 3 14 988
45 41 2 1 23 988
45 42 2 2 22 988
45 44 2 3 18 988
45 50 2 3 8 988
45 52 2 3 17 988
45 54 2 1 10 988
45 57 2 1 18 988
45 59 2 2 10 988
45 60 2 3 5 988
45 62 2 1 10 988
45 67 2 2 15 988
45 68 2 2 3 988
45 71 2 2 15 988
45 72 2 2 3 988
45 73 2 3 9 988
45 74 2 2 25 988
45 77 2 3 1 988
45 81 2 3 5 988
45 83 2 1 21 988
45 85 2 3 9 988
45 87 2 3 16 988
45 89 2 3 17 988
45 90 2 2 2 988
45 93 2 1 1 988
45 94 2 3 12 988
45 97 2 2 21 988
46 2 1 2 12 631
46 5 1 2 21 631
46 8 1 2 16 631
46 9 1 1 6 631
46 11 1 2 18 631
46 12 1 1 5 631
46 14 1 3 22 631
46 16 1 3 6 631
46 19 1 1 23 631
46 22 1 3 10 631
46 23 1 3 23 631
46 26 1 1 5 631
46 27 1 1 8 631
46 29 1 2 20 631
46 31 1 1 24 631
46 34 1 3 4 631
46 35 1 1 1 631
46 36 1 2 20 631
46 39 1 3 3 631
46 40 1 2 8 631
46 42 1 2 9 631
46 43 1 2 8 631
46 44 1 3 12 631
46 49 1 2 10 631
46 51 1 2 10 631
46 52 1 3 20 631
46 53 1 2 2 631
46 54 1 1 14 631
46 56 1 2 12 631
46 57 1 1 23 631
46 59 1 2 13 631
46 60 1 3 2 631
46 62 1 1 20 631
46 63 1 2 11 631
46 64 1 3 24 631
46 65 1 2 8 631
46 66 1 1 12 631
46 69 1 2 23 631
46 71 1 2 7 631
46 74 1 2 19 631
46 75 1 1 1 631
46 76 1 2 18 631
46 77 1 3 3 631
46 79 1 3 7 631
46 80 1 1 4 631
46 81 1 3 16 631
46 83 1 1 25 631
46 84 1 3 24 631
46 85 1 3 1 631
46 87 1 3 8 631
46 88 1 1 19 631
46 90 1 2 1 631
46 92 1 1 6 631
46 94 1 3 25 631
46 95 1 1 14 631
46 96 1 2 17 631
46 99 1 3 18 631
47 0 3 2 22 805
47 2 3 2 13 805
47 3 3 3 1 805
47 4 3 1 14 805
47 7 3 3 5 805
47 8 3 2 5 805
47 9 3 1 12 805
47 13 3 1 8 805
47 15 3 2 13 805
47 18 3 3 10 805
47 20 3 3 21 805
47 21 3 3 10 805
47 22 3 3 20 805
47 24 3 1 1 805
47 26 3 1 19 805
47 32 3 1 24 805
47 33 3 3 18 805
47 37 3 2 1 805
47 38 3 3 16 805
47 39 3 3 23 805
47 40 3 2 5 805
47 41 3 1 25 805
47 42 3 2 6 805
47 48 3 3 13 805
47 49 3 2 11 805
47 54 3 1 12 805
47 60 3 3 4 805
47 62 3 1 21 805
47 63 3 2 22 805
47 64 3 3 14 805
47 67 3 2 3 805
47 70 3 1 7 805
47 74 3 2 9 805
47 75 3 1 11 805
47 77 3 3 14 805
47 80 3 1 15 805
47 81 3 3 5 805
47 82 3 2 5 805
47 83 3 1 21 805
47 84 3 3 15 805
47 88 3 1 9 805
47 89 3 3 3 805
47 90 3 2 3 805
47 91 3 1 17 805
47 92 3 1 15 805
47 93 3 1 22 805
47 94 3 3 3 805
47 95 3 1 22 805
47 96 3 2 17 805
47 97 3 2 13 805
47 99 3 3 25 805
48 2 3 2 6 485
48 10 3 2 8 485
48 12 3 1 25 485
48 16 3 3 4 485
48 17 3 2 24 485
48 20 3 3 2 485
48 21 3 3 24 485
48 22 3 3 14 485
48 23 3 3 20 485
48 24 3 1 4 485
48 25 3 3 5 485
48 26 3 1 4 485
48 27 3 1 18 485
48 29 3 2 10 485
48 30 3 1 22 485
48 33 3 3 7 485
48 39 3 3 5 485
48 47 3 3 13 485
48 49 3 2 15 485
48 50 3 3 11 485
48 51 3 2 19 485
48 60 3 3 12 485
48 61 3 3 20 485
48 62 3 1 2 485
48 63 3 2 12 485
48 64 3 3 14 485
48 65 3 2 18 485
48 69 3 2 5 485
48 70 3 1 25 485
48 75 3 1 18 485
48 76 3 2 18 485
48 78 3 2 7 485
48 79 3 3 17 485
48 82 3 2 15 485
48 85 3 3 8 485
48 87 3 3 14 485
48 88 3 1 24 485
48 89 3 3 24 485
48 90 3 2 4 485
48 94 3 3 22 485
48 95 3 1 3 485
48 96 3 2 12 485
48 98 3 2 24 485
49 0 2 2 8 392
49 3 2 3 4 392
49 5 2 2 18 392
49 6 2 2 8 392
49 7 2 3 25 392
49 10 2 2 25 392
49 12 2 1 7 392
49 15 2 2 15 392
49 17 2 2 7 392
49 19 2 1 14 392
49 20 2 3 11 392
49 21 2 3 14 392
49 22 2 3 1 392
49 23 2 3 5 392
49 27 2 1 12 392
49 29 2 2 12 392
49 30 2 1 9 392
49 31 2 1 3 392
49 34 2 3 15 392
49 39 2 3 24 392
49 41 2 1 10 392
49 42 2 2 11 392
49 43 2 2 8 392
49 44 2 3 5 392
49 46 2 1 10 392
49 47 2 3 11 392
49 48 2 3 15 392
49 50 2 3 15 392
49 51 2 2 18 392
49 52 2 3 21 392
49 53 2 2 11 392
49 54 2 1 8 392
49 55 2 2 11 392
49 56 2 2 4 392
49 57 2 1 2 392
49 59 2 2 8 392
49 61 2 3 1 392
49 62 2 1 16 392
49 64 2 3 7 392
49 66 2 1 16 392
49 68 2 2 5 392
49 70 2 1 8 392
49 73 2 3 15 392
49 74 2 2 3 392
49 75 2 1 1 392
49 76 2 2 4 392
49 78 2 2 17 392
49 79 2 3 12 392
49 80 2 1 8 392
49 81 2 3 7 392
49 82 2 2 21 392
49 85 2 3 2 392
49 86 2 2 15 392
49 87 2 3 14 392
49 88 2 1 10 392
49 90 2 2 10 392
49 93 2 1 14 392
49 95 2 1 17 392
49 96 2 2 22 392
49 98 2 2 11 392
50 0 3 2 3 197
50 4 3 1 13 197
50 6 3 2 18 197
50 7 3 3 1 197
50 8 3 2 23 197
50 9 3 1 7 197
50 11 3 2 7 197
50 12 3 1 10 197
50 13 3 1 14 197
50 14 3 3 7 197
50 16 3 3 4 197
50 17 3 2 24 197
50 21 3 3 11 197
50 24 3 1 22 197
50 25 3 3 2 197
50 27 3 1 6 197
50 28 3 3 1 197
50 29 3 2 1 197
50 30 3 1 9 197
50 32 3 1 24 197
50 35 3 1 4 197
50 36 3 2 19 197
50 37 3 2 10 197
50 38 3 3 23 197
50 39 3 3 19 197
50 40 3 2 14 197
50 42 3 2 4 197
50 45 3 2 8 197
50 48 3 3 11 197
50 49 3 2 15 197
50 52 3 3 7 197
50 54 3 1 2 197
50 56 3 2 6 197
50 60 3 3 18 197
50 61 3 3 20 197
50 64 3 3 24 197
50 66 3 1 10 197
50 67 3 2 18 197
50 68 3 2 4 197
50 70 3 1 14 197
50 71 3 2 20 197
50 72 3 2 4 197
50 73 3 3 18 197
50 75 3 1 16 197
50 77 3 3 7 197
50 79 3 3 24 197
50 82 3 2 14 197
50 83 3 1 22 197
50 86 3 2 2 197
50 87 3 3 4 197
50 93 3 1 13 197
50 96 3 2 12 197
50 98 3 2 5 197
51 0 2 2 1 508
51 1 2 3 1 508
51 2 2 2 13 508
51 4 2 1 18 508
51 5 2 2 11 508
51 6 2 2 2 508
51 7 2 3 10 508
51 8 2 2 12 508
51 10 2 2 11 508
51 11 2 2 11 508
51 12 2 1 19 508
51 13 2 1 17 508
51 16 2 3 23 508
51 18 2 3 1 508
51 19 2 1 23 508
51 20 2 3 23 508
51 21 2 3 4 508
51 24 2 1 19 508
51 25 2 3 1 508
51 26 2 1 18 508
51 27 2 1 1 508
51 29 2 2 24 508
51 32 2 1 10 508
51 33 2 3 23 508
51 36 2 2 4 508
51 37 2 2 10 508
51 40 2 2 22 508
51 46 2 1 10 508
51 48 2 3 19 508
51 49 2 2 18 508
51 53 2 2 18 508
51 54 2 1 15 508
51 55 2 2 22 508
51 56 2 2 18 508
51 57 2 1 24 508
51 61 2 3 14 508
51 63 2 2 21 508
51 64 2 3 22 508
51 65 2 2 8 508
51 67 2 2 8 508
51 74 2 2 11 508
51 75 2 1 19 508
51 77 2 3 25 508
51 78 2 2 23 508
51 79 2 3 10 508
51 82 2 2 13 508
51 83 2 1 21 508
51 84 2 3 7 508
51 85 2 3 19 508
51 86 2 2 12 508
51 90 2 2 25 508
51 91 2 1 12 508
51 93 2 1 10 508
51 95 2 1 2 508
51 96 2 2 8 508
51 97 2 2 10 508
51 98 2 2 18 508
51 99 2 3 4 508
52 0 3 2 1 982
52 1 3 3 9 982
52 2 3 2 20 982
52 3 3 3 2 982
52 4 3 1 19 982
52 6 3 2 9 982
52 9 3 1 24 982
52 10 3 2 8 982
52 11 3 2 19 982
52 15 3 2 7 982
52 16 3 3 12 982
52 19 3 1 22 982
52 23 3 3 9 982
52 25 3 3 21 982
52 27 3 1 7 982
52 32 3 1 21 982
52 38 3 3 12 982
52 39 3 3 18 982
52 40 3 2 12 982
52 41 3 1 25 982
52 45 3 2 17 982
52 46 3 1 20 982
52 49 3 2 21 982
52 50 3 3 7 982
52 54 3 1 20 982
52 55 3 2 18 982
52 59 3 2 5 982
52 60 3 3 22 982
52 63 3 2 20 982
52 66 3 1 13 982
52 67 3 2 12 982
52 70 3 1 3 982
52 71 3 2 13 982
52 72 3 2 3 982
52 73 3 3 5 982
52 75 3 1 2 982
52 78 3 2 13 982
52 81 3 3 14 982
52 87 3 3 20 982
52 88 3 1 14 982
52 90 3 2 7 982
52 91 3 1 7 982
52 95 3 1 21 982
52 96 3 2 5 982
52 98 3 2 8 982
52 99 3 3 2 982
53 1 2 3 24 261
53 4 2 1 7 261
53 5 2 2 14 261
53 8 2 2 24 261
53 12 2 1 6 261
53 14 2 3 20 261
53 15 2 2 13 261
53 16 2 3 23 261
53 18 2 3 20 261
53 21 2 3 3 261
53 22 2 3 21 261
53 23 2 3 6 261
53 24 2 1 11 261
53 27 2 1 17 261
53 28 2 3 1 261
53 32 2 1 2 261
53 33 2 3 22 261
53 34 2 3 6 261
53 36 2 2 9 261
53 37 2 2 20 261
53 39 2 3 19 261
53 42 2 2 23 261
53 43 2 2 21 261
53 44 2 3 7 261
53 46 2 1 2 261
53 49 2 2 11 261
53 51 2 2 18 261
53 54 2 1 12 261
53 56 2 2 13 261
53 57 2 1 14 261
53 58 2 1 20 261
53 59 2 2 25 261
53 61 2 3 15 261
53 63 2 2 22 261
53 64 2 3 25 261
53 66 2 1 18 261
53 70 2 1 11 261
53 72 2 2 13 261
53 73 2 3 14 261
53 75 2 1 14 261
53 76 2 2 15 261
53 79 2 3 19 261
53 81 2 3 4 261
53 83 2 1 9 261
53 85 2 3 2 261
53 86 2 2 25 261
53 87 2 3 9 261
53 88 2 1 3 261
53 90 2 2 23 261
53 91 2 1 18 261
53 93 2 1 17 261
54 0 1 2 16 874
54 2 1 2 7 874
54 4 1 1 22 874
54 7 1 3 11 874
54 8 1 2 21 874
54 10 1 2 18 874
54 11 1 2 10 874
54 12 1 1 9 874
54 13 1 1 9 874
54 15 1 2 18 874
54 19 1 1 8 874
54 21 1 3 13 874
54 22 1 3 12 874
54 25 1 3 20 874
54 32 1 1 25 874
54 33 1 3 8 874
54 34 1 3 25 874
54 35 1 1 20 874
54 38 1 3 2 874
54 39 1 3 10 874
54 40 1 2 24 874
54 41 1 1 19 874
54 45 1 2 10 874
54 46 1 1 14 874
54 47 1 3 12 874
54 49 1 2 8 874
54 50 1 3 2 874
54 51 1 2 15 874
54 52 1 3 20 874
54 53 1 2 12 874
54 58 1 1 18 874
54 60 1 3 1 874
54 61 1 3 12 874
54 64 1 3 22 874
54 70 1 1 16 874
54 74 1 2 21 874
54 75 1 1 23 874
54 77 1 3 18 874
54 83 1 1 23 874
54 88 1 1 15 874
54 91 1 1 6 874
54 93 1 1 1 874
54 94 1 3 22 874
54 96 1 2 15 874
54 97 1 2 14 874
55 0 2 2 23 977
55 1 2 3 10 977
55 2 2 2 22 977
55 3 2 3 19 977
55 4 2 1 20 977
55 7 2 3 15 977
55 8 2 2 11 977
55 9 2 1 13 977
55 11 2 2 22 977
55 12 2 1 21 977
55 14 2 3 7 977
55 15 2 2 1 977
55 18 2 3 23 977
55 19 2 1 15 977
55 20 2 3 22 977
55 27 2 1 19 977
55 28 2 3 1 977
55 30 2 1 14 977
55 31 2 1 22 977
55 33 2 3 15 977
55 34 2 3 11 977
55 35 2 1 16 977
55 37 2 2 24 977
55 38 2 3 15 977
55 40 2 2 6 977
55 43 2 2 5 977
55 44 2 3 17 977
55 49 2 2 11 977
55 51 2 2 22 977
55 52 2 3 18 977
55 58 2 1 21 977
55 65 2 2 3 977
55 66 2 1 4 977
55 67 2 2 13 977
55 70 2 1 7 977
55 74 2 2 21 977
55 75 2 1 5 977
55 79 2 3 5 977
55 80 2 1 16 977
55 85 2 3 8 977
55 86 2 2 17 977
55 89 2 3 3 977
55 90 2 2 23 977
55 92 2 1 19 977
55 93 2 1 5 977
55 94 2 3 21 977
55 97 2 2 6 977
55 98 2 2 1 977
55 99 2 3 17 977
56 3 2 3 12 686
56 5 2 2 7 686
56 6 2 2 20 686
56 7 2 3 6 686
56 8 2 2 11 686
56 9 2 1 25 686
56 12 2 1 6 686
56 14 2 3 19 686
56 15 2 2 21 686
56 19 2 1 16 686
56 20 2 3 24 686
56 21 2 3 4 686
56 22 2 3 3 686
56 27 2 1 8 686
56 28 2 3 16 686
56 30 2 1 3 686
56 33 2 3 18 686
56 36 2 2 14 686
56 37 2 2 15 686
56 38 2 3 4 686
56 41 2 1 19 686
56 42 2 2 18 686
56 43 2 2 18 686
56 44 2 3 1 686
56 46 2 1 12 686
56 49 2 2 4 686
56 50 2 3 6 686
56 51 2 2 18 686
56 53 2 2 13 686
56 59 2 2 24 686
56 60 2 3 7 686
56 61 2 3 8 686
56 62 2 1 22 686
56 63 2 2 22 686
56 64 2 3 12 686
56 65 2 2 8 686
56 66 2 1 12 686
56 67 2 2 20 686
56 68 2 2 1 686
56 70 2 1 6 686
56 73 2 3 22 686
56 74 2 2 9 686
56 75 2 1 8 686
56 76 2 2 6 686
56 78 2 2 4 686
56 81 2 3 17 686
56 83 2 1 7 686
56 86 2 2 13 686
56 87 2 3 20 686
56 89 2 3 23 686
56 93 2 1 17 686
56 95 2 1 10 686
57 1 1 3 11 331
57 2 1 2 20 331
57 3 1 3 7 331
57 4 1 1 4 331
57 5 1 2 18 331
57 6 1 2 9 331
57 7 1 3 13 331
57 16 1 3 10 331
57 19 1 1 18 331
57 26 1 1 6 331
57 28 1 3 1 331
57 30 1 1 24 331
57 35 1 1 13 331
57 37 1 2 8 331
57 38 1 3 15 331
57 39 1 3 23 331
57 40 1 2 5 331
57 41 1 1 20 331
57 43 1 2 1 331
57 45 1 2 18 331
57 46 1 1 23 331
57 49 1 2 2 331
57 51 1 2 24 331
57 53 1 2 14 331
57 59 1 2 12 331
57 61 1 3 10 331
57 65 1 2 16 331
57 66 1 1 4 331
57 70 1 1 18 331
57 71 1 2 25 331
57 73 1 3 10 331
57 75 1 1 8 331
57 77 1 3 4 331
57 78 1 2 13 331
57 81 1 3 22 331
57 82 1 2 15 331
57 83 1 1 24 331
57 86 1 2 15 331
57 87 1 3 17 331
57 89 1 3 18 331
57 90 1 2 14 331
57 93 1 1 22 331
57 95 1 1 11 331
57 96 1 2 9 331
57 97 1 2 6 331
57 99 1 3 15 331
58 0 1 2 7 451
58 1 1 3 20 451
58 2 1 2 2 451
58 3 1 3 10 451
58 6 1 2 9 451
58 7 1 3 17 451
58 9 1 1 4 451
58 11 1 2 17 451
58 13 1 1 4 451
58 14 1 3 22 451
58 16 1 3 8 451
58 21 1 3 14 451
58 22 1 3 6 451
58 23 1 3 1 451
58 24 1 1 3 451
58 25 1 3 8 451
58 28 1 3 8 451
58 30 1 1 25 451
58 31 1 1 11 451
58 34 1 3 7 451
58 37 1 2 21 451
58 40 1 2 22 451
58 41 1 1 16 451
58 42 1 2 11 451
58 43 1 2 11 451
58 53 1 2 20 451
58 54 1 1 18 451
58 55 1 2 21 451
58 59 1 2 21 451
58 60 1 3 6 451
58 62 1 1 22 451
58 64 1 3 23 451
58 65 1 2 10 451
58 66 1 1 13 451
58 69 1 2 20 451
58 70 1 1 22 451
58 71 1 2 20 451
58 72 1 2 15 451
58 73 1 3 8 451
58 74 1 2 9 451
58 75 1 1 9 451
58 76 1 2 5 451
58 77 1 3 8 451
58 80 1 1 24 451
58 83 1 1 7 451
58 84 1 3 13 451
58 85 1 3 15 451
58 87 1 3 6 451
58 89 1 3 4 451
58 90 1 2 19 451
58 93 1 1 14 451
58 94 1 3 8 451
58 96 1 2 3 451
58 97 1 2 5 451
59 0 2 2 9 681
59 1 2 3 11 681
59 2 2 2 18 681
59 3 2 3 7 681
59 4 2 1 22 681
59 5 2 2 7 681
59 7 2 3 2 681
59 8 2 2 2 681
59 10 2 2 7 681
59 12 2 1 5 681
59 13 2 1 25 681
59 14 2 3 15 681
59 17 2 2 3 681
59 19 2 1 22 681
59 22 2 3 19 681
59 26 2 1 19 681
59 28 2 3 17 681
59 29 2 2 23 681
59 30 2 1 1 681
59 32 2 1 24 681
59 34 2 3 1 681
59 36 2 2 12 681
59 38 2 3 1 681
59 40 2 2 12 681
59 43 2 2 24 681
59 44 2 3 12 681
59 45 2 2 10 681
59 46 2 1 13 681
59 49 2 2 8 681
59 52 2 3 5 681
59 53 2 2 25 681
59 56 2 2 24 681
59 57 2 1 12 681
59 58 2 1 21 681
59 62 2 1 23 681
59 69 2 2 6 681
59 70 2 1 15 681
59 73 2 3 18 681
59 74 2 2 20 681
59 76 2 2 16 681
59 78 2 2 19 681
59 80 2 1 15 681
59 82 2 2 16 681
59 84 2 3 25 681
59 85 2 3 5 681
59 86 2 2 7 681
59 87 2 3 25 681
59 88 2 1 22 681
59 92 2 1 1 681
59 94 2 3 18 681
59 96 2 2 5 681
59 99 2 3 16 681
60 0 3 2 9 521
60 3 3 3 4 521
60 5 3 2 16 521
60 6 3 2 23 521
60 10 3 2 17 521
60 11 3 2 11 521
60 13 3 1 10 521
60 14 3 3 22 521
60 15 3 2 4 521
60 16 3 3 22 521
60 17 3 2 10 521
60 20 3 3 20 521
60 22 3 3 18 521
60 23 3 3 19 521
60 24 3 1 17 521
60 25 3 3 4 521
60 26 3 1 7 521
60 27 3 1 25 521
60 29 3 2 25 521
60 30 3 1 11 521
60 31 3 1 23 521
60 32 3 1 18 521
60 35 3 1 15 521
60 37 3 2 16 521
60 38 3 3 22 521
60 39 3 3 7 521
60 40 3 2 19 521
60 43 3 2 8 521
60 45 3 2 5 521
60 46 3 1 2 521
60 47 3 3 4 521
60 48 3 3 12 521
60 50 3 3 18 521
60 52 3 3 22 521
60 54 3 1 1 521
60 56 3 2 7 521
60 58 3 1 6 521
60 62 3 1 25 521
60 65 3 2 5 521
60 67 3 2 21 521
60 68 3 2 17 521
60 69 3 2 18 521
60 70 3 1 8 521
60 73 3 3 16 521
60 74 3 2 17 521
60 75 3 1 22 521
60 80 3 1 6 521
60 81 3 3 1 521
60 82 3 2 18 521
60 84 3 3 22 521
60 85 3 3 22 521
60 87 3 3 17 521
60 88 3 1 16 521
60 93 3 1 7 521
60 97 3 2 2 521
60 98 3 2 9 521
61 0 3 2 15 92
61 2 3 2 3 92
61 4 3 1 14 92
61 5 3 2 11 92
61 6 3 2 17 92
61 9 3 1 14 92
61 10 3 2 19 92
61 13 3 1 3 92
61 20 3 3 3 92
61 22 3 3 9 92
61 23 3 3 21 92
61 24 3 1 14 92
61 27 3 1 6 92
61 28 3 3 21 92
61 29 3 2 19 92
61 32 3 1 17 92
61 35 3 1 5 92
61 36 3 2 8 92
61 37 3 2 9 92
61 38 3 3 8 92
61 40 3 2 6 92
61 41 3 1 2 92
61 42 3 2 9 92
61 44 3 3 24 92
61 48 3 3 20 92
61 49 3 2 1 92
61 50 3 3 20 92
61 51 3 2 14 92
61 53 3 2 15 92
61 54 3 1 12 92
61 56 3 2 8 92
61 57 3 1 10 92
61 62 3 1 5 92
61 65 3 2 16 92
61 67 3 2 6 92
61 70 3 1 10 92
61 72 3 2 11 92
61 74 3 2 9 92
61 80 3 1 1 92
61 81 3 3 24 92
61 82 3 2 3 92
61 84 3 3 11 92
61 86 3 2 24 92
61 91 3 1 6 92
61 92 3 1 23 92
61 93 3 1 6 92
61 94 3 3 9 92
61 95 3 1 25 92
62 0 1 2 11 400
62 1 1 3 25 400
62 4 1 1 24 400
62 6 1 2 20 400
62 10 1 2 12 400
62 15 1 2 17 400
62 17 1 2 2 400
62 18 1 3 21 400
62 20 1 3 14 400
62 23 1 3 23 400
62 25 1 3 17 400
62 26 1 1 20 400
62 27 1 1 7 400
62 29 1 2 23 400
62 34 1 3 9 400
62 35 1 1 14 400
62 37 1 2 14 400
62 38 1 3 24 400
62 39 1 3 4 400
62 40 1 2 13 400
62 42 1 2 12 400
62 44 1 3 7 400
62 45 1 2 10 400
62 46 1 1 20 400
62 47 1 3 21 400
62 48 1 3 2 400
62 49 1 2 16 400
62 56 1 2 22 400
62 58 1 1 22 400
62 59 1 2 23 400
62 60 1 3 25 400
62 61 1 3 5 400
62 63 1 2 13 400
62 64 1 3 16 400
62 65 1 2 6 400
62 66 1 1 7 400
62 67 1 2 22 400
62 70 1 1 15 400
62 71 1 2 19 400
62 73 1 3 22 400
62 75 1 1 14 400
62 76 1 2 18 400
62 79 1 3 18 400
62 81 1 3 16 400
62 82 1 2 21 400
62 83 1 1 7 400
62 84 1 3 14 400
62 86 1 2 15 400
62 89 1 3 2 400
62 90 1 2 17 400
62 91 1 1 6 400
62 93 1 1 2 400
62 94 1 3 19 400
62 97 1 2 10 400
62 99 1 3 11 400
63 1 2 3 23 259
63 2 2 2 5 259
63 6 2 2 25 259
63 7 2 3 6 259
63 8 2 2 18 259
63 9 2 1 19 259
63 11 2 2 21 259
63 14 2 3 10 259
63 15 2 2 18 259
63 21 2 3 8 259
63 22 2 3 15 259
63 23 2 3 15 259
63 26 2 1 18 259
63 28 2 3 14 259
63 32 2 1 16 259
63 35 2 1 2 259
63 38 2 3 16 259
63 39 2 3 16 259
63 40 2 2 18 259
63 41 2 1 2 259
63 42 2 2 15 259
63 44 2 3 18 259
63 46 2 1 11 259
63 47 2 3 22 259
63 48 2 3 12 259
63 51 2 2 21 259
63 52 2 3 20 259
63 53 2 2 22 259
63 56 2 2 22 259
63 62 2 1 13 259
63 64 2 3 21 259
63 66 2 1 1 259
63 68 2 2 13 259
63 69 2 2 11 259
63 70 2 1 5 259
63 71 2 2 22 259
63 76 2 2 19 259
63 78 2 2 1 259
63 83 2 1 8 259
63 86 2 2 13 259
63 87 2 3 3 259
63 90 2 2 4 259
63 92 2 1 21 259
63 93 2 1 7 259
63 95 2 1 6 259
63 96 2 2 20 259
63 98 2 2 17 259
64 1 3 3 1 543
64 2 3 2 25 543
64 3 3 3 21 543
64 4 3 1 20 543
64 6 3 2 13 543
64 8 3 2 12 543
64 12 3 1 7 543
64 15 3 2 17 543
64 19 3 1 15 543
64 20 3 3 20 543
64 21 3 3 4 543
64 22 3 3 24 543
64 24 3 1 14 543
64 26 3 1 12 543
64 28 3 3 19 543
64 30 3 1 13 543
64 31 3 1 14 543
64 33 3 3 3 543
64 34 3 3 15 543
64 37 3 2 8 543
64 38 3 3 20 543
64 41 3 1 7 543
64 42 3 2 17 543
64 44 3 3 16 543
64 46 3 1 24 543
64 47 3 3 14 543
64 48 3 3 14 543
64 49 3 2 7 543
64 50 3 3 24 543
64 51 3 2 22 543
64 53 3 2 25 543
64 54 3 1 22 543
64 56 3 2 12 543
64 58 3 1 23 543
64 62 3 1 16 543
64 63 3 2 21 543
64 65 3 2 3 543
64 71 3 2 8 543
64 72 3 2 11 543
64 77 3 3 13 543
64 80 3 1 8 543
64 83 3 1 2 543
64 90 3 2 22 543
64 91 3 1 25 543
64 93 3 1 7 543
64 94 3 3 23 543
64 95 3 1 25 543
64 96 3 2 20 543
64 97 3 2 19 543
64 98 3 2 12 543
64 99 3 3 15 543
65 1 2 3 2 952
65 4 2 1 13 952
65 5 2 2 1 952
65 8 2 2 15 952
65 11 2 2 22 952
65 12 2 1 12 952
65 13 2 1 9 952
65 14 2 3 5 952
65 17 2 2 5 952
65 18 2 3 22 952
65 19 2 1 22 952
65 20 2 3 7 952
65 21 2 3 18 952
65 22 2 3 15 952
65 26 2 1 11 952
65 31 2 1 2 952
65 32 2 1 19 952
65 33 2 3 7 952
65 35 2 1 8 952
65 36 2 2 24 952
65 39 2 3 18 952
65 40 2 2 18 952
65 41 2 1 17 952
65 42 2 2 10 952
65 46 2 1 8 952
65 48 2 3 18 952
65 51 2 2 8 952
65 55 2 2 3 952
65 56 2 2 8 952
65 57 2 1 16 952
65 58 2 1 10 952
65 60 2 3 5 952
65 61 2 3 16 952
65 62 2 1 6 952
65 64 2 3 3 952
65 68 2 2 25 952
65 71 2 2 16 952
65 76 2 2 13 952
65 80 2 1 8 952
65 81 2 3 16 952
65 85 2 3 16 952
65 87 2 3 18 952
65 88 2 1 18 952
65 91 2 1 14 952
65 96 2 2 13 952
65 97 2 2 5 952
65 98 2 2 1 952
66 0 1 2 22 954
66 1 1 3 14 954
66 4 1 1 24 954
66 6 1 2 2 954
66 7 1 3 12 954
66 12 1 1 9 954
66 15 1 2 17 954
66 16 1 3 17 954
66 20 1 3 11 954
66 21 1 3 14 954
66 24 1 1 15 954
66 26 1 1 8 954
66 27 1 1 5 954
66 29 1 2 19 954
66 34 1 3 19 954
66 35 1 1 24 954
66 38 1 3 7 954
66 39 1 3 3 954
66 40 1 2 8 954
66 42 1 2 12 954
66 44 1 3 6 954
66 46 1 1 12 954
66 49 1 2 16 954
66 50 1 3 10 954
66 52 1 3 13 954
66 53 1 2 18 954
66 55 1 2 4 954
66 56 1 2 12 954
66 57 1 1 4 954
66 58 1 1 13 954
66 62 1 1 7 954
66 63 1 2 1 954
66 67 1 2 10 954
66 68 1 2 24 954
66 69 1 2 8 954
66 72 1 2 10 954
66 75 1 1 17 954
66 76 1 2 4 954
66 77 1 3 11 954
66 78 1 2 6 954
66 79 1 3 24 954
66 80 1 1 20 954
66 83 1 1 12 954
66 84 1 3 15 954
66 85 1 3 18 954
66 87 1 3 15 954
66 88 1 1 18 954
66 90 1 2 8 954
66 91 1 1 7 954
66 92 1 1 9 954
66 93 1 1 5 954
66 95 1 1 9 954
66 99 1 3 4 954
67 0 2 2 1 159
67 1 2 3 14 159
67 2 2 2 12 159
67 5 2 2 7 159
67 7 2 3 17 159
67 8 2 2 12 159
67 9 2 1 21 159
67 10 2 2 9 159
67 11 2 2 2 159
67 13 2 1 3 159
67 16 2 3 10 159
67 17 2 2 6 159
67 18 2 3 22 159
67 20 2 3 22 159
67 24 2 1 9 159
67 26 2 1 17 159
67 28 2 3 16 159
67 29 2 2 19 159
67 32 2 1 9 159
67 36 2 2 24 159
67 40 2 2 15 159
67 42 2 2 22 159
67 44 2 3 10 159
67 45 2 2 15 159
67 47 2 3 3 159
67 50 2 3 18 159
67 51 2 2 8 159
67 52 2 3 12 159
67 55 2 2 13 159
67 56 2 2 20 159
67 60 2 3 21 159
67 61 2 3 6 159
67 62 2 1 22 159
67 66 2 1 10 159
67 68 2 2 9 159
67 70 2 1 15 159
67 71 2 2 7 159
67 72 2 2 23 159
67 74 2 2 8 159
67 75 2 1 4 159
67 76 2 2 14 159
67 77 2 3 4 159
67 78 2 2 7 159
67 82 2 2 20 159
67 89 2 3 4 159
67 93 2 1 17 159
67 97 2 2 25 159
67 98 2 2 8 159
68 3 2 3 20 811
68 5 2 2 21 811
68 6 2 2 10 811
68 7 2 3 4 811
68 8 2 2 24 811
68 9 2 1 8 811
68 12 2 1 9 811
68 16 2 3 14 811
68 19 2 1 8 811
68 22 2 3 11 811
68 23 2 3 20 811
68 24 2 1 16 811
68 25 2 3 21 811
68 29 2 2 15 811
68 30 2 1 22 811
68 31 2 1 2 811
68 32 2 1 20 811
68 37 2 2 15 811
68 38 2 3 25 811
68 39 2 3 18 811
68 41 2 1 3 811
68 45 2 2 3 811
68 49 2 2 5 811
68 50 2 3 4 811
68 56 2 2 1 811
68 60 2 3 17 811
68 63 2 2 13 811
68 65 2 2 25 811
68 66 2 1 24 811
68 67 2 2 9 811
68 71 2 2 14 811
68 74 2 2 5 811
68 76 2 2 9 811
68 79 2 3 23 811
68 80 2 1 22 811
68 81 2 3 15 811
68 84 2 3 18 811
68 85 2 3 23 811
68 87 2 3 11 811
68 88 2 1 23 811
68 91 2 1 18 811
68 92 2 1 9 811
68 94 2 3 5 811
68 95 2 1 21 811
68 98 2 2 12 811
68 99 2 3 5 811
69 3 2 3 25 996
69 4 2 1 24 996
69 5 2 2 16 996
69 6 2 2 22 996
69 7 2 3 8 996
69 8 2 2 21 996
69 11 2 2 23 996
69 17 2 2 20 996
69 19 2 1 14 996
69 20 2 3 6 996
69 21 2 3 9 996
69 22 2 3 2 996
69 25 2 3 10 996
69 28 2 3 1 996
69 30 2 1 8 996
69 31 2 1 8 996
69 32 2 1 23 996
69 34 2 3 19 996
69 37 2 2 23 996
69 39 2 3 16 996
69 40 2 2 16 996
69 41 2 1 18 996
69 42 2 2 6 996
69 43 2 2 2 996
69 46 2 1 23 996
69 48 2 3 5 996
69 58 2 1 20 996
69 59 2 2 6 996
69 60 2 3 18 996
69 63 2 2 11 996
69 66 2 1 8 996
69 70 2 1 12 996
69 71 2 2 4 996
69 72 2 2 3 996
69 74 2 2 18 996
69 76 2 2 10 996
69 77 2 3 10 996
69 79 2 3 15 996
69 81 2 3 23 996
69 87 2 3 6 996
69 94 2 3 3 996
69 95 2 1 18 996
69 97 2 2 24 996
70 0 1 2 23 452
70 1 1 3 22 452
70 3 1 3 16 452
70 4 1 1 21 452
70 5 1 2 17 452
70 6 1 2 25 452
70 8 1 2 23 452
70 11 1 2 9 452
70 17 1 2 10 452
70 18 1 3 5 452
70 19 1 1 23 452
70 22 1 3 14 452
70 25 1 3 6 452
70 29 1 2 15 452
70 31 1 1 12 452
70 34 1 3 17 452
70 35 1 1 1 452
70 37 1 2 10 452
70 38 1 3 21 452
70 40 1 2 17 452
70 44 1 3 16 452
70 47 1 3 7 452
70 48 1 3 25 452
70 49 1 2 8 452
70 50 1 3 14 452
70 52 1 3 3 452
70 53 1 2 11 452
70 54 1 1 16 452
70 55 1 2 7 452
70 56 1 2 6 452
70 57 1 1 18 452
70 58 1 1 22 452
70 59 1 2 15 452
70 60 1 3 8 452
70 61 1 3 10 452
70 62 1 1 15 452
70 63 1 2 5 452
70 67 1 2 15 452
70 69 1 2 12 452
70 72 1 2 4 452
70 76 1 2 17 452
70 77 1 3 7 452
70 78 1 2 9 452
70 79 1 3 23 452
70 81 1 3 17 452
70 82 1 2 22 452
70 83 1 1 1 452
70 85 1 3 24 452
70 88 1 1 9 452
70 89 1 3 13 452
70 92 1 1 1 452
70 93 1 1 4 452
70 94 1 3 17 452
70 95 1 1 20 452
70 96 1 2 22 452
70 99 1 3 20 452
71 1 2 3 8 140
71 3 2 3 4 140
71 6 2 2 19 140
71 8 2 2 7 140
71 9 2 1 5 140
71 12 2 1 23 140
71 13 2 1 19 140
71 18 2 3 7 140
71 26 2 1 22 140
71 27 2 1 17 140
71 28 2 3 14 140
71 30 2 1 3 140
71 31 2 1 14 140
71 33 2 3 17 140
71 35 2 1 20 140
71 36 2 2 7 140
71 38 2 3 15 140
71 39 2 3 18 140
71 43 2 2 19 140
71 45 2 2 15 140
71 46 2 1 7 140
71 50 2 3 20 140
71 52 2 3 13 140
71 57 2 1 25 140
71 58 2 1 20 140
71 62 2 1 19 140
71 63 2 2 22 140
71 64 2 3 8 140
71 65 2 2 16 140
71 67 2 2 7 140
71 68 2 2 14 140
71 69 2 2 4 140
71 74 2 2 6 140
71 75 2 1 16 140
71 78 2 2 23 140
71 80 2 1 7 140
71 81 2 3 24 140
71 85 2 3 9 140
71 88 2 1 8 140
71 89 2 3 17 140
71 91 2 1 8 140
71 95 2 1 22 140
71 96 2 2 17 140
71 98 2 2 2 140
71 99 2 3 4 140
72 1 2 3 23 485
72 2 2 2 15 485
72 3 2 3 7 485
72 7 2 3 12 485
72 9 2 1 18 485
72 12 2 1 6 485
72 13 2 1 17 485
72 18 2 3 12 485
72 19 2 1 16 485
72 22 2 3 20 485
72 26 2 1 5 485
72 27 2 1 20 485
72 28 2 3 21 485
72 31 2 1 12 485
72 32 2 1 15 485
72 33 2 3 18 485
72 37 2 2 5 485
72 38 2 3 8 485
72 40 2 2 1 485
72 44 2 3 3 485
72 45 2 2 3 485
72 50 2 3 4 485
72 52 2 3 3 485
72 53 2 2 13 485
72 58 2 1 15 485
72 61 2 3 11 485
72 64 2 3 11 485
72 66 2 1 10 485
72 67 2 2 23 485
72 69 2 2 3 485
72 70 2 1 4 485
72 74 2 2 14 485
72 78 2 2 11 485
72 80 2 1 11 485
72 81 2 3 8 485
72 82 2 2 7 485
72 83 2 1 11 485
72 86 2 2 9 485
72 87 2 3 25 485
72 88 2 1 21 485
72 91 2 1 16 485
72 92 2 1 23 485
72 93 2 1 7 485
72 96 2 2 15 485
73 0 3 2 18 514
73 5 3 2 13 514
73 7 3 3 18 514
73 8 3 2 4 514
73 9 3 1 24 514
73 10 3 2 22 514
73 11 3 2 12 514
73 12 3 1 22 514
73 13 3 1 17 514
73 14 3 3 2 514
73 15 3 2 14 514
73 16 3 3 16 514
73 18 3 3 11 514
73 20 3 3 10 514
73 25 3 3 9 514
73 26 3 1 13 514
73 27 3 1 14 514
73 28 3 3 16 514
73 32 3 1 3 514
73 39 3 3 23 514
73 41 3 1 23 514
73 42 3 2 16 514
73 44 3 3 4 514
73 45 3 2 9 514
73 49 3 2 15 514
73 50 3 3 18 514
73 52 3 3 5 514
73 53 3 2 14 514
73 56 3 2 22 514
73 57 3 1 10 514
73 58 3 1 8 514
73 59 3 2 18 514
73 60 3 3 16 514
73 62 3 1 22 514
73 74 3 2 1 514
73 79 3 3 17 514
73 80 3 1 6 514
73 83 3 1 13 514
73 84 3 3 5 514
73 86 3 2 15 514
73 88 3 1 18 514
73 89 3 3 18 514
73 90 3 2 14 514
73 92 3 1 19 514
73 96 3 2 2 514
73 97 3 2 18 514
73 98 3 2 22 514
74 4 2 1 11 352
74 5 2 2 1 352
74 6 2 2 21 352
74 7 2 3 3 352
74 11 2 2 15 352
74 12 2 1 15 352
74 14 2 3 23 352
74 20 2 3 24 352
74 22 2 3 7 352
74 24 2 1 22 352
74 27 2 1 9 352
74 30 2 1 22 352
74 34 2 3 9 352
74 38 2 3 11 352
74 39 2 3 8 352
74 40 2 2 13 352
74 42 2 2 11 352
74 44 2 3 8 352
74 45 2 2 25 352
74 46 2 1 19 352
74 47 2 3 9 352
74 49 2 2 3 352
74 51 2 2 11 352
74 54 2 1 21 352
74 55 2 2 21 352
74 56 2 2 9 352
74 58 2 1 9 352
74 59 2 2 20 352
74 60 2 3 17 352
74 61 2 3 9 352
74 67 2 2 8 352
74 68 2 2 5 352
74 69 2 2 18 352
74 71 2 2 6 352
74 72 2 2 14 352
74 73 2 3 1 352
74 75 2 1 11 352
74 76 2 2 10 352
74 80 2 1 22 352
74 83 2 1 6 352
74 84 2 3 4 352
74 86 2 2 9 352
74 92 2 1 17 352
74 93 2 1 13 352
74 94 2 3 10 352
74 95 2 1 21 352
74 98 2 2 8 352
74 99 2 3 3 352
75 0 1 2 10 232
75 2 1 2 21 232
75 3 1 3 10 232
75 5 1 2 20 232
75 7 1 3 23 232
75 8 1 2 18 232
75 9 1 1 5 232
75 11 1 2 6 232
75 12 1 1 13 232
75 13 1 1 1 232
75 14 1 3 22 232
75 17 1 2 7 232
75 20 1 3 16 232
75 21 1 3 13 232
75 25 1 3 22 232
75 27 1 1 13 232
75 28 1 3 12 232
75 30 1 1 6 232
75 32 1 1 17 232
75 34 1 3 22 232
75 35 1 1 16 232
75 36 1 2 15 232
75 37 1 2 17 232
75 39 1 3 23 232
75 42 1 2 8 232
75 43 1 2 23 232
75 44 1 3 14 232
75 46 1 1 1 232
75 47 1 3 11 232
75 48 1 3 18 232
75 49 1 2 1 232
75 50 1 3 16 232
75 51 1 2 19 232
75 52 1 3 2 232
75 53 1 2 14 232
75 54 1 1 23 232
75 55 1 2 5 232
75 56 1 2 8 232
75 57 1 1 8 232
75 58 1 1 9 232
75 60 1 3 22 232
75 62 1 1 14 232
75 66 1 1 17 232
75 67 1 2 4 232
75 71 1 2 16 232
75 74 1 2 11 232
75 81 1 3 6 232
75 82 1 2 12 232
75 84 1 3 17 232
75 85 1 3 11 232
75 86 1 2 19 232
75 87 1 3 11 232
75 88 1 1 10 232
75 90 1 2 9 232
75 93 1 1 7 232
75 94 1 3 9 232
75 95 1 1 2 232
75 98 1 2 14 232
76 2 2 2 13 709
76 3 2 3 4 709
76 4 2 1 5 709
76 5 2 2 13 709
76 11 2 2 24 709
76 13 2 1 17 709
76 15 2 2 2 709
76 17 2 2 13 709
76 18 2 3 23 709
76 19 2 1 18 709
76 21 2 3 16 709
76 22 2 3 25 709
76 23 2 3 10 709
76 25 2 3 14 709
76 27 2 1 14 709
76 28 2 3 10 709
76 29 2 2 3 709
76 32 2 1 20 709
76 36 2 2 16 709
76 38 2 3 4 709
76 41 2 1 10 709
76 43 2 2 21 709
76 44 2 3 10 709
76 46 2 1 18 709
76 48 2 3 18 709
76 49 2 2 4 709
76 53 2 2 15 709
76 56 2 2 6 709
76 58 2 1 5 709
76 59 2 2 16 709
76 62 2 1 18 709
76 63 2 2 19 709
76 65 2 2 13 709
76 66 2 1 4 709
76 67 2 2 14 709
76 68 2 2 9 709
76 69 2 2 10 709
76 70 2 1 17 709
76 74 2 2 10 709
76 77 2 3 4 709
76 79 2 3 21 709
76 81 2 3 12 709
76 84 2 3 14 709
76 85 2 3 22 709
76 87 2 3 10 709
76 88 2 1 11 709
76 90 2 2 11 709
76 91 2 1 4 709
76 92 2 1 14 709
76 95 2 1 21 709
76 97 2 2 8 709
77 0 3 2 3 193
77 1 3 3 1 193
77 3 3 3 5 193
77 4 3 1 14 193
77 5 3 2 17 193
77 6 3 2 11 193
77 7 3 3 1 193
77 8 3 2 22 193
77 9 3 1 9 193
77 10 3 2 11 193
77 12 3 1 2 193
77 13 3 1 6 193
77 15 3 2 17 193
77 17 3 2 22 193
77 18 3 3 13 193
77 21 3 3 24 193
77 23 3 3 8 193
77 24 3 1 9 193
77 25 3 3 25 193
77 26 3 1 17 193
77 31 3 1 23 193
77 32 3 1 24 193
77 33 3 3 15 193
77 34 3 3 10 193
77 35 3 1 10 193
77 36 3 2 11 193
77 37 3 2 4 193
77 38 3 3 20 193
77 41 3 1 19 193
77 42 3 2 6 193
77 44 3 3 10 193
77 45 3 2 1 193
77 46 3 1 3 193
77 47 3 3 14 193
77 50 3 3 7 193
77 51 3 2 25 193
77 54 3 1 18 193
77 57 3 1 4 193
77 58 3 1 8 193
77 64 3 3 13 193
77 66 3 1 11 193
77 67 3 2 4 193
77 69 3 2 10 193
77 70 3 1 7 193
77 76 3 2 4 193
77 79 3 3 12 193
77 81 3 3 7 193
77 82 3 2 21 193
77 89 3 3 24 193
77 90 3 2 19 193
77 91 3 1 2 193
77 92 3 1 16 193
77 93 3 1 22 193
77 94 3 3 6 193
77 99 3 3 2 193
78 1 2 3 11 609
78 6 2 2 2 609
78 9 2 1 10 609
78 10 2 2 3 609
78 12 2 1 3 609
78 14 2 3 7 609
78 15 2 2 13 609
78 17 2 2 22 609
78 18 2 3 1 609
78 21 2 3 24 609
78 23 2 3 16 609
78 28 2 3 21 609
78 29 2 2 4 609
78 30 2 1 22 609
78 31 2 1 16 609
78 33 2 3 13 609
78 34 2 3 2 609
78 37 2 2 3 609
78 40 2 2 24 609
78 41 2 1 11 609
78 42 2 2 6 609
78 43 2 2 6 609
78 48 2 3 7 609
78 49 2 2 17 609
78 51 2 2 23 609
78 52 2 3 13 609
78 56 2 2 4 609
78 57 2 1 13 609
78 59 2 2 19 609
78 63 2 2 1 609
78 66 2 1 6 609
78 67 2 2 7 609
78 70 2 1 9 609
78 71 2 2 23 609
78 72 2 2 11 609
78 79 2 3 22 609
78 81 2 3 21 609
78 83 2 1 8 609
78 84 2 3 5 609
78 87 2 3 3 609
78 89 2 3 16 609
78 93 2 1 20 609
78 95 2 1 20 609
78 96 2 2 13 609
78 98 2 2 4 609
78 99 2 3 5 609
79 1 3 3 18 949
79 2 3 2 16 949
79 6 3 2 22 949
79 8 3 2 25 949
79 9 3 1 11 949
79 10 3 2 20 949
79 11 3 2 3 949
79 15 3 2 14 949
79 16 3 3 5 949
79 20 3 3 2 949
79 21 3 3 22 949
79 22 3 3 2 949
79 24 3 1 1 949
79 25 3 3 18 949
79 28 3 3 9 949
79 30 3 1 15 949
79 39 3 3 17 949
79 40 3 2 11 949
79 42 3 2 2 949
79 46 3 1 7 949
79 48 3 3 17 949
79 49 3 2 12 949
79 50 3 3 24 949
79 51 3 2 10 949
79 53 3 2 19 949
79 55 3 2 5 949
79 62 3 1 18 949
79 66 3 1 24 949
79 68 3 2 23 949
79 69 3 2 15 949
79 70 3 1 23 949
79 73 3 3 17 949
79 76 3 2 21 949
79 77 3 3 12 949
79 78 3 2 22 949
79 80 3 1 14 949
79 81 3 3 22 949
79 83 3 1 23 949
79 86 3 2 1 949
79 87 3 3 17 949
79 89 3 3 5 949
79 92 3 1 12 949
79 94 3 3 9 949
79 95 3 1 1 949
79 98 3 2 19 949
80 0 1 2 18 79
80 5 1 2 15 79
80 7 1 3 14 79
80 9 1 1 8 79
80 10 1 2 1 79
80 11 1 2 6 79
80 12 1 1 15 79
80 14 1 3 10 79
80 16 1 3 1 79
80 18 1 3 10 79
80 22 1 3 18 79
80 27 1 1 2 79
80 30 1 1 7 79
80 31 1 1 13 79
80 34 1 3 4 79
80 36 1 2 6 79
80 37 1 2 19 79
80 38 1 3 16 79
80 39 1 3 16 79
80 40 1 2 24 79
80 41 1 1 24 79
80 42 1 2 8 79
80 46 1 1 4 79
80 47 1 3 15 79
80 49 1 2 8 79
80 55 1 2 16 79
80 58 1 1 24 79
80 59 1 2 15 79
80 60 1 3 6 79
80 61 1 3 1 79
80 64 1 3 8 79
80 65 1 2 8 79
80 66 1 1 20 79
80 68 1 2 22 79
80 71 1 2 7 79
80 72 1 2 11 79
80 73 1 3 6 79
80 74 1 2 22 79
80 79 1 3 14 79
80 81 1 3 9 79
80 82 1 2 7 79
80 83 1 1 10 79
80 85 1 3 14 79
80 87 1 3 1 79
80 89 1 3 8 79
80 90 1 2 17 79
80 92 1 1 23 79
80 93 1 1 16 79
80 94 1 3 15 79
80 95 1 1 5 79
80 96 1 2 2 79
80 97 1 2 25 79
81 0 3 2 19 341
81 3 3 3 23 341
81 4 3 1 25 341
81 5 3 2 22 341
81 6 3 2 5 341
81 7 3 3 23 341
81 14 3 3 6 341
81 20 3 3 14 341
81 22 3 3 14 341
81 23 3 3 25 341
81 24 3 1 14 341
81 28 3 3 21 341
81 35 3 1 16 341
81 36 3 2 3 341
81 38 3 3 9 341
81 43 3 2 23 341
81 44 3 3 3 341
81 45 3 2 5 341
81 46 3 1 16 341
81 47 3 3 5 341
81 49 3 2 7 341
81 52 3 3 14 341
81 53 3 2 4 341
81 56 3 2 17 341
81 57 3 1 22 341
81 60 3 3 1 341
81 61 3 3 24 341
81 62 3 1 16 341
81 65 3 2 16 341
81 68 3 2 15 341
81 69 3 2 23 341
81 70 3 1 17 341
81 71 3 2 24 341
81 72 3 2 8 341
81 75 3 1 6 341
81 76 3 2 12 341
81 77 3 3 7 341
81 78 3 2 21 341
81 79 3 3 22 341
81 80 3 1 9 341
81 82 3 2 15 341
81 85 3 3 7 341
81 88 3 1 12 341
81 91 3 1 9 341
81 92 3 1 22 341
81 97 3 2 19 341
81 98 3 2 13 341
82 1 2 3 22 118
82 2 2 2 4 118
82 4 2 1 24 118
82 6 2 2 9 118
82 8 2 2 25 118
82 11 2 2 20 118
82 13 2 1 12 118
82 14 2 3 22 118
82 15 2 2 5 118
82 17 2 2 17 118
82 19 2 1 11 118
82 20 2 3 3 118
82 23 2 3 23 118
82 24 2 1 8 118
82 29 2 2 20 118
82 31 2 1 12 118
82 32 2 1 3 118
82 33 2 3 7 118
82 36 2 2 10 118
82 37 2 2 7 118
82 39 2 3 2 118
82 40 2 2 17 118
82 41 2 1 11 118
82 43 2 2 25 118
82 47 2 3 5 118
82 48 2 3 15 118
82 49 2 2 21 118
82 50 2 3 14 118
82 51 2 2 13 118
82 57 2 1 15 118
82 59 2 2 16 118
82 60 2 3 18 118
82 61 2 3 3 118
82 62 2 1 21 118
82 67 2 2 20 118
82 70 2 1 22 118
82 72 2 2 7 118
82 75 2 1 12 118
82 77 2 3 21 118
82 80 2 1 7 118
82 81 2 3 15 118
82 83 2 1 18 118
82 86 2 2 1 118
82 87 2 3 25 118
82 89 2 3 23 118
82 92 2 1 1 118
82 93 2 1 3 118
82 96 2 2 5 118
82 97 2 2 6 118
82 98 2 2 18 118
83 0 1 2 24 124
83 1 1 3 24 124
83 3 1 3 17 124
83 5 1 2 10 124
83 8 1 2 3 124
83 9 1 1 23 124
83 10 1 2 17 124
83 15 1 2 21 124
83 22 1 3 16 124
83 23 1 3 5 124
83 29 1 2 15 124
83 31 1 1 15 124
83 35 1 1 9 124
83 36 1 2 6 124
83 38 1 3 1 124
83 41 1 1 4 124
83 42 1 2 3 124
83 45 1 2 21 124
83 46 1 1 25 124
83 47 1 3 21 124
83 50 1 3 22 124
83 51 1 2 21 124
83 53 1 2 9 124
83 54 1 1 23 124
83 56 1 2 7 124
83 57 1 1 24 124
83 58 1 1 7 124
83 62 1 1 7 124
83 63 1 2 8 124
83 64 1 3 2 124
83 66 1 1 12 124
83 70 1 1 1 124
83 72 1 2 11 124
83 73 1 3 13 124
83 74 1 2 6 124
83 78 1 2 8 124
83 79 1 3 23 124
83 80 1 1 10 124
83 82 1 2 18 124
83 84 1 3 1 124
83 92 1 1 14 124
83 94 1 3 17 124
83 95 1 1 22 124
83 96 1 2 13 124
83 97 1 2 3 124
83 98 1 2 21 124
83 99 1 3 22 124
84 1 3 3 19 765
84 2 3 2 21 765
84 3 3 3 1 765
84 4 3 1 20 765
84 5 3 2 9 765
84 6 3 2 24 765
84 7 3 3 8 765
84 12 3 1 3 765
84 13 3 1 21 765
84 15 3 2 8 765
84 17 3 2 3 765
84 18 3 3 1 765
84 19 3 1 23 765
84 21 3 3 4 765
84 23 3 3 8 765
84 26 3 1 8 765
84 27 3 1 5 765
84 31 3 1 25 765
84 34 3 3 21 765
84 35 3 1 8 765
84 38 3 3 22 765
84 39 3 3 19 765
84 40 3 2 3 765
84 41 3 1 24 765
84 42 3 2 18 765
84 43 3 2 15 765
84 44 3 3 14 765
84 46 3 1 24 765
84 47 3 3 15 765
84 51 3 2 7 765
84 58 3 1 13 765
84 59 3 2 25 765
84 60 3 3 22 765
84 61 3 3 11 765
84 62 3 1 14 765
84 66 3 1 15 765
84 68 3 2 18 765
84 73 3 3 5 765
84 74 3 2 4 765
84 75 3 1 17 765
84 76 3 2 14 765
84 78 3 2 5 765
84 83 3 1 1 765
84 86 3 2 22 765
84 88 3 1 23 765
84 89 3 3 22 765
84 90 3 2 19 765
84 92 3 1 13 765
84 93 3 1 3 765
84 97 3 2 12 765
84 98 3 2 20 765
85 0 3 2 15 544
85 1 3 3 2 544
85 2 3 2 6 544
85 4 3 1 15 544
85 5 3 2 5 544
85 8 3 2 21 544
85 11 3 2 1 544
85 12 3 1 10 544
85 15 3 2 8 544
85 17 3 2 24 544
85 18 3 3 11 544
85 20 3 3 13 544
85 22 3 3 1 544
85 24 3 1 3 544
85 26 3 1 11 544
85 27 3 1 3 544
85 28 3 3 10 544
85 30 3 1 22 544
85 36 3 2 17 544
85 38 3 3 5 544
85 39 3 3 21 544
85 41 3 1 18 544
85 42 3 2 8 544
85 43 3 2 10 544
85 44 3 3 25 544
85 45 3 2 9 544
85 46 3 1 1 544
85 48 3 3 8 544
85 49 3 2 2 544
85 51 3 2 19 544
85 53 3 2 2 544
85 55 3 2 8 544
85 58 3 1 15 544
85 59 3 2 5 544
85 60 3 3 22 544
85 65 3 2 16 544
85 66 3 1 18 544
85 68 3 2 23 544
85 70 3 1 24 544
85 71 3 2 9 544
85 75 3 1 11 544
85 76 3 2 22 544
85 80 3 1 14 544
85 81 3 3 7 544
85 88 3 1 5 544
85 92 3 1 2 544
85 93 3 1 21 544
85 94 3 3 21 544
85 95 3 1 6 544
85 96 3 2 22 544
85 97 3 2 13 544
85 98 3 2 16 544
85 99 3 3 15 544
86 0 2 2 18 676
86 3 2 3 1 676
86 4 2 1 19 676
86 6 2 2 24 676
86 8 2 2 3 676
86 11 2 2 2 676
86 12 2 1 15 676
86 14 2 3 10 676
86 16 2 3 24 676
86 20 2 3 19 676
86 21 2 3 16 676
86 22 2 3 16 676
86 23 2 3 25 676
86 26 2 1 23 676
86 27 2 1 12 676
86 28 2 3 9 676
86 30 2 1 15 676
86 36 2 2 8 676
86 37 2 2 10 676
86 42 2 2 20 676
86 43 2 2 3 676
86 49 2 2 15 676
86 50 2 3 2 676
86 51 2 2 12 676
86 53 2 2 25 676
86 55 2 2 17 676
86 56 2 2 13 676
86 57 2 1 15 676
86 59 2 2 7 676
86 61 2 3 24 676
86 62 2 1 15 676
86 63 2 2 13 676
86 72 2 2 9 676
86 73 2 3 15 676
86 74 2 2 9 676
86 75 2 1 19 676
86 79 2 3 1 676
86 82 2 2 1 676
86 84 2 3 22 676
86 88 2 1 19 676
86 93 2 1 15 676
86 94 2 3 25 676
86 95 2 1 6 676
86 97 2 2 19 676
86 99 2 3 9 676
87 1 3 3 9 290
87 3 3 3 24 290
87 5 3 2 10 290
87 8 3 2 14 290
87 10 3 2 1 290
87 11 3 2 8 290
87 15 3 2 12 290
87 17 3 2 4 290
87 19 3 1 8 290
87 22 3 3 11 290
87 23 3 3 20 290
87 24 3 1 13 290
87 28 3 3 17 290
87 29 3 2 12 290
87 31 3 1 4 290
87 32 3 1 14 290
87 33 3 3 5 290
87 34 3 3 7 290
87 35 3 1 25 290
87 37 3 2 8 290
87 40 3 2 7 290
87 41 3 1 5 290
87 45 3 2 16 290
87 46 3 1 8 290
87 48 3 3 14 290
87 49 3 2 14 290
87 50 3 3 4 290
87 52 3 3 20 290
87 53 3 2 9 290
87 56 3 2 20 290
87 57 3 1 17 290
87 58 3 1 6 290
87 59 3 2 25 290
87 60 3 3 17 290
87 63 3 2 3 290
87 65 3 2 18 290
87 66 3 1 15 290
87 68 3 2 11 290
87 69 3 2 6 290
87 72 3 2 25 290
87 75 3 1 11 290
87 76 3 2 10 290
87 78 3 2 3 290
87 79 3 3 17 290
87 80 3 1 1 290
87 82 3 2 25 290
87 88 3 1 5 290
87 91 3 1 4 290
88 0 1 2 22 410
88 3 1 3 25 410
88 4 1 1 14 410
88 5 1 2 19 410
88 7 1 3 10 410
88 9 1 1 20 410
88 11 1 2 19 410
88 13 1 1 23 410
88 16 1 3 12 410
88 18 1 3 25 410
88 23 1 3 12 410
88 24 1 1 13 410
88 25 1 3 3 410
88 26 1 1 19 410
88 30 1 1 21 410
88 31 1 1 7 410
88 34 1 3 24 410
88 35 1 1 17 410
88 37 1 2 17 410
88 43 1 2 6 410
88 44 1 3 24 410
88 46 1 1 19 410
88 47 1 3 9 410
88 48 1 3 24 410
88 49 1 2 10 410
88 52 1 3 14 410
88 53 1 2 3 410
88 54 1 1 15 410
88 59 1 2 22 410
88 60 1 3 16 410
88 65 1 2 18 410
88 66 1 1 18 410
88 68 1 2 23 410
88 70 1 1 9 410
88 71 1 2 8 410
88 72 1 2 21 410
88 73 1 3 18 410
88 75 1 1 10 410
88 76 1 2 11 410
88 81 1 3 12 410
88 84 1 3 23 410
88 85 1 3 5 410
88 86 1 2 19 410
88 87 1 3 5 410
88 89 1 3 1 410
88 91 1 1 2 410
88 94 1 3 9 410
88 97 1 2 4 410
88 98 1 2 7 410
88 99 1 3 15 410
89 1 3 3 23 103
89 2 3 2 25 103
89 5 3 2 4 103
89 7 3 3 13 103
89 9 3 1 1 103
89 13 3 1 4 103
89 14 3 3 1 103
89 15 3 2 9 103
89 17 3 2 13 103
89 18 3 3 18 103
89 19 3 1 23 103
89 20 3 3 9 103
89 21 3 3 5 103
89 23 3 3 10 103
89 24 3 1 22 103
89 26 3 1 18 103
89 28 3 3 5 103
89 30 3 1 24 103
89 32 3 1 12 103
89 33 3 3 18 103
89 34 3 3 10 103
89 35 3 1 16 103
89 38 3 3 9 103
89 39 3 3 21 103
89 40 3 2 10 103
89 41 3 1 11 103
89 43 3 2 16 103
89 45 3 2 17 103
89 47 3 3 3 103
89 48 3 3 24 103
89 55 3 2 3 103
89 56 3 2 23 103
89 57 3 1 18 103
89 58 3 1 4 103
89 62 3 1 2 103
89 67 3 2 4 103
89 70 3 1 13 103
89 71 3 2 17 103
89 73 3 3 18 103
89 77 3 3 24 103
89 78 3 2 16 103
89 79 3 3 5 103
89 80 3 1 8 103
89 82 3 2 23 103
89 84 3 3 22 103
89 88 3 1 1 103
89 90 3 2 6 103
89 91 3 1 17 103
89 94 3 3 10 103
89 95 3 1 16 103
89 96 3 2 17 103
90 0 2 2 24 917
90 2 2 2 13 917
90 5 2 2 14 917
90 6 2 2 2 917
90 7 2 3 1 917
90 11 2 2 25 917
90 13 2 1 17 917
90 14 2 3 8 917
90 16 2 3 2 917
90 17 2 2 16 917
90 18 2 3 20 917
90 19 2 1 2 917
90 20 2 3 23 917
90 21 2 3 4 917
90 25 2 3 11 917
90 28 2 3 6 917
90 29 2 2 19 917
90 31 2 1 14 917
90 32 2 1 21 917
90 35 2 1 22 917
90 36 2 2 1 917
90 45 2 2 2 917
90 46 2 1 1 917
90 47 2 3 3 917
90 48 2 3 4 917
90 49 2 2 10 917
90 51 2 2 25 917
90 52 2 3 7 917
90 53 2 2 23 917
90 55 2 2 23 917
90 57 2 1 14 917
90 58 2 1 19 917
90 62 2 1 17 917
90 63 2 2 4 917
90 64 2 3 22 917
90 66 2 1 8 917
90 73 2 3 14 917
90 75 2 1 9 917
90 76 2 2 11 917
90 77 2 3 19 917
90 80 2 1 17 917
90 84 2 3 19 917
90 89 2 3 6 917
90 91 2 1 9 917
90 92 2 1 14 917
90 95 2 1 22 917
91 1 1 3 3 324
91 5 1 2 4 324
91 7 1 3 19 324
91 10 1 2 22 324
91 12 1 1 21 324
91 15 1 2 24 324
91 16 1 3 8 324
91 17 1 2 14 324
91 18 1 3 17 324
91 19 1 1 9 324
91 22 1 3 8 324
91 25 1 3 2 324
91 28 1 3 10 324
91 29 1 2 12 324
91 33 1 3 2 324
91 35 1 1 17 324
91 37 1 2 20 324
91 38 1 3 20 324
91 40 1 2 9 324
91 42 1 2 18 324
91 47 1 3 17 324
91 51 1 2 12 324
91 52 1 3 7 324
91 53 1 2 18 324
91 54 1 1 6 324
91 61 1 3 6 324
91 62 1 1 6 324
91 64 1 3 25 324
91 65 1 2 14 324
91 66 1 1 7 324
91 68 1 2 18 324
91 71 1 2 8 324
91 72 1 2 16 324
91 76 1 2 4 324
91 77 1 3 2 324
91 81 1 3 9 324
91 87 1 3 4 324
91 88 1 1 2 324
91 89 1 3 17 324
91 90 1 2 9 324
91 93 1 1 19 324
91 94 1 3 13 324
91 95 1 1 9 324
91 96 1 2 12 324
91 98 1 2 21 324
92 0 1 2 23 874
92 3 1 3 19 874
92 5 1 2 3 874
92 8 1 2 4 874
92 9 1 1 3 874
92 11 1 2 15 874
92 12 1 1 23 874
92 14 1 3 21 874
92 15 1 2 5 874
92 17 1 2 17 874
92 22 1 3 12 874
92 27 1 1 21 874
92 28 1 3 23 874
92 31 1 1 1 874
92 32 1 1 9 874
92 33 1 3 7 874
92 34 1 3 17 874
92 35 1 1 17 874
92 37 1 2 20 874
92 38 1 3 21 874
92 39 1 3 17 874
92 41 1 1 14 874
92 43 1 2 16 874
92 44 1 3 8 874
92 46 1 1 6 874
92 47 1 3 15 874
92 55 1 2 19 874
92 59 1 2 1 874
92 61 1 3 23 874
92 63 1 2 21 874
92 66 1 1 9 874
92 68 1 2 9 874
92 70 1 1 1 874
92 72 1 2 23 874
92 73 1 3 19 874
92 74 1 2 17 874
92 76 1 2 14 874
92 77 1 3 16 874
92 79 1 3 12 874
92 80 1 1 23 874
92 81 1 3 22 874
92 82 1 2 1 874
92 83 1 1 14 874
92 84 1 3 13 874
92 85 1 3 2 874
92 90 1 2 14 874
92 93 1 1 1 874
92 94 1 3 4 874
92 96 1 2 24 874
92 98 1 2 4 874
93 1 1 3 25 96
93 2 1 2 22 96
93 3 1 3 2 96
93 4 1 1 11 96
93 5 1 2 10 96
93 8 1 2 2 96
93 9 1 1 15 96
93 14 1 3 20 96
93 18 1 3 16 96
93 19 1 1 23 96
93 20 1 3 10 96
93 23 1 3 11 96
93 24 1 1 10 96
93 26 1 1 10 96
93 28 1 3 5 96
93 30 1 1 14 96
93 32 1 1 12 96
93 37 1 2 8 96
93 38 1 3 10 96
93 40 1 2 10 96
93 42 1 2 4 96
93 43 1 2 5 96
93 45 1 2 1 96
93 47 1 3 22 96
93 49 1 2 14 96
93 50 1 3 13 96
93 51 1 2 10 96
93 53 1 2 17 96
93 54 1 1 1 96
93 55 1 2 5 96
93 56 1 2 17 96
93 57 1 1 22 96
93 58 1 1 14 96
93 60 1 3 7 96
93 61 1 3 6 96
93 62 1 1 2 96
93 63 1 2 7 96
93 64 1 3 7 96
93 66 1 1 5 96
93 67 1 2 17 96
93 70 1 1 4 96
93 72 1 2 7 96
93 74 1 2 13 96
93 75 1 1 7 96
93 77 1 3 22 96
93 78 1 2 20 96
93 80 1 1 16 96
93 82 1 2 3 96
93 84 1 3 3 96
93 85 1 3 21 96
93 86 1 2 15 96
93 91 1 1 19 96
93 92 1 1 1 96
93 94 1 3 3 96
93 95 1 1 10 96
93 97 1 2 9 96
93 98 1 2 6 96
93 99 1 3 5 96
94 0 3 2 21 279
94 3 3 3 25 279
94 7 3 3 14 279
94 8 3 2 2 279
94 9 3 1 25 279
94 10 3 2 2 279
94 11 3 2 12 279
94 12 3 1 11 279
94 16 3 3 17 279
94 17 3 2 4 279
94 19 3 1 14 279
94 23 3 3 15 279
94 24 3 1 9 279
94 25 3 3 8 279
94 26 3 1 11 279
94 27 3 1 10 279
94 32 3 1 25 279
94 35 3 1 1 279
94 38 3 3 14 279
94 40 3 2 13 279
94 41 3 1 10 279
94 42 3 2 4 279
94 44 3 3 14 279
94 45 3 2 12 279
94 46 3 1 25 279
94 47 3 3 3 279
94 48 3 3 22 279
94 54 3 1 22 279
94 55 3 2 21 279
94 58 3 1 8 279
94 59 3 2 18 279
94 61 3 3 9 279
94 62 3 1 19 279
94 64 3 3 23 279
94 68 3 2 5 279
94 69 3 2 3 279
94 70 3 1 17 279
94 74 3 2 10 279
94 75 3 1 9 279
94 77 3 3 6 279
94 79 3 3 9 279
94 80 3 1 15 279
94 83 3 1 17 279
94 85 3 3 21 279
94 86 3 2 25 279
94 88 3 1 9 279
94 89 3 3 10 279
94 91 3 1 13 279
94 92 3 1 4 279
94 93 3 1 3 279
94 95 3 1 15 279
94 96 3 2 20 279
94 97 3 2 6 279
94 99 3 3 22 279
95 0 1 2 3 817
95 2 1 2 4 817
95 3 1 3 20 817
95 4 1 1 8 817
95 5 1 2 25 817
95 6 1 2 9 817
95 15 1 2 12 817
95 16 1 3 22 817
95 20 1 3 24 817
95 22 1 3 12 817
95 25 1 3 20 817
95 27 1 1 9 817
95 31 1 1 1 817
95 32 1 1 18 817
95 34 1 3 20 817
95 35 1 1 16 817
95 36 1 2 1 817
95 37 1 2 12 817
95 39 1 3 23 817
95 40 1 2 9 817
95 42 1 2 25 817
95 43 1 2 9 817
95 44 1 3 3 817
95 46 1 1 14 817
95 47 1 3 22 817
95 48 1 3 3 817
95 49 1 2 17 817
95 51 1 2 2 817
95 52 1 3 21 817
95 56 1 2 10 817
95 57 1 1 11 817
95 61 1 3 25 817
95 63 1 2 6 817
95 64 1 3 25 817
95 66 1 1 9 817
95 68 1 2 21 817
95 69 1 2 18 817
95 70 1 1 20 817
95 71 1 2 22 817
95 74 1 2 21 817
95 75 1 1 2 817
95 76 1 2 21 817
95 78 1 2 20 817
95 79 1 3 1 817
95 80 1 1 5 817
95 83 1 1 22 817
95 85 1 3 6 817
95 86 1 2 6 817
95 89 1 3 16 817
95 90 1 2 22 817
95 91 1 1 9 817
95 93 1 1 10 817
95 94 1 3 15 817
95 97 1 2 9 817
95 98 1 2 19 817
95 99 1 3 13 817
96 0 2 2 7 256
96 1 2 3 10 256
96 4 2 1 7 256
96 5 2 2 2 256
96 7 2 3 6 256
96 8 2 2 3 256
96 9 2 1 17 256
96 10 2 2 20 256
96 11 2 2 15 256
96 13 2 1 22 256
96 15 2 2 19 256
96 16 2 3 10 256
96 18 2 3 3 256
96 20 2 3 14 256
96 24 2 1 11 256
96 26 2 1 8 256
96 28 2 3 7 256
96 30 2 1 18 256
96 31 2 1 3 256
96 35 2 1 18 256
96 36 2 2 7 256
96 39 2 3 25 256
96 40 2 2 8 256
96 41 2 1 17 256
96 46 2 1 17 256
96 47 2 3 17 256
96 48 2 3 12 256
96 49 2 2 22 256
96 50 2 3 12 256
96 51 2 2 8 256
96 52 2 3 5 256
96 54 2 1 15 256
96 57 2 1 9 256
96 58 2 1 3 256
96 59 2 2 5 256
96 63 2 2 20 256
96 64 2 3 20 256
96 65 2 2 13 256
96 70 2 1 22 256
96 71 2 2 17 256
96 72 2 2 15 256
96 73 2 3 2 256
96 78 2 2 13 256
96 80 2 1 2 256
96 82 2 2 5 256
96 83 2 1 13 256
96 85 2 3 22 256
96 89 2 3 17 256
96 91 2 1 12 256
96 92 2 1 24 256
96 94 2 3 20 256
96 97 2 2 6 256
97 5 2 2 3 663
97 6 2 2 5 663
97 7 2 3 15 663
97 8 2 2 3 663
97 9 2 1 22 663
97 12 2 1 20 663
97 13 2 1 3 663
97 16 2 3 20 663
97 17 2 2 24 663
97 19 2 1 18 663
97 21 2 3 3 663
97 22 2 3 7 663
97 23 2 3 8 663
97 24 2 1 17 663
97 26 2 1 23 663
97 28 2 3 10 663
97 30 2 1 25 663
97 33 2 3 13 663
97 35 2 1 9 663
97 39 2 3 5 663
97 41 2 1 23 663
97 43 2 2 1 663
97 44 2 3 1 663
97 45 2 2 21 663
97 47 2 3 13 663
97 51 2 2 10 663
97 54 2 1 14 663
97 55 2 2 6 663
97 57 2 1 6 663
97 58 2 1 5 663
97 60 2 3 2 663
97 62 2 1 10 663
97 64 2 3 19 663
97 65 2 2 5 663
97 67 2 2 25 663
97 69 2 2 24 663
97 73 2 3 18 663
97 76 2 2 8 663
97 80 2 1 25 663
97 81 2 3 19 663
97 82 2 2 6 663
97 83 2 1 3 663
97 84 2 3 12 663
97 85 2 3 13 663
97 86 2 2 19 663
97 88 2 1 4 663
97 93 2 1 9 663
97 94 2 3 6 663
97 95 2 1 9 663
97 96 2 2 6 663
97 98 2 2 11 663
98 1 2 3 3 635
98 2 2 2 21 635
98 3 2 3 3 635
98 4 2 1 5 635
98 6 2 2 22 635
98 7 2 3 11 635
98 9 2 1 14 635
98 14 2 3 18 635
98 15 2 2 12 635
98 16 2 3 12 635
98 17 2 2 2 635
98 19 2 1 24 635
98 22 2 3 1 635
98 23 2 3 20 635
98 27 2 1 6 635
98 28 2 3 1 635
98 29 2 2 19 635
98 30 2 1 8 635
98 32 2 1 20 635
98 33 2 3 19 635
98 34 2 3 19 635
98 35 2 1 13 635
98 37 2 2 11 635
98 38 2 3 7 635
98 40 2 2 10 635
98 41 2 1 12 635
98 42 2 2 21 635
98 44 2 3 5 635
98 48 2 3 24 635
98 49 2 2 11 635
98 50 2 3 5 635
98 51 2 2 18 635
98 52 2 3 8 635
98 55 2 2 1 635
98 60 2 3 9 635
98 63 2 2 17 635
98 64 2 3 12 635
98 65 2 2 1 635
98 67 2 2 8 635
98 68 2 2 12 635
98 71 2 2 2 635
98 73 2 3 22 635
98 74 2 2 8 635
98 75 2 1 14 635
98 78 2 2 4 635
98 79 2 3 19 635
98 81 2 3 13 635
98 82 2 2 18 635
98 83 2 1 21 635
98 84 2 3 20 635
98 85 2 3 16 635
98 88 2 1 7 635
98 91 2 1 21 635
98 92 2 1 4 635
98 93 2 1 6 635
98 95 2 1 19 635
98 97 2 2 11 635
99 1 3 3 24 832
99 2 3 2 9 832
99 4 3 1 13 832
99 6 3 2 17 832
99 8 3 2 7 832
99 9 3 1 7 832
99 11 3 2 21 832
99 12 3 1 21 832
99 13 3 1 12 832
99 15 3 2 6 832
99 18 3 3 6 832
99 21 3 3 17 832
99 22 3 3 5 832
99 23 3 3 15 832
99 25 3 3 12 832
99 28 3 3 11 832
99 30 3 1 15 832
99 32 3 1 23 832
99 33 3 3 23 832
99 35 3 1 1 832
99 39 3 3 9 832
99 41 3 1 4 832
99 42 3 2 10 832
99 43 3 2 8 832
99 44 3 3 4 832
99 46 3 1 18 832
99 47 3 3 25 832
99 51 3 2 4 832
99 52 3 3 2 832
99 55 3 2 17 832
99 57 3 1 15 832
99 59 3 2 16 832
99 62 3 1 11 832
99 64 3 3 15 832
99 66 3 1 4 832
99 68 3 2 5 832
99 70 3 1 20 832
99 71 3 2 4 832
99 74 3 2 3 832
99 77 3 3 2 832
99 78 3 2 5 832
99 83 3 1 22 832
99 85 3 3 15 832
99 86 3 2 9 832
99 88 3 1 15 832
99 93 3 1 5 832
99 94 3 3 22 832
99 95 3 1 13 832
