capacity  cost_by_node
nb_functions 10
30 92 25 63 98 94 31 19 45 65 56 62 44 15 93 76 32 97 64 25 62 67 67 83 79 73 39 23 38 39 10 24 31 87 92 77 53 60 12 91 32 33 90 89 69 59 17 99 48 67 14 
32 36 72 38 26 61 69 24 36 37 96 99 55 96 32 15 44 70 68 93 50 36 94 29 59 98 17 59 36 89 64 68 23 73 12 58 90 49 66 78 60 81 65 98 94 98 26 56 67 11 77 
26 34 94 64 18 28 61 78 79 67 98 18 62 88 96 59 75 15 21 72 73 14 14 89 65 10 60 12 48 90 62 14 53 79 71 85 16 99 12 61 89 14 78 100 20 71 46 86 49 61 82 
18 51 15 78 43 56 23 56 37 51 82 86 60 64 77 70 80 21 74 53 76 28 25 99 16 60 98 24 44 35 51 17 47 97 53 38 64 32 73 96 88 22 89 16 69 33 23 46 66 15 23 
28 17 69 74 43 27 92 98 60 73 11 44 53 90 62 95 10 31 95 73 14 10 87 15 94 36 50 58 29 97 47 58 52 90 51 58 76 91 19 74 53 63 12 83 55 12 27 79 69 46 50 
22 50 81 68 48 42 74 23 40 43 93 34 61 88 25 59 66 76 46 56 93 13 74 35 97 45 19 50 52 54 60 76 10 92 76 30 85 38 68 21 46 70 39 62 16 28 37 51 31 74 44 
25 29 34 24 63 75 81 98 38 47 58 33 37 34 52 78 74 46 78 96 15 52 60 35 70 10 89 29 72 37 23 34 35 86 42 59 17 59 23 78 42 75 84 43 34 20 60 90 90 77 61 
19 12 69 72 94 38 52 25 63 41 90 68 53 71 51 63 27 13 21 97 84 40 76 28 56 33 16 52 71 93 53 97 10 31 92 30 61 80 45 46 86 71 65 100 66 20 66 29 84 88 61 
24 52 34 59 22 69 69 96 79 59 89 46 53 38 85 52 13 30 32 70 62 55 39 48 22 65 11 72 36 15 70 30 21 14 27 10 81 20 24 85 100 64 56 70 21 75 83 70 84 72 75 
28 97 71 77 54 54 79 100 60 71 87 65 43 81 71 20 18 54 36 30 42 71 22 76 98 96 24 50 39 57 46 85 100 74 84 57 35 61 81 79 95 20 100 56 87 37 43 76 19 83 53 
