Node_1 Node_2 Capacity_node1 Capacity_node2 Latency_arc node_cost
nb_nodes 50
nb_arcs 2204
0 2 9 6 17 223
0 3 9 10 20 223
0 4 9 1 9 223
0 5 9 1 15 223
0 6 9 8 15 223
0 7 9 8 24 223
0 8 9 1 22 223
0 9 9 3 3 223
0 10 9 11 16 223
0 11 9 3 20 223
0 12 9 5 13 223
0 13 9 7 19 223
0 14 9 1 10 223
0 15 9 6 25 223
0 17 9 9 9 223
0 18 9 8 23 223
0 19 9 9 8 223
0 20 9 2 12 223
0 21 9 8 16 223
0 22 9 3 14 223
0 23 9 5 25 223
0 24 9 5 1 223
0 26 9 7 18 223
0 27 9 6 17 223
0 28 9 1 22 223
0 29 9 1 21 223
0 30 9 10 22 223
0 32 9 11 20 223
0 33 9 5 25 223
0 34 9 7 6 223
0 35 9 11 4 223
0 36 9 7 10 223
0 37 9 4 25 223
0 38 9 8 2 223
0 39 9 5 22 223
0 40 9 10 25 223
0 41 9 10 3 223
0 42 9 1 7 223
0 43 9 5 12 223
0 44 9 3 20 223
0 46 9 11 11 223
0 47 9 3 10 223
0 48 9 4 2 223
0 49 9 10 22 223
1 2 10 6 12 325
1 3 10 10 2 325
1 4 10 1 2 325
1 5 10 1 10 325
1 6 10 8 14 325
1 7 10 8 11 325
1 9 10 3 23 325
1 10 10 11 15 325
1 11 10 3 5 325
1 12 10 5 6 325
1 14 10 1 21 325
1 15 10 6 1 325
1 16 10 4 4 325
1 17 10 9 12 325
1 19 10 9 10 325
1 20 10 2 22 325
1 21 10 8 4 325
1 22 10 3 3 325
1 23 10 5 3 325
1 24 10 5 11 325
1 25 10 4 10 325
1 26 10 7 13 325
1 27 10 6 16 325
1 28 10 1 9 325
1 31 10 7 1 325
1 34 10 7 15 325
1 35 10 11 18 325
1 36 10 7 17 325
1 37 10 4 21 325
1 38 10 8 16 325
1 39 10 5 14 325
1 40 10 10 11 325
1 41 10 10 4 325
1 42 10 1 4 325
1 43 10 5 12 325
1 44 10 3 7 325
1 45 10 11 14 325
1 46 10 11 18 325
1 47 10 3 3 325
1 48 10 4 22 325
1 49 10 10 10 325
2 0 6 9 17 540
2 1 6 10 12 540
2 3 6 10 24 540
2 4 6 1 19 540
2 5 6 1 1 540
2 6 6 8 19 540
2 7 6 8 22 540
2 8 6 1 13 540
2 9 6 3 23 540
2 10 6 11 4 540
2 11 6 3 14 540
2 12 6 5 13 540
2 13 6 7 13 540
2 14 6 1 25 540
2 15 6 6 1 540
2 16 6 4 20 540
2 17 6 9 2 540
2 18 6 8 2 540
2 19 6 9 25 540
2 20 6 2 24 540
2 21 6 8 3 540
2 22 6 3 16 540
2 23 6 5 7 540
2 24 6 5 15 540
2 25 6 4 21 540
2 26 6 7 15 540
2 27 6 6 25 540
2 28 6 1 13 540
2 29 6 1 20 540
2 30 6 10 10 540
2 31 6 7 18 540
2 32 6 11 8 540
2 33 6 5 18 540
2 34 6 7 19 540
2 35 6 11 7 540
2 36 6 7 9 540
2 39 6 5 7 540
2 40 6 10 20 540
2 41 6 10 6 540
2 42 6 1 9 540
2 43 6 5 8 540
2 44 6 3 8 540
2 45 6 11 2 540
2 46 6 11 14 540
2 47 6 3 10 540
2 48 6 4 1 540
2 49 6 10 14 540
3 0 10 9 20 504
3 1 10 10 2 504
3 2 10 6 24 504
3 4 10 1 22 504
3 5 10 1 19 504
3 6 10 8 14 504
3 8 10 1 10 504
3 9 10 3 14 504
3 10 10 11 21 504
3 11 10 3 15 504
3 12 10 5 6 504
3 13 10 7 9 504
3 14 10 1 23 504
3 15 10 6 15 504
3 16 10 4 19 504
3 17 10 9 13 504
3 18 10 8 4 504
3 19 10 9 15 504
3 20 10 2 2 504
3 21 10 8 24 504
3 22 10 3 14 504
3 23 10 5 14 504
3 24 10 5 17 504
3 25 10 4 20 504
3 26 10 7 22 504
3 27 10 6 24 504
3 28 10 1 20 504
3 29 10 1 7 504
3 30 10 10 9 504
3 31 10 7 5 504
3 32 10 11 4 504
3 33 10 5 18 504
3 34 10 7 25 504
3 35 10 11 1 504
3 36 10 7 7 504
3 37 10 4 25 504
3 38 10 8 11 504
3 39 10 5 9 504
3 40 10 10 10 504
3 41 10 10 20 504
3 42 10 1 5 504
3 43 10 5 15 504
3 45 10 11 20 504
3 47 10 3 19 504
3 48 10 4 15 504
3 49 10 10 2 504
4 0 1 9 9 891
4 1 1 10 2 891
4 2 1 6 19 891
4 3 1 10 22 891
4 6 1 8 24 891
4 7 1 8 10 891
4 8 1 1 3 891
4 9 1 3 15 891
4 10 1 11 18 891
4 11 1 3 9 891
4 14 1 1 13 891
4 15 1 6 18 891
4 16 1 4 9 891
4 17 1 9 25 891
4 18 1 8 10 891
4 19 1 9 6 891
4 20 1 2 7 891
4 21 1 8 18 891
4 22 1 3 21 891
4 23 1 5 19 891
4 24 1 5 8 891
4 25 1 4 18 891
4 26 1 7 8 891
4 27 1 6 4 891
4 28 1 1 9 891
4 29 1 1 6 891
4 30 1 10 1 891
4 31 1 7 22 891
4 33 1 5 7 891
4 34 1 7 9 891
4 35 1 11 9 891
4 36 1 7 3 891
4 37 1 4 23 891
4 38 1 8 11 891
4 40 1 10 13 891
4 41 1 10 22 891
4 43 1 5 24 891
4 44 1 3 5 891
4 45 1 11 20 891
4 47 1 3 8 891
4 48 1 4 5 891
4 49 1 10 8 891
5 0 1 9 15 865
5 1 1 10 10 865
5 2 1 6 1 865
5 3 1 10 19 865
5 6 1 8 2 865
5 7 1 8 5 865
5 8 1 1 11 865
5 9 1 3 8 865
5 10 1 11 13 865
5 11 1 3 3 865
5 12 1 5 19 865
5 13 1 7 6 865
5 14 1 1 15 865
5 16 1 4 9 865
5 17 1 9 7 865
5 18 1 8 10 865
5 19 1 9 5 865
5 20 1 2 1 865
5 22 1 3 22 865
5 23 1 5 21 865
5 24 1 5 7 865
5 25 1 4 2 865
5 26 1 7 14 865
5 27 1 6 14 865
5 28 1 1 14 865
5 29 1 1 9 865
5 30 1 10 24 865
5 31 1 7 3 865
5 32 1 11 8 865
5 33 1 5 21 865
5 34 1 7 12 865
5 35 1 11 23 865
5 36 1 7 15 865
5 37 1 4 18 865
5 38 1 8 15 865
5 39 1 5 16 865
5 40 1 10 18 865
5 42 1 1 1 865
5 43 1 5 8 865
5 45 1 11 20 865
5 46 1 11 10 865
5 47 1 3 5 865
5 48 1 4 9 865
5 49 1 10 8 865
6 0 8 9 15 231
6 1 8 10 14 231
6 2 8 6 19 231
6 3 8 10 14 231
6 4 8 1 24 231
6 5 8 1 2 231
6 9 8 3 5 231
6 10 8 11 6 231
6 11 8 3 21 231
6 12 8 5 16 231
6 13 8 7 12 231
6 14 8 1 15 231
6 15 8 6 21 231
6 17 8 9 2 231
6 18 8 8 7 231
6 19 8 9 17 231
6 20 8 2 1 231
6 21 8 8 15 231
6 22 8 3 19 231
6 23 8 5 13 231
6 24 8 5 5 231
6 25 8 4 13 231
6 26 8 7 5 231
6 27 8 6 25 231
6 28 8 1 8 231
6 29 8 1 11 231
6 30 8 10 2 231
6 31 8 7 22 231
6 32 8 11 22 231
6 33 8 5 17 231
6 35 8 11 13 231
6 36 8 7 13 231
6 37 8 4 13 231
6 38 8 8 23 231
6 39 8 5 19 231
6 40 8 10 19 231
6 41 8 10 6 231
6 42 8 1 16 231
6 43 8 5 4 231
6 44 8 3 11 231
6 45 8 11 13 231
6 46 8 11 10 231
6 48 8 4 15 231
7 0 8 9 24 607
7 1 8 10 11 607
7 2 8 6 22 607
7 4 8 1 10 607
7 5 8 1 5 607
7 8 8 1 1 607
7 9 8 3 22 607
7 10 8 11 16 607
7 11 8 3 1 607
7 12 8 5 2 607
7 13 8 7 9 607
7 14 8 1 23 607
7 15 8 6 20 607
7 16 8 4 18 607
7 17 8 9 25 607
7 18 8 8 19 607
7 19 8 9 18 607
7 21 8 8 2 607
7 22 8 3 23 607
7 23 8 5 15 607
7 24 8 5 18 607
7 25 8 4 3 607
7 26 8 7 14 607
7 27 8 6 9 607
7 28 8 1 17 607
7 29 8 1 25 607
7 30 8 10 3 607
7 32 8 11 1 607
7 34 8 7 19 607
7 35 8 11 9 607
7 36 8 7 20 607
7 39 8 5 9 607
7 40 8 10 4 607
7 41 8 10 10 607
7 42 8 1 14 607
7 43 8 5 12 607
7 44 8 3 22 607
7 46 8 11 12 607
7 47 8 3 5 607
7 48 8 4 22 607
7 49 8 10 6 607
8 0 1 9 22 185
8 2 1 6 13 185
8 3 1 10 10 185
8 4 1 1 3 185
8 5 1 1 11 185
8 7 1 8 1 185
8 9 1 3 18 185
8 11 1 3 21 185
8 12 1 5 13 185
8 13 1 7 10 185
8 14 1 1 12 185
8 15 1 6 25 185
8 16 1 4 5 185
8 17 1 9 25 185
8 19 1 9 22 185
8 20 1 2 6 185
8 21 1 8 21 185
8 22 1 3 5 185
8 23 1 5 12 185
8 24 1 5 18 185
8 25 1 4 3 185
8 26 1 7 19 185
8 27 1 6 1 185
8 29 1 1 5 185
8 30 1 10 5 185
8 31 1 7 18 185
8 32 1 11 22 185
8 33 1 5 3 185
8 34 1 7 9 185
8 35 1 11 1 185
8 36 1 7 1 185
8 38 1 8 25 185
8 39 1 5 5 185
8 40 1 10 18 185
8 41 1 10 18 185
8 42 1 1 1 185
8 43 1 5 12 185
8 44 1 3 11 185
8 45 1 11 11 185
8 46 1 11 11 185
8 47 1 3 10 185
8 49 1 10 24 185
9 0 3 9 3 634
9 1 3 10 23 634
9 2 3 6 23 634
9 3 3 10 14 634
9 4 3 1 15 634
9 5 3 1 8 634
9 6 3 8 5 634
9 7 3 8 22 634
9 8 3 1 18 634
9 10 3 11 13 634
9 12 3 5 11 634
9 14 3 1 19 634
9 15 3 6 12 634
9 16 3 4 25 634
9 17 3 9 14 634
9 18 3 8 24 634
9 19 3 9 14 634
9 20 3 2 17 634
9 21 3 8 8 634
9 22 3 3 7 634
9 24 3 5 2 634
9 26 3 7 17 634
9 27 3 6 15 634
9 28 3 1 16 634
9 29 3 1 21 634
9 30 3 10 20 634
9 31 3 7 3 634
9 32 3 11 14 634
9 34 3 7 18 634
9 35 3 11 5 634
9 36 3 7 17 634
9 37 3 4 14 634
9 38 3 8 20 634
9 39 3 5 15 634
9 40 3 10 3 634
9 41 3 10 3 634
9 42 3 1 23 634
9 43 3 5 15 634
9 44 3 3 13 634
9 45 3 11 9 634
9 46 3 11 1 634
9 47 3 3 20 634
9 48 3 4 16 634
9 49 3 10 20 634
10 0 11 9 16 802
10 1 11 10 15 802
10 2 11 6 4 802
10 3 11 10 21 802
10 4 11 1 18 802
10 5 11 1 13 802
10 6 11 8 6 802
10 7 11 8 16 802
10 9 11 3 13 802
10 11 11 3 1 802
10 12 11 5 1 802
10 13 11 7 4 802
10 14 11 1 4 802
10 15 11 6 3 802
10 16 11 4 19 802
10 17 11 9 24 802
10 18 11 8 21 802
10 20 11 2 3 802
10 22 11 3 7 802
10 24 11 5 16 802
10 25 11 4 4 802
10 26 11 7 11 802
10 28 11 1 14 802
10 29 11 1 12 802
10 30 11 10 1 802
10 31 11 7 22 802
10 32 11 11 22 802
10 33 11 5 20 802
10 34 11 7 13 802
10 35 11 11 10 802
10 36 11 7 20 802
10 37 11 4 5 802
10 38 11 8 13 802
10 40 11 10 5 802
10 41 11 10 6 802
10 42 11 1 5 802
10 43 11 5 15 802
10 44 11 3 13 802
10 45 11 11 20 802
10 46 11 11 10 802
10 47 11 3 25 802
10 48 11 4 18 802
10 49 11 10 19 802
11 0 3 9 20 493
11 1 3 10 5 493
11 2 3 6 14 493
11 3 3 10 15 493
11 4 3 1 9 493
11 5 3 1 3 493
11 6 3 8 21 493
11 7 3 8 1 493
11 8 3 1 21 493
11 10 3 11 1 493
11 12 3 5 2 493
11 13 3 7 15 493
11 14 3 1 21 493
11 15 3 6 14 493
11 16 3 4 21 493
11 17 3 9 7 493
11 18 3 8 12 493
11 19 3 9 7 493
11 20 3 2 15 493
11 21 3 8 14 493
11 22 3 3 21 493
11 23 3 5 2 493
11 24 3 5 21 493
11 25 3 4 17 493
11 26 3 7 17 493
11 27 3 6 5 493
11 28 3 1 7 493
11 29 3 1 23 493
11 31 3 7 3 493
11 32 3 11 7 493
11 34 3 7 2 493
11 35 3 11 25 493
11 36 3 7 14 493
11 37 3 4 8 493
11 38 3 8 21 493
11 39 3 5 5 493
11 40 3 10 21 493
11 41 3 10 22 493
11 42 3 1 13 493
11 43 3 5 12 493
11 45 3 11 11 493
11 46 3 11 14 493
11 47 3 3 19 493
11 48 3 4 25 493
11 49 3 10 17 493
12 0 5 9 13 59
12 1 5 10 6 59
12 2 5 6 13 59
12 3 5 10 6 59
12 5 5 1 19 59
12 6 5 8 16 59
12 7 5 8 2 59
12 8 5 1 13 59
12 9 5 3 11 59
12 10 5 11 1 59
12 11 5 3 2 59
12 13 5 7 8 59
12 14 5 1 17 59
12 15 5 6 3 59
12 16 5 4 6 59
12 17 5 9 24 59
12 18 5 8 10 59
12 20 5 2 3 59
12 21 5 8 6 59
12 22 5 3 6 59
12 23 5 5 15 59
12 24 5 5 24 59
12 25 5 4 12 59
12 26 5 7 12 59
12 27 5 6 9 59
12 28 5 1 24 59
12 29 5 1 14 59
12 31 5 7 24 59
12 32 5 11 20 59
12 33 5 5 5 59
12 34 5 7 17 59
12 35 5 11 12 59
12 36 5 7 4 59
12 37 5 4 1 59
12 39 5 5 4 59
12 40 5 10 1 59
12 41 5 10 2 59
12 42 5 1 3 59
12 43 5 5 18 59
12 44 5 3 18 59
12 45 5 11 8 59
12 46 5 11 4 59
12 47 5 3 19 59
12 48 5 4 17 59
12 49 5 10 23 59
13 0 7 9 19 761
13 2 7 6 13 761
13 3 7 10 9 761
13 5 7 1 6 761
13 6 7 8 12 761
13 7 7 8 9 761
13 8 7 1 10 761
13 10 7 11 4 761
13 11 7 3 15 761
13 12 7 5 8 761
13 14 7 1 25 761
13 15 7 6 1 761
13 16 7 4 11 761
13 17 7 9 25 761
13 18 7 8 12 761
13 20 7 2 12 761
13 21 7 8 25 761
13 22 7 3 21 761
13 24 7 5 6 761
13 26 7 7 5 761
13 27 7 6 9 761
13 28 7 1 22 761
13 29 7 1 20 761
13 30 7 10 1 761
13 32 7 11 21 761
13 33 7 5 19 761
13 34 7 7 5 761
13 35 7 11 20 761
13 36 7 7 15 761
13 37 7 4 15 761
13 38 7 8 7 761
13 39 7 5 19 761
13 40 7 10 6 761
13 41 7 10 3 761
13 42 7 1 1 761
13 43 7 5 6 761
13 44 7 3 5 761
13 45 7 11 7 761
13 46 7 11 18 761
13 47 7 3 12 761
13 48 7 4 8 761
13 49 7 10 11 761
14 0 1 9 10 687
14 1 1 10 21 687
14 2 1 6 25 687
14 3 1 10 23 687
14 4 1 1 13 687
14 5 1 1 15 687
14 6 1 8 15 687
14 7 1 8 23 687
14 8 1 1 12 687
14 9 1 3 19 687
14 10 1 11 4 687
14 11 1 3 21 687
14 12 1 5 17 687
14 13 1 7 25 687
14 15 1 6 16 687
14 17 1 9 22 687
14 18 1 8 10 687
14 19 1 9 19 687
14 20 1 2 16 687
14 22 1 3 13 687
14 23 1 5 6 687
14 24 1 5 12 687
14 25 1 4 25 687
14 26 1 7 8 687
14 27 1 6 13 687
14 28 1 1 16 687
14 29 1 1 15 687
14 30 1 10 10 687
14 31 1 7 13 687
14 32 1 11 24 687
14 33 1 5 7 687
14 34 1 7 2 687
14 35 1 11 9 687
14 36 1 7 13 687
14 38 1 8 19 687
14 39 1 5 22 687
14 40 1 10 24 687
14 41 1 10 11 687
14 42 1 1 3 687
14 43 1 5 1 687
14 44 1 3 15 687
14 45 1 11 19 687
14 46 1 11 14 687
14 47 1 3 5 687
14 49 1 10 22 687
15 0 6 9 25 790
15 1 6 10 1 790
15 2 6 6 1 790
15 3 6 10 15 790
15 4 6 1 18 790
15 6 6 8 21 790
15 7 6 8 20 790
15 8 6 1 25 790
15 9 6 3 12 790
15 10 6 11 3 790
15 11 6 3 14 790
15 12 6 5 3 790
15 13 6 7 1 790
15 14 6 1 16 790
15 16 6 4 23 790
15 17 6 9 5 790
15 18 6 8 1 790
15 19 6 9 25 790
15 20 6 2 14 790
15 21 6 8 18 790
15 23 6 5 9 790
15 24 6 5 14 790
15 25 6 4 3 790
15 26 6 7 3 790
15 27 6 6 25 790
15 28 6 1 14 790
15 29 6 1 1 790
15 30 6 10 14 790
15 31 6 7 5 790
15 32 6 11 7 790
15 33 6 5 14 790
15 34 6 7 10 790
15 35 6 11 1 790
15 36 6 7 6 790
15 37 6 4 24 790
15 38 6 8 21 790
15 39 6 5 9 790
15 41 6 10 6 790
15 42 6 1 2 790
15 44 6 3 21 790
15 45 6 11 2 790
15 46 6 11 20 790
15 47 6 3 21 790
15 48 6 4 20 790
16 1 4 10 4 80
16 2 4 6 20 80
16 3 4 10 19 80
16 4 4 1 9 80
16 5 4 1 9 80
16 7 4 8 18 80
16 8 4 1 5 80
16 9 4 3 25 80
16 10 4 11 19 80
16 11 4 3 21 80
16 12 4 5 6 80
16 13 4 7 11 80
16 15 4 6 23 80
16 17 4 9 8 80
16 18 4 8 17 80
16 19 4 9 17 80
16 20 4 2 15 80
16 21 4 8 9 80
16 22 4 3 18 80
16 23 4 5 10 80
16 24 4 5 19 80
16 25 4 4 22 80
16 26 4 7 23 80
16 27 4 6 8 80
16 29 4 1 12 80
16 31 4 7 21 80
16 32 4 11 12 80
16 33 4 5 10 80
16 34 4 7 24 80
16 35 4 11 13 80
16 36 4 7 25 80
16 37 4 4 7 80
16 38 4 8 20 80
16 39 4 5 3 80
16 40 4 10 19 80
16 41 4 10 6 80
16 42 4 1 19 80
16 43 4 5 25 80
16 44 4 3 15 80
16 45 4 11 17 80
16 46 4 11 25 80
16 47 4 3 11 80
16 48 4 4 17 80
16 49 4 10 19 80
17 0 9 9 9 104
17 1 9 10 12 104
17 2 9 6 2 104
17 3 9 10 13 104
17 4 9 1 25 104
17 5 9 1 7 104
17 6 9 8 2 104
17 7 9 8 25 104
17 8 9 1 25 104
17 9 9 3 14 104
17 10 9 11 24 104
17 11 9 3 7 104
17 12 9 5 24 104
17 13 9 7 25 104
17 14 9 1 22 104
17 15 9 6 5 104
17 16 9 4 8 104
17 18 9 8 2 104
17 19 9 9 13 104
17 20 9 2 20 104
17 21 9 8 11 104
17 22 9 3 19 104
17 23 9 5 10 104
17 24 9 5 19 104
17 25 9 4 22 104
17 26 9 7 8 104
17 28 9 1 20 104
17 30 9 10 18 104
17 31 9 7 23 104
17 32 9 11 21 104
17 33 9 5 3 104
17 34 9 7 13 104
17 35 9 11 19 104
17 36 9 7 23 104
17 37 9 4 1 104
17 38 9 8 24 104
17 39 9 5 3 104
17 40 9 10 16 104
17 43 9 5 20 104
17 45 9 11 25 104
17 46 9 11 12 104
17 47 9 3 6 104
17 48 9 4 20 104
17 49 9 10 25 104
18 0 8 9 23 562
18 2 8 6 2 562
18 3 8 10 4 562
18 4 8 1 10 562
18 5 8 1 10 562
18 6 8 8 7 562
18 7 8 8 19 562
18 9 8 3 24 562
18 10 8 11 21 562
18 11 8 3 12 562
18 12 8 5 10 562
18 13 8 7 12 562
18 14 8 1 10 562
18 15 8 6 1 562
18 16 8 4 17 562
18 17 8 9 2 562
18 19 8 9 18 562
18 20 8 2 4 562
18 21 8 8 21 562
18 22 8 3 2 562
18 23 8 5 15 562
18 24 8 5 6 562
18 26 8 7 8 562
18 27 8 6 11 562
18 28 8 1 8 562
18 29 8 1 10 562
18 30 8 10 14 562
18 31 8 7 20 562
18 32 8 11 14 562
18 33 8 5 1 562
18 34 8 7 17 562
18 35 8 11 22 562
18 36 8 7 25 562
18 37 8 4 20 562
18 38 8 8 16 562
18 39 8 5 7 562
18 40 8 10 21 562
18 41 8 10 3 562
18 42 8 1 7 562
18 43 8 5 5 562
18 44 8 3 25 562
18 45 8 11 7 562
18 46 8 11 21 562
18 47 8 3 13 562
18 48 8 4 21 562
18 49 8 10 19 562
19 0 9 9 8 94
19 1 9 10 10 94
19 2 9 6 25 94
19 3 9 10 15 94
19 4 9 1 6 94
19 5 9 1 5 94
19 6 9 8 17 94
19 7 9 8 18 94
19 8 9 1 22 94
19 9 9 3 14 94
19 11 9 3 7 94
19 14 9 1 19 94
19 15 9 6 25 94
19 16 9 4 17 94
19 17 9 9 13 94
19 18 9 8 18 94
19 20 9 2 10 94
19 21 9 8 20 94
19 22 9 3 25 94
19 23 9 5 4 94
19 24 9 5 24 94
19 25 9 4 5 94
19 26 9 7 23 94
19 27 9 6 6 94
19 29 9 1 21 94
19 30 9 10 10 94
19 31 9 7 13 94
19 32 9 11 4 94
19 34 9 7 19 94
19 35 9 11 21 94
19 36 9 7 22 94
19 37 9 4 19 94
19 38 9 8 13 94
19 39 9 5 16 94
19 40 9 10 10 94
19 41 9 10 12 94
19 42 9 1 15 94
19 43 9 5 10 94
19 44 9 3 24 94
19 46 9 11 14 94
19 47 9 3 1 94
19 49 9 10 12 94
20 0 2 9 12 57
20 1 2 10 22 57
20 2 2 6 24 57
20 3 2 10 2 57
20 4 2 1 7 57
20 5 2 1 1 57
20 6 2 8 1 57
20 8 2 1 6 57
20 9 2 3 17 57
20 10 2 11 3 57
20 11 2 3 15 57
20 12 2 5 3 57
20 13 2 7 12 57
20 14 2 1 16 57
20 15 2 6 14 57
20 16 2 4 15 57
20 17 2 9 20 57
20 18 2 8 4 57
20 19 2 9 10 57
20 21 2 8 11 57
20 22 2 3 8 57
20 23 2 5 10 57
20 24 2 5 11 57
20 25 2 4 24 57
20 26 2 7 24 57
20 27 2 6 22 57
20 28 2 1 9 57
20 29 2 1 11 57
20 30 2 10 3 57
20 32 2 11 23 57
20 33 2 5 1 57
20 34 2 7 20 57
20 35 2 11 18 57
20 36 2 7 15 57
20 37 2 4 1 57
20 39 2 5 24 57
20 40 2 10 13 57
20 41 2 10 19 57
20 42 2 1 11 57
20 43 2 5 9 57
20 44 2 3 21 57
20 45 2 11 25 57
20 47 2 3 12 57
20 48 2 4 3 57
20 49 2 10 19 57
21 0 8 9 16 200
21 1 8 10 4 200
21 2 8 6 3 200
21 3 8 10 24 200
21 4 8 1 18 200
21 6 8 8 15 200
21 7 8 8 2 200
21 8 8 1 21 200
21 9 8 3 8 200
21 11 8 3 14 200
21 12 8 5 6 200
21 13 8 7 25 200
21 15 8 6 18 200
21 16 8 4 9 200
21 17 8 9 11 200
21 18 8 8 21 200
21 19 8 9 20 200
21 20 8 2 11 200
21 22 8 3 9 200
21 23 8 5 15 200
21 24 8 5 11 200
21 25 8 4 25 200
21 26 8 7 18 200
21 27 8 6 12 200
21 28 8 1 21 200
21 29 8 1 9 200
21 30 8 10 3 200
21 32 8 11 2 200
21 33 8 5 8 200
21 34 8 7 5 200
21 35 8 11 14 200
21 36 8 7 4 200
21 37 8 4 11 200
21 38 8 8 3 200
21 40 8 10 20 200
21 41 8 10 14 200
21 43 8 5 10 200
21 44 8 3 20 200
21 45 8 11 4 200
21 46 8 11 5 200
21 47 8 3 9 200
21 48 8 4 5 200
21 49 8 10 23 200
22 0 3 9 14 600
22 1 3 10 3 600
22 2 3 6 16 600
22 3 3 10 14 600
22 4 3 1 21 600
22 5 3 1 22 600
22 6 3 8 19 600
22 7 3 8 23 600
22 8 3 1 5 600
22 9 3 3 7 600
22 10 3 11 7 600
22 11 3 3 21 600
22 12 3 5 6 600
22 13 3 7 21 600
22 14 3 1 13 600
22 16 3 4 18 600
22 17 3 9 19 600
22 18 3 8 2 600
22 19 3 9 25 600
22 20 3 2 8 600
22 21 3 8 9 600
22 23 3 5 16 600
22 24 3 5 21 600
22 25 3 4 10 600
22 26 3 7 24 600
22 27 3 6 9 600
22 29 3 1 17 600
22 30 3 10 11 600
22 31 3 7 12 600
22 32 3 11 25 600
22 33 3 5 2 600
22 34 3 7 13 600
22 35 3 11 12 600
22 36 3 7 10 600
22 38 3 8 9 600
22 39 3 5 1 600
22 40 3 10 18 600
22 41 3 10 11 600
22 43 3 5 20 600
22 44 3 3 12 600
22 45 3 11 24 600
22 46 3 11 12 600
22 47 3 3 19 600
22 48 3 4 4 600
22 49 3 10 23 600
23 0 5 9 25 368
23 1 5 10 3 368
23 2 5 6 7 368
23 3 5 10 14 368
23 4 5 1 19 368
23 5 5 1 21 368
23 6 5 8 13 368
23 7 5 8 15 368
23 8 5 1 12 368
23 11 5 3 2 368
23 12 5 5 15 368
23 14 5 1 6 368
23 15 5 6 9 368
23 16 5 4 10 368
23 17 5 9 10 368
23 18 5 8 15 368
23 19 5 9 4 368
23 20 5 2 10 368
23 21 5 8 15 368
23 22 5 3 16 368
23 25 5 4 24 368
23 26 5 7 5 368
23 27 5 6 5 368
23 28 5 1 25 368
23 29 5 1 7 368
23 30 5 10 12 368
23 31 5 7 21 368
23 32 5 11 7 368
23 33 5 5 7 368
23 34 5 7 6 368
23 35 5 11 6 368
23 37 5 4 3 368
23 38 5 8 20 368
23 39 5 5 4 368
23 40 5 10 2 368
23 41 5 10 7 368
23 42 5 1 6 368
23 43 5 5 11 368
23 44 5 3 11 368
23 45 5 11 15 368
23 46 5 11 6 368
23 47 5 3 6 368
23 48 5 4 3 368
23 49 5 10 22 368
24 0 5 9 1 256
24 1 5 10 11 256
24 2 5 6 15 256
24 3 5 10 17 256
24 4 5 1 8 256
24 5 5 1 7 256
24 6 5 8 5 256
24 7 5 8 18 256
24 8 5 1 18 256
24 9 5 3 2 256
24 10 5 11 16 256
24 11 5 3 21 256
24 12 5 5 24 256
24 13 5 7 6 256
24 14 5 1 12 256
24 15 5 6 14 256
24 16 5 4 19 256
24 17 5 9 19 256
24 18 5 8 6 256
24 19 5 9 24 256
24 20 5 2 11 256
24 21 5 8 11 256
24 22 5 3 21 256
24 25 5 4 14 256
24 26 5 7 22 256
24 27 5 6 12 256
24 28 5 1 4 256
24 29 5 1 7 256
24 30 5 10 3 256
24 32 5 11 13 256
24 33 5 5 12 256
24 35 5 11 21 256
24 36 5 7 5 256
24 37 5 4 14 256
24 38 5 8 20 256
24 39 5 5 12 256
24 40 5 10 12 256
24 41 5 10 2 256
24 42 5 1 17 256
24 43 5 5 4 256
24 44 5 3 9 256
24 45 5 11 1 256
24 46 5 11 24 256
24 49 5 10 15 256
25 1 4 10 10 949
25 2 4 6 21 949
25 3 4 10 20 949
25 4 4 1 18 949
25 5 4 1 2 949
25 6 4 8 13 949
25 7 4 8 3 949
25 8 4 1 3 949
25 10 4 11 4 949
25 11 4 3 17 949
25 12 4 5 12 949
25 14 4 1 25 949
25 15 4 6 3 949
25 16 4 4 22 949
25 17 4 9 22 949
25 19 4 9 5 949
25 20 4 2 24 949
25 21 4 8 25 949
25 22 4 3 10 949
25 23 4 5 24 949
25 24 4 5 14 949
25 26 4 7 4 949
25 27 4 6 7 949
25 28 4 1 3 949
25 29 4 1 16 949
25 30 4 10 23 949
25 31 4 7 18 949
25 32 4 11 6 949
25 34 4 7 15 949
25 35 4 11 14 949
25 36 4 7 10 949
25 37 4 4 15 949
25 38 4 8 6 949
25 39 4 5 11 949
25 40 4 10 6 949
25 42 4 1 2 949
25 43 4 5 12 949
25 44 4 3 10 949
25 45 4 11 24 949
25 46 4 11 19 949
25 47 4 3 1 949
25 48 4 4 6 949
25 49 4 10 4 949
26 0 7 9 18 499
26 1 7 10 13 499
26 2 7 6 15 499
26 3 7 10 22 499
26 4 7 1 8 499
26 5 7 1 14 499
26 6 7 8 5 499
26 7 7 8 14 499
26 8 7 1 19 499
26 9 7 3 17 499
26 10 7 11 11 499
26 11 7 3 17 499
26 12 7 5 12 499
26 13 7 7 5 499
26 14 7 1 8 499
26 15 7 6 3 499
26 16 7 4 23 499
26 17 7 9 8 499
26 18 7 8 8 499
26 19 7 9 23 499
26 20 7 2 24 499
26 21 7 8 18 499
26 22 7 3 24 499
26 23 7 5 5 499
26 24 7 5 22 499
26 25 7 4 4 499
26 27 7 6 23 499
26 28 7 1 8 499
26 29 7 1 4 499
26 30 7 10 8 499
26 31 7 7 1 499
26 32 7 11 20 499
26 33 7 5 4 499
26 34 7 7 24 499
26 36 7 7 22 499
26 37 7 4 1 499
26 38 7 8 21 499
26 39 7 5 3 499
26 42 7 1 14 499
26 44 7 3 10 499
26 45 7 11 20 499
26 46 7 11 5 499
26 47 7 3 4 499
26 48 7 4 16 499
26 49 7 10 24 499
27 0 6 9 17 781
27 1 6 10 16 781
27 2 6 6 25 781
27 3 6 10 24 781
27 4 6 1 4 781
27 5 6 1 14 781
27 6 6 8 25 781
27 7 6 8 9 781
27 8 6 1 1 781
27 9 6 3 15 781
27 11 6 3 5 781
27 12 6 5 9 781
27 13 6 7 9 781
27 14 6 1 13 781
27 15 6 6 25 781
27 16 6 4 8 781
27 18 6 8 11 781
27 19 6 9 6 781
27 20 6 2 22 781
27 21 6 8 12 781
27 22 6 3 9 781
27 23 6 5 5 781
27 24 6 5 12 781
27 25 6 4 7 781
27 26 6 7 23 781
27 28 6 1 11 781
27 29 6 1 17 781
27 30 6 10 15 781
27 31 6 7 1 781
27 32 6 11 17 781
27 33 6 5 5 781
27 34 6 7 13 781
27 35 6 11 15 781
27 36 6 7 5 781
27 38 6 8 21 781
27 39 6 5 4 781
27 40 6 10 22 781
27 42 6 1 11 781
27 43 6 5 14 781
27 44 6 3 20 781
27 45 6 11 17 781
27 46 6 11 8 781
27 47 6 3 7 781
27 48 6 4 15 781
27 49 6 10 9 781
28 0 1 9 22 783
28 1 1 10 9 783
28 2 1 6 13 783
28 3 1 10 20 783
28 4 1 1 9 783
28 5 1 1 14 783
28 6 1 8 8 783
28 7 1 8 17 783
28 9 1 3 16 783
28 10 1 11 14 783
28 11 1 3 7 783
28 12 1 5 24 783
28 13 1 7 22 783
28 14 1 1 16 783
28 15 1 6 14 783
28 17 1 9 20 783
28 18 1 8 8 783
28 20 1 2 9 783
28 21 1 8 21 783
28 23 1 5 25 783
28 24 1 5 4 783
28 25 1 4 3 783
28 26 1 7 8 783
28 27 1 6 11 783
28 29 1 1 5 783
28 30 1 10 5 783
28 31 1 7 4 783
28 33 1 5 12 783
28 34 1 7 7 783
28 35 1 11 11 783
28 36 1 7 22 783
28 37 1 4 1 783
28 38 1 8 21 783
28 39 1 5 19 783
28 40 1 10 5 783
28 41 1 10 16 783
28 42 1 1 15 783
28 43 1 5 21 783
28 44 1 3 22 783
28 45 1 11 5 783
28 46 1 11 8 783
28 47 1 3 18 783
28 48 1 4 12 783
28 49 1 10 19 783
29 0 1 9 21 508
29 2 1 6 20 508
29 3 1 10 7 508
29 4 1 1 6 508
29 5 1 1 9 508
29 6 1 8 11 508
29 7 1 8 25 508
29 8 1 1 5 508
29 9 1 3 21 508
29 10 1 11 12 508
29 11 1 3 23 508
29 12 1 5 14 508
29 13 1 7 20 508
29 14 1 1 15 508
29 15 1 6 1 508
29 16 1 4 12 508
29 18 1 8 10 508
29 19 1 9 21 508
29 20 1 2 11 508
29 21 1 8 9 508
29 22 1 3 17 508
29 23 1 5 7 508
29 24 1 5 7 508
29 25 1 4 16 508
29 26 1 7 4 508
29 27 1 6 17 508
29 28 1 1 5 508
29 31 1 7 11 508
29 32 1 11 1 508
29 33 1 5 2 508
29 34 1 7 17 508
29 35 1 11 13 508
29 36 1 7 12 508
29 37 1 4 24 508
29 38 1 8 19 508
29 39 1 5 22 508
29 40 1 10 13 508
29 41 1 10 10 508
29 42 1 1 14 508
29 43 1 5 25 508
29 44 1 3 9 508
29 45 1 11 25 508
29 46 1 11 21 508
29 47 1 3 14 508
29 48 1 4 24 508
29 49 1 10 25 508
30 0 10 9 22 176
30 2 10 6 10 176
30 3 10 10 9 176
30 4 10 1 1 176
30 5 10 1 24 176
30 6 10 8 2 176
30 7 10 8 3 176
30 8 10 1 5 176
30 9 10 3 20 176
30 10 10 11 1 176
30 13 10 7 1 176
30 14 10 1 10 176
30 15 10 6 14 176
30 17 10 9 18 176
30 18 10 8 14 176
30 19 10 9 10 176
30 20 10 2 3 176
30 21 10 8 3 176
30 22 10 3 11 176
30 23 10 5 12 176
30 24 10 5 3 176
30 25 10 4 23 176
30 26 10 7 8 176
30 27 10 6 15 176
30 28 10 1 5 176
30 31 10 7 21 176
30 32 10 11 16 176
30 33 10 5 18 176
30 34 10 7 4 176
30 35 10 11 23 176
30 36 10 7 1 176
30 37 10 4 14 176
30 38 10 8 14 176
30 39 10 5 12 176
30 40 10 10 16 176
30 41 10 10 24 176
30 42 10 1 14 176
30 43 10 5 23 176
30 44 10 3 5 176
30 45 10 11 19 176
30 46 10 11 19 176
30 47 10 3 5 176
30 48 10 4 1 176
30 49 10 10 15 176
31 1 7 10 1 239
31 2 7 6 18 239
31 3 7 10 5 239
31 4 7 1 22 239
31 5 7 1 3 239
31 6 7 8 22 239
31 8 7 1 18 239
31 9 7 3 3 239
31 10 7 11 22 239
31 11 7 3 3 239
31 12 7 5 24 239
31 14 7 1 13 239
31 15 7 6 5 239
31 16 7 4 21 239
31 17 7 9 23 239
31 18 7 8 20 239
31 19 7 9 13 239
31 22 7 3 12 239
31 23 7 5 21 239
31 25 7 4 18 239
31 26 7 7 1 239
31 27 7 6 1 239
31 28 7 1 4 239
31 29 7 1 11 239
31 30 7 10 21 239
31 32 7 11 21 239
31 33 7 5 20 239
31 34 7 7 2 239
31 35 7 11 5 239
31 36 7 7 22 239
31 37 7 4 19 239
31 39 7 5 25 239
31 40 7 10 4 239
31 41 7 10 12 239
31 42 7 1 18 239
31 43 7 5 20 239
31 44 7 3 4 239
31 45 7 11 11 239
31 46 7 11 16 239
31 47 7 3 20 239
31 48 7 4 25 239
31 49 7 10 17 239
32 0 11 9 20 757
32 2 11 6 8 757
32 3 11 10 4 757
32 5 11 1 8 757
32 6 11 8 22 757
32 7 11 8 1 757
32 8 11 1 22 757
32 9 11 3 14 757
32 10 11 11 22 757
32 11 11 3 7 757
32 12 11 5 20 757
32 13 11 7 21 757
32 14 11 1 24 757
32 15 11 6 7 757
32 16 11 4 12 757
32 17 11 9 21 757
32 18 11 8 14 757
32 19 11 9 4 757
32 20 11 2 23 757
32 21 11 8 2 757
32 22 11 3 25 757
32 23 11 5 7 757
32 24 11 5 13 757
32 25 11 4 6 757
32 26 11 7 20 757
32 27 11 6 17 757
32 29 11 1 1 757
32 30 11 10 16 757
32 31 11 7 21 757
32 33 11 5 9 757
32 34 11 7 21 757
32 36 11 7 16 757
32 37 11 4 1 757
32 38 11 8 9 757
32 39 11 5 10 757
32 40 11 10 2 757
32 42 11 1 4 757
32 43 11 5 9 757
32 44 11 3 2 757
32 45 11 11 1 757
32 46 11 11 6 757
32 47 11 3 8 757
32 48 11 4 25 757
32 49 11 10 11 757
33 0 5 9 25 180
33 2 5 6 18 180
33 3 5 10 18 180
33 4 5 1 7 180
33 5 5 1 21 180
33 6 5 8 17 180
33 8 5 1 3 180
33 10 5 11 20 180
33 12 5 5 5 180
33 13 5 7 19 180
33 14 5 1 7 180
33 15 5 6 14 180
33 16 5 4 10 180
33 17 5 9 3 180
33 18 5 8 1 180
33 20 5 2 1 180
33 21 5 8 8 180
33 22 5 3 2 180
33 23 5 5 7 180
33 24 5 5 12 180
33 26 5 7 4 180
33 27 5 6 5 180
33 28 5 1 12 180
33 29 5 1 2 180
33 30 5 10 18 180
33 31 5 7 20 180
33 32 5 11 9 180
33 34 5 7 23 180
33 35 5 11 5 180
33 36 5 7 10 180
33 37 5 4 10 180
33 38 5 8 9 180
33 39 5 5 16 180
33 40 5 10 20 180
33 41 5 10 14 180
33 42 5 1 1 180
33 43 5 5 1 180
33 44 5 3 13 180
33 45 5 11 18 180
33 46 5 11 13 180
33 47 5 3 13 180
33 48 5 4 18 180
33 49 5 10 4 180
34 0 7 9 6 608
34 1 7 10 15 608
34 2 7 6 19 608
34 3 7 10 25 608
34 4 7 1 9 608
34 5 7 1 12 608
34 7 7 8 19 608
34 8 7 1 9 608
34 9 7 3 18 608
34 10 7 11 13 608
34 11 7 3 2 608
34 12 7 5 17 608
34 13 7 7 5 608
34 14 7 1 2 608
34 15 7 6 10 608
34 16 7 4 24 608
34 17 7 9 13 608
34 18 7 8 17 608
34 19 7 9 19 608
34 20 7 2 20 608
34 21 7 8 5 608
34 22 7 3 13 608
34 23 7 5 6 608
34 25 7 4 15 608
34 26 7 7 24 608
34 27 7 6 13 608
34 28 7 1 7 608
34 29 7 1 17 608
34 30 7 10 4 608
34 31 7 7 2 608
34 32 7 11 21 608
34 33 7 5 23 608
34 35 7 11 12 608
34 36 7 7 25 608
34 37 7 4 22 608
34 38 7 8 14 608
34 39 7 5 12 608
34 40 7 10 7 608
34 41 7 10 6 608
34 42 7 1 15 608
34 43 7 5 7 608
34 44 7 3 9 608
34 45 7 11 25 608
34 46 7 11 14 608
34 47 7 3 14 608
34 49 7 10 22 608
35 0 11 9 4 167
35 1 11 10 18 167
35 2 11 6 7 167
35 3 11 10 1 167
35 4 11 1 9 167
35 5 11 1 23 167
35 6 11 8 13 167
35 7 11 8 9 167
35 8 11 1 1 167
35 9 11 3 5 167
35 10 11 11 10 167
35 11 11 3 25 167
35 12 11 5 12 167
35 13 11 7 20 167
35 14 11 1 9 167
35 15 11 6 1 167
35 16 11 4 13 167
35 17 11 9 19 167
35 18 11 8 22 167
35 19 11 9 21 167
35 20 11 2 18 167
35 21 11 8 14 167
35 22 11 3 12 167
35 23 11 5 6 167
35 24 11 5 21 167
35 25 11 4 14 167
35 27 11 6 15 167
35 28 11 1 11 167
35 29 11 1 13 167
35 30 11 10 23 167
35 31 11 7 5 167
35 33 11 5 5 167
35 34 11 7 12 167
35 36 11 7 16 167
35 37 11 4 21 167
35 38 11 8 6 167
35 39 11 5 21 167
35 40 11 10 4 167
35 43 11 5 3 167
35 44 11 3 21 167
35 46 11 11 2 167
35 47 11 3 7 167
35 48 11 4 14 167
35 49 11 10 12 167
36 0 7 9 10 214
36 1 7 10 17 214
36 2 7 6 9 214
36 3 7 10 7 214
36 4 7 1 3 214
36 5 7 1 15 214
36 6 7 8 13 214
36 7 7 8 20 214
36 8 7 1 1 214
36 9 7 3 17 214
36 10 7 11 20 214
36 11 7 3 14 214
36 12 7 5 4 214
36 13 7 7 15 214
36 14 7 1 13 214
36 15 7 6 6 214
36 16 7 4 25 214
36 17 7 9 23 214
36 18 7 8 25 214
36 19 7 9 22 214
36 20 7 2 15 214
36 21 7 8 4 214
36 22 7 3 10 214
36 24 7 5 5 214
36 25 7 4 10 214
36 26 7 7 22 214
36 27 7 6 5 214
36 28 7 1 22 214
36 29 7 1 12 214
36 30 7 10 1 214
36 31 7 7 22 214
36 32 7 11 16 214
36 33 7 5 10 214
36 34 7 7 25 214
36 35 7 11 16 214
36 37 7 4 23 214
36 38 7 8 9 214
36 39 7 5 23 214
36 40 7 10 3 214
36 41 7 10 10 214
36 42 7 1 9 214
36 43 7 5 1 214
36 44 7 3 23 214
36 45 7 11 21 214
36 47 7 3 20 214
36 48 7 4 9 214
36 49 7 10 1 214
37 0 4 9 25 536
37 1 4 10 21 536
37 3 4 10 25 536
37 4 4 1 23 536
37 5 4 1 18 536
37 6 4 8 13 536
37 9 4 3 14 536
37 10 4 11 5 536
37 11 4 3 8 536
37 12 4 5 1 536
37 13 4 7 15 536
37 15 4 6 24 536
37 16 4 4 7 536
37 17 4 9 1 536
37 18 4 8 20 536
37 19 4 9 19 536
37 20 4 2 1 536
37 21 4 8 11 536
37 23 4 5 3 536
37 24 4 5 14 536
37 25 4 4 15 536
37 26 4 7 1 536
37 28 4 1 1 536
37 29 4 1 24 536
37 30 4 10 14 536
37 31 4 7 19 536
37 32 4 11 1 536
37 33 4 5 10 536
37 34 4 7 22 536
37 35 4 11 21 536
37 36 4 7 23 536
37 38 4 8 24 536
37 39 4 5 3 536
37 40 4 10 20 536
37 41 4 10 1 536
37 42 4 1 7 536
37 43 4 5 17 536
37 44 4 3 21 536
37 45 4 11 14 536
37 46 4 11 9 536
37 47 4 3 15 536
37 48 4 4 15 536
37 49 4 10 4 536
38 0 8 9 2 647
38 1 8 10 16 647
38 3 8 10 11 647
38 4 8 1 11 647
38 5 8 1 15 647
38 6 8 8 23 647
38 8 8 1 25 647
38 9 8 3 20 647
38 10 8 11 13 647
38 11 8 3 21 647
38 13 8 7 7 647
38 14 8 1 19 647
38 15 8 6 21 647
38 16 8 4 20 647
38 17 8 9 24 647
38 18 8 8 16 647
38 19 8 9 13 647
38 21 8 8 3 647
38 22 8 3 9 647
38 23 8 5 20 647
38 24 8 5 20 647
38 25 8 4 6 647
38 26 8 7 21 647
38 27 8 6 21 647
38 28 8 1 21 647
38 29 8 1 19 647
38 30 8 10 14 647
38 32 8 11 9 647
38 33 8 5 9 647
38 34 8 7 14 647
38 35 8 11 6 647
38 36 8 7 9 647
38 37 8 4 24 647
38 39 8 5 21 647
38 40 8 10 18 647
38 41 8 10 8 647
38 42 8 1 8 647
38 43 8 5 20 647
38 44 8 3 15 647
38 45 8 11 12 647
38 46 8 11 3 647
38 49 8 10 3 647
39 0 5 9 22 479
39 1 5 10 14 479
39 2 5 6 7 479
39 3 5 10 9 479
39 5 5 1 16 479
39 6 5 8 19 479
39 7 5 8 9 479
39 8 5 1 5 479
39 9 5 3 15 479
39 11 5 3 5 479
39 12 5 5 4 479
39 13 5 7 19 479
39 14 5 1 22 479
39 15 5 6 9 479
39 16 5 4 3 479
39 17 5 9 3 479
39 18 5 8 7 479
39 19 5 9 16 479
39 20 5 2 24 479
39 22 5 3 1 479
39 23 5 5 4 479
39 24 5 5 12 479
39 25 5 4 11 479
39 26 5 7 3 479
39 27 5 6 4 479
39 28 5 1 19 479
39 29 5 1 22 479
39 30 5 10 12 479
39 31 5 7 25 479
39 32 5 11 10 479
39 33 5 5 16 479
39 34 5 7 12 479
39 35 5 11 21 479
39 36 5 7 23 479
39 37 5 4 3 479
39 38 5 8 21 479
39 40 5 10 7 479
39 41 5 10 9 479
39 42 5 1 8 479
39 43 5 5 8 479
39 44 5 3 3 479
39 45 5 11 19 479
39 46 5 11 15 479
39 47 5 3 14 479
39 49 5 10 10 479
40 0 10 9 25 804
40 1 10 10 11 804
40 2 10 6 20 804
40 3 10 10 10 804
40 4 10 1 13 804
40 5 10 1 18 804
40 6 10 8 19 804
40 7 10 8 4 804
40 8 10 1 18 804
40 9 10 3 3 804
40 10 10 11 5 804
40 11 10 3 21 804
40 12 10 5 1 804
40 13 10 7 6 804
40 14 10 1 24 804
40 16 10 4 19 804
40 17 10 9 16 804
40 18 10 8 21 804
40 19 10 9 10 804
40 20 10 2 13 804
40 21 10 8 20 804
40 22 10 3 18 804
40 23 10 5 2 804
40 24 10 5 12 804
40 25 10 4 6 804
40 27 10 6 22 804
40 28 10 1 5 804
40 29 10 1 13 804
40 30 10 10 16 804
40 31 10 7 4 804
40 32 10 11 2 804
40 33 10 5 20 804
40 34 10 7 7 804
40 35 10 11 4 804
40 36 10 7 3 804
40 37 10 4 20 804
40 38 10 8 18 804
40 39 10 5 7 804
40 41 10 10 16 804
40 42 10 1 6 804
40 43 10 5 7 804
40 44 10 3 11 804
40 45 10 11 15 804
40 46 10 11 7 804
40 47 10 3 19 804
40 48 10 4 17 804
40 49 10 10 7 804
41 0 10 9 3 883
41 1 10 10 4 883
41 2 10 6 6 883
41 3 10 10 20 883
41 4 10 1 22 883
41 6 10 8 6 883
41 7 10 8 10 883
41 8 10 1 18 883
41 9 10 3 3 883
41 10 10 11 6 883
41 11 10 3 22 883
41 12 10 5 2 883
41 13 10 7 3 883
41 14 10 1 11 883
41 15 10 6 6 883
41 16 10 4 6 883
41 18 10 8 3 883
41 19 10 9 12 883
41 20 10 2 19 883
41 21 10 8 14 883
41 22 10 3 11 883
41 23 10 5 7 883
41 24 10 5 2 883
41 28 10 1 16 883
41 29 10 1 10 883
41 30 10 10 24 883
41 31 10 7 12 883
41 33 10 5 14 883
41 34 10 7 6 883
41 36 10 7 10 883
41 37 10 4 1 883
41 38 10 8 8 883
41 39 10 5 9 883
41 40 10 10 16 883
41 42 10 1 9 883
41 43 10 5 21 883
41 44 10 3 17 883
41 45 10 11 22 883
41 46 10 11 6 883
41 47 10 3 25 883
41 48 10 4 1 883
41 49 10 10 9 883
42 0 1 9 7 81
42 1 1 10 4 81
42 2 1 6 9 81
42 3 1 10 5 81
42 5 1 1 1 81
42 6 1 8 16 81
42 7 1 8 14 81
42 8 1 1 1 81
42 9 1 3 23 81
42 10 1 11 5 81
42 11 1 3 13 81
42 12 1 5 3 81
42 13 1 7 1 81
42 14 1 1 3 81
42 15 1 6 2 81
42 16 1 4 19 81
42 18 1 8 7 81
42 19 1 9 15 81
42 20 1 2 11 81
42 23 1 5 6 81
42 24 1 5 17 81
42 25 1 4 2 81
42 26 1 7 14 81
42 27 1 6 11 81
42 28 1 1 15 81
42 29 1 1 14 81
42 30 1 10 14 81
42 31 1 7 18 81
42 32 1 11 4 81
42 33 1 5 1 81
42 34 1 7 15 81
42 36 1 7 9 81
42 37 1 4 7 81
42 38 1 8 8 81
42 39 1 5 8 81
42 40 1 10 6 81
42 41 1 10 9 81
42 44 1 3 8 81
42 45 1 11 14 81
42 46 1 11 8 81
42 47 1 3 5 81
42 48 1 4 3 81
42 49 1 10 4 81
43 0 5 9 12 676
43 1 5 10 12 676
43 2 5 6 8 676
43 3 5 10 15 676
43 4 5 1 24 676
43 5 5 1 8 676
43 6 5 8 4 676
43 7 5 8 12 676
43 8 5 1 12 676
43 9 5 3 15 676
43 10 5 11 15 676
43 11 5 3 12 676
43 12 5 5 18 676
43 13 5 7 6 676
43 14 5 1 1 676
43 16 5 4 25 676
43 17 5 9 20 676
43 18 5 8 5 676
43 19 5 9 10 676
43 20 5 2 9 676
43 21 5 8 10 676
43 22 5 3 20 676
43 23 5 5 11 676
43 24 5 5 4 676
43 25 5 4 12 676
43 27 5 6 14 676
43 28 5 1 21 676
43 29 5 1 25 676
43 30 5 10 23 676
43 31 5 7 20 676
43 32 5 11 9 676
43 33 5 5 1 676
43 34 5 7 7 676
43 35 5 11 3 676
43 36 5 7 1 676
43 37 5 4 17 676
43 38 5 8 20 676
43 39 5 5 8 676
43 40 5 10 7 676
43 41 5 10 21 676
43 44 5 3 22 676
43 45 5 11 3 676
43 46 5 11 18 676
43 47 5 3 25 676
43 48 5 4 3 676
43 49 5 10 24 676
44 0 3 9 20 467
44 1 3 10 7 467
44 2 3 6 8 467
44 4 3 1 5 467
44 6 3 8 11 467
44 7 3 8 22 467
44 8 3 1 11 467
44 9 3 3 13 467
44 10 3 11 13 467
44 12 3 5 18 467
44 13 3 7 5 467
44 14 3 1 15 467
44 15 3 6 21 467
44 16 3 4 15 467
44 18 3 8 25 467
44 19 3 9 24 467
44 20 3 2 21 467
44 21 3 8 20 467
44 22 3 3 12 467
44 23 3 5 11 467
44 24 3 5 9 467
44 25 3 4 10 467
44 26 3 7 10 467
44 27 3 6 20 467
44 28 3 1 22 467
44 29 3 1 9 467
44 30 3 10 5 467
44 31 3 7 4 467
44 32 3 11 2 467
44 33 3 5 13 467
44 34 3 7 9 467
44 35 3 11 21 467
44 36 3 7 23 467
44 37 3 4 21 467
44 38 3 8 15 467
44 39 3 5 3 467
44 40 3 10 11 467
44 41 3 10 17 467
44 42 3 1 8 467
44 43 3 5 22 467
44 45 3 11 17 467
44 46 3 11 5 467
44 47 3 3 13 467
44 48 3 4 1 467
44 49 3 10 12 467
45 1 11 10 14 776
45 2 11 6 2 776
45 3 11 10 20 776
45 4 11 1 20 776
45 5 11 1 20 776
45 6 11 8 13 776
45 8 11 1 11 776
45 9 11 3 9 776
45 10 11 11 20 776
45 11 11 3 11 776
45 12 11 5 8 776
45 13 11 7 7 776
45 14 11 1 19 776
45 15 11 6 2 776
45 16 11 4 17 776
45 17 11 9 25 776
45 18 11 8 7 776
45 20 11 2 25 776
45 21 11 8 4 776
45 22 11 3 24 776
45 23 11 5 15 776
45 24 11 5 1 776
45 25 11 4 24 776
45 26 11 7 20 776
45 27 11 6 17 776
45 28 11 1 5 776
45 29 11 1 25 776
45 30 11 10 19 776
45 31 11 7 11 776
45 32 11 11 1 776
45 33 11 5 18 776
45 34 11 7 25 776
45 36 11 7 21 776
45 37 11 4 14 776
45 38 11 8 12 776
45 39 11 5 19 776
45 40 11 10 15 776
45 41 11 10 22 776
45 42 11 1 14 776
45 43 11 5 3 776
45 44 11 3 17 776
45 46 11 11 24 776
45 47 11 3 7 776
45 48 11 4 25 776
45 49 11 10 2 776
46 0 11 9 11 970
46 1 11 10 18 970
46 2 11 6 14 970
46 5 11 1 10 970
46 6 11 8 10 970
46 7 11 8 12 970
46 8 11 1 11 970
46 9 11 3 1 970
46 10 11 11 10 970
46 11 11 3 14 970
46 12 11 5 4 970
46 13 11 7 18 970
46 14 11 1 14 970
46 15 11 6 20 970
46 16 11 4 25 970
46 17 11 9 12 970
46 18 11 8 21 970
46 19 11 9 14 970
46 21 11 8 5 970
46 22 11 3 12 970
46 23 11 5 6 970
46 24 11 5 24 970
46 25 11 4 19 970
46 26 11 7 5 970
46 27 11 6 8 970
46 28 11 1 8 970
46 29 11 1 21 970
46 30 11 10 19 970
46 31 11 7 16 970
46 32 11 11 6 970
46 33 11 5 13 970
46 34 11 7 14 970
46 35 11 11 2 970
46 37 11 4 9 970
46 38 11 8 3 970
46 39 11 5 15 970
46 40 11 10 7 970
46 41 11 10 6 970
46 42 11 1 8 970
46 43 11 5 18 970
46 44 11 3 5 970
46 45 11 11 24 970
46 48 11 4 5 970
46 49 11 10 4 970
47 0 3 9 10 881
47 1 3 10 3 881
47 2 3 6 10 881
47 3 3 10 19 881
47 4 3 1 8 881
47 5 3 1 5 881
47 7 3 8 5 881
47 8 3 1 10 881
47 9 3 3 20 881
47 10 3 11 25 881
47 11 3 3 19 881
47 12 3 5 19 881
47 13 3 7 12 881
47 14 3 1 5 881
47 15 3 6 21 881
47 16 3 4 11 881
47 17 3 9 6 881
47 18 3 8 13 881
47 19 3 9 1 881
47 20 3 2 12 881
47 21 3 8 9 881
47 22 3 3 19 881
47 23 3 5 6 881
47 25 3 4 1 881
47 26 3 7 4 881
47 27 3 6 7 881
47 28 3 1 18 881
47 29 3 1 14 881
47 30 3 10 5 881
47 31 3 7 20 881
47 32 3 11 8 881
47 33 3 5 13 881
47 34 3 7 14 881
47 35 3 11 7 881
47 36 3 7 20 881
47 37 3 4 15 881
47 39 3 5 14 881
47 40 3 10 19 881
47 41 3 10 25 881
47 42 3 1 5 881
47 43 3 5 25 881
47 44 3 3 13 881
47 45 3 11 7 881
47 48 3 4 19 881
47 49 3 10 23 881
48 0 4 9 2 140
48 1 4 10 22 140
48 2 4 6 1 140
48 3 4 10 15 140
48 4 4 1 5 140
48 5 4 1 9 140
48 6 4 8 15 140
48 7 4 8 22 140
48 9 4 3 16 140
48 10 4 11 18 140
48 11 4 3 25 140
48 12 4 5 17 140
48 13 4 7 8 140
48 15 4 6 20 140
48 16 4 4 17 140
48 17 4 9 20 140
48 18 4 8 21 140
48 20 4 2 3 140
48 21 4 8 5 140
48 22 4 3 4 140
48 23 4 5 3 140
48 25 4 4 6 140
48 26 4 7 16 140
48 27 4 6 15 140
48 28 4 1 12 140
48 29 4 1 24 140
48 30 4 10 1 140
48 31 4 7 25 140
48 32 4 11 25 140
48 33 4 5 18 140
48 35 4 11 14 140
48 36 4 7 9 140
48 37 4 4 15 140
48 40 4 10 17 140
48 41 4 10 1 140
48 42 4 1 3 140
48 43 4 5 3 140
48 44 4 3 1 140
48 45 4 11 25 140
48 46 4 11 5 140
48 47 4 3 19 140
48 49 4 10 19 140
49 0 10 9 22 801
49 1 10 10 10 801
49 2 10 6 14 801
49 3 10 10 2 801
49 4 10 1 8 801
49 5 10 1 8 801
49 7 10 8 6 801
49 8 10 1 24 801
49 9 10 3 20 801
49 10 10 11 19 801
49 11 10 3 17 801
49 12 10 5 23 801
49 13 10 7 11 801
49 14 10 1 22 801
49 16 10 4 19 801
49 17 10 9 25 801
49 18 10 8 19 801
49 19 10 9 12 801
49 20 10 2 19 801
49 21 10 8 23 801
49 22 10 3 23 801
49 23 10 5 22 801
49 24 10 5 15 801
49 25 10 4 4 801
49 26 10 7 24 801
49 27 10 6 9 801
49 28 10 1 19 801
49 29 10 1 25 801
49 30 10 10 15 801
49 31 10 7 17 801
49 32 10 11 11 801
49 33 10 5 4 801
49 34 10 7 22 801
49 35 10 11 12 801
49 36 10 7 1 801
49 37 10 4 4 801
49 38 10 8 3 801
49 39 10 5 10 801
49 40 10 10 7 801
49 41 10 10 9 801
49 42 10 1 4 801
49 43 10 5 24 801
49 44 10 3 12 801
49 45 10 11 2 801
49 46 10 11 4 801
49 47 10 3 23 801
49 48 10 4 19 801
