capacity  cost_by_node
nb_functions 10
17 14 23 93 59 80 43 29 25 92 70 56 63 97 100 69 32 100 20 97 78 58 77 83 14 31 
25 26 50 10 83 31 63 81 31 78 25 59 27 47 25 18 49 68 73 60 73 73 29 50 37 86 
24 57 51 86 88 63 21 100 58 27 12 18 51 52 85 97 73 77 25 47 60 87 31 82 80 14 
21 16 43 32 73 31 20 63 24 51 69 64 89 40 94 11 38 15 62 63 38 49 30 22 71 48 
21 18 73 86 69 85 91 95 19 26 73 66 60 71 86 32 49 96 92 41 40 32 47 99 48 42 
26 30 74 97 45 60 100 42 49 87 35 62 96 98 59 76 43 46 16 99 86 85 95 59 43 79 
14 94 37 96 58 61 65 30 94 62 67 75 92 22 38 90 97 19 96 64 13 37 95 42 81 29 
23 27 50 64 38 90 54 74 17 30 83 12 20 37 17 67 89 78 100 17 88 35 98 30 59 94 
15 32 57 21 96 59 25 10 95 79 44 82 15 44 54 32 99 100 34 39 44 71 58 91 76 59 
15 86 66 14 47 16 68 72 74 77 31 88 39 20 96 83 43 22 79 94 13 32 74 47 35 68 
