Node_1 Node_2 Capacity_node1 Capacity_node2 Latency_arc node_cost
nb_nodes 50
nb_arcs 2202
0 1 6 6 22 501
0 3 6 3 20 501
0 4 6 6 11 501
0 5 6 1 10 501
0 6 6 8 2 501
0 7 6 2 25 501
0 8 6 12 5 501
0 9 6 12 21 501
0 10 6 10 1 501
0 11 6 6 4 501
0 12 6 2 9 501
0 13 6 10 6 501
0 15 6 2 6 501
0 16 6 6 2 501
0 17 6 3 8 501
0 18 6 9 9 501
0 19 6 12 10 501
0 20 6 1 2 501
0 21 6 1 13 501
0 23 6 2 23 501
0 24 6 6 12 501
0 25 6 1 4 501
0 27 6 9 16 501
0 28 6 4 5 501
0 29 6 7 21 501
0 30 6 6 2 501
0 31 6 7 5 501
0 33 6 3 17 501
0 34 6 4 19 501
0 35 6 6 23 501
0 36 6 2 6 501
0 37 6 3 12 501
0 38 6 4 20 501
0 39 6 6 23 501
0 40 6 12 5 501
0 41 6 3 15 501
0 42 6 8 2 501
0 43 6 4 9 501
0 44 6 11 21 501
0 46 6 9 12 501
0 47 6 5 13 501
0 48 6 9 3 501
0 49 6 4 3 501
1 0 6 6 22 457
1 2 6 12 4 457
1 3 6 3 8 457
1 4 6 6 21 457
1 6 6 8 15 457
1 9 6 12 16 457
1 11 6 6 20 457
1 12 6 2 7 457
1 13 6 10 11 457
1 14 6 12 25 457
1 16 6 6 16 457
1 17 6 3 15 457
1 18 6 9 19 457
1 19 6 12 3 457
1 20 6 1 7 457
1 21 6 1 23 457
1 22 6 6 21 457
1 23 6 2 17 457
1 24 6 6 14 457
1 25 6 1 13 457
1 26 6 9 22 457
1 27 6 9 16 457
1 28 6 4 21 457
1 29 6 7 20 457
1 30 6 6 10 457
1 31 6 7 19 457
1 32 6 2 1 457
1 33 6 3 23 457
1 35 6 6 14 457
1 36 6 2 11 457
1 37 6 3 10 457
1 38 6 4 20 457
1 41 6 3 22 457
1 43 6 4 2 457
1 44 6 11 13 457
1 45 6 1 6 457
1 46 6 9 14 457
1 47 6 5 2 457
1 48 6 9 3 457
1 49 6 4 24 457
2 1 12 6 4 918
2 3 12 3 18 918
2 4 12 6 2 918
2 5 12 1 13 918
2 6 12 8 19 918
2 7 12 2 25 918
2 8 12 12 22 918
2 9 12 12 25 918
2 10 12 10 10 918
2 11 12 6 23 918
2 12 12 2 6 918
2 13 12 10 13 918
2 14 12 12 23 918
2 15 12 2 11 918
2 16 12 6 4 918
2 17 12 3 1 918
2 18 12 9 8 918
2 19 12 12 3 918
2 20 12 1 9 918
2 21 12 1 15 918
2 22 12 6 1 918
2 23 12 2 2 918
2 24 12 6 18 918
2 25 12 1 22 918
2 26 12 9 7 918
2 27 12 9 13 918
2 28 12 4 13 918
2 29 12 7 2 918
2 30 12 6 1 918
2 31 12 7 6 918
2 32 12 2 23 918
2 33 12 3 10 918
2 34 12 4 14 918
2 35 12 6 9 918
2 36 12 2 16 918
2 37 12 3 15 918
2 38 12 4 11 918
2 39 12 6 3 918
2 40 12 12 7 918
2 41 12 3 19 918
2 43 12 4 17 918
2 44 12 11 23 918
2 45 12 1 6 918
2 48 12 9 24 918
2 49 12 4 20 918
3 0 3 6 20 651
3 1 3 6 8 651
3 2 3 12 18 651
3 5 3 1 22 651
3 6 3 8 15 651
3 7 3 2 1 651
3 8 3 12 19 651
3 9 3 12 25 651
3 10 3 10 10 651
3 11 3 6 24 651
3 12 3 2 3 651
3 13 3 10 21 651
3 14 3 12 9 651
3 15 3 2 6 651
3 16 3 6 3 651
3 18 3 9 6 651
3 19 3 12 11 651
3 20 3 1 25 651
3 21 3 1 21 651
3 22 3 6 16 651
3 23 3 2 10 651
3 24 3 6 8 651
3 25 3 1 25 651
3 26 3 9 3 651
3 27 3 9 13 651
3 28 3 4 8 651
3 29 3 7 12 651
3 30 3 6 17 651
3 31 3 7 8 651
3 32 3 2 25 651
3 33 3 3 1 651
3 35 3 6 18 651
3 37 3 3 10 651
3 38 3 4 15 651
3 39 3 6 24 651
3 40 3 12 11 651
3 41 3 3 16 651
3 42 3 8 9 651
3 43 3 4 25 651
3 44 3 11 8 651
3 45 3 1 22 651
3 46 3 9 22 651
3 47 3 5 3 651
3 48 3 9 23 651
3 49 3 4 15 651
4 0 6 6 11 276
4 1 6 6 21 276
4 2 6 12 2 276
4 5 6 1 24 276
4 6 6 8 17 276
4 7 6 2 4 276
4 9 6 12 11 276
4 10 6 10 20 276
4 11 6 6 6 276
4 12 6 2 24 276
4 13 6 10 14 276
4 14 6 12 4 276
4 15 6 2 3 276
4 16 6 6 19 276
4 17 6 3 13 276
4 18 6 9 4 276
4 19 6 12 14 276
4 20 6 1 24 276
4 21 6 1 3 276
4 23 6 2 15 276
4 24 6 6 17 276
4 25 6 1 8 276
4 26 6 9 21 276
4 27 6 9 23 276
4 29 6 7 25 276
4 30 6 6 15 276
4 31 6 7 4 276
4 32 6 2 11 276
4 33 6 3 14 276
4 34 6 4 19 276
4 35 6 6 23 276
4 36 6 2 13 276
4 37 6 3 1 276
4 38 6 4 12 276
4 39 6 6 7 276
4 40 6 12 12 276
4 41 6 3 16 276
4 42 6 8 1 276
4 43 6 4 22 276
4 44 6 11 4 276
4 45 6 1 21 276
4 46 6 9 16 276
4 48 6 9 21 276
4 49 6 4 17 276
5 0 1 6 10 632
5 2 1 12 13 632
5 3 1 3 22 632
5 4 1 6 24 632
5 6 1 8 19 632
5 7 1 2 18 632
5 8 1 12 13 632
5 9 1 12 17 632
5 10 1 10 15 632
5 12 1 2 9 632
5 13 1 10 21 632
5 14 1 12 8 632
5 15 1 2 22 632
5 16 1 6 25 632
5 17 1 3 20 632
5 18 1 9 16 632
5 20 1 1 17 632
5 21 1 1 16 632
5 23 1 2 23 632
5 24 1 6 4 632
5 25 1 1 10 632
5 26 1 9 7 632
5 27 1 9 16 632
5 28 1 4 8 632
5 29 1 7 9 632
5 30 1 6 19 632
5 31 1 7 3 632
5 32 1 2 22 632
5 33 1 3 10 632
5 35 1 6 15 632
5 37 1 3 9 632
5 38 1 4 24 632
5 40 1 12 18 632
5 41 1 3 6 632
5 42 1 8 9 632
5 43 1 4 8 632
5 44 1 11 19 632
5 46 1 9 22 632
5 47 1 5 25 632
5 48 1 9 25 632
5 49 1 4 8 632
6 0 8 6 2 79
6 1 8 6 15 79
6 2 8 12 19 79
6 3 8 3 15 79
6 4 8 6 17 79
6 5 8 1 19 79
6 7 8 2 21 79
6 8 8 12 23 79
6 9 8 12 16 79
6 10 8 10 19 79
6 11 8 6 2 79
6 12 8 2 11 79
6 13 8 10 23 79
6 14 8 12 14 79
6 15 8 2 19 79
6 16 8 6 17 79
6 17 8 3 9 79
6 18 8 9 18 79
6 19 8 12 17 79
6 20 8 1 19 79
6 21 8 1 12 79
6 22 8 6 22 79
6 23 8 2 5 79
6 24 8 6 10 79
6 25 8 1 13 79
6 26 8 9 6 79
6 27 8 9 19 79
6 28 8 4 25 79
6 29 8 7 4 79
6 30 8 6 3 79
6 32 8 2 2 79
6 33 8 3 14 79
6 34 8 4 25 79
6 35 8 6 14 79
6 36 8 2 16 79
6 37 8 3 19 79
6 38 8 4 19 79
6 40 8 12 17 79
6 41 8 3 1 79
6 42 8 8 9 79
6 44 8 11 8 79
6 45 8 1 21 79
6 46 8 9 14 79
6 47 8 5 20 79
6 48 8 9 23 79
6 49 8 4 21 79
7 0 2 6 25 259
7 2 2 12 25 259
7 3 2 3 1 259
7 4 2 6 4 259
7 5 2 1 18 259
7 6 2 8 21 259
7 8 2 12 17 259
7 9 2 12 24 259
7 10 2 10 23 259
7 12 2 2 11 259
7 13 2 10 11 259
7 14 2 12 19 259
7 15 2 2 17 259
7 16 2 6 4 259
7 17 2 3 18 259
7 18 2 9 2 259
7 19 2 12 21 259
7 20 2 1 25 259
7 21 2 1 18 259
7 22 2 6 3 259
7 23 2 2 24 259
7 24 2 6 10 259
7 25 2 1 24 259
7 26 2 9 11 259
7 27 2 9 1 259
7 28 2 4 21 259
7 29 2 7 13 259
7 30 2 6 11 259
7 31 2 7 4 259
7 32 2 2 18 259
7 33 2 3 11 259
7 34 2 4 17 259
7 35 2 6 13 259
7 36 2 2 11 259
7 39 2 6 4 259
7 40 2 12 13 259
7 41 2 3 1 259
7 42 2 8 3 259
7 43 2 4 17 259
7 46 2 9 24 259
7 47 2 5 8 259
7 48 2 9 20 259
7 49 2 4 11 259
8 0 12 6 5 775
8 2 12 12 22 775
8 3 12 3 19 775
8 5 12 1 13 775
8 6 12 8 23 775
8 7 12 2 17 775
8 9 12 12 15 775
8 10 12 10 9 775
8 11 12 6 18 775
8 12 12 2 6 775
8 14 12 12 11 775
8 15 12 2 7 775
8 16 12 6 5 775
8 18 12 9 11 775
8 19 12 12 20 775
8 20 12 1 11 775
8 21 12 1 25 775
8 22 12 6 16 775
8 23 12 2 22 775
8 24 12 6 11 775
8 25 12 1 22 775
8 26 12 9 19 775
8 27 12 9 13 775
8 28 12 4 20 775
8 29 12 7 6 775
8 30 12 6 4 775
8 31 12 7 23 775
8 32 12 2 24 775
8 33 12 3 2 775
8 35 12 6 21 775
8 36 12 2 20 775
8 37 12 3 7 775
8 38 12 4 18 775
8 39 12 6 13 775
8 40 12 12 20 775
8 41 12 3 21 775
8 42 12 8 10 775
8 43 12 4 9 775
8 45 12 1 2 775
8 46 12 9 21 775
8 47 12 5 15 775
8 48 12 9 16 775
9 0 12 6 21 788
9 1 12 6 16 788
9 2 12 12 25 788
9 3 12 3 25 788
9 4 12 6 11 788
9 5 12 1 17 788
9 6 12 8 16 788
9 7 12 2 24 788
9 8 12 12 15 788
9 10 12 10 9 788
9 11 12 6 2 788
9 12 12 2 13 788
9 13 12 10 13 788
9 14 12 12 17 788
9 15 12 2 14 788
9 16 12 6 16 788
9 17 12 3 7 788
9 18 12 9 8 788
9 19 12 12 16 788
9 20 12 1 21 788
9 21 12 1 8 788
9 22 12 6 8 788
9 23 12 2 18 788
9 24 12 6 15 788
9 25 12 1 17 788
9 26 12 9 6 788
9 27 12 9 16 788
9 28 12 4 24 788
9 29 12 7 4 788
9 30 12 6 23 788
9 31 12 7 4 788
9 32 12 2 20 788
9 33 12 3 10 788
9 34 12 4 13 788
9 35 12 6 11 788
9 36 12 2 20 788
9 37 12 3 20 788
9 38 12 4 18 788
9 39 12 6 9 788
9 40 12 12 4 788
9 41 12 3 25 788
9 42 12 8 3 788
9 43 12 4 6 788
9 44 12 11 23 788
9 45 12 1 3 788
9 46 12 9 7 788
9 47 12 5 25 788
9 49 12 4 3 788
10 0 10 6 1 490
10 2 10 12 10 490
10 3 10 3 10 490
10 4 10 6 20 490
10 5 10 1 15 490
10 6 10 8 19 490
10 7 10 2 23 490
10 8 10 12 9 490
10 9 10 12 9 490
10 11 10 6 8 490
10 12 10 2 3 490
10 13 10 10 4 490
10 14 10 12 20 490
10 15 10 2 12 490
10 16 10 6 13 490
10 17 10 3 7 490
10 18 10 9 3 490
10 19 10 12 8 490
10 20 10 1 14 490
10 21 10 1 18 490
10 22 10 6 8 490
10 23 10 2 10 490
10 24 10 6 6 490
10 25 10 1 22 490
10 26 10 9 9 490
10 27 10 9 12 490
10 28 10 4 9 490
10 29 10 7 10 490
10 30 10 6 4 490
10 31 10 7 4 490
10 32 10 2 20 490
10 33 10 3 1 490
10 34 10 4 18 490
10 35 10 6 25 490
10 36 10 2 12 490
10 37 10 3 17 490
10 38 10 4 20 490
10 39 10 6 3 490
10 40 10 12 14 490
10 41 10 3 7 490
10 42 10 8 16 490
10 45 10 1 14 490
10 46 10 9 11 490
10 48 10 9 18 490
10 49 10 4 18 490
11 0 6 6 4 212
11 1 6 6 20 212
11 2 6 12 23 212
11 3 6 3 24 212
11 4 6 6 6 212
11 6 6 8 2 212
11 8 6 12 18 212
11 9 6 12 2 212
11 10 6 10 8 212
11 12 6 2 21 212
11 13 6 10 21 212
11 14 6 12 23 212
11 15 6 2 14 212
11 16 6 6 23 212
11 17 6 3 22 212
11 18 6 9 6 212
11 19 6 12 6 212
11 20 6 1 22 212
11 21 6 1 15 212
11 22 6 6 10 212
11 23 6 2 3 212
11 24 6 6 15 212
11 25 6 1 3 212
11 26 6 9 24 212
11 27 6 9 12 212
11 28 6 4 12 212
11 30 6 6 9 212
11 31 6 7 12 212
11 32 6 2 16 212
11 34 6 4 16 212
11 35 6 6 4 212
11 36 6 2 1 212
11 37 6 3 3 212
11 38 6 4 2 212
11 39 6 6 16 212
11 40 6 12 3 212
11 42 6 8 10 212
11 43 6 4 9 212
11 44 6 11 21 212
11 45 6 1 10 212
11 46 6 9 9 212
11 47 6 5 20 212
11 48 6 9 18 212
11 49 6 4 25 212
12 0 2 6 9 982
12 1 2 6 7 982
12 2 2 12 6 982
12 3 2 3 3 982
12 4 2 6 24 982
12 5 2 1 9 982
12 6 2 8 11 982
12 7 2 2 11 982
12 8 2 12 6 982
12 9 2 12 13 982
12 10 2 10 3 982
12 11 2 6 21 982
12 13 2 10 13 982
12 14 2 12 14 982
12 15 2 2 13 982
12 16 2 6 13 982
12 17 2 3 12 982
12 18 2 9 19 982
12 19 2 12 15 982
12 20 2 1 21 982
12 21 2 1 18 982
12 22 2 6 25 982
12 23 2 2 1 982
12 24 2 6 9 982
12 26 2 9 21 982
12 28 2 4 23 982
12 29 2 7 9 982
12 30 2 6 2 982
12 31 2 7 19 982
12 32 2 2 13 982
12 33 2 3 9 982
12 34 2 4 14 982
12 35 2 6 9 982
12 36 2 2 2 982
12 38 2 4 12 982
12 39 2 6 23 982
12 40 2 12 18 982
12 42 2 8 25 982
12 43 2 4 10 982
12 44 2 11 5 982
12 45 2 1 16 982
12 46 2 9 13 982
12 47 2 5 20 982
12 48 2 9 20 982
12 49 2 4 12 982
13 0 10 6 6 66
13 1 10 6 11 66
13 2 10 12 13 66
13 3 10 3 21 66
13 4 10 6 14 66
13 5 10 1 21 66
13 6 10 8 23 66
13 7 10 2 11 66
13 9 10 12 13 66
13 10 10 10 4 66
13 11 10 6 21 66
13 12 10 2 13 66
13 15 10 2 24 66
13 16 10 6 16 66
13 17 10 3 5 66
13 18 10 9 17 66
13 19 10 12 17 66
13 20 10 1 7 66
13 22 10 6 4 66
13 23 10 2 18 66
13 24 10 6 18 66
13 25 10 1 12 66
13 26 10 9 24 66
13 27 10 9 21 66
13 28 10 4 7 66
13 29 10 7 7 66
13 30 10 6 2 66
13 31 10 7 10 66
13 32 10 2 7 66
13 33 10 3 18 66
13 36 10 2 19 66
13 37 10 3 20 66
13 38 10 4 13 66
13 39 10 6 1 66
13 41 10 3 10 66
13 42 10 8 8 66
13 43 10 4 3 66
13 44 10 11 7 66
13 45 10 1 7 66
13 46 10 9 14 66
13 47 10 5 23 66
13 48 10 9 5 66
13 49 10 4 3 66
14 1 12 6 25 423
14 2 12 12 23 423
14 3 12 3 9 423
14 4 12 6 4 423
14 5 12 1 8 423
14 6 12 8 14 423
14 7 12 2 19 423
14 8 12 12 11 423
14 9 12 12 17 423
14 10 12 10 20 423
14 11 12 6 23 423
14 12 12 2 14 423
14 15 12 2 2 423
14 16 12 6 13 423
14 17 12 3 12 423
14 18 12 9 17 423
14 19 12 12 18 423
14 20 12 1 5 423
14 21 12 1 8 423
14 22 12 6 13 423
14 23 12 2 5 423
14 24 12 6 25 423
14 25 12 1 8 423
14 26 12 9 11 423
14 28 12 4 20 423
14 29 12 7 1 423
14 30 12 6 3 423
14 31 12 7 17 423
14 33 12 3 23 423
14 34 12 4 19 423
14 35 12 6 8 423
14 36 12 2 23 423
14 37 12 3 20 423
14 38 12 4 6 423
14 39 12 6 4 423
14 40 12 12 24 423
14 41 12 3 12 423
14 42 12 8 17 423
14 43 12 4 3 423
14 44 12 11 23 423
14 45 12 1 22 423
14 46 12 9 4 423
14 47 12 5 2 423
14 48 12 9 25 423
15 0 2 6 6 357
15 2 2 12 11 357
15 3 2 3 6 357
15 4 2 6 3 357
15 5 2 1 22 357
15 6 2 8 19 357
15 7 2 2 17 357
15 8 2 12 7 357
15 9 2 12 14 357
15 10 2 10 12 357
15 11 2 6 14 357
15 12 2 2 13 357
15 13 2 10 24 357
15 14 2 12 2 357
15 16 2 6 1 357
15 17 2 3 6 357
15 18 2 9 19 357
15 19 2 12 17 357
15 21 2 1 19 357
15 23 2 2 18 357
15 24 2 6 6 357
15 25 2 1 6 357
15 26 2 9 7 357
15 28 2 4 18 357
15 30 2 6 17 357
15 31 2 7 6 357
15 32 2 2 12 357
15 35 2 6 18 357
15 36 2 2 10 357
15 37 2 3 1 357
15 38 2 4 24 357
15 40 2 12 1 357
15 41 2 3 4 357
15 42 2 8 8 357
15 43 2 4 6 357
15 44 2 11 13 357
15 45 2 1 13 357
15 46 2 9 3 357
15 47 2 5 22 357
15 48 2 9 20 357
15 49 2 4 17 357
16 0 6 6 2 344
16 1 6 6 16 344
16 2 6 12 4 344
16 3 6 3 3 344
16 4 6 6 19 344
16 5 6 1 25 344
16 6 6 8 17 344
16 7 6 2 4 344
16 8 6 12 5 344
16 9 6 12 16 344
16 10 6 10 13 344
16 11 6 6 23 344
16 12 6 2 13 344
16 13 6 10 16 344
16 14 6 12 13 344
16 15 6 2 1 344
16 17 6 3 12 344
16 18 6 9 7 344
16 19 6 12 16 344
16 20 6 1 10 344
16 21 6 1 16 344
16 22 6 6 12 344
16 23 6 2 6 344
16 24 6 6 4 344
16 25 6 1 9 344
16 26 6 9 10 344
16 27 6 9 18 344
16 28 6 4 7 344
16 29 6 7 8 344
16 30 6 6 21 344
16 31 6 7 4 344
16 32 6 2 4 344
16 33 6 3 24 344
16 35 6 6 9 344
16 37 6 3 4 344
16 38 6 4 13 344
16 39 6 6 5 344
16 40 6 12 25 344
16 41 6 3 14 344
16 42 6 8 17 344
16 43 6 4 9 344
16 44 6 11 13 344
16 45 6 1 2 344
16 46 6 9 25 344
16 47 6 5 11 344
16 48 6 9 20 344
16 49 6 4 12 344
17 0 3 6 8 327
17 1 3 6 15 327
17 2 3 12 1 327
17 4 3 6 13 327
17 5 3 1 20 327
17 6 3 8 9 327
17 7 3 2 18 327
17 9 3 12 7 327
17 10 3 10 7 327
17 11 3 6 22 327
17 12 3 2 12 327
17 13 3 10 5 327
17 14 3 12 12 327
17 15 3 2 6 327
17 16 3 6 12 327
17 18 3 9 8 327
17 21 3 1 18 327
17 22 3 6 15 327
17 23 3 2 21 327
17 24 3 6 18 327
17 25 3 1 22 327
17 26 3 9 10 327
17 27 3 9 21 327
17 28 3 4 8 327
17 29 3 7 19 327
17 30 3 6 4 327
17 32 3 2 20 327
17 33 3 3 9 327
17 34 3 4 12 327
17 35 3 6 14 327
17 36 3 2 14 327
17 37 3 3 7 327
17 38 3 4 25 327
17 39 3 6 13 327
17 40 3 12 5 327
17 41 3 3 6 327
17 42 3 8 12 327
17 43 3 4 3 327
17 44 3 11 23 327
17 45 3 1 12 327
17 46 3 9 11 327
17 48 3 9 6 327
17 49 3 4 21 327
18 0 9 6 9 903
18 1 9 6 19 903
18 2 9 12 8 903
18 3 9 3 6 903
18 4 9 6 4 903
18 5 9 1 16 903
18 6 9 8 18 903
18 7 9 2 2 903
18 8 9 12 11 903
18 9 9 12 8 903
18 10 9 10 3 903
18 11 9 6 6 903
18 12 9 2 19 903
18 13 9 10 17 903
18 14 9 12 17 903
18 15 9 2 19 903
18 16 9 6 7 903
18 17 9 3 8 903
18 19 9 12 16 903
18 20 9 1 25 903
18 21 9 1 12 903
18 22 9 6 14 903
18 24 9 6 18 903
18 25 9 1 21 903
18 26 9 9 25 903
18 27 9 9 8 903
18 29 9 7 6 903
18 30 9 6 13 903
18 31 9 7 4 903
18 32 9 2 7 903
18 34 9 4 16 903
18 36 9 2 15 903
18 37 9 3 12 903
18 38 9 4 1 903
18 39 9 6 3 903
18 40 9 12 20 903
18 41 9 3 23 903
18 42 9 8 18 903
18 43 9 4 19 903
18 44 9 11 21 903
18 45 9 1 19 903
18 46 9 9 15 903
18 47 9 5 20 903
18 48 9 9 20 903
18 49 9 4 7 903
19 0 12 6 10 461
19 1 12 6 3 461
19 2 12 12 3 461
19 3 12 3 11 461
19 4 12 6 14 461
19 6 12 8 17 461
19 7 12 2 21 461
19 8 12 12 20 461
19 9 12 12 16 461
19 10 12 10 8 461
19 11 12 6 6 461
19 12 12 2 15 461
19 13 12 10 17 461
19 14 12 12 18 461
19 15 12 2 17 461
19 16 12 6 16 461
19 18 12 9 16 461
19 20 12 1 23 461
19 21 12 1 10 461
19 22 12 6 3 461
19 23 12 2 19 461
19 24 12 6 19 461
19 25 12 1 18 461
19 26 12 9 8 461
19 27 12 9 4 461
19 28 12 4 20 461
19 30 12 6 17 461
19 31 12 7 15 461
19 32 12 2 5 461
19 33 12 3 1 461
19 34 12 4 12 461
19 37 12 3 20 461
19 38 12 4 2 461
19 39 12 6 8 461
19 40 12 12 10 461
19 41 12 3 12 461
19 42 12 8 25 461
19 43 12 4 15 461
19 44 12 11 14 461
19 45 12 1 9 461
19 46 12 9 10 461
19 47 12 5 3 461
19 48 12 9 2 461
19 49 12 4 17 461
20 0 1 6 2 122
20 1 1 6 7 122
20 2 1 12 9 122
20 3 1 3 25 122
20 4 1 6 24 122
20 5 1 1 17 122
20 6 1 8 19 122
20 7 1 2 25 122
20 8 1 12 11 122
20 9 1 12 21 122
20 10 1 10 14 122
20 11 1 6 22 122
20 12 1 2 21 122
20 13 1 10 7 122
20 14 1 12 5 122
20 16 1 6 10 122
20 18 1 9 25 122
20 19 1 12 23 122
20 21 1 1 1 122
20 22 1 6 18 122
20 23 1 2 1 122
20 24 1 6 23 122
20 25 1 1 5 122
20 27 1 9 14 122
20 28 1 4 12 122
20 29 1 7 15 122
20 30 1 6 25 122
20 31 1 7 12 122
20 32 1 2 12 122
20 33 1 3 21 122
20 35 1 6 20 122
20 36 1 2 10 122
20 37 1 3 24 122
20 38 1 4 16 122
20 39 1 6 23 122
20 40 1 12 23 122
20 41 1 3 16 122
20 42 1 8 9 122
20 43 1 4 1 122
20 44 1 11 3 122
20 45 1 1 24 122
20 46 1 9 22 122
20 47 1 5 1 122
20 48 1 9 24 122
20 49 1 4 25 122
21 0 1 6 13 475
21 1 1 6 23 475
21 2 1 12 15 475
21 3 1 3 21 475
21 4 1 6 3 475
21 5 1 1 16 475
21 6 1 8 12 475
21 7 1 2 18 475
21 8 1 12 25 475
21 9 1 12 8 475
21 10 1 10 18 475
21 11 1 6 15 475
21 12 1 2 18 475
21 14 1 12 8 475
21 15 1 2 19 475
21 16 1 6 16 475
21 17 1 3 18 475
21 18 1 9 12 475
21 19 1 12 10 475
21 20 1 1 1 475
21 22 1 6 13 475
21 23 1 2 2 475
21 24 1 6 10 475
21 25 1 1 23 475
21 26 1 9 12 475
21 28 1 4 22 475
21 29 1 7 25 475
21 30 1 6 4 475
21 31 1 7 2 475
21 32 1 2 7 475
21 33 1 3 16 475
21 34 1 4 16 475
21 35 1 6 8 475
21 36 1 2 11 475
21 37 1 3 19 475
21 38 1 4 8 475
21 39 1 6 19 475
21 40 1 12 16 475
21 42 1 8 11 475
21 43 1 4 11 475
21 45 1 1 1 475
21 46 1 9 4 475
21 47 1 5 20 475
21 48 1 9 16 475
21 49 1 4 19 475
22 1 6 6 21 407
22 2 6 12 1 407
22 3 6 3 16 407
22 6 6 8 22 407
22 7 6 2 3 407
22 8 6 12 16 407
22 9 6 12 8 407
22 10 6 10 8 407
22 11 6 6 10 407
22 12 6 2 25 407
22 13 6 10 4 407
22 14 6 12 13 407
22 16 6 6 12 407
22 17 6 3 15 407
22 18 6 9 14 407
22 19 6 12 3 407
22 20 6 1 18 407
22 21 6 1 13 407
22 23 6 2 25 407
22 24 6 6 25 407
22 25 6 1 5 407
22 26 6 9 3 407
22 27 6 9 10 407
22 28 6 4 12 407
22 29 6 7 17 407
22 30 6 6 3 407
22 31 6 7 4 407
22 34 6 4 21 407
22 35 6 6 18 407
22 36 6 2 18 407
22 37 6 3 17 407
22 38 6 4 12 407
22 39 6 6 21 407
22 40 6 12 24 407
22 41 6 3 22 407
22 42 6 8 9 407
22 43 6 4 6 407
22 44 6 11 9 407
22 45 6 1 8 407
22 47 6 5 6 407
22 48 6 9 1 407
22 49 6 4 24 407
23 0 2 6 23 797
23 1 2 6 17 797
23 2 2 12 2 797
23 3 2 3 10 797
23 4 2 6 15 797
23 5 2 1 23 797
23 6 2 8 5 797
23 7 2 2 24 797
23 8 2 12 22 797
23 9 2 12 18 797
23 10 2 10 10 797
23 11 2 6 3 797
23 12 2 2 1 797
23 13 2 10 18 797
23 14 2 12 5 797
23 15 2 2 18 797
23 16 2 6 6 797
23 17 2 3 21 797
23 19 2 12 19 797
23 20 2 1 1 797
23 21 2 1 2 797
23 22 2 6 25 797
23 24 2 6 2 797
23 25 2 1 6 797
23 26 2 9 2 797
23 27 2 9 12 797
23 28 2 4 2 797
23 29 2 7 2 797
23 30 2 6 10 797
23 31 2 7 2 797
23 32 2 2 14 797
23 33 2 3 10 797
23 34 2 4 18 797
23 35 2 6 9 797
23 36 2 2 8 797
23 37 2 3 8 797
23 38 2 4 5 797
23 39 2 6 4 797
23 40 2 12 8 797
23 41 2 3 21 797
23 42 2 8 13 797
23 43 2 4 4 797
23 44 2 11 4 797
23 45 2 1 10 797
23 46 2 9 5 797
23 47 2 5 17 797
23 48 2 9 17 797
23 49 2 4 9 797
24 0 6 6 12 82
24 1 6 6 14 82
24 2 6 12 18 82
24 3 6 3 8 82
24 4 6 6 17 82
24 5 6 1 4 82
24 6 6 8 10 82
24 7 6 2 10 82
24 8 6 12 11 82
24 9 6 12 15 82
24 10 6 10 6 82
24 11 6 6 15 82
24 12 6 2 9 82
24 13 6 10 18 82
24 14 6 12 25 82
24 15 6 2 6 82
24 16 6 6 4 82
24 17 6 3 18 82
24 18 6 9 18 82
24 19 6 12 19 82
24 20 6 1 23 82
24 21 6 1 10 82
24 22 6 6 25 82
24 23 6 2 2 82
24 25 6 1 14 82
24 26 6 9 17 82
24 27 6 9 25 82
24 28 6 4 20 82
24 30 6 6 25 82
24 31 6 7 23 82
24 32 6 2 22 82
24 33 6 3 7 82
24 34 6 4 24 82
24 35 6 6 1 82
24 37 6 3 19 82
24 38 6 4 15 82
24 39 6 6 13 82
24 40 6 12 13 82
24 41 6 3 4 82
24 43 6 4 9 82
24 45 6 1 12 82
24 46 6 9 6 82
24 47 6 5 3 82
24 48 6 9 5 82
24 49 6 4 24 82
25 0 1 6 4 333
25 1 1 6 13 333
25 2 1 12 22 333
25 3 1 3 25 333
25 4 1 6 8 333
25 5 1 1 10 333
25 6 1 8 13 333
25 7 1 2 24 333
25 8 1 12 22 333
25 9 1 12 17 333
25 10 1 10 22 333
25 11 1 6 3 333
25 13 1 10 12 333
25 14 1 12 8 333
25 15 1 2 6 333
25 16 1 6 9 333
25 17 1 3 22 333
25 18 1 9 21 333
25 19 1 12 18 333
25 20 1 1 5 333
25 21 1 1 23 333
25 22 1 6 5 333
25 23 1 2 6 333
25 24 1 6 14 333
25 26 1 9 7 333
25 27 1 9 22 333
25 28 1 4 22 333
25 29 1 7 23 333
25 30 1 6 25 333
25 31 1 7 15 333
25 32 1 2 22 333
25 34 1 4 22 333
25 35 1 6 4 333
25 37 1 3 1 333
25 38 1 4 16 333
25 41 1 3 9 333
25 42 1 8 22 333
25 43 1 4 25 333
25 44 1 11 11 333
25 45 1 1 7 333
25 46 1 9 18 333
25 48 1 9 9 333
25 49 1 4 7 333
26 1 9 6 22 635
26 2 9 12 7 635
26 3 9 3 3 635
26 4 9 6 21 635
26 5 9 1 7 635
26 6 9 8 6 635
26 7 9 2 11 635
26 8 9 12 19 635
26 9 9 12 6 635
26 10 9 10 9 635
26 11 9 6 24 635
26 12 9 2 21 635
26 13 9 10 24 635
26 14 9 12 11 635
26 15 9 2 7 635
26 16 9 6 10 635
26 17 9 3 10 635
26 18 9 9 25 635
26 19 9 12 8 635
26 21 9 1 12 635
26 22 9 6 3 635
26 23 9 2 2 635
26 24 9 6 17 635
26 25 9 1 7 635
26 27 9 9 10 635
26 28 9 4 7 635
26 29 9 7 18 635
26 30 9 6 25 635
26 31 9 7 7 635
26 32 9 2 8 635
26 33 9 3 18 635
26 34 9 4 19 635
26 35 9 6 9 635
26 36 9 2 16 635
26 37 9 3 18 635
26 38 9 4 25 635
26 39 9 6 2 635
26 40 9 12 2 635
26 41 9 3 5 635
26 42 9 8 16 635
26 43 9 4 9 635
26 44 9 11 13 635
26 45 9 1 9 635
26 46 9 9 9 635
26 47 9 5 8 635
26 48 9 9 4 635
26 49 9 4 11 635
27 0 9 6 16 199
27 1 9 6 16 199
27 2 9 12 13 199
27 3 9 3 13 199
27 4 9 6 23 199
27 5 9 1 16 199
27 6 9 8 19 199
27 7 9 2 1 199
27 8 9 12 13 199
27 9 9 12 16 199
27 10 9 10 12 199
27 11 9 6 12 199
27 13 9 10 21 199
27 16 9 6 18 199
27 17 9 3 21 199
27 18 9 9 8 199
27 19 9 12 4 199
27 20 9 1 14 199
27 22 9 6 10 199
27 23 9 2 12 199
27 24 9 6 25 199
27 25 9 1 22 199
27 26 9 9 10 199
27 28 9 4 17 199
27 29 9 7 6 199
27 31 9 7 18 199
27 32 9 2 5 199
27 33 9 3 13 199
27 34 9 4 11 199
27 35 9 6 1 199
27 36 9 2 17 199
27 37 9 3 8 199
27 38 9 4 23 199
27 39 9 6 10 199
27 40 9 12 11 199
27 41 9 3 1 199
27 42 9 8 9 199
27 43 9 4 7 199
27 44 9 11 16 199
27 45 9 1 21 199
27 46 9 9 2 199
27 47 9 5 23 199
27 48 9 9 15 199
27 49 9 4 6 199
28 0 4 6 5 302
28 1 4 6 21 302
28 2 4 12 13 302
28 3 4 3 8 302
28 5 4 1 8 302
28 6 4 8 25 302
28 7 4 2 21 302
28 8 4 12 20 302
28 9 4 12 24 302
28 10 4 10 9 302
28 11 4 6 12 302
28 12 4 2 23 302
28 13 4 10 7 302
28 14 4 12 20 302
28 15 4 2 18 302
28 16 4 6 7 302
28 17 4 3 8 302
28 19 4 12 20 302
28 20 4 1 12 302
28 21 4 1 22 302
28 22 4 6 12 302
28 23 4 2 2 302
28 24 4 6 20 302
28 25 4 1 22 302
28 26 4 9 7 302
28 27 4 9 17 302
28 29 4 7 2 302
28 30 4 6 19 302
28 31 4 7 3 302
28 32 4 2 24 302
28 33 4 3 18 302
28 34 4 4 2 302
28 35 4 6 22 302
28 36 4 2 23 302
28 37 4 3 12 302
28 38 4 4 3 302
28 39 4 6 15 302
28 40 4 12 6 302
28 41 4 3 7 302
28 42 4 8 20 302
28 44 4 11 24 302
28 45 4 1 15 302
28 46 4 9 5 302
28 47 4 5 13 302
28 49 4 4 17 302
29 0 7 6 21 239
29 1 7 6 20 239
29 2 7 12 2 239
29 3 7 3 12 239
29 4 7 6 25 239
29 5 7 1 9 239
29 6 7 8 4 239
29 7 7 2 13 239
29 8 7 12 6 239
29 9 7 12 4 239
29 10 7 10 10 239
29 12 7 2 9 239
29 13 7 10 7 239
29 14 7 12 1 239
29 16 7 6 8 239
29 17 7 3 19 239
29 18 7 9 6 239
29 20 7 1 15 239
29 21 7 1 25 239
29 22 7 6 17 239
29 23 7 2 2 239
29 25 7 1 23 239
29 26 7 9 18 239
29 27 7 9 6 239
29 28 7 4 2 239
29 30 7 6 3 239
29 31 7 7 2 239
29 32 7 2 10 239
29 33 7 3 17 239
29 34 7 4 11 239
29 35 7 6 20 239
29 36 7 2 8 239
29 37 7 3 23 239
29 38 7 4 6 239
29 39 7 6 21 239
29 40 7 12 15 239
29 41 7 3 12 239
29 42 7 8 20 239
29 43 7 4 24 239
29 44 7 11 16 239
29 45 7 1 12 239
29 46 7 9 9 239
29 47 7 5 9 239
29 48 7 9 12 239
30 0 6 6 2 289
30 1 6 6 10 289
30 2 6 12 1 289
30 3 6 3 17 289
30 4 6 6 15 289
30 5 6 1 19 289
30 6 6 8 3 289
30 7 6 2 11 289
30 8 6 12 4 289
30 9 6 12 23 289
30 10 6 10 4 289
30 11 6 6 9 289
30 12 6 2 2 289
30 13 6 10 2 289
30 14 6 12 3 289
30 15 6 2 17 289
30 16 6 6 21 289
30 17 6 3 4 289
30 18 6 9 13 289
30 19 6 12 17 289
30 20 6 1 25 289
30 21 6 1 4 289
30 22 6 6 3 289
30 23 6 2 10 289
30 24 6 6 25 289
30 25 6 1 25 289
30 26 6 9 25 289
30 28 6 4 19 289
30 29 6 7 3 289
30 31 6 7 19 289
30 32 6 2 15 289
30 33 6 3 22 289
30 34 6 4 2 289
30 35 6 6 13 289
30 36 6 2 6 289
30 37 6 3 2 289
30 38 6 4 16 289
30 39 6 6 3 289
30 40 6 12 14 289
30 41 6 3 2 289
30 43 6 4 12 289
30 44 6 11 18 289
30 46 6 9 23 289
30 47 6 5 8 289
31 0 7 6 5 841
31 1 7 6 19 841
31 2 7 12 6 841
31 3 7 3 8 841
31 4 7 6 4 841
31 5 7 1 3 841
31 7 7 2 4 841
31 8 7 12 23 841
31 9 7 12 4 841
31 10 7 10 4 841
31 11 7 6 12 841
31 12 7 2 19 841
31 13 7 10 10 841
31 14 7 12 17 841
31 15 7 2 6 841
31 16 7 6 4 841
31 18 7 9 4 841
31 19 7 12 15 841
31 20 7 1 12 841
31 21 7 1 2 841
31 22 7 6 4 841
31 23 7 2 2 841
31 24 7 6 23 841
31 25 7 1 15 841
31 26 7 9 7 841
31 27 7 9 18 841
31 28 7 4 3 841
31 29 7 7 2 841
31 30 7 6 19 841
31 32 7 2 12 841
31 33 7 3 11 841
31 34 7 4 10 841
31 35 7 6 22 841
31 36 7 2 9 841
31 37 7 3 12 841
31 38 7 4 17 841
31 39 7 6 8 841
31 40 7 12 19 841
31 41 7 3 22 841
31 42 7 8 22 841
31 43 7 4 12 841
31 44 7 11 18 841
31 45 7 1 18 841
31 46 7 9 4 841
31 47 7 5 13 841
31 48 7 9 12 841
31 49 7 4 6 841
32 1 2 6 1 124
32 2 2 12 23 124
32 3 2 3 25 124
32 4 2 6 11 124
32 5 2 1 22 124
32 6 2 8 2 124
32 7 2 2 18 124
32 8 2 12 24 124
32 9 2 12 20 124
32 10 2 10 20 124
32 11 2 6 16 124
32 12 2 2 13 124
32 13 2 10 7 124
32 15 2 2 12 124
32 16 2 6 4 124
32 17 2 3 20 124
32 18 2 9 7 124
32 19 2 12 5 124
32 20 2 1 12 124
32 21 2 1 7 124
32 23 2 2 14 124
32 24 2 6 22 124
32 25 2 1 22 124
32 26 2 9 8 124
32 27 2 9 5 124
32 28 2 4 24 124
32 29 2 7 10 124
32 30 2 6 15 124
32 31 2 7 12 124
32 33 2 3 18 124
32 34 2 4 25 124
32 35 2 6 8 124
32 36 2 2 15 124
32 37 2 3 9 124
32 38 2 4 23 124
32 39 2 6 23 124
32 40 2 12 2 124
32 41 2 3 24 124
32 42 2 8 11 124
32 43 2 4 14 124
32 44 2 11 20 124
32 45 2 1 16 124
32 46 2 9 12 124
32 47 2 5 1 124
32 48 2 9 2 124
32 49 2 4 17 124
33 0 3 6 17 112
33 1 3 6 23 112
33 2 3 12 10 112
33 3 3 3 1 112
33 4 3 6 14 112
33 5 3 1 10 112
33 6 3 8 14 112
33 7 3 2 11 112
33 8 3 12 2 112
33 9 3 12 10 112
33 10 3 10 1 112
33 12 3 2 9 112
33 13 3 10 18 112
33 14 3 12 23 112
33 16 3 6 24 112
33 17 3 3 9 112
33 19 3 12 1 112
33 20 3 1 21 112
33 21 3 1 16 112
33 23 3 2 10 112
33 24 3 6 7 112
33 26 3 9 18 112
33 27 3 9 13 112
33 28 3 4 18 112
33 29 3 7 17 112
33 30 3 6 22 112
33 31 3 7 11 112
33 32 3 2 18 112
33 34 3 4 17 112
33 35 3 6 7 112
33 36 3 2 10 112
33 37 3 3 13 112
33 38 3 4 12 112
33 39 3 6 4 112
33 40 3 12 5 112
33 41 3 3 1 112
33 42 3 8 18 112
33 43 3 4 4 112
33 44 3 11 25 112
33 45 3 1 10 112
33 46 3 9 11 112
33 47 3 5 23 112
33 49 3 4 13 112
34 0 4 6 19 798
34 2 4 12 14 798
34 4 4 6 19 798
34 6 4 8 25 798
34 7 4 2 17 798
34 9 4 12 13 798
34 10 4 10 18 798
34 11 4 6 16 798
34 12 4 2 14 798
34 14 4 12 19 798
34 17 4 3 12 798
34 18 4 9 16 798
34 19 4 12 12 798
34 21 4 1 16 798
34 22 4 6 21 798
34 23 4 2 18 798
34 24 4 6 24 798
34 25 4 1 22 798
34 26 4 9 19 798
34 27 4 9 11 798
34 28 4 4 2 798
34 29 4 7 11 798
34 30 4 6 2 798
34 31 4 7 10 798
34 32 4 2 25 798
34 33 4 3 17 798
34 35 4 6 16 798
34 37 4 3 14 798
34 38 4 4 1 798
34 39 4 6 7 798
34 40 4 12 2 798
34 41 4 3 25 798
34 43 4 4 18 798
34 44 4 11 22 798
34 45 4 1 22 798
34 46 4 9 12 798
34 48 4 9 6 798
34 49 4 4 4 798
35 0 6 6 23 980
35 1 6 6 14 980
35 2 6 12 9 980
35 3 6 3 18 980
35 4 6 6 23 980
35 5 6 1 15 980
35 6 6 8 14 980
35 7 6 2 13 980
35 8 6 12 21 980
35 9 6 12 11 980
35 10 6 10 25 980
35 11 6 6 4 980
35 12 6 2 9 980
35 14 6 12 8 980
35 15 6 2 18 980
35 16 6 6 9 980
35 17 6 3 14 980
35 20 6 1 20 980
35 21 6 1 8 980
35 22 6 6 18 980
35 23 6 2 9 980
35 24 6 6 1 980
35 25 6 1 4 980
35 26 6 9 9 980
35 27 6 9 1 980
35 28 6 4 22 980
35 29 6 7 20 980
35 30 6 6 13 980
35 31 6 7 22 980
35 32 6 2 8 980
35 33 6 3 7 980
35 34 6 4 16 980
35 36 6 2 13 980
35 37 6 3 11 980
35 38 6 4 23 980
35 40 6 12 12 980
35 41 6 3 16 980
35 42 6 8 15 980
35 43 6 4 24 980
35 44 6 11 15 980
35 45 6 1 2 980
35 46 6 9 2 980
35 47 6 5 1 980
35 48 6 9 2 980
35 49 6 4 2 980
36 0 2 6 6 866
36 1 2 6 11 866
36 2 2 12 16 866
36 4 2 6 13 866
36 6 2 8 16 866
36 7 2 2 11 866
36 8 2 12 20 866
36 9 2 12 20 866
36 10 2 10 12 866
36 11 2 6 1 866
36 12 2 2 2 866
36 13 2 10 19 866
36 14 2 12 23 866
36 15 2 2 10 866
36 17 2 3 14 866
36 18 2 9 15 866
36 20 2 1 10 866
36 21 2 1 11 866
36 22 2 6 18 866
36 23 2 2 8 866
36 26 2 9 16 866
36 27 2 9 17 866
36 28 2 4 23 866
36 29 2 7 8 866
36 30 2 6 6 866
36 31 2 7 9 866
36 32 2 2 15 866
36 33 2 3 10 866
36 35 2 6 13 866
36 37 2 3 4 866
36 38 2 4 24 866
36 40 2 12 16 866
36 41 2 3 22 866
36 42 2 8 7 866
36 43 2 4 6 866
36 44 2 11 15 866
36 46 2 9 25 866
36 47 2 5 19 866
36 48 2 9 12 866
37 0 3 6 12 831
37 1 3 6 10 831
37 2 3 12 15 831
37 3 3 3 10 831
37 4 3 6 1 831
37 5 3 1 9 831
37 6 3 8 19 831
37 8 3 12 7 831
37 9 3 12 20 831
37 10 3 10 17 831
37 11 3 6 3 831
37 13 3 10 20 831
37 14 3 12 20 831
37 15 3 2 1 831
37 16 3 6 4 831
37 17 3 3 7 831
37 18 3 9 12 831
37 19 3 12 20 831
37 20 3 1 24 831
37 21 3 1 19 831
37 22 3 6 17 831
37 23 3 2 8 831
37 24 3 6 19 831
37 25 3 1 1 831
37 26 3 9 18 831
37 27 3 9 8 831
37 28 3 4 12 831
37 29 3 7 23 831
37 30 3 6 2 831
37 31 3 7 12 831
37 32 3 2 9 831
37 33 3 3 13 831
37 34 3 4 14 831
37 35 3 6 11 831
37 36 3 2 4 831
37 38 3 4 6 831
37 39 3 6 24 831
37 40 3 12 12 831
37 41 3 3 3 831
37 42 3 8 20 831
37 43 3 4 21 831
37 44 3 11 13 831
37 45 3 1 16 831
37 47 3 5 1 831
37 48 3 9 13 831
37 49 3 4 19 831
38 0 4 6 20 260
38 1 4 6 20 260
38 2 4 12 11 260
38 3 4 3 15 260
38 4 4 6 12 260
38 5 4 1 24 260
38 6 4 8 19 260
38 8 4 12 18 260
38 9 4 12 18 260
38 10 4 10 20 260
38 11 4 6 2 260
38 12 4 2 12 260
38 13 4 10 13 260
38 14 4 12 6 260
38 15 4 2 24 260
38 16 4 6 13 260
38 17 4 3 25 260
38 18 4 9 1 260
38 19 4 12 2 260
38 20 4 1 16 260
38 21 4 1 8 260
38 22 4 6 12 260
38 23 4 2 5 260
38 24 4 6 15 260
38 25 4 1 16 260
38 26 4 9 25 260
38 27 4 9 23 260
38 28 4 4 3 260
38 29 4 7 6 260
38 30 4 6 16 260
38 31 4 7 17 260
38 32 4 2 23 260
38 33 4 3 12 260
38 34 4 4 1 260
38 35 4 6 23 260
38 36 4 2 24 260
38 37 4 3 6 260
38 39 4 6 19 260
38 40 4 12 14 260
38 41 4 3 8 260
38 42 4 8 2 260
38 43 4 4 6 260
38 44 4 11 17 260
38 45 4 1 5 260
38 46 4 9 8 260
38 47 4 5 20 260
38 48 4 9 7 260
38 49 4 4 15 260
39 0 6 6 23 986
39 2 6 12 3 986
39 3 6 3 24 986
39 4 6 6 7 986
39 7 6 2 4 986
39 8 6 12 13 986
39 9 6 12 9 986
39 10 6 10 3 986
39 11 6 6 16 986
39 12 6 2 23 986
39 13 6 10 1 986
39 14 6 12 4 986
39 16 6 6 5 986
39 17 6 3 13 986
39 18 6 9 3 986
39 19 6 12 8 986
39 20 6 1 23 986
39 21 6 1 19 986
39 22 6 6 21 986
39 23 6 2 4 986
39 24 6 6 13 986
39 26 6 9 2 986
39 27 6 9 10 986
39 28 6 4 15 986
39 29 6 7 21 986
39 30 6 6 3 986
39 31 6 7 8 986
39 32 6 2 23 986
39 33 6 3 4 986
39 34 6 4 7 986
39 37 6 3 24 986
39 38 6 4 19 986
39 41 6 3 22 986
39 42 6 8 3 986
39 43 6 4 18 986
39 44 6 11 5 986
39 45 6 1 20 986
39 46 6 9 2 986
39 47 6 5 1 986
39 48 6 9 16 986
39 49 6 4 7 986
40 0 12 6 5 406
40 2 12 12 7 406
40 3 12 3 11 406
40 4 12 6 12 406
40 5 12 1 18 406
40 6 12 8 17 406
40 7 12 2 13 406
40 8 12 12 20 406
40 9 12 12 4 406
40 10 12 10 14 406
40 11 12 6 3 406
40 12 12 2 18 406
40 14 12 12 24 406
40 15 12 2 1 406
40 16 12 6 25 406
40 17 12 3 5 406
40 18 12 9 20 406
40 19 12 12 10 406
40 20 12 1 23 406
40 21 12 1 16 406
40 22 12 6 24 406
40 23 12 2 8 406
40 24 12 6 13 406
40 26 12 9 2 406
40 27 12 9 11 406
40 28 12 4 6 406
40 29 12 7 15 406
40 30 12 6 14 406
40 31 12 7 19 406
40 32 12 2 2 406
40 33 12 3 5 406
40 34 12 4 2 406
40 35 12 6 12 406
40 36 12 2 16 406
40 37 12 3 12 406
40 38 12 4 14 406
40 41 12 3 13 406
40 42 12 8 20 406
40 43 12 4 14 406
40 44 12 11 9 406
40 45 12 1 1 406
40 46 12 9 18 406
40 47 12 5 9 406
40 49 12 4 24 406
41 0 3 6 15 280
41 1 3 6 22 280
41 2 3 12 19 280
41 3 3 3 16 280
41 4 3 6 16 280
41 5 3 1 6 280
41 6 3 8 1 280
41 7 3 2 1 280
41 8 3 12 21 280
41 9 3 12 25 280
41 10 3 10 7 280
41 13 3 10 10 280
41 14 3 12 12 280
41 15 3 2 4 280
41 16 3 6 14 280
41 17 3 3 6 280
41 18 3 9 23 280
41 19 3 12 12 280
41 20 3 1 16 280
41 22 3 6 22 280
41 23 3 2 21 280
41 24 3 6 4 280
41 25 3 1 9 280
41 26 3 9 5 280
41 27 3 9 1 280
41 28 3 4 7 280
41 29 3 7 12 280
41 30 3 6 2 280
41 31 3 7 22 280
41 32 3 2 24 280
41 33 3 3 1 280
41 34 3 4 25 280
41 35 3 6 16 280
41 36 3 2 22 280
41 37 3 3 3 280
41 38 3 4 8 280
41 39 3 6 22 280
41 40 3 12 13 280
41 42 3 8 5 280
41 43 3 4 24 280
41 44 3 11 24 280
41 45 3 1 1 280
41 46 3 9 13 280
41 47 3 5 10 280
41 49 3 4 18 280
42 0 8 6 2 667
42 3 8 3 9 667
42 4 8 6 1 667
42 5 8 1 9 667
42 6 8 8 9 667
42 7 8 2 3 667
42 8 8 12 10 667
42 9 8 12 3 667
42 10 8 10 16 667
42 11 8 6 10 667
42 12 8 2 25 667
42 13 8 10 8 667
42 14 8 12 17 667
42 15 8 2 8 667
42 16 8 6 17 667
42 17 8 3 12 667
42 18 8 9 18 667
42 19 8 12 25 667
42 20 8 1 9 667
42 21 8 1 11 667
42 22 8 6 9 667
42 23 8 2 13 667
42 25 8 1 22 667
42 26 8 9 16 667
42 27 8 9 9 667
42 28 8 4 20 667
42 29 8 7 20 667
42 31 8 7 22 667
42 32 8 2 11 667
42 33 8 3 18 667
42 35 8 6 15 667
42 36 8 2 7 667
42 37 8 3 20 667
42 38 8 4 2 667
42 39 8 6 3 667
42 40 8 12 20 667
42 41 8 3 5 667
42 44 8 11 24 667
42 45 8 1 5 667
42 46 8 9 6 667
42 47 8 5 2 667
42 48 8 9 6 667
42 49 8 4 4 667
43 0 4 6 9 481
43 1 4 6 2 481
43 2 4 12 17 481
43 3 4 3 25 481
43 4 4 6 22 481
43 5 4 1 8 481
43 7 4 2 17 481
43 8 4 12 9 481
43 9 4 12 6 481
43 11 4 6 9 481
43 12 4 2 10 481
43 13 4 10 3 481
43 14 4 12 3 481
43 15 4 2 6 481
43 16 4 6 9 481
43 17 4 3 3 481
43 18 4 9 19 481
43 19 4 12 15 481
43 20 4 1 1 481
43 21 4 1 11 481
43 22 4 6 6 481
43 23 4 2 4 481
43 24 4 6 9 481
43 25 4 1 25 481
43 26 4 9 9 481
43 27 4 9 7 481
43 29 4 7 24 481
43 30 4 6 12 481
43 31 4 7 12 481
43 32 4 2 14 481
43 33 4 3 4 481
43 34 4 4 18 481
43 35 4 6 24 481
43 36 4 2 6 481
43 37 4 3 21 481
43 38 4 4 6 481
43 39 4 6 18 481
43 40 4 12 14 481
43 41 4 3 24 481
43 44 4 11 13 481
43 45 4 1 12 481
43 46 4 9 15 481
43 47 4 5 5 481
43 48 4 9 4 481
44 0 11 6 21 344
44 1 11 6 13 344
44 2 11 12 23 344
44 3 11 3 8 344
44 4 11 6 4 344
44 5 11 1 19 344
44 6 11 8 8 344
44 9 11 12 23 344
44 11 11 6 21 344
44 12 11 2 5 344
44 13 11 10 7 344
44 14 11 12 23 344
44 15 11 2 13 344
44 16 11 6 13 344
44 17 11 3 23 344
44 18 11 9 21 344
44 19 11 12 14 344
44 20 11 1 3 344
44 22 11 6 9 344
44 23 11 2 4 344
44 25 11 1 11 344
44 26 11 9 13 344
44 27 11 9 16 344
44 28 11 4 24 344
44 29 11 7 16 344
44 30 11 6 18 344
44 31 11 7 18 344
44 32 11 2 20 344
44 33 11 3 25 344
44 34 11 4 22 344
44 35 11 6 15 344
44 36 11 2 15 344
44 37 11 3 13 344
44 38 11 4 17 344
44 39 11 6 5 344
44 40 11 12 9 344
44 41 11 3 24 344
44 42 11 8 24 344
44 43 11 4 13 344
44 45 11 1 13 344
44 46 11 9 19 344
44 47 11 5 13 344
44 48 11 9 15 344
44 49 11 4 16 344
45 1 1 6 6 129
45 2 1 12 6 129
45 3 1 3 22 129
45 4 1 6 21 129
45 6 1 8 21 129
45 8 1 12 2 129
45 9 1 12 3 129
45 10 1 10 14 129
45 11 1 6 10 129
45 12 1 2 16 129
45 13 1 10 7 129
45 14 1 12 22 129
45 15 1 2 13 129
45 16 1 6 2 129
45 17 1 3 12 129
45 18 1 9 19 129
45 19 1 12 9 129
45 20 1 1 24 129
45 21 1 1 1 129
45 22 1 6 8 129
45 23 1 2 10 129
45 24 1 6 12 129
45 25 1 1 7 129
45 26 1 9 9 129
45 27 1 9 21 129
45 28 1 4 15 129
45 29 1 7 12 129
45 31 1 7 18 129
45 32 1 2 16 129
45 33 1 3 10 129
45 34 1 4 22 129
45 35 1 6 2 129
45 37 1 3 16 129
45 38 1 4 5 129
45 39 1 6 20 129
45 40 1 12 1 129
45 41 1 3 1 129
45 42 1 8 5 129
45 43 1 4 12 129
45 44 1 11 13 129
45 46 1 9 14 129
45 47 1 5 9 129
45 48 1 9 7 129
45 49 1 4 8 129
46 0 9 6 12 269
46 1 9 6 14 269
46 3 9 3 22 269
46 4 9 6 16 269
46 5 9 1 22 269
46 6 9 8 14 269
46 7 9 2 24 269
46 8 9 12 21 269
46 9 9 12 7 269
46 10 9 10 11 269
46 11 9 6 9 269
46 12 9 2 13 269
46 13 9 10 14 269
46 14 9 12 4 269
46 15 9 2 3 269
46 16 9 6 25 269
46 17 9 3 11 269
46 18 9 9 15 269
46 19 9 12 10 269
46 20 9 1 22 269
46 21 9 1 4 269
46 23 9 2 5 269
46 24 9 6 6 269
46 25 9 1 18 269
46 26 9 9 9 269
46 27 9 9 2 269
46 28 9 4 5 269
46 29 9 7 9 269
46 30 9 6 23 269
46 31 9 7 4 269
46 32 9 2 12 269
46 33 9 3 11 269
46 34 9 4 12 269
46 35 9 6 2 269
46 36 9 2 25 269
46 38 9 4 8 269
46 39 9 6 2 269
46 40 9 12 18 269
46 41 9 3 13 269
46 42 9 8 6 269
46 43 9 4 15 269
46 44 9 11 19 269
46 45 9 1 14 269
46 47 9 5 15 269
46 48 9 9 10 269
46 49 9 4 16 269
47 0 5 6 13 578
47 1 5 6 2 578
47 3 5 3 3 578
47 5 5 1 25 578
47 6 5 8 20 578
47 7 5 2 8 578
47 8 5 12 15 578
47 9 5 12 25 578
47 11 5 6 20 578
47 12 5 2 20 578
47 13 5 10 23 578
47 14 5 12 2 578
47 15 5 2 22 578
47 16 5 6 11 578
47 18 5 9 20 578
47 19 5 12 3 578
47 20 5 1 1 578
47 21 5 1 20 578
47 22 5 6 6 578
47 23 5 2 17 578
47 24 5 6 3 578
47 26 5 9 8 578
47 27 5 9 23 578
47 28 5 4 13 578
47 29 5 7 9 578
47 30 5 6 8 578
47 31 5 7 13 578
47 32 5 2 1 578
47 33 5 3 23 578
47 35 5 6 1 578
47 36 5 2 19 578
47 37 5 3 1 578
47 38 5 4 20 578
47 39 5 6 1 578
47 40 5 12 9 578
47 41 5 3 10 578
47 42 5 8 2 578
47 43 5 4 5 578
47 44 5 11 13 578
47 45 5 1 9 578
47 46 5 9 15 578
47 48 5 9 14 578
47 49 5 4 24 578
48 0 9 6 3 891
48 1 9 6 3 891
48 2 9 12 24 891
48 3 9 3 23 891
48 4 9 6 21 891
48 5 9 1 25 891
48 6 9 8 23 891
48 7 9 2 20 891
48 8 9 12 16 891
48 10 9 10 18 891
48 11 9 6 18 891
48 12 9 2 20 891
48 13 9 10 5 891
48 14 9 12 25 891
48 15 9 2 20 891
48 16 9 6 20 891
48 17 9 3 6 891
48 18 9 9 20 891
48 19 9 12 2 891
48 20 9 1 24 891
48 21 9 1 16 891
48 22 9 6 1 891
48 23 9 2 17 891
48 24 9 6 5 891
48 25 9 1 9 891
48 26 9 9 4 891
48 27 9 9 15 891
48 29 9 7 12 891
48 31 9 7 12 891
48 32 9 2 2 891
48 34 9 4 6 891
48 35 9 6 2 891
48 36 9 2 12 891
48 37 9 3 13 891
48 38 9 4 7 891
48 39 9 6 16 891
48 42 9 8 6 891
48 43 9 4 4 891
48 44 9 11 15 891
48 45 9 1 7 891
48 46 9 9 10 891
48 47 9 5 14 891
48 49 9 4 11 891
49 0 4 6 3 650
49 1 4 6 24 650
49 2 4 12 20 650
49 3 4 3 15 650
49 4 4 6 17 650
49 5 4 1 8 650
49 6 4 8 21 650
49 7 4 2 11 650
49 9 4 12 3 650
49 10 4 10 18 650
49 11 4 6 25 650
49 12 4 2 12 650
49 13 4 10 3 650
49 15 4 2 17 650
49 16 4 6 12 650
49 17 4 3 21 650
49 18 4 9 7 650
49 19 4 12 17 650
49 20 4 1 25 650
49 21 4 1 19 650
49 22 4 6 24 650
49 23 4 2 9 650
49 24 4 6 24 650
49 25 4 1 7 650
49 26 4 9 11 650
49 27 4 9 6 650
49 28 4 4 17 650
49 31 4 7 6 650
49 32 4 2 17 650
49 33 4 3 13 650
49 34 4 4 4 650
49 35 4 6 2 650
49 37 4 3 19 650
49 38 4 4 15 650
49 39 4 6 7 650
49 40 4 12 24 650
49 41 4 3 18 650
49 42 4 8 4 650
49 44 4 11 16 650
49 45 4 1 8 650
49 46 4 9 16 650
49 47 4 5 24 650
49 48 4 9 11 650
