capacity  cost_by_node
nb_functions 10
12 10 49 59 88 93 72 34 52 52 82 36 19 52 29 99 48 74 15 41 78 47 93 87 73 93 38 48 74 68 47 85 51 74 54 23 25 29 87 82 32 27 59 65 45 53 25 63 16 70 27 72 97 95 98 87 19 71 67 97 27 82 83 12 99 75 95 75 43 10 92 100 88 32 32 29 75 56 89 96 49 88 36 95 73 97 91 11 46 47 39 78 99 21 43 95 13 18 26 29 70 
12 100 70 25 14 74 30 61 49 80 60 88 90 78 44 44 30 18 38 93 74 26 53 62 84 46 55 51 56 30 82 27 19 53 91 66 18 70 24 58 65 56 47 25 33 83 85 58 23 97 19 48 12 88 58 24 37 60 39 15 11 48 79 43 75 77 75 96 47 56 56 83 55 31 36 90 87 26 11 91 77 28 34 24 43 33 38 20 92 88 54 74 93 79 46 54 66 51 30 44 71 
13 24 40 97 51 98 100 87 92 63 25 97 69 39 72 27 60 27 35 79 25 35 87 79 24 24 99 37 60 20 79 85 86 27 55 65 91 40 25 40 86 88 92 32 40 94 16 82 96 47 35 22 91 27 35 75 74 61 34 31 22 53 60 27 23 70 99 86 95 63 76 37 88 49 33 32 42 63 35 32 10 71 97 11 88 78 33 66 38 84 12 20 65 90 91 92 61 76 45 68 94 
14 22 92 71 38 10 95 36 54 15 34 91 15 78 74 77 63 52 56 81 100 74 18 38 63 35 68 58 13 67 29 58 27 70 90 20 73 56 11 37 73 38 62 52 79 74 37 45 76 90 84 34 95 41 46 60 51 80 17 66 39 73 36 92 34 73 67 39 79 63 83 30 26 50 21 29 93 97 60 37 32 13 52 15 28 73 31 87 92 57 90 46 71 67 89 28 48 83 87 75 36 
14 17 63 69 34 61 44 19 18 78 61 24 57 97 20 80 43 96 74 96 53 92 21 43 73 43 34 85 40 59 61 61 47 23 48 84 70 78 22 61 28 86 73 64 82 65 41 38 64 23 45 43 37 64 43 43 43 57 68 98 81 49 54 26 34 34 94 47 24 34 63 74 76 32 97 80 74 96 97 59 56 23 74 91 15 46 54 40 97 45 75 98 89 77 39 23 51 27 28 99 21 
15 30 92 64 29 78 31 83 53 39 53 22 55 20 57 20 47 28 59 90 52 28 36 17 80 12 52 59 65 47 85 67 69 49 75 84 32 59 51 50 92 19 56 27 20 84 54 46 75 59 37 43 26 16 51 41 72 53 93 26 87 39 22 17 48 33 59 22 28 26 54 69 100 86 10 20 51 33 71 94 78 90 90 51 74 65 39 81 11 62 93 17 98 41 45 10 68 87 57 59 77 
10 53 93 11 96 72 58 67 69 54 43 27 46 77 43 100 61 60 79 29 22 98 77 52 76 95 80 20 28 12 98 10 10 40 69 45 95 78 48 53 40 52 93 33 89 59 24 81 59 94 57 50 93 28 28 15 86 16 50 91 98 13 68 12 33 31 21 14 25 97 14 83 72 93 63 14 63 25 45 70 16 39 35 56 41 55 94 33 96 35 44 81 98 48 23 75 36 94 51 40 21 
11 59 52 76 40 55 90 90 62 73 25 91 86 26 79 50 64 69 83 89 97 86 21 44 47 100 100 30 85 61 36 71 26 31 19 79 34 57 23 67 29 51 14 10 87 13 83 41 24 34 30 20 52 16 100 66 59 84 50 16 72 88 45 30 17 70 30 60 59 88 10 47 44 33 83 32 43 33 64 15 54 93 71 54 16 31 58 47 50 33 81 24 61 58 86 59 18 90 95 91 86 
10 86 39 77 96 11 66 57 31 10 66 75 72 58 22 14 15 18 83 53 79 31 88 100 39 97 27 23 15 42 21 79 29 69 37 25 32 82 89 17 10 70 70 55 87 81 75 15 22 21 75 22 40 11 25 45 60 55 52 54 20 12 24 73 36 17 78 35 89 70 76 79 58 14 49 33 19 24 85 96 41 58 16 61 12 24 53 53 38 36 77 44 34 65 70 56 39 88 94 49 49 
14 65 98 89 78 19 44 72 40 82 78 67 86 15 32 96 82 61 88 56 27 59 47 11 67 12 14 57 37 54 93 28 23 92 94 43 39 68 95 74 55 80 93 34 86 95 91 34 13 87 48 11 74 11 31 93 57 79 21 78 58 91 89 74 22 12 100 95 45 31 33 29 97 21 10 30 46 51 57 61 91 49 80 81 32 52 37 87 57 51 13 90 98 100 98 28 46 68 60 23 37 
