Node_1 Node_2 Capacity_node1 Capacity_node2 Latency_arc node_cost
nb_nodes 100
nb_arcs 4988
0 3 3 2 18 595
0 4 3 6 1 595
0 10 3 4 4 595
0 11 3 3 1 595
0 13 3 3 17 595
0 15 3 6 14 595
0 16 3 4 1 595
0 18 3 3 12 595
0 19 3 1 2 595
0 21 3 1 20 595
0 22 3 4 12 595
0 23 3 4 22 595
0 24 3 6 10 595
0 26 3 5 7 595
0 28 3 3 11 595
0 29 3 5 20 595
0 30 3 3 15 595
0 31 3 5 3 595
0 32 3 4 18 595
0 35 3 6 2 595
0 37 3 7 23 595
0 40 3 6 15 595
0 42 3 3 12 595
0 44 3 3 16 595
0 50 3 6 8 595
0 51 3 2 8 595
0 52 3 1 25 595
0 53 3 7 17 595
0 56 3 7 7 595
0 58 3 2 23 595
0 61 3 3 8 595
0 66 3 5 15 595
0 68 3 4 2 595
0 73 3 7 6 595
0 74 3 5 21 595
0 75 3 1 1 595
0 76 3 1 9 595
0 77 3 6 9 595
0 78 3 2 19 595
0 79 3 6 20 595
0 80 3 7 24 595
0 83 3 7 18 595
0 86 3 3 23 595
0 88 3 1 22 595
0 89 3 2 1 595
0 91 3 5 17 595
0 93 3 2 7 595
0 94 3 4 21 595
0 95 3 7 22 595
0 96 3 1 22 595
0 99 3 3 1 595
1 3 1 2 7 646
1 8 1 3 5 646
1 10 1 4 14 646
1 11 1 3 23 646
1 16 1 4 9 646
1 17 1 5 11 646
1 18 1 3 12 646
1 21 1 1 14 646
1 23 1 4 19 646
1 24 1 6 6 646
1 25 1 7 10 646
1 27 1 4 20 646
1 28 1 3 10 646
1 29 1 5 11 646
1 30 1 3 2 646
1 32 1 4 13 646
1 33 1 7 10 646
1 35 1 6 11 646
1 36 1 2 6 646
1 37 1 7 23 646
1 38 1 1 24 646
1 39 1 7 7 646
1 40 1 6 23 646
1 41 1 4 3 646
1 45 1 2 19 646
1 47 1 4 7 646
1 51 1 2 3 646
1 53 1 7 16 646
1 54 1 2 6 646
1 56 1 7 14 646
1 57 1 4 23 646
1 58 1 2 19 646
1 60 1 2 16 646
1 61 1 3 17 646
1 62 1 7 22 646
1 63 1 2 25 646
1 67 1 1 24 646
1 69 1 6 3 646
1 70 1 3 12 646
1 72 1 4 10 646
1 74 1 5 16 646
1 76 1 1 15 646
1 78 1 2 23 646
1 79 1 6 11 646
1 80 1 7 7 646
1 81 1 6 9 646
1 86 1 3 2 646
1 87 1 4 7 646
1 90 1 6 18 646
1 93 1 2 13 646
1 94 1 4 8 646
1 95 1 7 19 646
1 97 1 1 7 646
1 99 1 3 15 646
2 4 3 6 5 982
2 5 3 3 10 982
2 6 3 6 5 982
2 8 3 3 7 982
2 12 3 6 20 982
2 13 3 3 12 982
2 14 3 3 18 982
2 18 3 3 15 982
2 19 3 1 20 982
2 21 3 1 20 982
2 22 3 4 11 982
2 29 3 5 14 982
2 32 3 4 9 982
2 35 3 6 18 982
2 37 3 7 8 982
2 38 3 1 23 982
2 39 3 7 17 982
2 41 3 4 24 982
2 42 3 3 4 982
2 43 3 7 6 982
2 44 3 3 15 982
2 45 3 2 6 982
2 47 3 4 2 982
2 50 3 6 16 982
2 51 3 2 14 982
2 53 3 7 25 982
2 54 3 2 1 982
2 55 3 6 15 982
2 56 3 7 8 982
2 61 3 3 6 982
2 65 3 3 5 982
2 66 3 5 11 982
2 67 3 1 2 982
2 69 3 6 2 982
2 73 3 7 1 982
2 75 3 1 24 982
2 77 3 6 14 982
2 78 3 2 23 982
2 83 3 7 5 982
2 84 3 1 1 982
2 86 3 3 5 982
2 87 3 4 2 982
2 90 3 6 11 982
2 94 3 4 2 982
2 96 3 1 17 982
2 97 3 1 25 982
3 0 2 3 18 547
3 1 2 1 7 547
3 4 2 6 9 547
3 5 2 3 23 547
3 6 2 6 22 547
3 8 2 3 19 547
3 9 2 5 21 547
3 10 2 4 4 547
3 13 2 3 1 547
3 16 2 4 13 547
3 19 2 1 14 547
3 21 2 1 1 547
3 22 2 4 11 547
3 23 2 4 24 547
3 26 2 5 21 547
3 30 2 3 2 547
3 33 2 7 1 547
3 35 2 6 2 547
3 36 2 2 2 547
3 37 2 7 15 547
3 38 2 1 17 547
3 40 2 6 15 547
3 41 2 4 6 547
3 42 2 3 4 547
3 43 2 7 10 547
3 47 2 4 25 547
3 50 2 6 16 547
3 52 2 1 9 547
3 53 2 7 12 547
3 55 2 6 24 547
3 56 2 7 15 547
3 58 2 2 8 547
3 60 2 2 1 547
3 61 2 3 12 547
3 62 2 7 9 547
3 63 2 2 7 547
3 65 2 3 22 547
3 67 2 1 25 547
3 69 2 6 12 547
3 70 2 3 3 547
3 73 2 7 9 547
3 74 2 5 20 547
3 78 2 2 24 547
3 79 2 6 2 547
3 80 2 7 11 547
3 85 2 5 23 547
3 89 2 2 4 547
3 90 2 6 16 547
3 91 2 5 18 547
3 92 2 2 23 547
3 93 2 2 25 547
3 94 2 4 9 547
3 98 2 4 12 547
4 0 6 3 1 104
4 2 6 3 5 104
4 3 6 2 9 104
4 7 6 7 15 104
4 8 6 3 13 104
4 10 6 4 20 104
4 13 6 3 11 104
4 14 6 3 10 104
4 16 6 4 4 104
4 18 6 3 3 104
4 20 6 6 6 104
4 21 6 1 3 104
4 22 6 4 6 104
4 23 6 4 25 104
4 28 6 3 13 104
4 29 6 5 18 104
4 30 6 3 6 104
4 32 6 4 24 104
4 35 6 6 6 104
4 37 6 7 24 104
4 38 6 1 5 104
4 39 6 7 3 104
4 41 6 4 7 104
4 42 6 3 5 104
4 44 6 3 22 104
4 47 6 4 19 104
4 48 6 4 24 104
4 49 6 2 25 104
4 50 6 6 21 104
4 53 6 7 12 104
4 54 6 2 25 104
4 62 6 7 19 104
4 64 6 5 15 104
4 65 6 3 10 104
4 70 6 3 17 104
4 71 6 7 10 104
4 72 6 4 3 104
4 73 6 7 9 104
4 74 6 5 11 104
4 77 6 6 18 104
4 79 6 6 14 104
4 80 6 7 12 104
4 81 6 6 19 104
4 85 6 5 15 104
4 87 6 4 20 104
4 91 6 5 15 104
4 92 6 2 21 104
4 93 6 2 8 104
4 94 6 4 14 104
4 96 6 1 6 104
4 98 6 4 3 104
5 2 3 3 10 859
5 3 3 2 23 859
5 6 3 6 12 859
5 7 3 7 3 859
5 9 3 5 24 859
5 11 3 3 6 859
5 12 3 6 25 859
5 13 3 3 9 859
5 15 3 6 1 859
5 16 3 4 6 859
5 20 3 6 12 859
5 22 3 4 16 859
5 24 3 6 6 859
5 29 3 5 17 859
5 30 3 3 17 859
5 31 3 5 1 859
5 33 3 7 1 859
5 35 3 6 7 859
5 36 3 2 11 859
5 38 3 1 6 859
5 39 3 7 14 859
5 41 3 4 6 859
5 43 3 7 17 859
5 44 3 3 16 859
5 47 3 4 18 859
5 48 3 4 9 859
5 51 3 2 2 859
5 52 3 1 17 859
5 53 3 7 23 859
5 54 3 2 9 859
5 55 3 6 18 859
5 56 3 7 22 859
5 58 3 2 1 859
5 60 3 2 23 859
5 61 3 3 13 859
5 62 3 7 9 859
5 64 3 5 12 859
5 65 3 3 14 859
5 66 3 5 5 859
5 67 3 1 1 859
5 71 3 7 8 859
5 72 3 4 21 859
5 74 3 5 12 859
5 75 3 1 2 859
5 76 3 1 9 859
5 77 3 6 21 859
5 78 3 2 20 859
5 82 3 1 4 859
5 83 3 7 19 859
5 84 3 1 14 859
5 86 3 3 8 859
5 88 3 1 21 859
5 93 3 2 12 859
5 94 3 4 1 859
5 96 3 1 10 859
5 99 3 3 3 859
6 2 6 3 5 556
6 3 6 2 22 556
6 5 6 3 12 556
6 7 6 7 20 556
6 8 6 3 2 556
6 11 6 3 20 556
6 12 6 6 7 556
6 14 6 3 18 556
6 15 6 6 14 556
6 16 6 4 22 556
6 17 6 5 6 556
6 18 6 3 7 556
6 21 6 1 19 556
6 22 6 4 10 556
6 23 6 4 17 556
6 25 6 7 10 556
6 26 6 5 11 556
6 29 6 5 18 556
6 30 6 3 11 556
6 32 6 4 4 556
6 33 6 7 9 556
6 35 6 6 4 556
6 36 6 2 24 556
6 38 6 1 7 556
6 39 6 7 3 556
6 40 6 6 15 556
6 42 6 3 11 556
6 44 6 3 6 556
6 45 6 2 15 556
6 47 6 4 22 556
6 48 6 4 3 556
6 51 6 2 20 556
6 53 6 7 1 556
6 56 6 7 3 556
6 57 6 4 19 556
6 61 6 3 16 556
6 62 6 7 17 556
6 65 6 3 6 556
6 66 6 5 13 556
6 67 6 1 20 556
6 68 6 4 22 556
6 69 6 6 24 556
6 70 6 3 16 556
6 71 6 7 24 556
6 77 6 6 6 556
6 80 6 7 10 556
6 81 6 6 1 556
6 83 6 7 9 556
6 84 6 1 14 556
6 86 6 3 20 556
6 89 6 2 3 556
6 91 6 5 22 556
6 95 6 7 5 556
6 97 6 1 21 556
6 98 6 4 19 556
6 99 6 3 24 556
7 4 7 6 15 742
7 5 7 3 3 742
7 6 7 6 20 742
7 13 7 3 16 742
7 14 7 3 13 742
7 16 7 4 10 742
7 17 7 5 25 742
7 18 7 3 20 742
7 19 7 1 11 742
7 23 7 4 25 742
7 24 7 6 5 742
7 25 7 7 18 742
7 27 7 4 8 742
7 28 7 3 13 742
7 34 7 1 23 742
7 36 7 2 1 742
7 38 7 1 24 742
7 39 7 7 24 742
7 41 7 4 18 742
7 44 7 3 20 742
7 45 7 2 19 742
7 49 7 2 21 742
7 50 7 6 19 742
7 51 7 2 15 742
7 52 7 1 14 742
7 59 7 1 18 742
7 61 7 3 1 742
7 64 7 5 25 742
7 65 7 3 15 742
7 66 7 5 16 742
7 67 7 1 14 742
7 70 7 3 24 742
7 71 7 7 8 742
7 73 7 7 25 742
7 77 7 6 25 742
7 79 7 6 11 742
7 81 7 6 16 742
7 82 7 1 7 742
7 85 7 5 20 742
7 86 7 3 14 742
7 90 7 6 23 742
7 92 7 2 22 742
7 95 7 7 11 742
7 96 7 1 16 742
7 98 7 4 22 742
7 99 7 3 24 742
8 1 3 1 5 243
8 2 3 3 7 243
8 3 3 2 19 243
8 4 3 6 13 243
8 6 3 6 2 243
8 9 3 5 16 243
8 10 3 4 22 243
8 13 3 3 24 243
8 15 3 6 1 243
8 16 3 4 19 243
8 23 3 4 2 243
8 24 3 6 2 243
8 25 3 7 10 243
8 27 3 4 2 243
8 28 3 3 21 243
8 31 3 5 8 243
8 33 3 7 4 243
8 35 3 6 14 243
8 37 3 7 10 243
8 38 3 1 6 243
8 41 3 4 14 243
8 47 3 4 13 243
8 48 3 4 2 243
8 49 3 2 5 243
8 51 3 2 1 243
8 52 3 1 7 243
8 54 3 2 21 243
8 55 3 6 19 243
8 56 3 7 21 243
8 58 3 2 2 243
8 62 3 7 8 243
8 66 3 5 21 243
8 68 3 4 4 243
8 69 3 6 2 243
8 70 3 3 16 243
8 74 3 5 10 243
8 75 3 1 6 243
8 79 3 6 10 243
8 82 3 1 16 243
8 83 3 7 8 243
8 84 3 1 3 243
8 85 3 5 24 243
8 87 3 4 4 243
8 89 3 2 18 243
8 91 3 5 2 243
8 94 3 4 13 243
8 96 3 1 17 243
8 97 3 1 17 243
8 99 3 3 25 243
9 3 5 2 21 854
9 5 5 3 24 854
9 8 5 3 16 854
9 10 5 4 3 854
9 14 5 3 3 854
9 16 5 4 21 854
9 17 5 5 22 854
9 19 5 1 7 854
9 21 5 1 20 854
9 23 5 4 21 854
9 28 5 3 24 854
9 29 5 5 16 854
9 30 5 3 18 854
9 31 5 5 10 854
9 32 5 4 4 854
9 39 5 7 9 854
9 40 5 6 7 854
9 42 5 3 8 854
9 47 5 4 22 854
9 50 5 6 24 854
9 51 5 2 13 854
9 53 5 7 21 854
9 54 5 2 9 854
9 55 5 6 6 854
9 56 5 7 17 854
9 58 5 2 4 854
9 60 5 2 17 854
9 62 5 7 10 854
9 64 5 5 9 854
9 65 5 3 21 854
9 66 5 5 16 854
9 69 5 6 2 854
9 70 5 3 6 854
9 71 5 7 19 854
9 72 5 4 22 854
9 75 5 1 13 854
9 78 5 2 19 854
9 83 5 7 16 854
9 84 5 1 23 854
9 85 5 5 8 854
9 87 5 4 14 854
9 89 5 2 3 854
9 90 5 6 18 854
9 93 5 2 9 854
9 95 5 7 11 854
9 96 5 1 25 854
10 0 4 3 4 786
10 1 4 1 14 786
10 3 4 2 4 786
10 4 4 6 20 786
10 8 4 3 22 786
10 9 4 5 3 786
10 12 4 6 10 786
10 14 4 3 19 786
10 15 4 6 4 786
10 17 4 5 12 786
10 18 4 3 22 786
10 21 4 1 5 786
10 27 4 4 13 786
10 31 4 5 15 786
10 36 4 2 11 786
10 41 4 4 5 786
10 42 4 3 15 786
10 46 4 5 14 786
10 50 4 6 13 786
10 51 4 2 21 786
10 52 4 1 10 786
10 54 4 2 13 786
10 55 4 6 6 786
10 56 4 7 8 786
10 59 4 1 14 786
10 60 4 2 10 786
10 67 4 1 12 786
10 69 4 6 23 786
10 70 4 3 19 786
10 72 4 4 20 786
10 75 4 1 14 786
10 76 4 1 12 786
10 80 4 7 15 786
10 82 4 1 8 786
10 86 4 3 25 786
10 88 4 1 18 786
10 90 4 6 20 786
10 91 4 5 2 786
10 94 4 4 23 786
10 95 4 7 17 786
10 96 4 1 21 786
10 98 4 4 21 786
11 0 3 3 1 627
11 1 3 1 23 627
11 5 3 3 6 627
11 6 3 6 20 627
11 12 3 6 17 627
11 13 3 3 13 627
11 18 3 3 15 627
11 22 3 4 17 627
11 23 3 4 17 627
11 24 3 6 7 627
11 26 3 5 17 627
11 27 3 4 1 627
11 28 3 3 14 627
11 29 3 5 10 627
11 30 3 3 10 627
11 31 3 5 24 627
11 33 3 7 19 627
11 35 3 6 16 627
11 36 3 2 21 627
11 37 3 7 20 627
11 40 3 6 21 627
11 43 3 7 5 627
11 45 3 2 1 627
11 46 3 5 18 627
11 48 3 4 19 627
11 50 3 6 10 627
11 51 3 2 24 627
11 52 3 1 24 627
11 53 3 7 20 627
11 54 3 2 24 627
11 55 3 6 7 627
11 58 3 2 1 627
11 60 3 2 21 627
11 61 3 3 11 627
11 62 3 7 24 627
11 63 3 2 20 627
11 65 3 3 12 627
11 70 3 3 19 627
11 71 3 7 9 627
11 72 3 4 14 627
11 78 3 2 18 627
11 79 3 6 10 627
11 80 3 7 24 627
11 81 3 6 7 627
11 83 3 7 3 627
11 85 3 5 16 627
11 86 3 3 3 627
11 87 3 4 24 627
11 92 3 2 6 627
11 95 3 7 19 627
11 96 3 1 1 627
11 97 3 1 14 627
11 98 3 4 5 627
12 2 6 3 20 911
12 5 6 3 25 911
12 6 6 6 7 911
12 10 6 4 10 911
12 11 6 3 17 911
12 13 6 3 12 911
12 14 6 3 15 911
12 15 6 6 15 911
12 19 6 1 10 911
12 21 6 1 14 911
12 22 6 4 7 911
12 23 6 4 24 911
12 25 6 7 7 911
12 26 6 5 7 911
12 28 6 3 19 911
12 33 6 7 16 911
12 34 6 1 5 911
12 35 6 6 8 911
12 39 6 7 12 911
12 41 6 4 15 911
12 43 6 7 19 911
12 45 6 2 1 911
12 46 6 5 10 911
12 47 6 4 6 911
12 48 6 4 2 911
12 53 6 7 18 911
12 54 6 2 1 911
12 55 6 6 22 911
12 58 6 2 11 911
12 62 6 7 25 911
12 63 6 2 10 911
12 65 6 3 16 911
12 66 6 5 12 911
12 67 6 1 2 911
12 68 6 4 2 911
12 69 6 6 3 911
12 70 6 3 12 911
12 71 6 7 1 911
12 72 6 4 8 911
12 73 6 7 22 911
12 75 6 1 13 911
12 77 6 6 16 911
12 78 6 2 23 911
12 79 6 6 19 911
12 81 6 6 6 911
12 82 6 1 6 911
12 83 6 7 8 911
12 86 6 3 25 911
12 87 6 4 15 911
12 88 6 1 21 911
12 89 6 2 21 911
12 90 6 6 9 911
12 97 6 1 10 911
12 98 6 4 18 911
13 0 3 3 17 749
13 2 3 3 12 749
13 3 3 2 1 749
13 4 3 6 11 749
13 5 3 3 9 749
13 7 3 7 16 749
13 8 3 3 24 749
13 11 3 3 13 749
13 12 3 6 12 749
13 15 3 6 4 749
13 16 3 4 16 749
13 17 3 5 18 749
13 22 3 4 6 749
13 23 3 4 18 749
13 25 3 7 14 749
13 26 3 5 21 749
13 27 3 4 16 749
13 29 3 5 12 749
13 33 3 7 12 749
13 35 3 6 14 749
13 36 3 2 17 749
13 37 3 7 7 749
13 38 3 1 18 749
13 39 3 7 16 749
13 41 3 4 15 749
13 42 3 3 2 749
13 43 3 7 10 749
13 48 3 4 18 749
13 49 3 2 25 749
13 54 3 2 19 749
13 58 3 2 24 749
13 60 3 2 15 749
13 64 3 5 24 749
13 65 3 3 1 749
13 66 3 5 13 749
13 70 3 3 8 749
13 74 3 5 22 749
13 76 3 1 22 749
13 77 3 6 21 749
13 79 3 6 12 749
13 81 3 6 3 749
13 82 3 1 1 749
13 84 3 1 25 749
13 88 3 1 1 749
13 93 3 2 15 749
13 94 3 4 10 749
13 95 3 7 21 749
13 96 3 1 18 749
14 2 3 3 18 500
14 4 3 6 10 500
14 6 3 6 18 500
14 7 3 7 13 500
14 9 3 5 3 500
14 10 3 4 19 500
14 12 3 6 15 500
14 18 3 3 13 500
14 21 3 1 13 500
14 22 3 4 20 500
14 24 3 6 22 500
14 25 3 7 8 500
14 26 3 5 6 500
14 27 3 4 25 500
14 28 3 3 20 500
14 29 3 5 13 500
14 30 3 3 7 500
14 32 3 4 25 500
14 33 3 7 4 500
14 37 3 7 10 500
14 39 3 7 12 500
14 41 3 4 3 500
14 44 3 3 18 500
14 45 3 2 10 500
14 47 3 4 16 500
14 48 3 4 6 500
14 49 3 2 10 500
14 51 3 2 13 500
14 52 3 1 7 500
14 53 3 7 1 500
14 55 3 6 25 500
14 57 3 4 19 500
14 59 3 1 19 500
14 60 3 2 21 500
14 62 3 7 19 500
14 63 3 2 6 500
14 64 3 5 22 500
14 65 3 3 21 500
14 67 3 1 19 500
14 68 3 4 25 500
14 70 3 3 23 500
14 71 3 7 19 500
14 72 3 4 10 500
14 73 3 7 18 500
14 76 3 1 21 500
14 77 3 6 2 500
14 80 3 7 5 500
14 81 3 6 5 500
14 83 3 7 14 500
14 84 3 1 7 500
14 86 3 3 25 500
14 87 3 4 11 500
14 91 3 5 9 500
14 92 3 2 9 500
14 94 3 4 17 500
14 95 3 7 24 500
14 98 3 4 4 500
15 0 6 3 14 438
15 5 6 3 1 438
15 6 6 6 14 438
15 8 6 3 1 438
15 10 6 4 4 438
15 12 6 6 15 438
15 13 6 3 4 438
15 16 6 4 1 438
15 17 6 5 7 438
15 18 6 3 2 438
15 19 6 1 9 438
15 21 6 1 23 438
15 23 6 4 11 438
15 26 6 5 4 438
15 27 6 4 9 438
15 29 6 5 19 438
15 30 6 3 1 438
15 31 6 5 22 438
15 33 6 7 19 438
15 34 6 1 10 438
15 35 6 6 18 438
15 36 6 2 14 438
15 38 6 1 9 438
15 45 6 2 7 438
15 46 6 5 1 438
15 47 6 4 11 438
15 48 6 4 8 438
15 49 6 2 19 438
15 51 6 2 2 438
15 52 6 1 12 438
15 61 6 3 24 438
15 62 6 7 11 438
15 63 6 2 18 438
15 65 6 3 21 438
15 69 6 6 5 438
15 70 6 3 5 438
15 73 6 7 23 438
15 77 6 6 12 438
15 80 6 7 23 438
15 82 6 1 2 438
15 83 6 7 17 438
15 85 6 5 23 438
15 87 6 4 17 438
15 89 6 2 12 438
15 90 6 6 8 438
15 91 6 5 22 438
15 92 6 2 21 438
15 95 6 7 12 438
15 96 6 1 7 438
15 97 6 1 17 438
15 99 6 3 15 438
16 0 4 3 1 60
16 1 4 1 9 60
16 3 4 2 13 60
16 4 4 6 4 60
16 5 4 3 6 60
16 6 4 6 22 60
16 7 4 7 10 60
16 8 4 3 19 60
16 9 4 5 21 60
16 13 4 3 16 60
16 15 4 6 1 60
16 17 4 5 8 60
16 19 4 1 1 60
16 21 4 1 22 60
16 25 4 7 9 60
16 27 4 4 4 60
16 28 4 3 21 60
16 29 4 5 21 60
16 36 4 2 2 60
16 39 4 7 12 60
16 42 4 3 5 60
16 43 4 7 8 60
16 44 4 3 8 60
16 45 4 2 12 60
16 48 4 4 20 60
16 52 4 1 21 60
16 53 4 7 20 60
16 54 4 2 5 60
16 55 4 6 1 60
16 58 4 2 16 60
16 60 4 2 24 60
16 61 4 3 23 60
16 62 4 7 2 60
16 66 4 5 4 60
16 67 4 1 18 60
16 69 4 6 5 60
16 71 4 7 12 60
16 72 4 4 19 60
16 75 4 1 13 60
16 77 4 6 21 60
16 80 4 7 6 60
16 81 4 6 21 60
16 82 4 1 17 60
16 84 4 1 7 60
16 85 4 5 15 60
16 86 4 3 16 60
16 87 4 4 2 60
16 88 4 1 19 60
16 90 4 6 10 60
16 92 4 2 17 60
16 93 4 2 25 60
16 96 4 1 21 60
16 98 4 4 4 60
16 99 4 3 22 60
17 1 5 1 11 294
17 6 5 6 6 294
17 7 5 7 25 294
17 9 5 5 22 294
17 10 5 4 12 294
17 13 5 3 18 294
17 15 5 6 7 294
17 16 5 4 8 294
17 19 5 1 25 294
17 22 5 4 23 294
17 23 5 4 8 294
17 24 5 6 15 294
17 26 5 5 1 294
17 27 5 4 18 294
17 28 5 3 12 294
17 35 5 6 24 294
17 37 5 7 25 294
17 39 5 7 22 294
17 40 5 6 1 294
17 44 5 3 2 294
17 45 5 2 1 294
17 46 5 5 13 294
17 48 5 4 4 294
17 49 5 2 24 294
17 51 5 2 10 294
17 52 5 1 15 294
17 54 5 2 1 294
17 56 5 7 5 294
17 57 5 4 20 294
17 59 5 1 4 294
17 61 5 3 19 294
17 62 5 7 16 294
17 64 5 5 20 294
17 65 5 3 20 294
17 66 5 5 14 294
17 68 5 4 19 294
17 70 5 3 14 294
17 72 5 4 19 294
17 73 5 7 1 294
17 74 5 5 7 294
17 75 5 1 16 294
17 76 5 1 3 294
17 77 5 6 1 294
17 78 5 2 15 294
17 79 5 6 3 294
17 80 5 7 18 294
17 82 5 1 16 294
17 83 5 7 9 294
17 84 5 1 5 294
17 87 5 4 4 294
17 90 5 6 4 294
17 93 5 2 12 294
17 94 5 4 21 294
17 95 5 7 1 294
18 0 3 3 12 586
18 1 3 1 12 586
18 2 3 3 15 586
18 4 3 6 3 586
18 6 3 6 7 586
18 7 3 7 20 586
18 10 3 4 22 586
18 11 3 3 15 586
18 14 3 3 13 586
18 15 3 6 2 586
18 19 3 1 16 586
18 20 3 6 5 586
18 21 3 1 18 586
18 22 3 4 4 586
18 23 3 4 15 586
18 25 3 7 10 586
18 29 3 5 2 586
18 30 3 3 17 586
18 31 3 5 10 586
18 32 3 4 9 586
18 37 3 7 9 586
18 39 3 7 1 586
18 40 3 6 25 586
18 42 3 3 25 586
18 44 3 3 10 586
18 46 3 5 24 586
18 47 3 4 18 586
18 49 3 2 23 586
18 51 3 2 6 586
18 52 3 1 2 586
18 53 3 7 1 586
18 55 3 6 11 586
18 57 3 4 16 586
18 58 3 2 12 586
18 62 3 7 13 586
18 65 3 3 6 586
18 66 3 5 8 586
18 67 3 1 6 586
18 68 3 4 1 586
18 77 3 6 13 586
18 79 3 6 6 586
18 80 3 7 4 586
18 82 3 1 17 586
18 84 3 1 23 586
18 91 3 5 1 586
18 92 3 2 24 586
18 93 3 2 11 586
18 94 3 4 9 586
18 95 3 7 17 586
18 96 3 1 19 586
18 97 3 1 7 586
19 0 1 3 2 340
19 2 1 3 20 340
19 3 1 2 14 340
19 7 1 7 11 340
19 9 1 5 7 340
19 12 1 6 10 340
19 15 1 6 9 340
19 16 1 4 1 340
19 17 1 5 25 340
19 18 1 3 16 340
19 24 1 6 4 340
19 26 1 5 21 340
19 27 1 4 9 340
19 28 1 3 6 340
19 29 1 5 21 340
19 30 1 3 6 340
19 33 1 7 21 340
19 34 1 1 12 340
19 36 1 2 25 340
19 38 1 1 22 340
19 39 1 7 21 340
19 40 1 6 6 340
19 45 1 2 20 340
19 46 1 5 16 340
19 47 1 4 8 340
19 52 1 1 8 340
19 53 1 7 11 340
19 56 1 7 11 340
19 58 1 2 24 340
19 59 1 1 4 340
19 60 1 2 15 340
19 61 1 3 24 340
19 65 1 3 12 340
19 67 1 1 17 340
19 68 1 4 7 340
19 74 1 5 10 340
19 77 1 6 4 340
19 80 1 7 10 340
19 81 1 6 10 340
19 83 1 7 4 340
19 84 1 1 7 340
19 85 1 5 19 340
19 87 1 4 22 340
19 88 1 1 6 340
19 89 1 2 7 340
19 93 1 2 25 340
19 96 1 1 2 340
19 98 1 4 3 340
19 99 1 3 15 340
20 4 6 6 6 268
20 5 6 3 12 268
20 18 6 3 5 268
20 22 6 4 15 268
20 23 6 4 2 268
20 24 6 6 7 268
20 25 6 7 20 268
20 26 6 5 8 268
20 34 6 1 16 268
20 35 6 6 14 268
20 36 6 2 7 268
20 37 6 7 17 268
20 41 6 4 17 268
20 44 6 3 25 268
20 45 6 2 19 268
20 49 6 2 21 268
20 50 6 6 23 268
20 53 6 7 22 268
20 56 6 7 25 268
20 57 6 4 3 268
20 58 6 2 14 268
20 59 6 1 1 268
20 60 6 2 5 268
20 61 6 3 4 268
20 62 6 7 23 268
20 63 6 2 2 268
20 66 6 5 23 268
20 67 6 1 11 268
20 69 6 6 5 268
20 71 6 7 19 268
20 73 6 7 19 268
20 74 6 5 12 268
20 75 6 1 3 268
20 76 6 1 11 268
20 79 6 6 9 268
20 82 6 1 21 268
20 83 6 7 6 268
20 86 6 3 10 268
20 87 6 4 6 268
20 90 6 6 22 268
20 91 6 5 2 268
20 93 6 2 3 268
20 94 6 4 19 268
20 99 6 3 22 268
21 0 1 3 20 852
21 1 1 1 14 852
21 2 1 3 20 852
21 3 1 2 1 852
21 4 1 6 3 852
21 6 1 6 19 852
21 9 1 5 20 852
21 10 1 4 5 852
21 12 1 6 14 852
21 14 1 3 13 852
21 15 1 6 23 852
21 16 1 4 22 852
21 18 1 3 18 852
21 22 1 4 9 852
21 23 1 4 3 852
21 26 1 5 21 852
21 28 1 3 9 852
21 35 1 6 19 852
21 36 1 2 17 852
21 37 1 7 2 852
21 40 1 6 16 852
21 42 1 3 4 852
21 48 1 4 21 852
21 49 1 2 8 852
21 50 1 6 11 852
21 52 1 1 16 852
21 53 1 7 3 852
21 57 1 4 2 852
21 59 1 1 5 852
21 62 1 7 4 852
21 66 1 5 15 852
21 68 1 4 7 852
21 70 1 3 25 852
21 72 1 4 25 852
21 73 1 7 20 852
21 74 1 5 15 852
21 75 1 1 16 852
21 77 1 6 21 852
21 78 1 2 12 852
21 82 1 1 16 852
21 85 1 5 5 852
21 86 1 3 13 852
21 87 1 4 19 852
21 91 1 5 6 852
21 92 1 2 19 852
21 93 1 2 8 852
21 97 1 1 3 852
21 98 1 4 1 852
21 99 1 3 20 852
22 0 4 3 12 715
22 2 4 3 11 715
22 3 4 2 11 715
22 4 4 6 6 715
22 5 4 3 16 715
22 6 4 6 10 715
22 11 4 3 17 715
22 12 4 6 7 715
22 13 4 3 6 715
22 14 4 3 20 715
22 17 4 5 23 715
22 18 4 3 4 715
22 20 4 6 15 715
22 21 4 1 9 715
22 23 4 4 24 715
22 24 4 6 16 715
22 34 4 1 17 715
22 36 4 2 22 715
22 37 4 7 10 715
22 38 4 1 12 715
22 40 4 6 1 715
22 42 4 3 20 715
22 43 4 7 2 715
22 45 4 2 14 715
22 47 4 4 10 715
22 50 4 6 18 715
22 51 4 2 24 715
22 52 4 1 9 715
22 53 4 7 7 715
22 54 4 2 21 715
22 56 4 7 16 715
22 58 4 2 9 715
22 59 4 1 19 715
22 60 4 2 19 715
22 64 4 5 5 715
22 65 4 3 15 715
22 68 4 4 22 715
22 69 4 6 11 715
22 70 4 3 16 715
22 71 4 7 13 715
22 74 4 5 10 715
22 75 4 1 1 715
22 77 4 6 3 715
22 78 4 2 3 715
22 80 4 7 12 715
22 81 4 6 19 715
22 82 4 1 8 715
22 84 4 1 19 715
22 85 4 5 23 715
22 86 4 3 7 715
22 87 4 4 9 715
22 92 4 2 19 715
22 95 4 7 18 715
22 96 4 1 7 715
22 97 4 1 14 715
22 98 4 4 3 715
22 99 4 3 5 715
23 0 4 3 22 213
23 1 4 1 19 213
23 3 4 2 24 213
23 4 4 6 25 213
23 6 4 6 17 213
23 7 4 7 25 213
23 8 4 3 2 213
23 9 4 5 21 213
23 11 4 3 17 213
23 12 4 6 24 213
23 13 4 3 18 213
23 15 4 6 11 213
23 17 4 5 8 213
23 18 4 3 15 213
23 20 4 6 2 213
23 21 4 1 3 213
23 22 4 4 24 213
23 25 4 7 12 213
23 26 4 5 7 213
23 27 4 4 5 213
23 29 4 5 22 213
23 30 4 3 19 213
23 31 4 5 5 213
23 32 4 4 21 213
23 33 4 7 1 213
23 35 4 6 7 213
23 41 4 4 20 213
23 42 4 3 12 213
23 49 4 2 21 213
23 50 4 6 14 213
23 51 4 2 11 213
23 54 4 2 13 213
23 57 4 4 25 213
23 59 4 1 4 213
23 60 4 2 2 213
23 61 4 3 10 213
23 65 4 3 21 213
23 66 4 5 4 213
23 67 4 1 18 213
23 69 4 6 19 213
23 72 4 4 21 213
23 74 4 5 1 213
23 81 4 6 25 213
23 83 4 7 19 213
23 85 4 5 19 213
23 86 4 3 17 213
23 89 4 2 4 213
23 90 4 6 15 213
23 91 4 5 17 213
23 92 4 2 17 213
23 94 4 4 21 213
23 95 4 7 11 213
23 97 4 1 9 213
23 98 4 4 18 213
23 99 4 3 7 213
24 0 6 3 10 833
24 1 6 1 6 833
24 5 6 3 6 833
24 7 6 7 5 833
24 8 6 3 2 833
24 11 6 3 7 833
24 14 6 3 22 833
24 17 6 5 15 833
24 19 6 1 4 833
24 20 6 6 7 833
24 22 6 4 16 833
24 25 6 7 6 833
24 26 6 5 17 833
24 29 6 5 17 833
24 30 6 3 16 833
24 31 6 5 13 833
24 32 6 4 14 833
24 33 6 7 11 833
24 34 6 1 12 833
24 35 6 6 25 833
24 36 6 2 11 833
24 37 6 7 5 833
24 38 6 1 12 833
24 39 6 7 19 833
24 43 6 7 12 833
24 44 6 3 7 833
24 48 6 4 5 833
24 49 6 2 23 833
24 51 6 2 2 833
24 52 6 1 9 833
24 53 6 7 11 833
24 54 6 2 25 833
24 55 6 6 10 833
24 56 6 7 9 833
24 58 6 2 18 833
24 63 6 2 10 833
24 64 6 5 8 833
24 66 6 5 13 833
24 67 6 1 16 833
24 69 6 6 7 833
24 75 6 1 7 833
24 76 6 1 4 833
24 77 6 6 11 833
24 79 6 6 10 833
24 84 6 1 22 833
24 85 6 5 4 833
24 88 6 1 15 833
24 90 6 6 5 833
24 92 6 2 25 833
24 94 6 4 4 833
24 96 6 1 11 833
24 97 6 1 13 833
24 98 6 4 16 833
24 99 6 3 8 833
25 1 7 1 10 999
25 6 7 6 10 999
25 7 7 7 18 999
25 8 7 3 10 999
25 12 7 6 7 999
25 13 7 3 14 999
25 14 7 3 8 999
25 16 7 4 9 999
25 18 7 3 10 999
25 20 7 6 20 999
25 23 7 4 12 999
25 24 7 6 6 999
25 26 7 5 13 999
25 27 7 4 25 999
25 28 7 3 9 999
25 30 7 3 22 999
25 31 7 5 4 999
25 33 7 7 13 999
25 34 7 1 1 999
25 35 7 6 1 999
25 38 7 1 16 999
25 39 7 7 22 999
25 41 7 4 19 999
25 43 7 7 10 999
25 46 7 5 6 999
25 47 7 4 19 999
25 49 7 2 13 999
25 51 7 2 18 999
25 56 7 7 18 999
25 58 7 2 10 999
25 59 7 1 16 999
25 60 7 2 25 999
25 62 7 7 18 999
25 65 7 3 19 999
25 66 7 5 17 999
25 67 7 1 4 999
25 68 7 4 3 999
25 70 7 3 4 999
25 71 7 7 16 999
25 76 7 1 23 999
25 81 7 6 22 999
25 82 7 1 21 999
25 83 7 7 10 999
25 84 7 1 2 999
25 85 7 5 16 999
25 92 7 2 7 999
25 96 7 1 2 999
25 97 7 1 11 999
25 98 7 4 19 999
26 0 5 3 7 600
26 3 5 2 21 600
26 6 5 6 11 600
26 11 5 3 17 600
26 12 5 6 7 600
26 13 5 3 21 600
26 14 5 3 6 600
26 15 5 6 4 600
26 17 5 5 1 600
26 19 5 1 21 600
26 20 5 6 8 600
26 21 5 1 21 600
26 23 5 4 7 600
26 24 5 6 17 600
26 25 5 7 13 600
26 27 5 4 19 600
26 30 5 3 13 600
26 32 5 4 23 600
26 33 5 7 1 600
26 34 5 1 20 600
26 35 5 6 4 600
26 36 5 2 2 600
26 38 5 1 1 600
26 41 5 4 13 600
26 42 5 3 3 600
26 45 5 2 8 600
26 47 5 4 12 600
26 48 5 4 18 600
26 52 5 1 8 600
26 53 5 7 4 600
26 55 5 6 2 600
26 56 5 7 9 600
26 57 5 4 18 600
26 60 5 2 15 600
26 61 5 3 7 600
26 64 5 5 23 600
26 66 5 5 2 600
26 67 5 1 21 600
26 68 5 4 20 600
26 69 5 6 17 600
26 72 5 4 13 600
26 73 5 7 13 600
26 76 5 1 18 600
26 77 5 6 20 600
26 78 5 2 4 600
26 79 5 6 13 600
26 86 5 3 14 600
26 87 5 4 23 600
26 88 5 1 4 600
26 89 5 2 18 600
26 91 5 5 20 600
26 93 5 2 3 600
26 95 5 7 10 600
26 96 5 1 22 600
26 97 5 1 11 600
26 98 5 4 12 600
27 1 4 1 20 244
27 7 4 7 8 244
27 8 4 3 2 244
27 10 4 4 13 244
27 11 4 3 1 244
27 13 4 3 16 244
27 14 4 3 25 244
27 15 4 6 9 244
27 16 4 4 4 244
27 17 4 5 18 244
27 19 4 1 9 244
27 23 4 4 5 244
27 25 4 7 25 244
27 26 4 5 19 244
27 28 4 3 3 244
27 30 4 3 13 244
27 33 4 7 6 244
27 35 4 6 9 244
27 36 4 2 4 244
27 38 4 1 22 244
27 40 4 6 7 244
27 41 4 4 25 244
27 42 4 3 23 244
27 43 4 7 5 244
27 50 4 6 13 244
27 55 4 6 21 244
27 56 4 7 12 244
27 57 4 4 5 244
27 58 4 2 15 244
27 59 4 1 7 244
27 60 4 2 22 244
27 61 4 3 11 244
27 62 4 7 18 244
27 68 4 4 1 244
27 69 4 6 19 244
27 70 4 3 11 244
27 71 4 7 8 244
27 75 4 1 8 244
27 76 4 1 9 244
27 87 4 4 20 244
27 91 4 5 14 244
27 93 4 2 4 244
27 96 4 1 25 244
27 97 4 1 8 244
28 0 3 3 11 98
28 1 3 1 10 98
28 4 3 6 13 98
28 7 3 7 13 98
28 8 3 3 21 98
28 9 3 5 24 98
28 11 3 3 14 98
28 12 3 6 19 98
28 14 3 3 20 98
28 16 3 4 21 98
28 17 3 5 12 98
28 19 3 1 6 98
28 21 3 1 9 98
28 25 3 7 9 98
28 27 3 4 3 98
28 31 3 5 14 98
28 33 3 7 5 98
28 34 3 1 6 98
28 39 3 7 21 98
28 41 3 4 10 98
28 42 3 3 15 98
28 44 3 3 14 98
28 48 3 4 12 98
28 50 3 6 17 98
28 51 3 2 4 98
28 53 3 7 20 98
28 55 3 6 1 98
28 56 3 7 22 98
28 57 3 4 17 98
28 58 3 2 4 98
28 59 3 1 21 98
28 61 3 3 4 98
28 62 3 7 19 98
28 63 3 2 14 98
28 64 3 5 12 98
28 65 3 3 1 98
28 67 3 1 2 98
28 69 3 6 1 98
28 73 3 7 9 98
28 74 3 5 23 98
28 75 3 1 6 98
28 76 3 1 17 98
28 77 3 6 9 98
28 78 3 2 20 98
28 81 3 6 11 98
28 82 3 1 16 98
28 83 3 7 8 98
28 84 3 1 20 98
28 85 3 5 14 98
28 89 3 2 12 98
28 93 3 2 23 98
28 94 3 4 9 98
28 95 3 7 14 98
28 98 3 4 8 98
28 99 3 3 11 98
29 0 5 3 20 336
29 1 5 1 11 336
29 2 5 3 14 336
29 4 5 6 18 336
29 5 5 3 17 336
29 6 5 6 18 336
29 9 5 5 16 336
29 11 5 3 10 336
29 13 5 3 12 336
29 14 5 3 13 336
29 15 5 6 19 336
29 16 5 4 21 336
29 18 5 3 2 336
29 19 5 1 21 336
29 23 5 4 22 336
29 24 5 6 17 336
29 32 5 4 13 336
29 33 5 7 5 336
29 35 5 6 6 336
29 36 5 2 25 336
29 37 5 7 20 336
29 40 5 6 8 336
29 41 5 4 24 336
29 44 5 3 12 336
29 47 5 4 15 336
29 49 5 2 13 336
29 51 5 2 8 336
29 56 5 7 24 336
29 58 5 2 22 336
29 61 5 3 13 336
29 62 5 7 19 336
29 65 5 3 21 336
29 67 5 1 15 336
29 68 5 4 11 336
29 71 5 7 17 336
29 73 5 7 12 336
29 76 5 1 17 336
29 77 5 6 9 336
29 81 5 6 23 336
29 86 5 3 9 336
29 89 5 2 25 336
29 91 5 5 12 336
29 98 5 4 19 336
29 99 5 3 13 336
30 0 3 3 15 763
30 1 3 1 2 763
30 3 3 2 2 763
30 4 3 6 6 763
30 5 3 3 17 763
30 6 3 6 11 763
30 9 3 5 18 763
30 11 3 3 10 763
30 14 3 3 7 763
30 15 3 6 1 763
30 18 3 3 17 763
30 19 3 1 6 763
30 23 3 4 19 763
30 24 3 6 16 763
30 25 3 7 22 763
30 26 3 5 13 763
30 27 3 4 13 763
30 33 3 7 18 763
30 38 3 1 23 763
30 39 3 7 6 763
30 40 3 6 17 763
30 46 3 5 21 763
30 48 3 4 13 763
30 49 3 2 5 763
30 51 3 2 22 763
30 53 3 7 14 763
30 58 3 2 9 763
30 60 3 2 22 763
30 61 3 3 25 763
30 66 3 5 14 763
30 68 3 4 17 763
30 69 3 6 16 763
30 70 3 3 21 763
30 73 3 7 10 763
30 74 3 5 24 763
30 76 3 1 8 763
30 78 3 2 8 763
30 79 3 6 8 763
30 80 3 7 18 763
30 82 3 1 9 763
30 84 3 1 12 763
30 85 3 5 10 763
30 89 3 2 16 763
30 90 3 6 17 763
30 91 3 5 24 763
30 92 3 2 6 763
30 94 3 4 16 763
30 95 3 7 23 763
30 96 3 1 2 763
30 97 3 1 13 763
30 99 3 3 13 763
31 0 5 3 3 617
31 5 5 3 1 617
31 8 5 3 8 617
31 9 5 5 10 617
31 10 5 4 15 617
31 11 5 3 24 617
31 15 5 6 22 617
31 18 5 3 10 617
31 23 5 4 5 617
31 24 5 6 13 617
31 25 5 7 4 617
31 28 5 3 14 617
31 32 5 4 5 617
31 34 5 1 20 617
31 39 5 7 21 617
31 40 5 6 7 617
31 41 5 4 15 617
31 42 5 3 12 617
31 43 5 7 25 617
31 47 5 4 3 617
31 50 5 6 5 617
31 51 5 2 24 617
31 52 5 1 17 617
31 54 5 2 25 617
31 56 5 7 12 617
31 58 5 2 9 617
31 59 5 1 22 617
31 61 5 3 14 617
31 62 5 7 25 617
31 63 5 2 16 617
31 64 5 5 14 617
31 65 5 3 23 617
31 66 5 5 20 617
31 69 5 6 14 617
31 70 5 3 23 617
31 74 5 5 1 617
31 78 5 2 7 617
31 79 5 6 9 617
31 83 5 7 3 617
31 85 5 5 25 617
31 86 5 3 18 617
31 87 5 4 11 617
31 88 5 1 4 617
31 89 5 2 10 617
31 90 5 6 13 617
31 91 5 5 10 617
31 93 5 2 25 617
31 95 5 7 23 617
31 97 5 1 7 617
31 98 5 4 7 617
32 0 4 3 18 202
32 1 4 1 13 202
32 2 4 3 9 202
32 4 4 6 24 202
32 6 4 6 4 202
32 9 4 5 4 202
32 14 4 3 25 202
32 18 4 3 9 202
32 23 4 4 21 202
32 24 4 6 14 202
32 26 4 5 23 202
32 29 4 5 13 202
32 31 4 5 5 202
32 33 4 7 22 202
32 35 4 6 23 202
32 36 4 2 20 202
32 37 4 7 16 202
32 41 4 4 9 202
32 44 4 3 19 202
32 45 4 2 20 202
32 46 4 5 1 202
32 50 4 6 7 202
32 51 4 2 3 202
32 52 4 1 25 202
32 53 4 7 8 202
32 54 4 2 23 202
32 55 4 6 4 202
32 56 4 7 15 202
32 57 4 4 2 202
32 58 4 2 2 202
32 62 4 7 23 202
32 64 4 5 22 202
32 65 4 3 17 202
32 67 4 1 18 202
32 68 4 4 6 202
32 70 4 3 18 202
32 71 4 7 7 202
32 72 4 4 24 202
32 75 4 1 13 202
32 77 4 6 16 202
32 81 4 6 24 202
32 84 4 1 14 202
32 85 4 5 22 202
32 87 4 4 5 202
32 88 4 1 15 202
32 90 4 6 22 202
32 91 4 5 14 202
32 92 4 2 16 202
32 96 4 1 5 202
33 1 7 1 10 584
33 3 7 2 1 584
33 5 7 3 1 584
33 6 7 6 9 584
33 8 7 3 4 584
33 11 7 3 19 584
33 12 7 6 16 584
33 13 7 3 12 584
33 14 7 3 4 584
33 15 7 6 19 584
33 19 7 1 21 584
33 23 7 4 1 584
33 24 7 6 11 584
33 25 7 7 13 584
33 26 7 5 1 584
33 27 7 4 6 584
33 28 7 3 5 584
33 29 7 5 5 584
33 30 7 3 18 584
33 32 7 4 22 584
33 35 7 6 23 584
33 36 7 2 9 584
33 40 7 6 22 584
33 41 7 4 2 584
33 42 7 3 17 584
33 43 7 7 5 584
33 45 7 2 11 584
33 47 7 4 24 584
33 50 7 6 8 584
33 51 7 2 15 584
33 54 7 2 16 584
33 55 7 6 24 584
33 57 7 4 11 584
33 58 7 2 14 584
33 59 7 1 24 584
33 61 7 3 12 584
33 63 7 2 15 584
33 66 7 5 24 584
33 70 7 3 22 584
33 71 7 7 8 584
33 72 7 4 1 584
33 74 7 5 11 584
33 78 7 2 5 584
33 79 7 6 18 584
33 80 7 7 2 584
33 82 7 1 23 584
33 84 7 1 25 584
33 85 7 5 25 584
33 86 7 3 5 584
33 88 7 1 7 584
33 89 7 2 9 584
33 90 7 6 22 584
33 91 7 5 18 584
33 96 7 1 6 584
33 97 7 1 20 584
33 98 7 4 17 584
33 99 7 3 24 584
34 7 1 7 23 101
34 12 1 6 5 101
34 15 1 6 10 101
34 19 1 1 12 101
34 20 1 6 16 101
34 22 1 4 17 101
34 24 1 6 12 101
34 25 1 7 1 101
34 26 1 5 20 101
34 28 1 3 6 101
34 31 1 5 20 101
34 37 1 7 6 101
34 39 1 7 5 101
34 40 1 6 9 101
34 42 1 3 18 101
34 45 1 2 13 101
34 47 1 4 13 101
34 48 1 4 15 101
34 49 1 2 24 101
34 52 1 1 5 101
34 53 1 7 14 101
34 54 1 2 14 101
34 55 1 6 16 101
34 59 1 1 8 101
34 60 1 2 8 101
34 62 1 7 11 101
34 64 1 5 9 101
34 65 1 3 16 101
34 66 1 5 23 101
34 67 1 1 11 101
34 71 1 7 14 101
34 72 1 4 15 101
34 73 1 7 1 101
34 75 1 1 6 101
34 77 1 6 16 101
34 80 1 7 7 101
34 81 1 6 23 101
34 82 1 1 2 101
34 89 1 2 23 101
34 91 1 5 18 101
34 92 1 2 4 101
34 94 1 4 14 101
34 96 1 1 1 101
34 97 1 1 11 101
34 98 1 4 21 101
35 0 6 3 2 669
35 1 6 1 11 669
35 2 6 3 18 669
35 3 6 2 2 669
35 4 6 6 6 669
35 5 6 3 7 669
35 6 6 6 4 669
35 8 6 3 14 669
35 11 6 3 16 669
35 12 6 6 8 669
35 13 6 3 14 669
35 15 6 6 18 669
35 17 6 5 24 669
35 20 6 6 14 669
35 21 6 1 19 669
35 23 6 4 7 669
35 24 6 6 25 669
35 25 6 7 1 669
35 26 6 5 4 669
35 27 6 4 9 669
35 29 6 5 6 669
35 32 6 4 23 669
35 33 6 7 23 669
35 37 6 7 15 669
35 40 6 6 17 669
35 42 6 3 20 669
35 46 6 5 6 669
35 49 6 2 1 669
35 50 6 6 1 669
35 52 6 1 1 669
35 53 6 7 11 669
35 54 6 2 6 669
35 56 6 7 16 669
35 57 6 4 14 669
35 60 6 2 25 669
35 62 6 7 12 669
35 63 6 2 21 669
35 66 6 5 13 669
35 68 6 4 10 669
35 71 6 7 9 669
35 72 6 4 22 669
35 76 6 1 11 669
35 78 6 2 14 669
35 80 6 7 2 669
35 83 6 7 14 669
35 85 6 5 16 669
35 87 6 4 8 669
35 88 6 1 25 669
35 90 6 6 20 669
35 91 6 5 23 669
35 92 6 2 22 669
35 94 6 4 4 669
35 97 6 1 23 669
36 1 2 1 6 154
36 3 2 2 2 154
36 5 2 3 11 154
36 6 2 6 24 154
36 7 2 7 1 154
36 10 2 4 11 154
36 11 2 3 21 154
36 13 2 3 17 154
36 15 2 6 14 154
36 16 2 4 2 154
36 19 2 1 25 154
36 20 2 6 7 154
36 21 2 1 17 154
36 22 2 4 22 154
36 24 2 6 11 154
36 26 2 5 2 154
36 27 2 4 4 154
36 29 2 5 25 154
36 32 2 4 20 154
36 33 2 7 9 154
36 38 2 1 5 154
36 39 2 7 7 154
36 41 2 4 10 154
36 43 2 7 22 154
36 44 2 3 6 154
36 50 2 6 24 154
36 52 2 1 8 154
36 53 2 7 22 154
36 54 2 2 7 154
36 55 2 6 10 154
36 56 2 7 2 154
36 57 2 4 15 154
36 60 2 2 3 154
36 61 2 3 1 154
36 62 2 7 20 154
36 65 2 3 16 154
36 66 2 5 6 154
36 67 2 1 12 154
36 70 2 3 22 154
36 71 2 7 17 154
36 72 2 4 16 154
36 75 2 1 14 154
36 79 2 6 24 154
36 81 2 6 12 154
36 83 2 7 1 154
36 84 2 1 13 154
36 87 2 4 24 154
36 93 2 2 18 154
36 99 2 3 2 154
37 0 7 3 23 297
37 1 7 1 23 297
37 2 7 3 8 297
37 3 7 2 15 297
37 4 7 6 24 297
37 8 7 3 10 297
37 11 7 3 20 297
37 13 7 3 7 297
37 14 7 3 10 297
37 17 7 5 25 297
37 18 7 3 9 297
37 20 7 6 17 297
37 21 7 1 2 297
37 22 7 4 10 297
37 24 7 6 5 297
37 29 7 5 20 297
37 32 7 4 16 297
37 34 7 1 6 297
37 35 7 6 15 297
37 39 7 7 25 297
37 42 7 3 11 297
37 46 7 5 14 297
37 48 7 4 18 297
37 51 7 2 11 297
37 53 7 7 8 297
37 57 7 4 4 297
37 58 7 2 9 297
37 61 7 3 10 297
37 63 7 2 11 297
37 65 7 3 1 297
37 67 7 1 18 297
37 72 7 4 15 297
37 74 7 5 2 297
37 75 7 1 3 297
37 76 7 1 4 297
37 80 7 7 13 297
37 81 7 6 13 297
37 83 7 7 16 297
37 86 7 3 12 297
37 88 7 1 6 297
37 89 7 2 25 297
37 91 7 5 19 297
37 93 7 2 15 297
37 94 7 4 17 297
37 97 7 1 20 297
37 98 7 4 6 297
38 1 1 1 24 266
38 2 1 3 23 266
38 3 1 2 17 266
38 4 1 6 5 266
38 5 1 3 6 266
38 6 1 6 7 266
38 7 1 7 24 266
38 8 1 3 6 266
38 13 1 3 18 266
38 15 1 6 9 266
38 19 1 1 22 266
38 22 1 4 12 266
38 24 1 6 12 266
38 25 1 7 16 266
38 26 1 5 1 266
38 27 1 4 22 266
38 30 1 3 23 266
38 36 1 2 5 266
38 39 1 7 21 266
38 40 1 6 12 266
38 41 1 4 6 266
38 45 1 2 2 266
38 46 1 5 4 266
38 52 1 1 16 266
38 55 1 6 10 266
38 56 1 7 10 266
38 59 1 1 22 266
38 60 1 2 1 266
38 61 1 3 7 266
38 67 1 1 14 266
38 68 1 4 8 266
38 70 1 3 19 266
38 73 1 7 6 266
38 74 1 5 14 266
38 75 1 1 11 266
38 81 1 6 18 266
38 84 1 1 17 266
38 86 1 3 2 266
38 87 1 4 23 266
38 89 1 2 4 266
38 92 1 2 23 266
38 93 1 2 22 266
38 96 1 1 13 266
39 1 7 1 7 520
39 2 7 3 17 520
39 4 7 6 3 520
39 5 7 3 14 520
39 6 7 6 3 520
39 7 7 7 24 520
39 9 7 5 9 520
39 12 7 6 12 520
39 13 7 3 16 520
39 14 7 3 12 520
39 16 7 4 12 520
39 17 7 5 22 520
39 18 7 3 1 520
39 19 7 1 21 520
39 24 7 6 19 520
39 25 7 7 22 520
39 28 7 3 21 520
39 30 7 3 6 520
39 31 7 5 21 520
39 34 7 1 5 520
39 36 7 2 7 520
39 37 7 7 25 520
39 38 7 1 21 520
39 42 7 3 18 520
39 44 7 3 9 520
39 48 7 4 3 520
39 49 7 2 18 520
39 50 7 6 18 520
39 57 7 4 15 520
39 58 7 2 3 520
39 60 7 2 5 520
39 62 7 7 14 520
39 64 7 5 4 520
39 65 7 3 18 520
39 69 7 6 22 520
39 71 7 7 17 520
39 73 7 7 3 520
39 74 7 5 12 520
39 75 7 1 21 520
39 80 7 7 22 520
39 81 7 6 4 520
39 86 7 3 15 520
39 88 7 1 3 520
39 90 7 6 16 520
39 91 7 5 23 520
39 92 7 2 1 520
39 94 7 4 7 520
39 96 7 1 5 520
40 0 6 3 15 841
40 1 6 1 23 841
40 3 6 2 15 841
40 6 6 6 15 841
40 9 6 5 7 841
40 11 6 3 21 841
40 17 6 5 1 841
40 18 6 3 25 841
40 19 6 1 6 841
40 21 6 1 16 841
40 22 6 4 1 841
40 27 6 4 7 841
40 29 6 5 8 841
40 30 6 3 17 841
40 31 6 5 7 841
40 33 6 7 22 841
40 34 6 1 9 841
40 35 6 6 17 841
40 38 6 1 12 841
40 43 6 7 4 841
40 45 6 2 19 841
40 48 6 4 13 841
40 51 6 2 25 841
40 54 6 2 6 841
40 59 6 1 21 841
40 60 6 2 5 841
40 63 6 2 9 841
40 64 6 5 13 841
40 65 6 3 24 841
40 66 6 5 13 841
40 67 6 1 5 841
40 68 6 4 16 841
40 70 6 3 16 841
40 71 6 7 2 841
40 72 6 4 6 841
40 78 6 2 16 841
40 79 6 6 20 841
40 81 6 6 22 841
40 82 6 1 22 841
40 83 6 7 3 841
40 84 6 1 19 841
40 85 6 5 6 841
40 89 6 2 14 841
40 90 6 6 4 841
40 93 6 2 16 841
40 96 6 1 12 841
40 98 6 4 6 841
40 99 6 3 25 841
41 1 4 1 3 839
41 2 4 3 24 839
41 3 4 2 6 839
41 4 4 6 7 839
41 5 4 3 6 839
41 7 4 7 18 839
41 8 4 3 14 839
41 10 4 4 5 839
41 12 4 6 15 839
41 13 4 3 15 839
41 14 4 3 3 839
41 20 4 6 17 839
41 23 4 4 20 839
41 25 4 7 19 839
41 26 4 5 13 839
41 27 4 4 25 839
41 28 4 3 10 839
41 29 4 5 24 839
41 31 4 5 15 839
41 32 4 4 9 839
41 33 4 7 2 839
41 36 4 2 10 839
41 38 4 1 6 839
41 43 4 7 7 839
41 46 4 5 16 839
41 47 4 4 2 839
41 48 4 4 5 839
41 52 4 1 16 839
41 53 4 7 24 839
41 55 4 6 23 839
41 56 4 7 19 839
41 57 4 4 3 839
41 58 4 2 11 839
41 63 4 2 24 839
41 66 4 5 12 839
41 67 4 1 23 839
41 68 4 4 11 839
41 69 4 6 15 839
41 72 4 4 9 839
41 73 4 7 18 839
41 75 4 1 16 839
41 76 4 1 3 839
41 77 4 6 2 839
41 78 4 2 12 839
41 79 4 6 3 839
41 84 4 1 5 839
41 85 4 5 6 839
41 89 4 2 3 839
41 91 4 5 22 839
41 92 4 2 10 839
41 94 4 4 25 839
41 97 4 1 4 839
42 0 3 3 12 870
42 2 3 3 4 870
42 3 3 2 4 870
42 4 3 6 5 870
42 6 3 6 11 870
42 9 3 5 8 870
42 10 3 4 15 870
42 13 3 3 2 870
42 16 3 4 5 870
42 18 3 3 25 870
42 21 3 1 4 870
42 22 3 4 20 870
42 23 3 4 12 870
42 26 3 5 3 870
42 27 3 4 23 870
42 28 3 3 15 870
42 31 3 5 12 870
42 33 3 7 17 870
42 34 3 1 18 870
42 35 3 6 20 870
42 37 3 7 11 870
42 39 3 7 18 870
42 43 3 7 5 870
42 45 3 2 12 870
42 47 3 4 13 870
42 51 3 2 18 870
42 52 3 1 25 870
42 54 3 2 5 870
42 56 3 7 18 870
42 59 3 1 9 870
42 63 3 2 2 870
42 64 3 5 17 870
42 68 3 4 3 870
42 69 3 6 24 870
42 71 3 7 17 870
42 72 3 4 19 870
42 76 3 1 18 870
42 78 3 2 10 870
42 80 3 7 15 870
42 84 3 1 15 870
42 86 3 3 1 870
42 90 3 6 23 870
42 92 3 2 2 870
42 93 3 2 10 870
42 96 3 1 16 870
43 2 7 3 6 97
43 3 7 2 10 97
43 5 7 3 17 97
43 11 7 3 5 97
43 12 7 6 19 97
43 13 7 3 10 97
43 16 7 4 8 97
43 22 7 4 2 97
43 24 7 6 12 97
43 25 7 7 10 97
43 27 7 4 5 97
43 31 7 5 25 97
43 33 7 7 5 97
43 36 7 2 22 97
43 40 7 6 4 97
43 41 7 4 7 97
43 42 7 3 5 97
43 44 7 3 9 97
43 45 7 2 10 97
43 46 7 5 20 97
43 48 7 4 2 97
43 49 7 2 10 97
43 51 7 2 3 97
43 54 7 2 20 97
43 55 7 6 24 97
43 58 7 2 25 97
43 59 7 1 22 97
43 60 7 2 22 97
43 61 7 3 20 97
43 62 7 7 7 97
43 63 7 2 12 97
43 64 7 5 5 97
43 66 7 5 24 97
43 67 7 1 16 97
43 68 7 4 14 97
43 69 7 6 3 97
43 72 7 4 7 97
43 74 7 5 16 97
43 75 7 1 25 97
43 76 7 1 2 97
43 78 7 2 20 97
43 79 7 6 6 97
43 81 7 6 22 97
43 82 7 1 22 97
43 90 7 6 16 97
43 91 7 5 23 97
43 94 7 4 21 97
43 95 7 7 18 97
43 96 7 1 9 97
43 98 7 4 13 97
44 0 3 3 16 421
44 2 3 3 15 421
44 4 3 6 22 421
44 5 3 3 16 421
44 6 3 6 6 421
44 7 3 7 20 421
44 14 3 3 18 421
44 16 3 4 8 421
44 17 3 5 2 421
44 18 3 3 10 421
44 20 3 6 25 421
44 24 3 6 7 421
44 28 3 3 14 421
44 29 3 5 12 421
44 32 3 4 19 421
44 36 3 2 6 421
44 39 3 7 9 421
44 43 3 7 9 421
44 47 3 4 10 421
44 54 3 2 8 421
44 55 3 6 7 421
44 57 3 4 6 421
44 60 3 2 19 421
44 61 3 3 12 421
44 65 3 3 23 421
44 69 3 6 21 421
44 72 3 4 5 421
44 75 3 1 11 421
44 77 3 6 24 421
44 78 3 2 3 421
44 79 3 6 11 421
44 80 3 7 19 421
44 81 3 6 20 421
44 82 3 1 13 421
44 83 3 7 13 421
44 84 3 1 12 421
44 85 3 5 12 421
44 86 3 3 24 421
44 87 3 4 12 421
44 89 3 2 15 421
44 91 3 5 24 421
44 92 3 2 20 421
44 93 3 2 11 421
44 94 3 4 23 421
44 97 3 1 19 421
44 98 3 4 9 421
45 1 2 1 19 577
45 2 2 3 6 577
45 6 2 6 15 577
45 7 2 7 19 577
45 11 2 3 1 577
45 12 2 6 1 577
45 14 2 3 10 577
45 15 2 6 7 577
45 16 2 4 12 577
45 17 2 5 1 577
45 19 2 1 20 577
45 20 2 6 19 577
45 22 2 4 14 577
45 26 2 5 8 577
45 32 2 4 20 577
45 33 2 7 11 577
45 34 2 1 13 577
45 38 2 1 2 577
45 40 2 6 19 577
45 42 2 3 12 577
45 43 2 7 10 577
45 46 2 5 15 577
45 47 2 4 25 577
45 48 2 4 16 577
45 49 2 2 25 577
45 53 2 7 24 577
45 58 2 2 9 577
45 60 2 2 15 577
45 62 2 7 21 577
45 63 2 2 24 577
45 64 2 5 3 577
45 69 2 6 12 577
45 71 2 7 22 577
45 76 2 1 3 577
45 77 2 6 16 577
45 79 2 6 4 577
45 80 2 7 9 577
45 81 2 6 22 577
45 82 2 1 14 577
45 83 2 7 23 577
45 84 2 1 1 577
45 85 2 5 19 577
45 88 2 1 18 577
45 91 2 5 13 577
45 93 2 2 13 577
45 96 2 1 20 577
45 97 2 1 23 577
45 98 2 4 17 577
46 10 5 4 14 198
46 11 5 3 18 198
46 12 5 6 10 198
46 15 5 6 1 198
46 17 5 5 13 198
46 18 5 3 24 198
46 19 5 1 16 198
46 25 5 7 6 198
46 30 5 3 21 198
46 32 5 4 1 198
46 35 5 6 6 198
46 37 5 7 14 198
46 38 5 1 4 198
46 41 5 4 16 198
46 43 5 7 20 198
46 45 5 2 15 198
46 48 5 4 11 198
46 50 5 6 11 198
46 51 5 2 21 198
46 53 5 7 16 198
46 54 5 2 16 198
46 55 5 6 25 198
46 56 5 7 6 198
46 57 5 4 15 198
46 60 5 2 16 198
46 62 5 7 17 198
46 64 5 5 19 198
46 68 5 4 5 198
46 74 5 5 5 198
46 77 5 6 23 198
46 78 5 2 12 198
46 80 5 7 2 198
46 82 5 1 24 198
46 87 5 4 17 198
46 88 5 1 6 198
46 89 5 2 25 198
46 91 5 5 4 198
46 92 5 2 9 198
46 93 5 2 15 198
46 94 5 4 21 198
46 95 5 7 14 198
46 96 5 1 2 198
46 99 5 3 22 198
47 1 4 1 7 228
47 2 4 3 2 228
47 3 4 2 25 228
47 4 4 6 19 228
47 5 4 3 18 228
47 6 4 6 22 228
47 8 4 3 13 228
47 9 4 5 22 228
47 12 4 6 6 228
47 14 4 3 16 228
47 15 4 6 11 228
47 18 4 3 18 228
47 19 4 1 8 228
47 22 4 4 10 228
47 25 4 7 19 228
47 26 4 5 12 228
47 29 4 5 15 228
47 31 4 5 3 228
47 33 4 7 24 228
47 34 4 1 13 228
47 41 4 4 2 228
47 42 4 3 13 228
47 44 4 3 10 228
47 45 4 2 25 228
47 48 4 4 3 228
47 49 4 2 19 228
47 56 4 7 10 228
47 57 4 4 17 228
47 58 4 2 10 228
47 59 4 1 25 228
47 60 4 2 5 228
47 61 4 3 1 228
47 62 4 7 14 228
47 66 4 5 3 228
47 68 4 4 16 228
47 69 4 6 10 228
47 71 4 7 5 228
47 78 4 2 13 228
47 79 4 6 19 228
47 80 4 7 1 228
47 84 4 1 3 228
47 85 4 5 20 228
47 88 4 1 3 228
47 89 4 2 10 228
47 90 4 6 12 228
47 91 4 5 14 228
47 95 4 7 17 228
47 96 4 1 19 228
48 4 4 6 24 434
48 5 4 3 9 434
48 6 4 6 3 434
48 8 4 3 2 434
48 11 4 3 19 434
48 12 4 6 2 434
48 13 4 3 18 434
48 14 4 3 6 434
48 15 4 6 8 434
48 16 4 4 20 434
48 17 4 5 4 434
48 21 4 1 21 434
48 24 4 6 5 434
48 26 4 5 18 434
48 28 4 3 12 434
48 30 4 3 13 434
48 34 4 1 15 434
48 37 4 7 18 434
48 39 4 7 3 434
48 40 4 6 13 434
48 41 4 4 5 434
48 43 4 7 2 434
48 45 4 2 16 434
48 46 4 5 11 434
48 47 4 4 3 434
48 50 4 6 4 434
48 52 4 1 1 434
48 53 4 7 25 434
48 60 4 2 21 434
48 61 4 3 23 434
48 62 4 7 23 434
48 65 4 3 11 434
48 66 4 5 18 434
48 69 4 6 11 434
48 73 4 7 24 434
48 74 4 5 15 434
48 75 4 1 13 434
48 77 4 6 16 434
48 78 4 2 18 434
48 84 4 1 10 434
48 90 4 6 15 434
48 93 4 2 1 434
48 94 4 4 21 434
48 95 4 7 25 434
48 96 4 1 9 434
48 97 4 1 20 434
48 99 4 3 19 434
49 4 2 6 25 211
49 7 2 7 21 211
49 8 2 3 5 211
49 13 2 3 25 211
49 14 2 3 10 211
49 15 2 6 19 211
49 17 2 5 24 211
49 18 2 3 23 211
49 20 2 6 21 211
49 21 2 1 8 211
49 23 2 4 21 211
49 24 2 6 23 211
49 25 2 7 13 211
49 29 2 5 13 211
49 30 2 3 5 211
49 34 2 1 24 211
49 35 2 6 1 211
49 39 2 7 18 211
49 43 2 7 10 211
49 45 2 2 25 211
49 47 2 4 19 211
49 50 2 6 4 211
49 51 2 2 19 211
49 57 2 4 9 211
49 63 2 2 4 211
49 65 2 3 7 211
49 66 2 5 14 211
49 67 2 1 7 211
49 69 2 6 21 211
49 72 2 4 18 211
49 73 2 7 19 211
49 74 2 5 25 211
49 75 2 1 24 211
49 76 2 1 4 211
49 77 2 6 12 211
49 78 2 2 13 211
49 80 2 7 11 211
49 81 2 6 25 211
49 84 2 1 14 211
49 86 2 3 22 211
49 90 2 6 13 211
49 91 2 5 20 211
49 98 2 4 3 211
50 0 6 3 8 96
50 2 6 3 16 96
50 3 6 2 16 96
50 4 6 6 21 96
50 7 6 7 19 96
50 9 6 5 24 96
50 10 6 4 13 96
50 11 6 3 10 96
50 20 6 6 23 96
50 21 6 1 11 96
50 22 6 4 18 96
50 23 6 4 14 96
50 27 6 4 13 96
50 28 6 3 17 96
50 31 6 5 5 96
50 32 6 4 7 96
50 33 6 7 8 96
50 35 6 6 1 96
50 36 6 2 24 96
50 39 6 7 18 96
50 46 6 5 11 96
50 48 6 4 4 96
50 49 6 2 4 96
50 52 6 1 9 96
50 53 6 7 17 96
50 55 6 6 4 96
50 58 6 2 21 96
50 62 6 7 13 96
50 65 6 3 3 96
50 66 6 5 14 96
50 67 6 1 11 96
50 71 6 7 10 96
50 72 6 4 21 96
50 73 6 7 12 96
50 75 6 1 4 96
50 78 6 2 2 96
50 79 6 6 7 96
50 81 6 6 25 96
50 83 6 7 20 96
50 84 6 1 12 96
50 87 6 4 3 96
50 89 6 2 17 96
50 95 6 7 17 96
50 99 6 3 24 96
51 0 2 3 8 432
51 1 2 1 3 432
51 2 2 3 14 432
51 5 2 3 2 432
51 6 2 6 20 432
51 7 2 7 15 432
51 8 2 3 1 432
51 9 2 5 13 432
51 10 2 4 21 432
51 11 2 3 24 432
51 14 2 3 13 432
51 15 2 6 2 432
51 17 2 5 10 432
51 18 2 3 6 432
51 22 2 4 24 432
51 23 2 4 11 432
51 24 2 6 2 432
51 25 2 7 18 432
51 28 2 3 4 432
51 29 2 5 8 432
51 30 2 3 22 432
51 31 2 5 24 432
51 32 2 4 3 432
51 33 2 7 15 432
51 37 2 7 11 432
51 40 2 6 25 432
51 42 2 3 18 432
51 43 2 7 3 432
51 46 2 5 21 432
51 49 2 2 19 432
51 53 2 7 25 432
51 54 2 2 23 432
51 57 2 4 22 432
51 59 2 1 24 432
51 61 2 3 21 432
51 62 2 7 23 432
51 63 2 2 24 432
51 64 2 5 5 432
51 67 2 1 9 432
51 71 2 7 16 432
51 79 2 6 20 432
51 81 2 6 9 432
51 83 2 7 22 432
51 84 2 1 24 432
51 87 2 4 25 432
51 88 2 1 18 432
51 91 2 5 25 432
51 92 2 2 13 432
51 94 2 4 8 432
51 96 2 1 23 432
51 97 2 1 7 432
51 98 2 4 13 432
51 99 2 3 16 432
52 0 1 3 25 895
52 3 1 2 9 895
52 5 1 3 17 895
52 7 1 7 14 895
52 8 1 3 7 895
52 10 1 4 10 895
52 11 1 3 24 895
52 14 1 3 7 895
52 15 1 6 12 895
52 16 1 4 21 895
52 17 1 5 15 895
52 18 1 3 2 895
52 19 1 1 8 895
52 21 1 1 16 895
52 22 1 4 9 895
52 24 1 6 9 895
52 26 1 5 8 895
52 31 1 5 17 895
52 32 1 4 25 895
52 34 1 1 5 895
52 35 1 6 1 895
52 36 1 2 8 895
52 38 1 1 16 895
52 41 1 4 16 895
52 42 1 3 25 895
52 48 1 4 1 895
52 50 1 6 9 895
52 53 1 7 15 895
52 54 1 2 4 895
52 58 1 2 8 895
52 59 1 1 13 895
52 60 1 2 9 895
52 61 1 3 8 895
52 62 1 7 13 895
52 63 1 2 22 895
52 66 1 5 16 895
52 68 1 4 19 895
52 69 1 6 3 895
52 70 1 3 15 895
52 71 1 7 22 895
52 72 1 4 19 895
52 73 1 7 24 895
52 74 1 5 13 895
52 77 1 6 8 895
52 79 1 6 15 895
52 82 1 1 20 895
52 85 1 5 7 895
52 87 1 4 22 895
52 88 1 1 4 895
52 90 1 6 20 895
52 92 1 2 24 895
52 94 1 4 20 895
52 97 1 1 12 895
53 0 7 3 17 383
53 1 7 1 16 383
53 2 7 3 25 383
53 3 7 2 12 383
53 4 7 6 12 383
53 5 7 3 23 383
53 6 7 6 1 383
53 9 7 5 21 383
53 11 7 3 20 383
53 12 7 6 18 383
53 14 7 3 1 383
53 16 7 4 20 383
53 18 7 3 1 383
53 19 7 1 11 383
53 20 7 6 22 383
53 21 7 1 3 383
53 22 7 4 7 383
53 24 7 6 11 383
53 26 7 5 4 383
53 28 7 3 20 383
53 30 7 3 14 383
53 32 7 4 8 383
53 34 7 1 14 383
53 35 7 6 11 383
53 36 7 2 22 383
53 37 7 7 8 383
53 41 7 4 24 383
53 45 7 2 24 383
53 46 7 5 16 383
53 48 7 4 25 383
53 50 7 6 17 383
53 51 7 2 25 383
53 52 7 1 15 383
53 54 7 2 20 383
53 59 7 1 23 383
53 63 7 2 16 383
53 66 7 5 4 383
53 67 7 1 14 383
53 70 7 3 18 383
53 72 7 4 8 383
53 73 7 7 14 383
53 74 7 5 5 383
53 75 7 1 4 383
53 77 7 6 21 383
53 79 7 6 22 383
53 81 7 6 23 383
53 83 7 7 1 383
53 84 7 1 10 383
53 85 7 5 2 383
53 87 7 4 19 383
53 89 7 2 10 383
53 90 7 6 1 383
53 93 7 2 7 383
53 95 7 7 9 383
53 97 7 1 8 383
53 98 7 4 6 383
53 99 7 3 14 383
54 1 2 1 6 396
54 2 2 3 1 396
54 4 2 6 25 396
54 5 2 3 9 396
54 8 2 3 21 396
54 9 2 5 9 396
54 10 2 4 13 396
54 11 2 3 24 396
54 12 2 6 1 396
54 13 2 3 19 396
54 16 2 4 5 396
54 17 2 5 1 396
54 22 2 4 21 396
54 23 2 4 13 396
54 24 2 6 25 396
54 31 2 5 25 396
54 32 2 4 23 396
54 33 2 7 16 396
54 34 2 1 14 396
54 35 2 6 6 396
54 36 2 2 7 396
54 40 2 6 6 396
54 42 2 3 5 396
54 43 2 7 20 396
54 44 2 3 8 396
54 46 2 5 16 396
54 51 2 2 23 396
54 52 2 1 4 396
54 53 2 7 20 396
54 56 2 7 25 396
54 58 2 2 4 396
54 60 2 2 7 396
54 61 2 3 3 396
54 64 2 5 22 396
54 65 2 3 14 396
54 67 2 1 20 396
54 68 2 4 13 396
54 71 2 7 5 396
54 73 2 7 2 396
54 75 2 1 19 396
54 78 2 2 1 396
54 79 2 6 23 396
54 81 2 6 22 396
54 82 2 1 1 396
54 85 2 5 13 396
54 87 2 4 2 396
54 89 2 2 9 396
54 90 2 6 21 396
54 91 2 5 22 396
54 92 2 2 22 396
54 95 2 7 1 396
54 97 2 1 23 396
54 98 2 4 13 396
55 2 6 3 15 861
55 3 6 2 24 861
55 5 6 3 18 861
55 8 6 3 19 861
55 9 6 5 6 861
55 10 6 4 6 861
55 11 6 3 7 861
55 12 6 6 22 861
55 14 6 3 25 861
55 16 6 4 1 861
55 18 6 3 11 861
55 24 6 6 10 861
55 26 6 5 2 861
55 27 6 4 21 861
55 28 6 3 1 861
55 32 6 4 4 861
55 33 6 7 24 861
55 34 6 1 16 861
55 36 6 2 10 861
55 38 6 1 10 861
55 41 6 4 23 861
55 43 6 7 24 861
55 44 6 3 7 861
55 46 6 5 25 861
55 50 6 6 4 861
55 56 6 7 16 861
55 57 6 4 24 861
55 60 6 2 5 861
55 62 6 7 5 861
55 63 6 2 1 861
55 64 6 5 2 861
55 66 6 5 21 861
55 68 6 4 4 861
55 69 6 6 10 861
55 72 6 4 20 861
55 74 6 5 18 861
55 75 6 1 5 861
55 77 6 6 4 861
55 78 6 2 5 861
55 81 6 6 7 861
55 82 6 1 17 861
55 83 6 7 7 861
55 84 6 1 12 861
55 85 6 5 9 861
55 87 6 4 24 861
55 89 6 2 19 861
55 90 6 6 1 861
55 93 6 2 12 861
55 94 6 4 14 861
55 96 6 1 24 861
55 98 6 4 21 861
56 0 7 3 7 505
56 1 7 1 14 505
56 2 7 3 8 505
56 3 7 2 15 505
56 5 7 3 22 505
56 6 7 6 3 505
56 8 7 3 21 505
56 9 7 5 17 505
56 10 7 4 8 505
56 17 7 5 5 505
56 19 7 1 11 505
56 20 7 6 25 505
56 22 7 4 16 505
56 24 7 6 9 505
56 25 7 7 18 505
56 26 7 5 9 505
56 27 7 4 12 505
56 28 7 3 22 505
56 29 7 5 24 505
56 31 7 5 12 505
56 32 7 4 15 505
56 35 7 6 16 505
56 36 7 2 2 505
56 38 7 1 10 505
56 41 7 4 19 505
56 42 7 3 18 505
56 46 7 5 6 505
56 47 7 4 10 505
56 54 7 2 25 505
56 55 7 6 16 505
56 58 7 2 13 505
56 60 7 2 18 505
56 64 7 5 16 505
56 65 7 3 18 505
56 66 7 5 3 505
56 69 7 6 5 505
56 71 7 7 7 505
56 73 7 7 24 505
56 74 7 5 6 505
56 83 7 7 2 505
56 84 7 1 20 505
56 90 7 6 10 505
56 91 7 5 3 505
56 92 7 2 7 505
56 93 7 2 16 505
56 95 7 7 17 505
56 96 7 1 22 505
56 99 7 3 5 505
57 1 4 1 23 361
57 6 4 6 19 361
57 14 4 3 19 361
57 17 4 5 20 361
57 18 4 3 16 361
57 20 4 6 3 361
57 21 4 1 2 361
57 23 4 4 25 361
57 26 4 5 18 361
57 27 4 4 5 361
57 28 4 3 17 361
57 32 4 4 2 361
57 33 4 7 11 361
57 35 4 6 14 361
57 36 4 2 15 361
57 37 4 7 4 361
57 39 4 7 15 361
57 41 4 4 3 361
57 44 4 3 6 361
57 46 4 5 15 361
57 47 4 4 17 361
57 49 4 2 9 361
57 51 4 2 22 361
57 55 4 6 24 361
57 61 4 3 5 361
57 62 4 7 16 361
57 63 4 2 17 361
57 64 4 5 15 361
57 66 4 5 24 361
57 67 4 1 3 361
57 70 4 3 6 361
57 74 4 5 11 361
57 75 4 1 11 361
57 76 4 1 19 361
57 77 4 6 17 361
57 78 4 2 22 361
57 82 4 1 3 361
57 83 4 7 7 361
57 86 4 3 23 361
57 87 4 4 16 361
57 92 4 2 21 361
57 95 4 7 13 361
57 98 4 4 9 361
58 0 2 3 23 145
58 1 2 1 19 145
58 3 2 2 8 145
58 5 2 3 1 145
58 8 2 3 2 145
58 9 2 5 4 145
58 11 2 3 1 145
58 12 2 6 11 145
58 13 2 3 24 145
58 16 2 4 16 145
58 18 2 3 12 145
58 19 2 1 24 145
58 20 2 6 14 145
58 22 2 4 9 145
58 24 2 6 18 145
58 25 2 7 10 145
58 27 2 4 15 145
58 28 2 3 4 145
58 29 2 5 22 145
58 30 2 3 9 145
58 31 2 5 9 145
58 32 2 4 2 145
58 33 2 7 14 145
58 37 2 7 9 145
58 39 2 7 3 145
58 41 2 4 11 145
58 43 2 7 25 145
58 45 2 2 9 145
58 47 2 4 10 145
58 50 2 6 21 145
58 52 2 1 8 145
58 54 2 2 4 145
58 56 2 7 13 145
58 60 2 2 15 145
58 62 2 7 4 145
58 63 2 2 24 145
58 67 2 1 17 145
58 69 2 6 5 145
58 70 2 3 6 145
58 71 2 7 8 145
58 73 2 7 4 145
58 75 2 1 21 145
58 76 2 1 24 145
58 77 2 6 24 145
58 78 2 2 5 145
58 80 2 7 1 145
58 83 2 7 23 145
58 85 2 5 7 145
58 86 2 3 22 145
58 91 2 5 12 145
58 94 2 4 16 145
58 95 2 7 4 145
58 98 2 4 9 145
59 7 1 7 18 807
59 10 1 4 14 807
59 14 1 3 19 807
59 17 1 5 4 807
59 19 1 1 4 807
59 20 1 6 1 807
59 21 1 1 5 807
59 22 1 4 19 807
59 23 1 4 4 807
59 25 1 7 16 807
59 27 1 4 7 807
59 28 1 3 21 807
59 31 1 5 22 807
59 33 1 7 24 807
59 34 1 1 8 807
59 38 1 1 22 807
59 40 1 6 21 807
59 42 1 3 9 807
59 43 1 7 22 807
59 47 1 4 25 807
59 51 1 2 24 807
59 52 1 1 13 807
59 53 1 7 23 807
59 64 1 5 3 807
59 65 1 3 9 807
59 67 1 1 4 807
59 68 1 4 24 807
59 69 1 6 4 807
59 70 1 3 5 807
59 71 1 7 24 807
59 72 1 4 3 807
59 74 1 5 12 807
59 75 1 1 4 807
59 77 1 6 14 807
59 78 1 2 10 807
59 79 1 6 12 807
59 82 1 1 16 807
59 83 1 7 14 807
59 84 1 1 25 807
59 86 1 3 9 807
59 87 1 4 1 807
59 88 1 1 5 807
59 90 1 6 6 807
59 93 1 2 1 807
59 94 1 4 3 807
59 97 1 1 23 807
59 99 1 3 20 807
60 1 2 1 16 497
60 3 2 2 1 497
60 5 2 3 23 497
60 9 2 5 17 497
60 10 2 4 10 497
60 11 2 3 21 497
60 13 2 3 15 497
60 14 2 3 21 497
60 16 2 4 24 497
60 19 2 1 15 497
60 20 2 6 5 497
60 22 2 4 19 497
60 23 2 4 2 497
60 25 2 7 25 497
60 26 2 5 15 497
60 27 2 4 22 497
60 30 2 3 22 497
60 34 2 1 8 497
60 35 2 6 25 497
60 36 2 2 3 497
60 38 2 1 1 497
60 39 2 7 5 497
60 40 2 6 5 497
60 43 2 7 22 497
60 44 2 3 19 497
60 45 2 2 15 497
60 46 2 5 16 497
60 47 2 4 5 497
60 48 2 4 21 497
60 52 2 1 9 497
60 54 2 2 7 497
60 55 2 6 5 497
60 56 2 7 18 497
60 58 2 2 15 497
60 64 2 5 5 497
60 66 2 5 13 497
60 67 2 1 8 497
60 68 2 4 6 497
60 69 2 6 16 497
60 71 2 7 21 497
60 72 2 4 13 497
60 75 2 1 10 497
60 78 2 2 1 497
60 80 2 7 11 497
60 81 2 6 22 497
60 82 2 1 15 497
60 83 2 7 12 497
60 85 2 5 17 497
60 86 2 3 22 497
60 89 2 2 25 497
60 90 2 6 5 497
60 92 2 2 23 497
60 94 2 4 5 497
60 96 2 1 23 497
60 97 2 1 14 497
61 0 3 3 8 97
61 1 3 1 17 97
61 2 3 3 6 97
61 3 3 2 12 97
61 5 3 3 13 97
61 6 3 6 16 97
61 7 3 7 1 97
61 11 3 3 11 97
61 15 3 6 24 97
61 16 3 4 23 97
61 17 3 5 19 97
61 19 3 1 24 97
61 20 3 6 4 97
61 23 3 4 10 97
61 26 3 5 7 97
61 27 3 4 11 97
61 28 3 3 4 97
61 29 3 5 13 97
61 30 3 3 25 97
61 31 3 5 14 97
61 33 3 7 12 97
61 36 3 2 1 97
61 37 3 7 10 97
61 38 3 1 7 97
61 43 3 7 20 97
61 44 3 3 12 97
61 47 3 4 1 97
61 48 3 4 23 97
61 51 3 2 21 97
61 52 3 1 8 97
61 54 3 2 3 97
61 57 3 4 5 97
61 62 3 7 14 97
61 65 3 3 20 97
61 66 3 5 7 97
61 67 3 1 9 97
61 68 3 4 2 97
61 69 3 6 8 97
61 77 3 6 5 97
61 78 3 2 12 97
61 82 3 1 12 97
61 83 3 7 16 97
61 84 3 1 11 97
61 86 3 3 16 97
61 89 3 2 25 97
61 90 3 6 4 97
61 91 3 5 16 97
61 92 3 2 7 97
61 95 3 7 6 97
61 97 3 1 17 97
61 98 3 4 10 97
61 99 3 3 9 97
62 1 7 1 22 87
62 3 7 2 9 87
62 4 7 6 19 87
62 5 7 3 9 87
62 6 7 6 17 87
62 8 7 3 8 87
62 9 7 5 10 87
62 11 7 3 24 87
62 12 7 6 25 87
62 14 7 3 19 87
62 15 7 6 11 87
62 16 7 4 2 87
62 17 7 5 16 87
62 18 7 3 13 87
62 20 7 6 23 87
62 21 7 1 4 87
62 25 7 7 18 87
62 27 7 4 18 87
62 28 7 3 19 87
62 29 7 5 19 87
62 31 7 5 25 87
62 32 7 4 23 87
62 34 7 1 11 87
62 35 7 6 12 87
62 36 7 2 20 87
62 39 7 7 14 87
62 43 7 7 7 87
62 45 7 2 21 87
62 46 7 5 17 87
62 47 7 4 14 87
62 48 7 4 23 87
62 50 7 6 13 87
62 51 7 2 23 87
62 52 7 1 13 87
62 55 7 6 5 87
62 57 7 4 16 87
62 58 7 2 4 87
62 61 7 3 14 87
62 63 7 2 16 87
62 65 7 3 25 87
62 66 7 5 22 87
62 67 7 1 2 87
62 68 7 4 18 87
62 70 7 3 24 87
62 71 7 7 2 87
62 73 7 7 7 87
62 75 7 1 12 87
62 76 7 1 19 87
62 77 7 6 15 87
62 79 7 6 5 87
62 80 7 7 25 87
62 83 7 7 9 87
62 86 7 3 14 87
62 87 7 4 2 87
62 88 7 1 7 87
62 89 7 2 22 87
62 91 7 5 3 87
62 93 7 2 7 87
62 94 7 4 9 87
62 95 7 7 25 87
62 96 7 1 20 87
62 97 7 1 17 87
62 99 7 3 7 87
63 1 2 1 25 239
63 3 2 2 7 239
63 11 2 3 20 239
63 12 2 6 10 239
63 14 2 3 6 239
63 15 2 6 18 239
63 20 2 6 2 239
63 24 2 6 10 239
63 28 2 3 14 239
63 31 2 5 16 239
63 33 2 7 15 239
63 35 2 6 21 239
63 37 2 7 11 239
63 40 2 6 9 239
63 41 2 4 24 239
63 42 2 3 2 239
63 43 2 7 12 239
63 45 2 2 24 239
63 49 2 2 4 239
63 51 2 2 24 239
63 52 2 1 22 239
63 53 2 7 16 239
63 55 2 6 1 239
63 57 2 4 17 239
63 58 2 2 24 239
63 62 2 7 16 239
63 64 2 5 16 239
63 65 2 3 24 239
63 67 2 1 3 239
63 69 2 6 3 239
63 70 2 3 5 239
63 74 2 5 24 239
63 76 2 1 23 239
63 78 2 2 10 239
63 79 2 6 6 239
63 80 2 7 8 239
63 82 2 1 21 239
63 83 2 7 8 239
63 84 2 1 23 239
63 87 2 4 22 239
63 88 2 1 1 239
63 89 2 2 23 239
63 91 2 5 19 239
63 92 2 2 1 239
63 94 2 4 8 239
63 95 2 7 3 239
64 4 5 6 15 174
64 5 5 3 12 174
64 7 5 7 25 174
64 9 5 5 9 174
64 13 5 3 24 174
64 14 5 3 22 174
64 17 5 5 20 174
64 22 5 4 5 174
64 24 5 6 8 174
64 26 5 5 23 174
64 28 5 3 12 174
64 31 5 5 14 174
64 32 5 4 22 174
64 34 5 1 9 174
64 39 5 7 4 174
64 40 5 6 13 174
64 42 5 3 17 174
64 43 5 7 5 174
64 45 5 2 3 174
64 46 5 5 19 174
64 51 5 2 5 174
64 54 5 2 22 174
64 55 5 6 2 174
64 56 5 7 16 174
64 57 5 4 15 174
64 59 5 1 3 174
64 60 5 2 5 174
64 63 5 2 16 174
64 65 5 3 4 174
64 66 5 5 23 174
64 67 5 1 1 174
64 69 5 6 21 174
64 72 5 4 8 174
64 74 5 5 16 174
64 77 5 6 20 174
64 78 5 2 14 174
64 80 5 7 16 174
64 83 5 7 5 174
64 86 5 3 22 174
64 88 5 1 7 174
64 91 5 5 23 174
64 92 5 2 14 174
64 93 5 2 5 174
64 98 5 4 6 174
64 99 5 3 1 174
65 2 3 3 5 233
65 3 3 2 22 233
65 4 3 6 10 233
65 5 3 3 14 233
65 6 3 6 6 233
65 7 3 7 15 233
65 9 3 5 21 233
65 11 3 3 12 233
65 12 3 6 16 233
65 13 3 3 1 233
65 14 3 3 21 233
65 15 3 6 21 233
65 17 3 5 20 233
65 18 3 3 6 233
65 19 3 1 12 233
65 22 3 4 15 233
65 23 3 4 21 233
65 25 3 7 19 233
65 28 3 3 1 233
65 29 3 5 21 233
65 31 3 5 23 233
65 32 3 4 17 233
65 34 3 1 16 233
65 36 3 2 16 233
65 37 3 7 1 233
65 39 3 7 18 233
65 40 3 6 24 233
65 44 3 3 23 233
65 48 3 4 11 233
65 49 3 2 7 233
65 50 3 6 3 233
65 54 3 2 14 233
65 56 3 7 18 233
65 59 3 1 9 233
65 61 3 3 20 233
65 62 3 7 25 233
65 63 3 2 24 233
65 64 3 5 4 233
65 66 3 5 1 233
65 67 3 1 10 233
65 68 3 4 13 233
65 69 3 6 25 233
65 70 3 3 10 233
65 71 3 7 9 233
65 72 3 4 3 233
65 73 3 7 10 233
65 78 3 2 23 233
65 81 3 6 13 233
65 82 3 1 1 233
65 83 3 7 14 233
65 85 3 5 13 233
65 87 3 4 25 233
65 88 3 1 1 233
65 90 3 6 8 233
65 91 3 5 25 233
65 95 3 7 25 233
65 99 3 3 5 233
66 0 5 3 15 160
66 2 5 3 11 160
66 5 5 3 5 160
66 6 5 6 13 160
66 7 5 7 16 160
66 8 5 3 21 160
66 9 5 5 16 160
66 12 5 6 12 160
66 13 5 3 13 160
66 16 5 4 4 160
66 17 5 5 14 160
66 18 5 3 8 160
66 20 5 6 23 160
66 21 5 1 15 160
66 23 5 4 4 160
66 24 5 6 13 160
66 25 5 7 17 160
66 26 5 5 2 160
66 30 5 3 14 160
66 31 5 5 20 160
66 33 5 7 24 160
66 34 5 1 23 160
66 35 5 6 13 160
66 36 5 2 6 160
66 40 5 6 13 160
66 41 5 4 12 160
66 43 5 7 24 160
66 47 5 4 3 160
66 48 5 4 18 160
66 49 5 2 14 160
66 50 5 6 14 160
66 52 5 1 16 160
66 53 5 7 4 160
66 55 5 6 21 160
66 56 5 7 3 160
66 57 5 4 24 160
66 60 5 2 13 160
66 61 5 3 7 160
66 62 5 7 22 160
66 64 5 5 23 160
66 65 5 3 1 160
66 71 5 7 14 160
66 73 5 7 9 160
66 74 5 5 6 160
66 75 5 1 18 160
66 78 5 2 9 160
66 80 5 7 3 160
66 83 5 7 21 160
66 86 5 3 13 160
66 87 5 4 16 160
66 88 5 1 13 160
66 91 5 5 25 160
66 94 5 4 10 160
66 97 5 1 20 160
67 1 1 1 24 582
67 2 1 3 2 582
67 3 1 2 25 582
67 5 1 3 1 582
67 6 1 6 20 582
67 7 1 7 14 582
67 10 1 4 12 582
67 12 1 6 2 582
67 14 1 3 19 582
67 16 1 4 18 582
67 18 1 3 6 582
67 19 1 1 17 582
67 20 1 6 11 582
67 23 1 4 18 582
67 24 1 6 16 582
67 25 1 7 4 582
67 26 1 5 21 582
67 28 1 3 2 582
67 29 1 5 15 582
67 32 1 4 18 582
67 34 1 1 11 582
67 36 1 2 12 582
67 37 1 7 18 582
67 38 1 1 14 582
67 40 1 6 5 582
67 41 1 4 23 582
67 43 1 7 16 582
67 49 1 2 7 582
67 50 1 6 11 582
67 51 1 2 9 582
67 53 1 7 14 582
67 54 1 2 20 582
67 57 1 4 3 582
67 58 1 2 17 582
67 59 1 1 4 582
67 60 1 2 8 582
67 61 1 3 9 582
67 62 1 7 2 582
67 63 1 2 3 582
67 64 1 5 1 582
67 65 1 3 10 582
67 71 1 7 16 582
67 74 1 5 24 582
67 77 1 6 22 582
67 79 1 6 19 582
67 80 1 7 20 582
67 81 1 6 10 582
67 82 1 1 7 582
67 84 1 1 10 582
67 85 1 5 22 582
67 86 1 3 17 582
67 91 1 5 9 582
67 93 1 2 18 582
67 99 1 3 12 582
68 0 4 3 2 165
68 6 4 6 22 165
68 8 4 3 4 165
68 12 4 6 2 165
68 14 4 3 25 165
68 17 4 5 19 165
68 18 4 3 1 165
68 19 4 1 7 165
68 21 4 1 7 165
68 22 4 4 22 165
68 25 4 7 3 165
68 26 4 5 20 165
68 27 4 4 1 165
68 29 4 5 11 165
68 30 4 3 17 165
68 32 4 4 6 165
68 35 4 6 10 165
68 38 4 1 8 165
68 40 4 6 16 165
68 41 4 4 11 165
68 42 4 3 3 165
68 43 4 7 14 165
68 46 4 5 5 165
68 47 4 4 16 165
68 52 4 1 19 165
68 54 4 2 13 165
68 55 4 6 4 165
68 59 4 1 24 165
68 60 4 2 6 165
68 61 4 3 2 165
68 62 4 7 18 165
68 65 4 3 13 165
68 71 4 7 23 165
68 75 4 1 7 165
68 76 4 1 16 165
68 77 4 6 21 165
68 79 4 6 6 165
68 80 4 7 16 165
68 84 4 1 6 165
68 87 4 4 15 165
68 89 4 2 25 165
68 90 4 6 1 165
68 94 4 4 11 165
68 96 4 1 25 165
68 97 4 1 14 165
69 1 6 1 3 909
69 2 6 3 2 909
69 3 6 2 12 909
69 6 6 6 24 909
69 8 6 3 2 909
69 9 6 5 2 909
69 10 6 4 23 909
69 12 6 6 3 909
69 15 6 6 5 909
69 16 6 4 5 909
69 20 6 6 5 909
69 22 6 4 11 909
69 23 6 4 19 909
69 24 6 6 7 909
69 26 6 5 17 909
69 27 6 4 19 909
69 28 6 3 1 909
69 30 6 3 16 909
69 31 6 5 14 909
69 39 6 7 22 909
69 41 6 4 15 909
69 42 6 3 24 909
69 43 6 7 3 909
69 44 6 3 21 909
69 45 6 2 12 909
69 47 6 4 10 909
69 48 6 4 11 909
69 49 6 2 21 909
69 52 6 1 3 909
69 55 6 6 10 909
69 56 6 7 5 909
69 58 6 2 5 909
69 59 6 1 4 909
69 60 6 2 16 909
69 61 6 3 8 909
69 63 6 2 3 909
69 64 6 5 21 909
69 65 6 3 25 909
69 70 6 3 15 909
69 71 6 7 23 909
69 74 6 5 24 909
69 75 6 1 19 909
69 77 6 6 9 909
69 78 6 2 11 909
69 82 6 1 12 909
69 84 6 1 3 909
69 85 6 5 18 909
69 87 6 4 5 909
69 88 6 1 24 909
69 89 6 2 10 909
69 90 6 6 9 909
69 92 6 2 12 909
69 95 6 7 18 909
70 1 3 1 12 951
70 3 3 2 3 951
70 4 3 6 17 951
70 6 3 6 16 951
70 7 3 7 24 951
70 8 3 3 16 951
70 9 3 5 6 951
70 10 3 4 19 951
70 11 3 3 19 951
70 12 3 6 12 951
70 13 3 3 8 951
70 14 3 3 23 951
70 15 3 6 5 951
70 17 3 5 14 951
70 21 3 1 25 951
70 22 3 4 16 951
70 25 3 7 4 951
70 27 3 4 11 951
70 30 3 3 21 951
70 31 3 5 23 951
70 32 3 4 18 951
70 33 3 7 22 951
70 36 3 2 22 951
70 38 3 1 19 951
70 40 3 6 16 951
70 52 3 1 15 951
70 53 3 7 18 951
70 57 3 4 6 951
70 58 3 2 6 951
70 59 3 1 5 951
70 62 3 7 24 951
70 63 3 2 5 951
70 65 3 3 10 951
70 69 3 6 15 951
70 76 3 1 25 951
70 77 3 6 12 951
70 78 3 2 2 951
70 79 3 6 9 951
70 80 3 7 10 951
70 81 3 6 15 951
70 82 3 1 4 951
70 88 3 1 24 951
70 89 3 2 4 951
70 91 3 5 4 951
70 93 3 2 11 951
70 94 3 4 22 951
70 96 3 1 21 951
70 97 3 1 6 951
70 98 3 4 7 951
71 4 7 6 10 155
71 5 7 3 8 155
71 6 7 6 24 155
71 7 7 7 8 155
71 9 7 5 19 155
71 11 7 3 9 155
71 12 7 6 1 155
71 14 7 3 19 155
71 16 7 4 12 155
71 20 7 6 19 155
71 22 7 4 13 155
71 25 7 7 16 155
71 27 7 4 8 155
71 29 7 5 17 155
71 32 7 4 7 155
71 33 7 7 8 155
71 34 7 1 14 155
71 35 7 6 9 155
71 36 7 2 17 155
71 39 7 7 17 155
71 40 7 6 2 155
71 42 7 3 17 155
71 45 7 2 22 155
71 47 7 4 5 155
71 50 7 6 10 155
71 51 7 2 16 155
71 52 7 1 22 155
71 54 7 2 5 155
71 56 7 7 7 155
71 58 7 2 8 155
71 59 7 1 24 155
71 60 7 2 21 155
71 62 7 7 2 155
71 65 7 3 9 155
71 66 7 5 14 155
71 67 7 1 16 155
71 68 7 4 23 155
71 69 7 6 23 155
71 73 7 7 2 155
71 76 7 1 1 155
71 77 7 6 16 155
71 80 7 7 25 155
71 83 7 7 23 155
71 84 7 1 16 155
71 89 7 2 25 155
71 92 7 2 10 155
71 94 7 4 23 155
71 95 7 7 18 155
71 99 7 3 19 155
72 1 4 1 10 577
72 4 4 6 3 577
72 5 4 3 21 577
72 9 4 5 22 577
72 10 4 4 20 577
72 11 4 3 14 577
72 12 4 6 8 577
72 14 4 3 10 577
72 16 4 4 19 577
72 17 4 5 19 577
72 21 4 1 25 577
72 23 4 4 21 577
72 26 4 5 13 577
72 32 4 4 24 577
72 33 4 7 1 577
72 34 4 1 15 577
72 35 4 6 22 577
72 36 4 2 16 577
72 37 4 7 15 577
72 40 4 6 6 577
72 41 4 4 9 577
72 42 4 3 19 577
72 43 4 7 7 577
72 44 4 3 5 577
72 49 4 2 18 577
72 50 4 6 21 577
72 52 4 1 19 577
72 53 4 7 8 577
72 55 4 6 20 577
72 59 4 1 3 577
72 60 4 2 13 577
72 64 4 5 8 577
72 65 4 3 3 577
72 73 4 7 18 577
72 74 4 5 12 577
72 76 4 1 8 577
72 77 4 6 1 577
72 78 4 2 16 577
72 79 4 6 7 577
72 80 4 7 20 577
72 81 4 6 14 577
72 83 4 7 17 577
72 84 4 1 13 577
72 86 4 3 7 577
72 87 4 4 17 577
72 89 4 2 20 577
72 90 4 6 3 577
72 92 4 2 10 577
72 93 4 2 20 577
72 94 4 4 13 577
72 98 4 4 25 577
73 0 7 3 6 750
73 2 7 3 1 750
73 3 7 2 9 750
73 4 7 6 9 750
73 7 7 7 25 750
73 12 7 6 22 750
73 14 7 3 18 750
73 15 7 6 23 750
73 17 7 5 1 750
73 20 7 6 19 750
73 21 7 1 20 750
73 26 7 5 13 750
73 28 7 3 9 750
73 29 7 5 12 750
73 30 7 3 10 750
73 34 7 1 1 750
73 38 7 1 6 750
73 39 7 7 3 750
73 41 7 4 18 750
73 48 7 4 24 750
73 49 7 2 19 750
73 50 7 6 12 750
73 52 7 1 24 750
73 53 7 7 14 750
73 54 7 2 2 750
73 56 7 7 24 750
73 58 7 2 4 750
73 62 7 7 7 750
73 65 7 3 10 750
73 66 7 5 9 750
73 71 7 7 2 750
73 72 7 4 18 750
73 75 7 1 6 750
73 83 7 7 12 750
73 85 7 5 12 750
73 86 7 3 8 750
73 88 7 1 23 750
73 90 7 6 3 750
73 93 7 2 19 750
73 97 7 1 7 750
73 98 7 4 15 750
73 99 7 3 17 750
74 0 5 3 21 769
74 1 5 1 16 769
74 3 5 2 20 769
74 4 5 6 11 769
74 5 5 3 12 769
74 8 5 3 10 769
74 13 5 3 22 769
74 17 5 5 7 769
74 19 5 1 10 769
74 20 5 6 12 769
74 21 5 1 15 769
74 22 5 4 10 769
74 23 5 4 1 769
74 28 5 3 23 769
74 30 5 3 24 769
74 31 5 5 1 769
74 33 5 7 11 769
74 37 5 7 2 769
74 38 5 1 14 769
74 39 5 7 12 769
74 43 5 7 16 769
74 46 5 5 5 769
74 48 5 4 15 769
74 49 5 2 25 769
74 52 5 1 13 769
74 53 5 7 5 769
74 55 5 6 18 769
74 56 5 7 6 769
74 57 5 4 11 769
74 59 5 1 12 769
74 63 5 2 24 769
74 64 5 5 16 769
74 66 5 5 6 769
74 67 5 1 24 769
74 69 5 6 24 769
74 72 5 4 12 769
74 75 5 1 19 769
74 76 5 1 1 769
74 77 5 6 7 769
74 78 5 2 1 769
74 79 5 6 7 769
74 82 5 1 17 769
74 83 5 7 1 769
74 85 5 5 9 769
74 87 5 4 25 769
74 88 5 1 3 769
74 89 5 2 2 769
74 92 5 2 1 769
74 94 5 4 18 769
74 96 5 1 8 769
74 97 5 1 6 769
74 98 5 4 20 769
74 99 5 3 21 769
75 0 1 3 1 403
75 2 1 3 24 403
75 5 1 3 2 403
75 8 1 3 6 403
75 9 1 5 13 403
75 10 1 4 14 403
75 12 1 6 13 403
75 16 1 4 13 403
75 17 1 5 16 403
75 20 1 6 3 403
75 21 1 1 16 403
75 22 1 4 1 403
75 24 1 6 7 403
75 27 1 4 8 403
75 28 1 3 6 403
75 32 1 4 13 403
75 34 1 1 6 403
75 36 1 2 14 403
75 37 1 7 3 403
75 38 1 1 11 403
75 39 1 7 21 403
75 41 1 4 16 403
75 43 1 7 25 403
75 44 1 3 11 403
75 48 1 4 13 403
75 49 1 2 24 403
75 50 1 6 4 403
75 53 1 7 4 403
75 54 1 2 19 403
75 55 1 6 5 403
75 57 1 4 11 403
75 58 1 2 21 403
75 59 1 1 4 403
75 60 1 2 10 403
75 62 1 7 12 403
75 66 1 5 18 403
75 68 1 4 7 403
75 69 1 6 19 403
75 73 1 7 6 403
75 74 1 5 19 403
75 76 1 1 19 403
75 81 1 6 23 403
75 82 1 1 13 403
75 83 1 7 23 403
75 87 1 4 20 403
75 88 1 1 22 403
75 91 1 5 19 403
75 93 1 2 3 403
75 94 1 4 7 403
75 96 1 1 25 403
75 98 1 4 25 403
76 0 1 3 9 612
76 1 1 1 15 612
76 5 1 3 9 612
76 10 1 4 12 612
76 13 1 3 22 612
76 14 1 3 21 612
76 17 1 5 3 612
76 20 1 6 11 612
76 24 1 6 4 612
76 25 1 7 23 612
76 26 1 5 18 612
76 27 1 4 9 612
76 28 1 3 17 612
76 29 1 5 17 612
76 30 1 3 8 612
76 35 1 6 11 612
76 37 1 7 4 612
76 41 1 4 3 612
76 42 1 3 18 612
76 43 1 7 2 612
76 45 1 2 3 612
76 49 1 2 4 612
76 57 1 4 19 612
76 58 1 2 24 612
76 62 1 7 19 612
76 63 1 2 23 612
76 68 1 4 16 612
76 70 1 3 25 612
76 71 1 7 1 612
76 72 1 4 8 612
76 74 1 5 1 612
76 75 1 1 19 612
76 78 1 2 22 612
76 80 1 7 12 612
76 81 1 6 4 612
76 85 1 5 11 612
76 87 1 4 13 612
76 89 1 2 18 612
76 90 1 6 16 612
76 91 1 5 10 612
76 93 1 2 10 612
76 94 1 4 17 612
76 96 1 1 19 612
76 98 1 4 9 612
76 99 1 3 16 612
77 0 6 3 9 215
77 2 6 3 14 215
77 4 6 6 18 215
77 5 6 3 21 215
77 6 6 6 6 215
77 7 6 7 25 215
77 12 6 6 16 215
77 13 6 3 21 215
77 14 6 3 2 215
77 15 6 6 12 215
77 16 6 4 21 215
77 17 6 5 1 215
77 18 6 3 13 215
77 19 6 1 4 215
77 21 6 1 21 215
77 22 6 4 3 215
77 24 6 6 11 215
77 26 6 5 20 215
77 28 6 3 9 215
77 29 6 5 9 215
77 32 6 4 16 215
77 34 6 1 16 215
77 41 6 4 2 215
77 44 6 3 24 215
77 45 6 2 16 215
77 46 6 5 23 215
77 48 6 4 16 215
77 49 6 2 12 215
77 52 6 1 8 215
77 53 6 7 21 215
77 55 6 6 4 215
77 57 6 4 17 215
77 58 6 2 24 215
77 59 6 1 14 215
77 61 6 3 5 215
77 62 6 7 15 215
77 64 6 5 20 215
77 67 6 1 22 215
77 68 6 4 21 215
77 69 6 6 9 215
77 70 6 3 12 215
77 71 6 7 16 215
77 72 6 4 1 215
77 74 6 5 7 215
77 78 6 2 16 215
77 79 6 6 10 215
77 83 6 7 4 215
77 85 6 5 12 215
77 87 6 4 7 215
77 89 6 2 1 215
77 91 6 5 4 215
77 92 6 2 15 215
77 93 6 2 12 215
77 95 6 7 18 215
77 97 6 1 7 215
77 99 6 3 14 215
78 0 2 3 19 810
78 1 2 1 23 810
78 2 2 3 23 810
78 3 2 2 24 810
78 5 2 3 20 810
78 9 2 5 19 810
78 11 2 3 18 810
78 12 2 6 23 810
78 17 2 5 15 810
78 21 2 1 12 810
78 22 2 4 3 810
78 26 2 5 4 810
78 28 2 3 20 810
78 30 2 3 8 810
78 31 2 5 7 810
78 33 2 7 5 810
78 35 2 6 14 810
78 40 2 6 16 810
78 41 2 4 12 810
78 42 2 3 10 810
78 43 2 7 20 810
78 44 2 3 3 810
78 46 2 5 12 810
78 47 2 4 13 810
78 48 2 4 18 810
78 49 2 2 13 810
78 50 2 6 2 810
78 54 2 2 1 810
78 55 2 6 5 810
78 57 2 4 22 810
78 58 2 2 5 810
78 59 2 1 10 810
78 60 2 2 1 810
78 61 2 3 12 810
78 63 2 2 10 810
78 64 2 5 14 810
78 65 2 3 23 810
78 66 2 5 9 810
78 69 2 6 11 810
78 70 2 3 2 810
78 72 2 4 16 810
78 74 2 5 1 810
78 76 2 1 22 810
78 77 2 6 16 810
78 79 2 6 7 810
78 80 2 7 21 810
78 81 2 6 1 810
78 82 2 1 24 810
78 83 2 7 24 810
78 84 2 1 9 810
78 85 2 5 24 810
78 87 2 4 5 810
78 90 2 6 11 810
78 94 2 4 14 810
78 95 2 7 8 810
78 97 2 1 5 810
79 0 6 3 20 95
79 1 6 1 11 95
79 3 6 2 2 95
79 4 6 6 14 95
79 7 6 7 11 95
79 8 6 3 10 95
79 11 6 3 10 95
79 12 6 6 19 95
79 13 6 3 12 95
79 17 6 5 3 95
79 18 6 3 6 95
79 20 6 6 9 95
79 24 6 6 10 95
79 26 6 5 13 95
79 30 6 3 8 95
79 31 6 5 9 95
79 33 6 7 18 95
79 36 6 2 24 95
79 40 6 6 20 95
79 41 6 4 3 95
79 43 6 7 6 95
79 44 6 3 11 95
79 45 6 2 4 95
79 47 6 4 19 95
79 50 6 6 7 95
79 51 6 2 20 95
79 52 6 1 15 95
79 53 6 7 22 95
79 54 6 2 23 95
79 59 6 1 12 95
79 62 6 7 5 95
79 63 6 2 6 95
79 67 6 1 19 95
79 68 6 4 6 95
79 70 6 3 9 95
79 72 6 4 7 95
79 74 6 5 7 95
79 77 6 6 10 95
79 78 6 2 7 95
79 81 6 6 2 95
79 84 6 1 15 95
79 86 6 3 12 95
79 90 6 6 24 95
79 92 6 2 15 95
79 94 6 4 6 95
79 96 6 1 25 95
80 0 7 3 24 793
80 1 7 1 7 793
80 3 7 2 11 793
80 4 7 6 12 793
80 6 7 6 10 793
80 10 7 4 15 793
80 11 7 3 24 793
80 14 7 3 5 793
80 15 7 6 23 793
80 16 7 4 6 793
80 17 7 5 18 793
80 18 7 3 4 793
80 19 7 1 10 793
80 22 7 4 12 793
80 30 7 3 18 793
80 33 7 7 2 793
80 34 7 1 7 793
80 35 7 6 2 793
80 37 7 7 13 793
80 39 7 7 22 793
80 42 7 3 15 793
80 44 7 3 19 793
80 45 7 2 9 793
80 46 7 5 2 793
80 47 7 4 1 793
80 49 7 2 11 793
80 58 7 2 1 793
80 60 7 2 11 793
80 62 7 7 25 793
80 63 7 2 8 793
80 64 7 5 16 793
80 66 7 5 3 793
80 67 7 1 20 793
80 68 7 4 16 793
80 70 7 3 10 793
80 71 7 7 25 793
80 72 7 4 20 793
80 76 7 1 12 793
80 78 7 2 21 793
80 81 7 6 1 793
80 83 7 7 24 793
80 86 7 3 4 793
80 87 7 4 24 793
80 89 7 2 16 793
80 91 7 5 21 793
80 94 7 4 14 793
80 95 7 7 13 793
81 1 6 1 9 732
81 4 6 6 19 732
81 6 6 6 1 732
81 7 6 7 16 732
81 11 6 3 7 732
81 12 6 6 6 732
81 13 6 3 3 732
81 14 6 3 5 732
81 16 6 4 21 732
81 19 6 1 10 732
81 22 6 4 19 732
81 23 6 4 25 732
81 25 6 7 22 732
81 28 6 3 11 732
81 29 6 5 23 732
81 32 6 4 24 732
81 34 6 1 23 732
81 36 6 2 12 732
81 37 6 7 13 732
81 38 6 1 18 732
81 39 6 7 4 732
81 40 6 6 22 732
81 43 6 7 22 732
81 44 6 3 20 732
81 45 6 2 22 732
81 49 6 2 25 732
81 50 6 6 25 732
81 51 6 2 9 732
81 53 6 7 23 732
81 54 6 2 22 732
81 55 6 6 7 732
81 60 6 2 22 732
81 65 6 3 13 732
81 67 6 1 10 732
81 70 6 3 15 732
81 72 6 4 14 732
81 75 6 1 23 732
81 76 6 1 4 732
81 78 6 2 1 732
81 79 6 6 2 732
81 80 6 7 1 732
81 83 6 7 11 732
81 84 6 1 22 732
81 85 6 5 8 732
81 86 6 3 13 732
81 89 6 2 1 732
81 92 6 2 19 732
81 93 6 2 7 732
81 99 6 3 15 732
82 5 1 3 4 734
82 7 1 7 7 734
82 8 1 3 16 734
82 10 1 4 8 734
82 12 1 6 6 734
82 13 1 3 1 734
82 15 1 6 2 734
82 16 1 4 17 734
82 17 1 5 16 734
82 18 1 3 17 734
82 20 1 6 21 734
82 21 1 1 16 734
82 22 1 4 8 734
82 25 1 7 21 734
82 28 1 3 16 734
82 30 1 3 9 734
82 33 1 7 23 734
82 34 1 1 2 734
82 40 1 6 22 734
82 43 1 7 22 734
82 44 1 3 13 734
82 45 1 2 14 734
82 46 1 5 24 734
82 52 1 1 20 734
82 54 1 2 1 734
82 55 1 6 17 734
82 57 1 4 3 734
82 59 1 1 16 734
82 60 1 2 15 734
82 61 1 3 12 734
82 63 1 2 21 734
82 65 1 3 1 734
82 67 1 1 7 734
82 69 1 6 12 734
82 70 1 3 4 734
82 74 1 5 17 734
82 75 1 1 13 734
82 78 1 2 24 734
82 84 1 1 17 734
82 85 1 5 6 734
82 86 1 3 6 734
82 93 1 2 5 734
82 94 1 4 3 734
82 95 1 7 17 734
82 99 1 3 16 734
83 0 7 3 18 630
83 2 7 3 5 630
83 5 7 3 19 630
83 6 7 6 9 630
83 8 7 3 8 630
83 9 7 5 16 630
83 11 7 3 3 630
83 12 7 6 8 630
83 14 7 3 14 630
83 15 7 6 17 630
83 17 7 5 9 630
83 19 7 1 4 630
83 20 7 6 6 630
83 23 7 4 19 630
83 25 7 7 10 630
83 28 7 3 8 630
83 31 7 5 3 630
83 35 7 6 14 630
83 36 7 2 1 630
83 37 7 7 16 630
83 40 7 6 3 630
83 44 7 3 13 630
83 45 7 2 23 630
83 50 7 6 20 630
83 51 7 2 22 630
83 53 7 7 1 630
83 55 7 6 7 630
83 56 7 7 2 630
83 57 7 4 7 630
83 58 7 2 23 630
83 59 7 1 14 630
83 60 7 2 12 630
83 61 7 3 16 630
83 62 7 7 9 630
83 63 7 2 8 630
83 64 7 5 5 630
83 65 7 3 14 630
83 66 7 5 21 630
83 71 7 7 23 630
83 72 7 4 17 630
83 73 7 7 12 630
83 74 7 5 1 630
83 75 7 1 23 630
83 77 7 6 4 630
83 78 7 2 24 630
83 80 7 7 24 630
83 81 7 6 11 630
83 85 7 5 15 630
83 89 7 2 14 630
83 94 7 4 6 630
83 95 7 7 15 630
83 96 7 1 22 630
83 98 7 4 10 630
83 99 7 3 9 630
84 2 1 3 1 985
84 5 1 3 14 985
84 6 1 6 14 985
84 8 1 3 3 985
84 9 1 5 23 985
84 13 1 3 25 985
84 14 1 3 7 985
84 16 1 4 7 985
84 17 1 5 5 985
84 18 1 3 23 985
84 19 1 1 7 985
84 22 1 4 19 985
84 24 1 6 22 985
84 25 1 7 2 985
84 28 1 3 20 985
84 30 1 3 12 985
84 32 1 4 14 985
84 33 1 7 25 985
84 36 1 2 13 985
84 38 1 1 17 985
84 40 1 6 19 985
84 41 1 4 5 985
84 42 1 3 15 985
84 44 1 3 12 985
84 45 1 2 1 985
84 47 1 4 3 985
84 48 1 4 10 985
84 49 1 2 14 985
84 50 1 6 12 985
84 51 1 2 24 985
84 53 1 7 10 985
84 55 1 6 12 985
84 56 1 7 20 985
84 59 1 1 25 985
84 61 1 3 11 985
84 63 1 2 23 985
84 67 1 1 10 985
84 68 1 4 6 985
84 69 1 6 3 985
84 71 1 7 16 985
84 72 1 4 13 985
84 78 1 2 9 985
84 79 1 6 15 985
84 81 1 6 22 985
84 82 1 1 17 985
84 86 1 3 13 985
84 87 1 4 15 985
84 89 1 2 15 985
84 92 1 2 24 985
84 93 1 2 3 985
84 96 1 1 20 985
84 97 1 1 17 985
84 98 1 4 7 985
85 3 5 2 23 71
85 4 5 6 15 71
85 7 5 7 20 71
85 8 5 3 24 71
85 9 5 5 8 71
85 11 5 3 16 71
85 15 5 6 23 71
85 16 5 4 15 71
85 19 5 1 19 71
85 21 5 1 5 71
85 22 5 4 23 71
85 23 5 4 19 71
85 24 5 6 4 71
85 25 5 7 16 71
85 28 5 3 14 71
85 30 5 3 10 71
85 31 5 5 25 71
85 32 5 4 22 71
85 33 5 7 25 71
85 35 5 6 16 71
85 40 5 6 6 71
85 41 5 4 6 71
85 44 5 3 12 71
85 45 5 2 19 71
85 47 5 4 20 71
85 52 5 1 7 71
85 53 5 7 2 71
85 54 5 2 13 71
85 55 5 6 9 71
85 58 5 2 7 71
85 60 5 2 17 71
85 65 5 3 13 71
85 67 5 1 22 71
85 69 5 6 18 71
85 73 5 7 12 71
85 74 5 5 9 71
85 76 5 1 11 71
85 77 5 6 12 71
85 78 5 2 24 71
85 81 5 6 8 71
85 82 5 1 6 71
85 83 5 7 15 71
85 86 5 3 3 71
85 87 5 4 8 71
85 94 5 4 5 71
85 97 5 1 15 71
85 98 5 4 24 71
86 0 3 3 23 266
86 1 3 1 2 266
86 2 3 3 5 266
86 5 3 3 8 266
86 6 3 6 20 266
86 7 3 7 14 266
86 10 3 4 25 266
86 11 3 3 3 266
86 12 3 6 25 266
86 14 3 3 25 266
86 16 3 4 16 266
86 20 3 6 10 266
86 21 3 1 13 266
86 22 3 4 7 266
86 23 3 4 17 266
86 26 3 5 14 266
86 29 3 5 9 266
86 31 3 5 18 266
86 33 3 7 5 266
86 37 3 7 12 266
86 38 3 1 2 266
86 39 3 7 15 266
86 42 3 3 1 266
86 44 3 3 24 266
86 49 3 2 22 266
86 57 3 4 23 266
86 58 3 2 22 266
86 59 3 1 9 266
86 60 3 2 22 266
86 61 3 3 16 266
86 62 3 7 14 266
86 64 3 5 22 266
86 66 3 5 13 266
86 67 3 1 17 266
86 72 3 4 7 266
86 73 3 7 8 266
86 79 3 6 12 266
86 80 3 7 4 266
86 81 3 6 13 266
86 82 3 1 6 266
86 84 3 1 13 266
86 85 3 5 3 266
86 89 3 2 5 266
86 90 3 6 5 266
86 91 3 5 15 266
86 92 3 2 20 266
86 93 3 2 15 266
86 95 3 7 8 266
86 97 3 1 6 266
86 99 3 3 17 266
87 1 4 1 7 299
87 2 4 3 2 299
87 4 4 6 20 299
87 8 4 3 4 299
87 9 4 5 14 299
87 11 4 3 24 299
87 12 4 6 15 299
87 14 4 3 11 299
87 15 4 6 17 299
87 16 4 4 2 299
87 17 4 5 4 299
87 19 4 1 22 299
87 20 4 6 6 299
87 21 4 1 19 299
87 22 4 4 9 299
87 26 4 5 23 299
87 27 4 4 20 299
87 31 4 5 11 299
87 32 4 4 5 299
87 35 4 6 8 299
87 36 4 2 24 299
87 38 4 1 23 299
87 44 4 3 12 299
87 46 4 5 17 299
87 50 4 6 3 299
87 51 4 2 25 299
87 52 4 1 22 299
87 53 4 7 19 299
87 54 4 2 2 299
87 55 4 6 24 299
87 57 4 4 16 299
87 59 4 1 1 299
87 62 4 7 2 299
87 63 4 2 22 299
87 65 4 3 25 299
87 66 4 5 16 299
87 68 4 4 15 299
87 69 4 6 5 299
87 72 4 4 17 299
87 74 4 5 25 299
87 75 4 1 20 299
87 76 4 1 13 299
87 77 4 6 7 299
87 78 4 2 5 299
87 80 4 7 24 299
87 84 4 1 15 299
87 85 4 5 8 299
87 88 4 1 14 299
87 89 4 2 13 299
87 91 4 5 1 299
87 95 4 7 3 299
87 96 4 1 9 299
87 97 4 1 15 299
88 0 1 3 22 983
88 5 1 3 21 983
88 10 1 4 18 983
88 12 1 6 21 983
88 13 1 3 1 983
88 16 1 4 19 983
88 19 1 1 6 983
88 24 1 6 15 983
88 26 1 5 4 983
88 31 1 5 4 983
88 32 1 4 15 983
88 33 1 7 7 983
88 35 1 6 25 983
88 37 1 7 6 983
88 39 1 7 3 983
88 45 1 2 18 983
88 46 1 5 6 983
88 47 1 4 3 983
88 51 1 2 18 983
88 52 1 1 4 983
88 59 1 1 5 983
88 62 1 7 7 983
88 63 1 2 1 983
88 64 1 5 7 983
88 65 1 3 1 983
88 66 1 5 13 983
88 69 1 6 24 983
88 70 1 3 24 983
88 73 1 7 23 983
88 74 1 5 3 983
88 75 1 1 22 983
88 87 1 4 14 983
88 89 1 2 20 983
88 90 1 6 16 983
88 92 1 2 21 983
89 0 2 3 1 312
89 3 2 2 4 312
89 6 2 6 3 312
89 8 2 3 18 312
89 9 2 5 3 312
89 12 2 6 21 312
89 15 2 6 12 312
89 19 2 1 7 312
89 23 2 4 4 312
89 26 2 5 18 312
89 28 2 3 12 312
89 29 2 5 25 312
89 30 2 3 16 312
89 31 2 5 10 312
89 33 2 7 9 312
89 34 2 1 23 312
89 37 2 7 25 312
89 38 2 1 4 312
89 40 2 6 14 312
89 41 2 4 3 312
89 44 2 3 15 312
89 46 2 5 25 312
89 47 2 4 10 312
89 50 2 6 17 312
89 53 2 7 10 312
89 54 2 2 9 312
89 55 2 6 19 312
89 60 2 2 25 312
89 61 2 3 25 312
89 62 2 7 22 312
89 63 2 2 23 312
89 68 2 4 25 312
89 69 2 6 10 312
89 70 2 3 4 312
89 71 2 7 25 312
89 72 2 4 20 312
89 74 2 5 2 312
89 76 2 1 18 312
89 77 2 6 1 312
89 80 2 7 16 312
89 81 2 6 1 312
89 83 2 7 14 312
89 84 2 1 15 312
89 86 2 3 5 312
89 87 2 4 13 312
89 88 2 1 20 312
89 90 2 6 2 312
89 92 2 2 15 312
89 95 2 7 14 312
89 97 2 1 13 312
89 99 2 3 21 312
90 1 6 1 18 612
90 2 6 3 11 612
90 3 6 2 16 612
90 7 6 7 23 612
90 9 6 5 18 612
90 10 6 4 20 612
90 12 6 6 9 612
90 15 6 6 8 612
90 16 6 4 10 612
90 17 6 5 4 612
90 20 6 6 22 612
90 23 6 4 15 612
90 24 6 6 5 612
90 30 6 3 17 612
90 31 6 5 13 612
90 32 6 4 22 612
90 33 6 7 22 612
90 35 6 6 20 612
90 39 6 7 16 612
90 40 6 6 4 612
90 42 6 3 23 612
90 43 6 7 16 612
90 47 6 4 12 612
90 48 6 4 15 612
90 49 6 2 13 612
90 52 6 1 20 612
90 53 6 7 1 612
90 54 6 2 21 612
90 55 6 6 1 612
90 56 6 7 10 612
90 59 6 1 6 612
90 60 6 2 5 612
90 61 6 3 4 612
90 65 6 3 8 612
90 68 6 4 1 612
90 69 6 6 9 612
90 72 6 4 3 612
90 73 6 7 3 612
90 76 6 1 16 612
90 78 6 2 11 612
90 79 6 6 24 612
90 86 6 3 5 612
90 88 6 1 16 612
90 89 6 2 2 612
90 91 6 5 24 612
90 94 6 4 6 612
90 95 6 7 1 612
90 96 6 1 14 612
91 0 5 3 17 483
91 3 5 2 18 483
91 4 5 6 15 483
91 6 5 6 22 483
91 8 5 3 2 483
91 10 5 4 2 483
91 14 5 3 9 483
91 15 5 6 22 483
91 18 5 3 1 483
91 20 5 6 2 483
91 21 5 1 6 483
91 23 5 4 17 483
91 26 5 5 20 483
91 27 5 4 14 483
91 29 5 5 12 483
91 30 5 3 24 483
91 31 5 5 10 483
91 32 5 4 14 483
91 33 5 7 18 483
91 34 5 1 18 483
91 35 5 6 23 483
91 37 5 7 19 483
91 39 5 7 23 483
91 41 5 4 22 483
91 43 5 7 23 483
91 44 5 3 24 483
91 45 5 2 13 483
91 46 5 5 4 483
91 47 5 4 14 483
91 49 5 2 20 483
91 51 5 2 25 483
91 54 5 2 22 483
91 56 5 7 3 483
91 58 5 2 12 483
91 61 5 3 16 483
91 62 5 7 3 483
91 63 5 2 19 483
91 64 5 5 23 483
91 65 5 3 25 483
91 66 5 5 25 483
91 67 5 1 9 483
91 70 5 3 4 483
91 75 5 1 19 483
91 76 5 1 10 483
91 77 5 6 4 483
91 80 5 7 21 483
91 86 5 3 15 483
91 87 5 4 1 483
91 90 5 6 24 483
91 92 5 2 24 483
91 94 5 4 3 483
91 95 5 7 5 483
91 96 5 1 18 483
91 98 5 4 18 483
92 3 2 2 23 562
92 4 2 6 21 562
92 7 2 7 22 562
92 11 2 3 6 562
92 14 2 3 9 562
92 15 2 6 21 562
92 16 2 4 17 562
92 18 2 3 24 562
92 21 2 1 19 562
92 22 2 4 19 562
92 23 2 4 17 562
92 24 2 6 25 562
92 25 2 7 7 562
92 30 2 3 6 562
92 32 2 4 16 562
92 34 2 1 4 562
92 35 2 6 22 562
92 38 2 1 23 562
92 39 2 7 1 562
92 41 2 4 10 562
92 42 2 3 2 562
92 44 2 3 20 562
92 46 2 5 9 562
92 51 2 2 13 562
92 52 2 1 24 562
92 54 2 2 22 562
92 56 2 7 7 562
92 57 2 4 21 562
92 60 2 2 23 562
92 61 2 3 7 562
92 63 2 2 1 562
92 64 2 5 14 562
92 69 2 6 12 562
92 71 2 7 10 562
92 72 2 4 10 562
92 74 2 5 1 562
92 77 2 6 15 562
92 79 2 6 15 562
92 81 2 6 19 562
92 84 2 1 24 562
92 86 2 3 20 562
92 88 2 1 21 562
92 89 2 2 15 562
92 91 2 5 24 562
92 93 2 2 11 562
92 95 2 7 10 562
92 97 2 1 21 562
92 98 2 4 17 562
93 0 2 3 7 708
93 1 2 1 13 708
93 3 2 2 25 708
93 4 2 6 8 708
93 5 2 3 12 708
93 9 2 5 9 708
93 13 2 3 15 708
93 16 2 4 25 708
93 17 2 5 12 708
93 18 2 3 11 708
93 19 2 1 25 708
93 20 2 6 3 708
93 21 2 1 8 708
93 26 2 5 3 708
93 27 2 4 4 708
93 28 2 3 23 708
93 31 2 5 25 708
93 36 2 2 18 708
93 37 2 7 15 708
93 38 2 1 22 708
93 40 2 6 16 708
93 42 2 3 10 708
93 44 2 3 11 708
93 45 2 2 13 708
93 46 2 5 15 708
93 48 2 4 1 708
93 53 2 7 7 708
93 55 2 6 12 708
93 56 2 7 16 708
93 59 2 1 1 708
93 62 2 7 7 708
93 64 2 5 5 708
93 67 2 1 18 708
93 70 2 3 11 708
93 72 2 4 20 708
93 73 2 7 19 708
93 75 2 1 3 708
93 76 2 1 10 708
93 77 2 6 12 708
93 81 2 6 7 708
93 82 2 1 5 708
93 84 2 1 3 708
93 86 2 3 15 708
93 92 2 2 11 708
93 94 2 4 1 708
93 96 2 1 6 708
94 0 4 3 21 442
94 1 4 1 8 442
94 2 4 3 2 442
94 3 4 2 9 442
94 4 4 6 14 442
94 5 4 3 1 442
94 8 4 3 13 442
94 10 4 4 23 442
94 13 4 3 10 442
94 14 4 3 17 442
94 17 4 5 21 442
94 18 4 3 9 442
94 20 4 6 19 442
94 23 4 4 21 442
94 24 4 6 4 442
94 28 4 3 9 442
94 30 4 3 16 442
94 34 4 1 14 442
94 35 4 6 4 442
94 37 4 7 17 442
94 39 4 7 7 442
94 41 4 4 25 442
94 43 4 7 21 442
94 44 4 3 23 442
94 46 4 5 21 442
94 48 4 4 21 442
94 51 4 2 8 442
94 52 4 1 20 442
94 55 4 6 14 442
94 58 4 2 16 442
94 59 4 1 3 442
94 60 4 2 5 442
94 62 4 7 9 442
94 63 4 2 8 442
94 66 4 5 10 442
94 68 4 4 11 442
94 70 4 3 22 442
94 71 4 7 23 442
94 72 4 4 13 442
94 74 4 5 18 442
94 75 4 1 7 442
94 76 4 1 17 442
94 78 4 2 14 442
94 79 4 6 6 442
94 80 4 7 14 442
94 82 4 1 3 442
94 83 4 7 6 442
94 85 4 5 5 442
94 90 4 6 6 442
94 91 4 5 3 442
94 93 4 2 1 442
94 97 4 1 16 442
94 98 4 4 3 442
95 0 7 3 22 979
95 1 7 1 19 979
95 6 7 6 5 979
95 7 7 7 11 979
95 9 7 5 11 979
95 10 7 4 17 979
95 11 7 3 19 979
95 13 7 3 21 979
95 14 7 3 24 979
95 15 7 6 12 979
95 17 7 5 1 979
95 18 7 3 17 979
95 22 7 4 18 979
95 23 7 4 11 979
95 26 7 5 10 979
95 28 7 3 14 979
95 30 7 3 23 979
95 31 7 5 23 979
95 43 7 7 18 979
95 46 7 5 14 979
95 47 7 4 17 979
95 48 7 4 25 979
95 50 7 6 17 979
95 53 7 7 9 979
95 54 7 2 1 979
95 56 7 7 17 979
95 57 7 4 13 979
95 58 7 2 4 979
95 61 7 3 6 979
95 62 7 7 25 979
95 63 7 2 3 979
95 65 7 3 25 979
95 69 7 6 18 979
95 71 7 7 18 979
95 77 7 6 18 979
95 78 7 2 8 979
95 80 7 7 13 979
95 82 7 1 17 979
95 83 7 7 15 979
95 86 7 3 8 979
95 87 7 4 3 979
95 89 7 2 14 979
95 90 7 6 1 979
95 91 7 5 5 979
95 92 7 2 10 979
95 96 7 1 5 979
95 97 7 1 1 979
95 98 7 4 16 979
96 0 1 3 22 538
96 2 1 3 17 538
96 4 1 6 6 538
96 5 1 3 10 538
96 7 1 7 16 538
96 8 1 3 17 538
96 9 1 5 25 538
96 10 1 4 21 538
96 11 1 3 1 538
96 13 1 3 18 538
96 15 1 6 7 538
96 16 1 4 21 538
96 18 1 3 19 538
96 19 1 1 2 538
96 22 1 4 7 538
96 24 1 6 11 538
96 25 1 7 2 538
96 26 1 5 22 538
96 27 1 4 25 538
96 30 1 3 2 538
96 32 1 4 5 538
96 33 1 7 6 538
96 34 1 1 1 538
96 38 1 1 13 538
96 39 1 7 5 538
96 40 1 6 12 538
96 42 1 3 16 538
96 43 1 7 9 538
96 45 1 2 20 538
96 46 1 5 2 538
96 47 1 4 19 538
96 48 1 4 9 538
96 51 1 2 23 538
96 55 1 6 24 538
96 56 1 7 22 538
96 60 1 2 23 538
96 62 1 7 20 538
96 68 1 4 25 538
96 70 1 3 21 538
96 74 1 5 8 538
96 75 1 1 25 538
96 76 1 1 19 538
96 79 1 6 25 538
96 83 1 7 22 538
96 84 1 1 20 538
96 87 1 4 9 538
96 90 1 6 14 538
96 91 1 5 18 538
96 93 1 2 6 538
96 95 1 7 5 538
96 98 1 4 15 538
96 99 1 3 12 538
97 1 1 1 7 74
97 2 1 3 25 74
97 6 1 6 21 74
97 8 1 3 17 74
97 11 1 3 14 74
97 12 1 6 10 74
97 15 1 6 17 74
97 18 1 3 7 74
97 21 1 1 3 74
97 22 1 4 14 74
97 23 1 4 9 74
97 24 1 6 13 74
97 25 1 7 11 74
97 26 1 5 11 74
97 27 1 4 8 74
97 30 1 3 13 74
97 31 1 5 7 74
97 33 1 7 20 74
97 34 1 1 11 74
97 35 1 6 23 74
97 37 1 7 20 74
97 41 1 4 4 74
97 44 1 3 19 74
97 45 1 2 23 74
97 48 1 4 20 74
97 51 1 2 7 74
97 52 1 1 12 74
97 53 1 7 8 74
97 54 1 2 23 74
97 59 1 1 23 74
97 60 1 2 14 74
97 61 1 3 17 74
97 62 1 7 17 74
97 66 1 5 20 74
97 68 1 4 14 74
97 70 1 3 6 74
97 73 1 7 7 74
97 74 1 5 6 74
97 77 1 6 7 74
97 78 1 2 5 74
97 84 1 1 17 74
97 85 1 5 15 74
97 86 1 3 6 74
97 87 1 4 15 74
97 89 1 2 13 74
97 92 1 2 21 74
97 94 1 4 16 74
97 95 1 7 1 74
98 3 4 2 12 846
98 4 4 6 3 846
98 6 4 6 19 846
98 7 4 7 22 846
98 10 4 4 21 846
98 11 4 3 5 846
98 12 4 6 18 846
98 14 4 3 4 846
98 16 4 4 4 846
98 19 4 1 3 846
98 21 4 1 1 846
98 22 4 4 3 846
98 23 4 4 18 846
98 24 4 6 16 846
98 25 4 7 19 846
98 26 4 5 12 846
98 28 4 3 8 846
98 29 4 5 19 846
98 31 4 5 7 846
98 33 4 7 17 846
98 34 4 1 21 846
98 37 4 7 6 846
98 40 4 6 6 846
98 43 4 7 13 846
98 44 4 3 9 846
98 45 4 2 17 846
98 49 4 2 3 846
98 51 4 2 13 846
98 53 4 7 6 846
98 54 4 2 13 846
98 55 4 6 21 846
98 57 4 4 9 846
98 58 4 2 9 846
98 61 4 3 10 846
98 64 4 5 6 846
98 70 4 3 7 846
98 72 4 4 25 846
98 73 4 7 15 846
98 74 4 5 20 846
98 75 4 1 25 846
98 76 4 1 9 846
98 83 4 7 10 846
98 84 4 1 7 846
98 85 4 5 24 846
98 91 4 5 18 846
98 92 4 2 17 846
98 94 4 4 3 846
98 95 4 7 16 846
98 96 4 1 15 846
98 99 4 3 7 846
99 0 3 3 1 163
99 1 3 1 15 163
99 5 3 3 3 163
99 6 3 6 24 163
99 7 3 7 24 163
99 8 3 3 25 163
99 15 3 6 15 163
99 16 3 4 22 163
99 19 3 1 15 163
99 20 3 6 22 163
99 21 3 1 20 163
99 22 3 4 5 163
99 23 3 4 7 163
99 24 3 6 8 163
99 28 3 3 11 163
99 29 3 5 13 163
99 30 3 3 13 163
99 33 3 7 24 163
99 36 3 2 2 163
99 40 3 6 25 163
99 46 3 5 22 163
99 48 3 4 19 163
99 50 3 6 24 163
99 51 3 2 16 163
99 53 3 7 14 163
99 56 3 7 5 163
99 59 3 1 20 163
99 61 3 3 9 163
99 62 3 7 7 163
99 64 3 5 1 163
99 65 3 3 5 163
99 67 3 1 12 163
99 71 3 7 19 163
99 73 3 7 17 163
99 74 3 5 21 163
99 76 3 1 16 163
99 77 3 6 14 163
99 81 3 6 15 163
99 82 3 1 16 163
99 83 3 7 9 163
99 86 3 3 17 163
99 89 3 2 21 163
99 96 3 1 12 163
99 98 3 4 7 163
