capacity  cost_by_node
nb_functions 10
11 95 68 94 26 15 20 50 70 12 47 56 73 77 78 53 14 74 100 44 59 80 38 55 48 98 18 24 45 26 40 39 39 58 74 13 13 14 43 43 86 43 98 23 84 71 59 59 86 57 20 
12 82 19 78 68 30 91 69 21 29 79 39 26 82 45 32 39 97 42 84 85 59 86 74 58 66 58 14 76 82 95 37 35 80 46 76 35 51 83 14 82 17 38 30 78 50 49 46 95 95 71 
16 81 40 32 13 12 68 94 23 90 71 81 76 97 10 51 61 23 72 61 68 29 42 95 34 95 86 74 78 75 65 40 62 68 24 38 37 20 22 18 28 33 79 86 13 88 50 11 34 31 18 
8 63 22 78 89 87 44 27 23 29 18 97 51 65 80 36 43 63 72 74 37 67 17 40 68 50 100 94 31 18 47 26 49 59 98 17 60 77 74 99 20 86 33 45 25 29 43 20 12 29 50 
14 79 48 45 97 52 68 10 78 30 88 44 39 89 20 65 96 92 82 99 59 70 72 94 99 37 57 97 17 73 11 47 86 69 54 89 92 57 64 60 92 46 26 11 69 72 25 78 56 98 27 
9 42 40 99 99 69 19 28 95 86 10 42 84 80 65 20 31 31 71 67 11 62 93 34 68 71 14 51 86 94 98 73 53 25 22 74 28 41 85 64 31 59 89 71 87 78 26 76 45 34 37 
16 63 34 37 63 19 26 46 87 12 62 50 88 64 63 84 24 77 13 37 15 43 43 44 52 26 35 48 56 23 43 46 29 29 97 50 100 85 29 77 79 43 26 30 60 10 74 22 50 46 26 
16 28 43 54 52 88 51 98 98 63 26 19 61 44 78 23 99 72 76 36 41 72 78 25 39 10 100 78 97 93 20 86 38 32 16 17 42 73 81 22 35 88 46 19 99 48 50 27 60 34 81 
15 14 30 69 85 94 90 25 70 88 62 70 61 95 61 38 90 89 28 80 21 82 50 30 38 33 98 80 33 47 97 11 57 73 96 29 35 62 83 93 25 71 81 41 18 52 73 45 58 21 97 
16 87 72 44 67 18 33 63 77 96 35 92 87 73 52 79 69 78 27 29 86 73 56 77 65 78 99 69 84 94 42 30 78 52 84 96 83 51 32 36 30 86 26 60 14 97 81 83 95 84 10 
