capacity  cost_by_node
nb_functions 10
17 43 34 95 35 94 53 98 47 85 11 35 56 25 75 69 85 10 96 42 20 92 77 61 67 41 82 80 28 61 87 86 58 27 36 39 44 59 34 49 46 14 69 85 48 95 26 92 13 14 92 24 65 35 77 26 16 16 75 86 86 39 96 75 16 43 90 26 39 75 99 44 100 99 33 32 27 88 94 65 89 89 88 65 85 30 24 72 61 28 19 99 44 19 31 71 87 95 99 47 49 
16 50 55 89 63 11 25 99 64 43 36 20 66 36 20 86 56 64 10 10 85 44 62 66 87 51 96 32 55 30 58 42 26 53 76 52 65 85 97 44 29 20 89 21 60 20 41 43 28 20 76 82 43 36 17 92 82 91 40 50 73 25 22 46 55 48 36 80 10 71 47 51 56 32 82 35 97 42 71 61 11 36 25 27 60 95 10 73 45 92 53 66 86 32 14 62 90 37 68 86 19 
8 73 26 66 39 27 59 80 84 91 43 76 70 50 36 63 59 15 99 92 60 27 79 22 67 25 49 85 32 42 25 13 100 16 52 11 38 77 70 32 45 92 44 50 72 52 32 15 86 83 44 27 37 13 79 21 28 85 96 62 35 42 89 26 51 15 87 70 50 96 21 42 11 18 51 32 81 41 65 45 67 30 90 88 18 44 42 79 67 12 50 60 100 89 33 69 18 51 50 63 33 
16 78 55 88 57 30 37 96 47 90 89 22 22 89 71 67 70 54 91 32 21 24 93 24 49 72 25 17 66 40 79 66 81 85 69 41 66 16 55 18 54 69 38 85 45 41 69 82 87 64 99 25 42 54 87 92 29 36 74 31 47 47 45 91 66 49 63 18 54 91 15 53 54 77 20 13 77 21 52 80 68 96 66 61 86 86 15 52 93 26 29 93 49 15 41 76 22 86 66 31 100 
17 90 99 83 97 36 97 100 96 19 70 51 78 97 75 18 10 73 26 34 28 69 23 34 61 98 53 71 55 12 71 47 60 80 36 31 40 52 61 78 69 79 81 68 98 99 69 17 60 25 26 39 35 30 94 42 53 22 56 69 71 83 58 67 88 13 45 10 89 46 100 38 18 99 94 81 34 33 66 80 93 35 60 23 32 88 27 53 72 12 30 91 88 16 97 51 58 89 56 87 27 
8 54 94 14 59 65 58 71 29 22 36 69 40 84 85 54 85 66 46 34 74 17 84 73 32 58 68 21 65 44 31 96 63 95 23 81 45 19 89 65 19 29 95 87 40 56 40 17 87 50 68 40 93 21 75 72 28 49 34 19 45 36 89 27 65 74 43 29 38 56 82 68 90 92 74 31 81 43 12 95 82 84 32 47 26 32 20 48 22 52 28 39 31 66 44 58 59 62 79 18 57 
10 68 25 42 87 76 78 43 59 33 67 89 58 13 42 28 61 44 100 69 88 37 91 27 95 48 52 43 65 95 78 78 20 46 34 16 87 100 57 23 61 92 63 29 93 61 14 21 74 79 17 88 100 84 37 50 31 44 56 28 26 13 57 95 60 84 53 30 38 35 27 28 59 83 46 72 19 29 62 34 13 25 69 84 37 37 30 38 20 93 19 24 48 16 85 38 14 94 25 22 99 
10 47 56 14 72 52 14 33 69 27 65 28 71 70 93 63 46 18 44 22 59 73 54 43 55 37 93 33 59 45 98 92 45 33 93 100 35 73 64 65 92 62 93 74 46 33 83 62 95 19 56 100 12 24 50 53 80 33 66 83 64 20 58 35 21 71 99 64 64 96 36 45 96 91 34 86 55 14 76 97 35 51 35 62 27 74 16 41 35 100 14 89 35 53 71 38 69 66 95 31 67 
15 17 97 94 68 22 71 24 74 16 98 36 80 55 37 82 96 59 55 80 77 75 83 96 14 33 68 70 51 54 36 12 62 26 79 61 85 99 82 51 70 54 65 85 83 43 21 72 19 82 81 26 81 87 73 96 36 70 18 62 18 91 29 55 15 87 98 20 79 51 25 28 41 68 99 69 32 32 73 65 80 39 98 24 83 98 80 81 62 52 48 97 80 99 95 63 81 17 69 36 40 
11 63 70 26 70 98 38 23 25 79 61 76 95 40 97 59 92 94 46 72 80 100 88 79 61 27 11 50 81 87 42 54 52 78 63 12 33 21 48 43 37 58 32 55 56 93 74 67 17 40 32 44 89 85 41 77 55 14 21 62 68 82 71 56 16 56 59 10 28 22 38 53 87 49 26 73 91 54 53 83 28 62 100 79 20 83 98 66 57 90 99 99 90 85 52 81 13 46 65 60 78 
