Node_1 Node_2 Capacity_node1 Capacity_node2 Latency_arc node_cost
nb_nodes 50
nb_arcs 1260
0 32 1 1 13 613
0 2 1 3 17 613
0 3 1 1 22 613
0 17 1 3 25 613
0 7 1 2 3 613
0 42 1 3 9 613
0 11 1 2 20 613
0 12 1 2 17 613
0 13 1 2 13 613
0 46 1 3 24 613
0 15 1 1 6 613
0 49 1 1 6 613
0 18 1 3 20 613
0 35 1 1 8 613
0 21 1 3 16 613
0 22 1 2 19 613
0 24 1 1 12 613
0 25 1 1 7 613
0 43 1 3 5 613
0 39 1 3 25 613
1 4 2 3 23 72
1 8 2 2 24 72
1 11 2 2 21 72
1 12 2 2 2 72
1 15 2 1 4 72
1 16 2 3 6 72
1 17 2 3 24 72
1 21 2 3 14 72
1 24 2 1 9 72
1 25 2 1 23 72
1 26 2 2 12 72
1 27 2 1 6 72
1 29 2 2 11 72
1 31 2 2 16 72
1 32 2 1 19 72
1 33 2 2 7 72
1 34 2 1 18 72
1 39 2 3 14 72
1 40 2 3 2 72
1 41 2 3 7 72
1 42 2 3 1 72
1 45 2 2 5 72
1 46 2 3 9 72
1 47 2 3 23 72
2 0 3 1 17 714
2 3 3 1 8 714
2 4 3 3 18 714
2 5 3 2 5 714
2 7 3 2 18 714
2 8 3 2 1 714
2 10 3 1 12 714
2 11 3 2 9 714
2 16 3 3 3 714
2 17 3 3 18 714
2 20 3 3 22 714
2 21 3 3 21 714
2 22 3 2 4 714
2 23 3 3 10 714
2 26 3 2 5 714
2 30 3 2 19 714
2 31 3 2 7 714
2 35 3 1 10 714
2 37 3 3 17 714
2 38 3 2 16 714
2 40 3 3 21 714
2 41 3 3 4 714
2 42 3 3 10 714
2 43 3 3 1 714
3 0 1 1 22 69
3 2 1 3 8 69
3 5 1 2 7 69
3 6 1 3 23 69
3 7 1 2 15 69
3 10 1 1 17 69
3 12 1 2 5 69
3 13 1 2 15 69
3 14 1 1 19 69
3 15 1 1 17 69
3 18 1 3 19 69
3 21 1 3 6 69
3 23 1 3 2 69
3 24 1 1 24 69
3 26 1 2 4 69
3 27 1 1 16 69
3 29 1 2 4 69
3 30 1 2 20 69
3 31 1 2 14 69
3 32 1 1 18 69
3 34 1 1 25 69
3 35 1 1 20 69
3 38 1 2 15 69
3 40 1 3 25 69
3 41 1 3 19 69
3 45 1 2 7 69
3 49 1 1 25 69
4 1 3 2 23 663
4 2 3 3 18 663
4 6 3 3 20 663
4 7 3 2 22 663
4 8 3 2 5 663
4 9 3 1 16 663
4 10 3 1 7 663
4 14 3 1 1 663
4 17 3 3 1 663
4 19 3 1 3 663
4 20 3 3 19 663
4 21 3 3 22 663
4 24 3 1 8 663
4 25 3 1 10 663
4 26 3 2 6 663
4 28 3 3 11 663
4 31 3 2 2 663
4 34 3 1 5 663
4 36 3 2 4 663
4 38 3 2 1 663
4 41 3 3 12 663
4 45 3 2 2 663
4 49 3 1 20 663
5 2 2 3 5 548
5 3 2 1 7 548
5 7 2 2 3 548
5 9 2 1 25 548
5 12 2 2 18 548
5 17 2 3 3 548
5 19 2 1 13 548
5 20 2 3 16 548
5 24 2 1 22 548
5 25 2 1 6 548
5 26 2 2 15 548
5 27 2 1 9 548
5 30 2 2 7 548
5 32 2 1 18 548
5 34 2 1 8 548
5 35 2 1 21 548
5 38 2 2 11 548
5 40 2 3 12 548
5 41 2 3 15 548
5 42 2 3 5 548
5 43 2 3 17 548
5 45 2 2 13 548
5 47 2 3 18 548
5 49 2 1 12 548
6 3 3 1 23 987
6 4 3 3 20 987
6 7 3 2 9 987
6 8 3 2 18 987
6 9 3 1 2 987
6 11 3 2 15 987
6 12 3 2 12 987
6 13 3 2 6 987
6 16 3 3 18 987
6 17 3 3 23 987
6 18 3 3 17 987
6 20 3 3 5 987
6 23 3 3 22 987
6 25 3 1 6 987
6 27 3 1 5 987
6 28 3 3 16 987
6 29 3 2 4 987
6 30 3 2 14 987
6 31 3 2 17 987
6 34 3 1 13 987
6 36 3 2 25 987
6 38 3 2 1 987
6 39 3 3 19 987
6 40 3 3 17 987
6 46 3 3 19 987
6 47 3 3 21 987
6 49 3 1 14 987
7 0 2 1 3 810
7 2 2 3 18 810
7 3 2 1 15 810
7 4 2 3 22 810
7 5 2 2 3 810
7 6 2 3 9 810
7 8 2 2 1 810
7 12 2 2 22 810
7 13 2 2 15 810
7 16 2 3 20 810
7 18 2 3 12 810
7 19 2 1 21 810
7 22 2 2 20 810
7 23 2 3 9 810
7 25 2 1 8 810
7 26 2 2 4 810
7 28 2 3 1 810
7 29 2 2 5 810
7 31 2 2 5 810
7 37 2 3 24 810
7 39 2 3 6 810
7 40 2 3 10 810
7 42 2 3 6 810
7 43 2 3 3 810
7 45 2 2 17 810
7 46 2 3 16 810
7 49 2 1 18 810
8 1 2 2 24 580
8 2 2 3 1 580
8 4 2 3 5 580
8 6 2 3 18 580
8 7 2 2 1 580
8 9 2 1 15 580
8 13 2 2 3 580
8 14 2 1 8 580
8 16 2 3 2 580
8 21 2 3 12 580
8 22 2 2 13 580
8 23 2 3 9 580
8 30 2 2 21 580
8 33 2 2 23 580
8 36 2 2 16 580
8 41 2 3 9 580
8 42 2 3 22 580
8 43 2 3 12 580
8 44 2 2 17 580
8 45 2 2 25 580
8 47 2 3 21 580
8 48 2 3 9 580
9 4 1 3 16 55
9 5 1 2 25 55
9 6 1 3 2 55
9 8 1 2 15 55
9 10 1 1 24 55
9 12 1 2 15 55
9 15 1 1 15 55
9 16 1 3 2 55
9 17 1 3 11 55
9 18 1 3 2 55
9 28 1 3 10 55
9 29 1 2 5 55
9 30 1 2 2 55
9 33 1 2 11 55
9 34 1 1 4 55
9 35 1 1 15 55
9 36 1 2 24 55
9 37 1 3 23 55
9 40 1 3 15 55
9 41 1 3 10 55
9 42 1 3 18 55
9 44 1 2 21 55
9 45 1 2 12 55
10 2 1 3 12 158
10 3 1 1 17 158
10 4 1 3 7 158
10 9 1 1 24 158
10 12 1 2 10 158
10 15 1 1 16 158
10 16 1 3 17 158
10 18 1 3 15 158
10 21 1 3 11 158
10 23 1 3 12 158
10 26 1 2 11 158
10 27 1 1 12 158
10 28 1 3 23 158
10 30 1 2 7 158
10 31 1 2 2 158
10 33 1 2 11 158
10 35 1 1 25 158
10 40 1 3 5 158
10 42 1 3 5 158
10 44 1 2 1 158
10 45 1 2 5 158
10 46 1 3 22 158
10 47 1 3 1 158
10 48 1 3 7 158
11 0 2 1 20 847
11 1 2 2 21 847
11 2 2 3 9 847
11 6 2 3 15 847
11 12 2 2 17 847
11 13 2 2 4 847
11 15 2 1 18 847
11 16 2 3 11 847
11 17 2 3 18 847
11 18 2 3 14 847
11 19 2 1 16 847
11 20 2 3 2 847
11 21 2 3 5 847
11 22 2 2 19 847
11 24 2 1 3 847
11 25 2 1 12 847
11 26 2 2 8 847
11 27 2 1 20 847
11 28 2 3 14 847
11 29 2 2 18 847
11 32 2 1 4 847
11 33 2 2 11 847
11 34 2 1 17 847
11 35 2 1 18 847
11 37 2 3 14 847
11 38 2 2 24 847
11 40 2 3 7 847
11 45 2 2 17 847
11 47 2 3 25 847
11 48 2 3 14 847
12 0 2 1 17 760
12 1 2 2 2 760
12 3 2 1 5 760
12 5 2 2 18 760
12 6 2 3 12 760
12 7 2 2 22 760
12 9 2 1 15 760
12 10 2 1 10 760
12 11 2 2 17 760
12 13 2 2 4 760
12 16 2 3 17 760
12 17 2 3 19 760
12 18 2 3 21 760
12 19 2 1 13 760
12 20 2 3 21 760
12 25 2 1 17 760
12 26 2 2 2 760
12 28 2 3 17 760
12 30 2 2 23 760
12 31 2 2 25 760
12 32 2 1 10 760
12 36 2 2 12 760
12 37 2 3 7 760
12 38 2 2 11 760
12 39 2 3 12 760
12 40 2 3 13 760
12 41 2 3 4 760
12 42 2 3 5 760
12 43 2 3 23 760
12 45 2 2 6 760
12 48 2 3 17 760
13 0 2 1 13 381
13 3 2 1 15 381
13 6 2 3 6 381
13 7 2 2 15 381
13 8 2 2 3 381
13 11 2 2 4 381
13 12 2 2 4 381
13 16 2 3 15 381
13 17 2 3 20 381
13 19 2 1 15 381
13 21 2 3 5 381
13 23 2 3 22 381
13 26 2 2 1 381
13 29 2 2 15 381
13 30 2 2 3 381
13 33 2 2 23 381
13 34 2 1 9 381
13 36 2 2 4 381
13 38 2 2 7 381
13 40 2 3 24 381
13 44 2 2 14 381
13 45 2 2 2 381
13 46 2 3 21 381
13 48 2 3 12 381
14 32 1 1 7 394
14 3 1 1 19 394
14 4 1 3 1 394
14 38 1 2 23 394
14 8 1 2 8 394
14 41 1 3 23 394
14 42 1 3 20 394
14 43 1 3 24 394
14 45 1 2 15 394
14 47 1 3 9 394
14 16 1 3 21 394
14 40 1 3 16 394
14 19 1 1 18 394
14 20 1 3 24 394
14 27 1 1 25 394
14 26 1 2 2 394
14 15 1 1 24 394
14 28 1 3 9 394
14 29 1 2 14 394
14 30 1 2 2 394
15 0 1 1 6 910
15 1 1 2 4 910
15 3 1 1 17 910
15 9 1 1 15 910
15 10 1 1 16 910
15 11 1 2 18 910
15 14 1 1 24 910
15 17 1 3 14 910
15 18 1 3 2 910
15 19 1 1 16 910
15 20 1 3 11 910
15 21 1 3 3 910
15 22 1 2 18 910
15 24 1 1 8 910
15 26 1 2 13 910
15 29 1 2 6 910
15 30 1 2 1 910
15 35 1 1 3 910
15 36 1 2 11 910
15 38 1 2 13 910
15 39 1 3 15 910
15 40 1 3 7 910
15 41 1 3 8 910
15 46 1 3 23 910
16 1 3 2 6 269
16 2 3 3 3 269
16 6 3 3 18 269
16 7 3 2 20 269
16 8 3 2 2 269
16 9 3 1 2 269
16 10 3 1 17 269
16 11 3 2 11 269
16 12 3 2 17 269
16 13 3 2 15 269
16 14 3 1 21 269
16 17 3 3 24 269
16 18 3 3 20 269
16 20 3 3 24 269
16 21 3 3 22 269
16 23 3 3 22 269
16 24 3 1 6 269
16 25 3 1 9 269
16 26 3 2 15 269
16 34 3 1 19 269
16 38 3 2 22 269
16 39 3 3 2 269
16 40 3 3 8 269
16 42 3 3 8 269
16 47 3 3 23 269
17 0 3 1 25 978
17 1 3 2 24 978
17 2 3 3 18 978
17 4 3 3 1 978
17 5 3 2 3 978
17 6 3 3 23 978
17 9 3 1 11 978
17 11 3 2 18 978
17 12 3 2 19 978
17 13 3 2 20 978
17 15 3 1 14 978
17 16 3 3 24 978
17 18 3 3 6 978
17 19 3 1 20 978
17 20 3 3 24 978
17 25 3 1 16 978
17 26 3 2 12 978
17 27 3 1 8 978
17 29 3 2 18 978
17 33 3 2 19 978
17 34 3 1 8 978
17 37 3 3 6 978
17 41 3 3 18 978
17 45 3 2 24 978
17 46 3 3 22 978
17 47 3 3 11 978
18 0 3 1 20 814
18 3 3 1 19 814
18 6 3 3 17 814
18 7 3 2 12 814
18 9 3 1 2 814
18 10 3 1 15 814
18 11 3 2 14 814
18 12 3 2 21 814
18 15 3 1 2 814
18 16 3 3 20 814
18 17 3 3 6 814
18 19 3 1 2 814
18 20 3 3 8 814
18 21 3 3 11 814
18 22 3 2 24 814
18 23 3 3 11 814
18 25 3 1 20 814
18 29 3 2 12 814
18 30 3 2 11 814
18 31 3 2 13 814
18 34 3 1 11 814
18 36 3 2 3 814
18 40 3 3 5 814
18 42 3 3 19 814
18 44 3 2 9 814
18 48 3 3 13 814
19 4 1 3 3 473
19 5 1 2 13 473
19 7 1 2 21 473
19 11 1 2 16 473
19 12 1 2 13 473
19 13 1 2 15 473
19 14 1 1 18 473
19 15 1 1 16 473
19 17 1 3 20 473
19 18 1 3 2 473
19 21 1 3 8 473
19 22 1 2 13 473
19 24 1 1 14 473
19 25 1 1 25 473
19 26 1 2 21 473
19 27 1 1 9 473
19 28 1 3 24 473
19 29 1 2 25 473
19 30 1 2 21 473
19 31 1 2 8 473
19 32 1 1 19 473
19 33 1 2 23 473
19 34 1 1 23 473
19 35 1 1 20 473
19 37 1 3 24 473
19 38 1 2 7 473
19 39 1 3 11 473
19 40 1 3 24 473
19 42 1 3 2 473
19 43 1 3 7 473
19 46 1 3 23 473
19 47 1 3 7 473
19 48 1 3 12 473
19 49 1 1 1 473
20 2 3 3 22 112
20 4 3 3 19 112
20 5 3 2 16 112
20 6 3 3 5 112
20 11 3 2 2 112
20 12 3 2 21 112
20 14 3 1 24 112
20 15 3 1 11 112
20 16 3 3 24 112
20 17 3 3 24 112
20 18 3 3 8 112
20 21 3 3 21 112
20 22 3 2 24 112
20 25 3 1 9 112
20 26 3 2 2 112
20 27 3 1 2 112
20 29 3 2 10 112
20 30 3 2 19 112
20 33 3 2 18 112
20 35 3 1 17 112
20 36 3 2 23 112
20 37 3 3 12 112
20 41 3 3 8 112
20 42 3 3 7 112
20 43 3 3 17 112
20 44 3 2 1 112
20 45 3 2 20 112
21 0 3 1 16 114
21 1 3 2 14 114
21 2 3 3 21 114
21 3 3 1 6 114
21 4 3 3 22 114
21 8 3 2 12 114
21 10 3 1 11 114
21 11 3 2 5 114
21 13 3 2 5 114
21 15 3 1 3 114
21 16 3 3 22 114
21 18 3 3 11 114
21 19 3 1 8 114
21 20 3 3 21 114
21 23 3 3 4 114
21 24 3 1 20 114
21 25 3 1 23 114
21 26 3 2 11 114
21 29 3 2 14 114
21 30 3 2 6 114
21 31 3 2 8 114
21 34 3 1 20 114
21 39 3 3 25 114
21 40 3 3 4 114
21 41 3 3 18 114
21 42 3 3 9 114
21 45 3 2 14 114
22 0 2 1 19 544
22 2 2 3 4 544
22 7 2 2 20 544
22 8 2 2 13 544
22 11 2 2 19 544
22 15 2 1 18 544
22 18 2 3 24 544
22 19 2 1 13 544
22 20 2 3 24 544
22 26 2 2 21 544
22 27 2 1 17 544
22 28 2 3 3 544
22 29 2 2 6 544
22 30 2 2 19 544
22 31 2 2 6 544
22 32 2 1 15 544
22 33 2 2 6 544
22 38 2 2 1 544
22 39 2 3 13 544
22 43 2 3 8 544
22 45 2 2 4 544
22 47 2 3 21 544
22 48 2 3 3 544
22 49 2 1 16 544
23 2 3 3 10 656
23 3 3 1 2 656
23 6 3 3 22 656
23 7 3 2 9 656
23 8 3 2 9 656
23 10 3 1 12 656
23 13 3 2 22 656
23 16 3 3 22 656
23 18 3 3 11 656
23 21 3 3 4 656
23 24 3 1 9 656
23 25 3 1 10 656
23 30 3 2 10 656
23 35 3 1 22 656
23 36 3 2 24 656
23 37 3 3 21 656
23 38 3 2 12 656
23 39 3 3 25 656
23 42 3 3 15 656
23 44 3 2 18 656
23 46 3 3 9 656
23 47 3 3 4 656
23 49 3 1 25 656
24 0 1 1 12 375
24 1 1 2 9 375
24 3 1 1 24 375
24 4 1 3 8 375
24 5 1 2 22 375
24 11 1 2 3 375
24 15 1 1 8 375
24 16 1 3 6 375
24 19 1 1 14 375
24 21 1 3 20 375
24 23 1 3 9 375
24 25 1 1 22 375
24 28 1 3 5 375
24 29 1 2 7 375
24 30 1 2 14 375
24 34 1 1 6 375
24 35 1 1 16 375
24 41 1 3 6 375
24 45 1 2 21 375
24 46 1 3 10 375
24 47 1 3 24 375
24 49 1 1 10 375
25 0 1 1 7 420
25 1 1 2 23 420
25 4 1 3 10 420
25 5 1 2 6 420
25 6 1 3 6 420
25 7 1 2 8 420
25 11 1 2 12 420
25 12 1 2 17 420
25 16 1 3 9 420
25 17 1 3 16 420
25 18 1 3 20 420
25 19 1 1 25 420
25 20 1 3 9 420
25 21 1 3 23 420
25 23 1 3 10 420
25 24 1 1 22 420
25 27 1 1 14 420
25 31 1 2 10 420
25 33 1 2 5 420
25 34 1 1 24 420
25 38 1 2 18 420
25 39 1 3 9 420
25 40 1 3 21 420
25 43 1 3 17 420
25 48 1 3 25 420
25 49 1 1 8 420
26 1 2 2 12 632
26 2 2 3 5 632
26 3 2 1 4 632
26 4 2 3 6 632
26 5 2 2 15 632
26 7 2 2 4 632
26 10 2 1 11 632
26 11 2 2 8 632
26 12 2 2 2 632
26 13 2 2 1 632
26 14 2 1 2 632
26 15 2 1 13 632
26 16 2 3 15 632
26 17 2 3 12 632
26 19 2 1 21 632
26 20 2 3 2 632
26 21 2 3 11 632
26 22 2 2 21 632
26 27 2 1 24 632
26 28 2 3 9 632
26 30 2 2 2 632
26 31 2 2 12 632
26 32 2 1 11 632
26 34 2 1 14 632
26 35 2 1 25 632
26 36 2 2 6 632
26 37 2 3 8 632
26 39 2 3 10 632
26 40 2 3 23 632
26 41 2 3 22 632
26 45 2 2 2 632
26 47 2 3 1 632
26 48 2 3 20 632
26 49 2 1 19 632
27 1 1 2 6 762
27 3 1 1 16 762
27 5 1 2 9 762
27 6 1 3 5 762
27 10 1 1 12 762
27 11 1 2 20 762
27 14 1 1 25 762
27 17 1 3 8 762
27 19 1 1 9 762
27 20 1 3 2 762
27 22 1 2 17 762
27 25 1 1 14 762
27 26 1 2 24 762
27 28 1 3 10 762
27 30 1 2 24 762
27 31 1 2 16 762
27 32 1 1 2 762
27 35 1 1 24 762
27 39 1 3 12 762
27 40 1 3 5 762
27 41 1 3 2 762
27 42 1 3 14 762
27 43 1 3 4 762
27 45 1 2 7 762
27 46 1 3 17 762
27 47 1 3 19 762
28 4 3 3 11 182
28 6 3 3 16 182
28 7 3 2 1 182
28 9 3 1 10 182
28 10 3 1 23 182
28 11 3 2 14 182
28 12 3 2 17 182
28 14 3 1 9 182
28 19 3 1 24 182
28 22 3 2 3 182
28 24 3 1 5 182
28 26 3 2 9 182
28 27 3 1 10 182
28 29 3 2 3 182
28 33 3 2 22 182
28 36 3 2 20 182
28 37 3 3 25 182
28 38 3 2 1 182
28 41 3 3 24 182
28 42 3 3 4 182
28 44 3 2 23 182
28 47 3 3 1 182
28 48 3 3 19 182
28 49 3 1 10 182
29 1 2 2 11 949
29 3 2 1 4 949
29 6 2 3 4 949
29 7 2 2 5 949
29 9 2 1 5 949
29 11 2 2 18 949
29 13 2 2 15 949
29 14 2 1 14 949
29 15 2 1 6 949
29 17 2 3 18 949
29 18 2 3 12 949
29 19 2 1 25 949
29 20 2 3 10 949
29 21 2 3 14 949
29 22 2 2 6 949
29 24 2 1 7 949
29 28 2 3 3 949
29 30 2 2 5 949
29 33 2 2 17 949
29 35 2 1 3 949
29 36 2 2 17 949
29 39 2 3 16 949
29 41 2 3 14 949
29 42 2 3 3 949
29 44 2 2 11 949
29 45 2 2 25 949
29 46 2 3 24 949
29 47 2 3 24 949
29 49 2 1 4 949
30 2 2 3 19 667
30 3 2 1 20 667
30 5 2 2 7 667
30 6 2 3 14 667
30 8 2 2 21 667
30 9 2 1 2 667
30 10 2 1 7 667
30 12 2 2 23 667
30 13 2 2 3 667
30 14 2 1 2 667
30 15 2 1 1 667
30 18 2 3 11 667
30 19 2 1 21 667
30 20 2 3 19 667
30 21 2 3 6 667
30 22 2 2 19 667
30 23 2 3 10 667
30 24 2 1 14 667
30 26 2 2 2 667
30 27 2 1 24 667
30 29 2 2 5 667
30 32 2 1 9 667
30 36 2 2 5 667
30 37 2 3 8 667
30 38 2 2 17 667
30 39 2 3 4 667
30 44 2 2 5 667
30 47 2 3 12 667
30 48 2 3 25 667
30 49 2 1 4 667
31 1 2 2 16 783
31 2 2 3 7 783
31 3 2 1 14 783
31 4 2 3 2 783
31 6 2 3 17 783
31 7 2 2 5 783
31 10 2 1 2 783
31 12 2 2 25 783
31 18 2 3 13 783
31 19 2 1 8 783
31 21 2 3 8 783
31 22 2 2 6 783
31 25 2 1 10 783
31 26 2 2 12 783
31 27 2 1 16 783
31 32 2 1 25 783
31 33 2 2 19 783
31 34 2 1 14 783
31 35 2 1 17 783
31 37 2 3 9 783
31 39 2 3 16 783
31 40 2 3 16 783
31 42 2 3 11 783
31 45 2 2 6 783
31 47 2 3 14 783
31 49 2 1 21 783
32 0 1 1 13 843
32 1 1 2 19 843
32 3 1 1 18 843
32 5 1 2 18 843
32 11 1 2 4 843
32 12 1 2 10 843
32 14 1 1 7 843
32 19 1 1 19 843
32 22 1 2 15 843
32 26 1 2 11 843
32 27 1 1 2 843
32 30 1 2 9 843
32 31 1 2 25 843
32 35 1 1 11 843
32 36 1 2 13 843
32 37 1 3 6 843
32 38 1 2 5 843
32 40 1 3 12 843
32 42 1 3 25 843
32 44 1 2 23 843
32 45 1 2 23 843
32 46 1 3 10 843
32 49 1 1 4 843
33 1 2 2 7 192
33 8 2 2 23 192
33 9 2 1 11 192
33 10 2 1 11 192
33 11 2 2 11 192
33 13 2 2 23 192
33 17 2 3 19 192
33 19 2 1 23 192
33 20 2 3 18 192
33 22 2 2 6 192
33 25 2 1 5 192
33 28 2 3 22 192
33 29 2 2 17 192
33 31 2 2 19 192
33 34 2 1 21 192
33 38 2 2 11 192
33 41 2 3 1 192
33 43 2 3 21 192
33 44 2 2 19 192
33 45 2 2 4 192
33 46 2 3 12 192
33 47 2 3 2 192
33 48 2 3 2 192
34 1 1 2 18 414
34 3 1 1 25 414
34 4 1 3 5 414
34 5 1 2 8 414
34 6 1 3 13 414
34 9 1 1 4 414
34 11 1 2 17 414
34 13 1 2 9 414
34 16 1 3 19 414
34 17 1 3 8 414
34 18 1 3 11 414
34 19 1 1 23 414
34 21 1 3 20 414
34 24 1 1 6 414
34 25 1 1 24 414
34 26 1 2 14 414
34 31 1 2 14 414
34 33 1 2 21 414
34 35 1 1 19 414
34 36 1 2 9 414
34 37 1 3 9 414
34 39 1 3 13 414
34 43 1 3 25 414
34 45 1 2 16 414
34 48 1 3 13 414
34 49 1 1 24 414
35 0 1 1 8 52
35 2 1 3 10 52
35 3 1 1 20 52
35 5 1 2 21 52
35 9 1 1 15 52
35 10 1 1 25 52
35 11 1 2 18 52
35 15 1 1 3 52
35 19 1 1 20 52
35 20 1 3 17 52
35 23 1 3 22 52
35 24 1 1 16 52
35 26 1 2 25 52
35 27 1 1 24 52
35 29 1 2 3 52
35 31 1 2 17 52
35 32 1 1 11 52
35 34 1 1 19 52
35 36 1 2 11 52
35 37 1 3 9 52
35 39 1 3 1 52
35 40 1 3 24 52
35 44 1 2 6 52
35 47 1 3 4 52
35 48 1 3 1 52
36 4 2 3 4 241
36 6 2 3 25 241
36 8 2 2 16 241
36 9 2 1 24 241
36 12 2 2 12 241
36 13 2 2 4 241
36 15 2 1 11 241
36 18 2 3 3 241
36 20 2 3 23 241
36 23 2 3 24 241
36 26 2 2 6 241
36 28 2 3 20 241
36 29 2 2 17 241
36 30 2 2 5 241
36 32 2 1 13 241
36 34 2 1 9 241
36 35 2 1 11 241
36 38 2 2 7 241
36 39 2 3 16 241
36 42 2 3 6 241
36 43 2 3 14 241
36 45 2 2 4 241
36 48 2 3 10 241
37 32 3 1 6 949
37 2 3 3 17 949
37 35 3 1 9 949
37 17 3 3 6 949
37 7 3 2 24 949
37 9 3 1 23 949
37 11 3 2 14 949
37 12 3 2 7 949
37 34 3 1 9 949
37 46 3 3 24 949
37 47 3 3 3 949
37 49 3 1 1 949
37 19 3 1 24 949
37 20 3 3 12 949
37 23 3 3 21 949
37 39 3 3 11 949
37 26 3 2 8 949
37 28 3 3 25 949
37 30 3 2 8 949
37 31 3 2 9 949
38 2 2 3 16 794
38 3 2 1 15 794
38 4 2 3 1 794
38 5 2 2 11 794
38 6 2 3 1 794
38 11 2 2 24 794
38 12 2 2 11 794
38 13 2 2 7 794
38 14 2 1 23 794
38 15 2 1 13 794
38 16 2 3 22 794
38 19 2 1 7 794
38 22 2 2 1 794
38 23 2 3 12 794
38 25 2 1 18 794
38 28 2 3 1 794
38 30 2 2 17 794
38 32 2 1 5 794
38 33 2 2 11 794
38 36 2 2 7 794
38 39 2 3 13 794
38 41 2 3 20 794
38 42 2 3 3 794
38 44 2 2 9 794
38 46 2 3 16 794
38 47 2 3 18 794
38 48 2 3 1 794
38 49 2 1 20 794
39 0 3 1 25 746
39 1 3 2 14 746
39 6 3 3 19 746
39 7 3 2 6 746
39 12 3 2 12 746
39 15 3 1 15 746
39 16 3 3 2 746
39 19 3 1 11 746
39 21 3 3 25 746
39 22 3 2 13 746
39 23 3 3 25 746
39 25 3 1 9 746
39 26 3 2 10 746
39 27 3 1 12 746
39 29 3 2 16 746
39 30 3 2 4 746
39 31 3 2 16 746
39 34 3 1 13 746
39 35 3 1 1 746
39 36 3 2 16 746
39 37 3 3 11 746
39 38 3 2 13 746
39 41 3 3 7 746
39 43 3 3 1 746
39 44 3 2 24 746
39 46 3 3 3 746
39 47 3 3 10 746
39 48 3 3 18 746
39 49 3 1 7 746
40 1 3 2 2 792
40 2 3 3 21 792
40 3 3 1 25 792
40 5 3 2 12 792
40 6 3 3 17 792
40 7 3 2 10 792
40 9 3 1 15 792
40 10 3 1 5 792
40 11 3 2 7 792
40 12 3 2 13 792
40 13 3 2 24 792
40 14 3 1 16 792
40 15 3 1 7 792
40 16 3 3 8 792
40 18 3 3 5 792
40 19 3 1 24 792
40 21 3 3 4 792
40 25 3 1 21 792
40 26 3 2 23 792
40 27 3 1 5 792
40 31 3 2 16 792
40 32 3 1 12 792
40 35 3 1 24 792
40 42 3 3 18 792
40 45 3 2 20 792
40 46 3 3 3 792
40 48 3 3 16 792
41 1 3 2 7 121
41 2 3 3 4 121
41 3 3 1 19 121
41 4 3 3 12 121
41 5 3 2 15 121
41 8 3 2 9 121
41 9 3 1 10 121
41 12 3 2 4 121
41 14 3 1 23 121
41 15 3 1 8 121
41 17 3 3 18 121
41 20 3 3 8 121
41 21 3 3 18 121
41 24 3 1 6 121
41 26 3 2 22 121
41 27 3 1 2 121
41 28 3 3 24 121
41 29 3 2 14 121
41 33 3 2 1 121
41 38 3 2 20 121
41 39 3 3 7 121
41 44 3 2 14 121
42 0 3 1 9 89
42 1 3 2 1 89
42 2 3 3 10 89
42 5 3 2 5 89
42 7 3 2 6 89
42 8 3 2 22 89
42 9 3 1 18 89
42 10 3 1 5 89
42 12 3 2 5 89
42 14 3 1 20 89
42 16 3 3 8 89
42 18 3 3 19 89
42 19 3 1 2 89
42 20 3 3 7 89
42 21 3 3 9 89
42 23 3 3 15 89
42 27 3 1 14 89
42 28 3 3 4 89
42 29 3 2 3 89
42 31 3 2 11 89
42 32 3 1 25 89
42 36 3 2 6 89
42 38 3 2 3 89
42 40 3 3 18 89
42 47 3 3 3 89
42 49 3 1 24 89
43 0 3 1 5 350
43 33 3 2 21 350
43 2 3 3 1 350
43 36 3 2 14 350
43 5 3 2 17 350
43 7 3 2 3 350
43 8 3 2 12 350
43 39 3 3 1 350
43 12 3 2 23 350
43 34 3 1 25 350
43 14 3 1 24 350
43 47 3 3 5 350
43 48 3 3 4 350
43 19 3 1 7 350
43 20 3 3 17 350
43 22 3 2 8 350
43 25 3 1 17 350
43 27 3 1 4 350
44 32 2 1 23 656
44 33 2 2 19 656
44 35 2 1 6 656
44 38 2 2 9 656
44 39 2 3 24 656
44 8 2 2 17 656
44 9 2 1 21 656
44 10 2 1 1 656
44 23 2 3 18 656
44 13 2 2 14 656
44 45 2 2 4 656
44 48 2 3 19 656
44 49 2 1 12 656
44 18 2 3 9 656
44 20 2 3 1 656
44 41 2 3 14 656
44 47 2 3 8 656
44 28 2 3 23 656
44 29 2 2 11 656
44 30 2 2 5 656
45 1 2 2 5 902
45 3 2 1 7 902
45 4 2 3 2 902
45 5 2 2 13 902
45 7 2 2 17 902
45 8 2 2 25 902
45 9 2 1 12 902
45 10 2 1 5 902
45 11 2 2 17 902
45 12 2 2 6 902
45 13 2 2 2 902
45 14 2 1 15 902
45 17 2 3 24 902
45 20 2 3 20 902
45 21 2 3 14 902
45 22 2 2 4 902
45 24 2 1 21 902
45 26 2 2 2 902
45 27 2 1 7 902
45 29 2 2 25 902
45 31 2 2 6 902
45 32 2 1 23 902
45 33 2 2 4 902
45 34 2 1 16 902
45 36 2 2 4 902
45 40 2 3 20 902
45 44 2 2 4 902
45 47 2 3 7 902
45 48 2 3 13 902
46 0 3 1 24 839
46 1 3 2 9 839
46 27 3 1 17 839
46 32 3 1 10 839
46 33 3 2 12 839
46 6 3 3 19 839
46 7 3 2 16 839
46 40 3 3 3 839
46 10 3 1 22 839
46 39 3 3 3 839
46 13 3 2 21 839
46 15 3 1 23 839
46 17 3 3 22 839
46 19 3 1 23 839
46 23 3 3 9 839
46 24 3 1 10 839
46 38 3 2 16 839
46 29 3 2 24 839
46 37 3 3 24 839
47 1 3 2 23 285
47 5 3 2 18 285
47 6 3 3 21 285
47 8 3 2 21 285
47 10 3 1 1 285
47 11 3 2 25 285
47 14 3 1 9 285
47 16 3 3 23 285
47 17 3 3 11 285
47 19 3 1 7 285
47 22 3 2 21 285
47 23 3 3 4 285
47 24 3 1 24 285
47 26 3 2 1 285
47 27 3 1 19 285
47 28 3 3 1 285
47 29 3 2 24 285
47 30 3 2 12 285
47 31 3 2 14 285
47 33 3 2 2 285
47 35 3 1 4 285
47 37 3 3 3 285
47 38 3 2 18 285
47 39 3 3 10 285
47 42 3 3 3 285
47 43 3 3 5 285
47 44 3 2 8 285
47 45 3 2 7 285
47 48 3 3 3 285
47 49 3 1 10 285
48 8 3 2 9 542
48 10 3 1 7 542
48 11 3 2 14 542
48 12 3 2 17 542
48 13 3 2 12 542
48 18 3 3 13 542
48 19 3 1 12 542
48 22 3 2 3 542
48 25 3 1 25 542
48 26 3 2 20 542
48 28 3 3 19 542
48 30 3 2 25 542
48 33 3 2 2 542
48 34 3 1 13 542
48 35 3 1 1 542
48 36 3 2 10 542
48 38 3 2 1 542
48 39 3 3 18 542
48 40 3 3 16 542
48 43 3 3 4 542
48 44 3 2 19 542
48 45 3 2 13 542
48 47 3 3 3 542
48 49 3 1 9 542
49 0 1 1 6 273
49 3 1 1 25 273
49 4 1 3 20 273
49 5 1 2 12 273
49 6 1 3 14 273
49 7 1 2 18 273
49 19 1 1 1 273
49 22 1 2 16 273
49 23 1 3 25 273
49 24 1 1 10 273
49 25 1 1 8 273
49 26 1 2 19 273
49 28 1 3 10 273
49 29 1 2 4 273
49 30 1 2 4 273
49 31 1 2 21 273
49 32 1 1 4 273
49 34 1 1 24 273
49 37 1 3 1 273
49 38 1 2 20 273
49 39 1 3 7 273
49 42 1 3 24 273
49 44 1 2 12 273
49 47 1 3 10 273
49 48 1 3 9 273
