capacity  cost_by_node
nb_functions 10
10 34 77 79 29 33 94 86 15 19 55 67 16 41 39 18 82 46 54 89 14 12 64 33 42 32 
15 97 47 13 13 75 37 46 41 97 82 49 92 35 53 67 29 69 57 11 22 37 40 50 38 45 
17 66 84 77 24 46 25 13 16 28 29 51 50 11 79 57 98 29 39 38 59 30 27 32 100 63 
16 35 46 65 76 62 26 98 37 24 64 21 76 50 52 29 14 78 89 47 17 11 69 28 28 58 
15 89 26 37 60 53 97 24 77 63 89 40 11 68 67 38 68 83 75 66 83 93 53 53 50 58 
9 34 87 37 48 98 32 41 66 41 48 48 37 41 100 38 37 24 68 50 36 80 32 12 30 33 
15 11 68 17 56 74 59 58 81 57 57 13 53 16 48 26 51 46 39 65 77 67 46 80 97 37 
14 63 39 58 41 70 85 92 37 86 70 74 43 59 21 14 46 50 91 85 16 73 80 46 19 17 
16 99 82 26 62 16 84 92 90 10 48 13 47 89 62 82 67 98 22 86 70 50 13 96 32 71 
16 15 39 32 32 61 45 93 87 37 60 55 73 92 82 53 78 24 92 75 20 18 69 48 77 37 
