capacity  cost_by_node
nb_functions 8
8 19 17 89 68 82 10 77 60 38 47 90 12 66 44 80 23 70 27 94 32 58 92 80 91 11 62 84 96 92 67 18 58 69 86 67 90 90 86 14 31 87 84 71 83 75 30 21 35 50 60 45 21 17 15 40 68 82 68 20 27 65 84 92 24 18 77 81 83 49 11 87 99 77 26 77 71 60 73 69 55 46 12 25 78 18 62 57 36 34 94 55 19 18 55 100 52 87 88 40 54 
8 30 76 15 21 14 49 46 86 66 40 47 32 29 26 19 67 19 91 72 100 71 71 55 20 90 49 84 96 67 80 87 35 38 81 54 12 97 15 37 56 75 28 38 23 97 13 72 21 74 92 50 39 38 46 61 37 20 30 67 49 98 72 75 78 70 69 11 90 43 18 81 34 100 100 70 17 27 16 11 62 78 67 87 46 24 74 51 57 96 91 72 11 68 62 46 58 89 72 13 28 
6 92 62 22 57 100 59 55 71 44 29 22 77 92 21 49 42 14 58 13 85 96 51 22 97 11 54 79 44 71 51 29 70 73 47 74 20 82 94 40 79 78 19 59 65 68 45 88 16 20 53 70 56 81 46 67 46 15 47 91 85 85 15 30 17 52 34 59 11 30 11 71 65 26 15 11 95 43 70 56 25 65 52 32 39 92 36 41 44 34 44 89 50 27 55 86 27 46 97 71 93 
5 52 55 74 39 66 23 18 13 44 39 57 84 70 59 93 96 76 58 32 84 70 26 35 26 52 56 30 99 81 19 16 43 55 14 85 98 52 97 62 63 22 90 56 71 25 23 33 38 86 35 77 21 13 80 42 37 74 23 75 63 31 83 18 59 82 19 12 76 75 40 15 44 84 46 80 69 54 52 72 63 32 72 54 51 90 56 13 51 10 14 100 86 55 19 52 23 26 18 91 19 
6 90 70 29 70 36 73 38 96 47 56 98 19 78 99 33 31 14 91 42 17 81 65 36 26 76 13 79 13 54 60 25 44 72 42 62 18 37 57 25 67 84 54 81 82 11 10 71 91 32 48 86 50 64 41 62 95 92 38 17 86 19 81 70 49 57 95 21 36 44 50 56 98 18 14 18 68 52 94 38 81 81 25 79 17 94 95 93 98 87 100 70 62 61 16 87 13 36 81 68 84 
6 34 15 13 21 33 38 93 23 20 66 28 92 26 95 49 53 67 85 87 18 47 13 97 88 61 14 35 41 95 54 55 26 33 89 30 23 42 75 32 45 79 32 15 93 29 21 22 84 100 43 38 30 53 80 49 19 27 90 33 23 68 98 100 53 89 13 67 50 56 18 90 61 53 90 52 41 34 68 50 41 55 87 60 88 44 27 83 20 56 23 24 47 20 91 80 69 94 65 27 55 
9 50 50 14 47 98 86 39 65 93 40 96 38 67 88 40 92 62 45 55 38 60 70 92 38 59 68 59 11 56 17 18 64 92 43 38 100 56 44 32 43 52 29 91 82 75 65 39 83 13 38 88 72 65 79 38 17 62 99 50 50 71 80 36 61 67 21 42 100 77 23 19 82 44 61 74 27 27 55 97 41 25 49 56 92 80 86 23 82 63 78 24 80 38 95 75 85 46 60 49 96 
7 42 92 93 20 14 63 73 28 30 72 37 66 62 91 16 11 27 22 79 100 79 13 48 73 62 35 68 95 54 97 28 74 35 31 47 92 49 75 89 42 19 62 96 11 90 50 17 63 44 20 90 93 59 60 14 34 61 76 73 57 51 87 67 49 87 47 41 85 28 66 99 92 46 84 71 26 39 83 68 97 96 87 17 84 53 24 82 27 67 71 80 92 48 68 14 25 32 43 39 13 
