Node_1 Node_2 Capacity_node1 Capacity_node2 Latency_arc node_cost
nb_nodes 100
nb_arcs 5058
0 1 2 1 25 470
0 2 2 1 22 470
0 4 2 2 18 470
0 5 2 2 4 470
0 6 2 1 10 470
0 8 2 2 14 470
0 9 2 1 7 470
0 10 2 2 25 470
0 11 2 1 15 470
0 15 2 2 15 470
0 17 2 2 13 470
0 19 2 2 7 470
0 20 2 1 21 470
0 21 2 1 19 470
0 24 2 2 22 470
0 25 2 2 16 470
0 30 2 1 9 470
0 31 2 1 13 470
0 32 2 2 6 470
0 35 2 2 1 470
0 38 2 1 4 470
0 42 2 2 6 470
0 46 2 2 3 470
0 48 2 1 22 470
0 52 2 1 10 470
0 58 2 1 24 470
0 59 2 1 20 470
0 61 2 1 2 470
0 65 2 1 25 470
0 69 2 1 10 470
0 72 2 1 6 470
0 74 2 2 9 470
0 78 2 2 21 470
0 79 2 2 18 470
0 81 2 1 8 470
0 83 2 1 21 470
0 87 2 2 10 470
0 93 2 1 23 470
0 96 2 1 17 470
0 97 2 1 11 470
0 98 2 1 2 470
1 0 1 2 25 213
1 3 1 2 25 213
1 5 1 2 3 213
1 6 1 1 8 213
1 8 1 2 2 213
1 12 1 2 8 213
1 13 1 2 12 213
1 16 1 2 15 213
1 19 1 2 9 213
1 23 1 2 16 213
1 24 1 2 22 213
1 26 1 1 25 213
1 29 1 2 4 213
1 30 1 1 7 213
1 31 1 1 20 213
1 32 1 2 23 213
1 34 1 1 15 213
1 35 1 2 19 213
1 37 1 1 4 213
1 38 1 1 3 213
1 40 1 1 8 213
1 41 1 2 24 213
1 42 1 2 12 213
1 46 1 2 24 213
1 47 1 1 4 213
1 48 1 1 20 213
1 51 1 1 17 213
1 52 1 1 11 213
1 57 1 1 11 213
1 59 1 1 11 213
1 60 1 1 15 213
1 62 1 2 18 213
1 64 1 2 4 213
1 65 1 1 14 213
1 67 1 2 8 213
1 69 1 1 8 213
1 70 1 2 3 213
1 71 1 1 6 213
1 73 1 1 14 213
1 74 1 2 9 213
1 75 1 2 23 213
1 77 1 2 3 213
1 83 1 1 5 213
1 85 1 2 15 213
1 87 1 2 22 213
1 89 1 1 8 213
1 91 1 1 10 213
1 94 1 2 5 213
1 95 1 2 21 213
1 98 1 1 22 213
1 99 1 1 6 213
2 0 1 2 22 727
2 3 1 2 21 727
2 4 1 2 20 727
2 10 1 2 8 727
2 11 1 1 11 727
2 13 1 2 6 727
2 14 1 1 20 727
2 15 1 2 17 727
2 16 1 2 17 727
2 17 1 2 24 727
2 21 1 1 8 727
2 24 1 2 17 727
2 25 1 2 13 727
2 27 1 1 9 727
2 29 1 2 15 727
2 34 1 1 10 727
2 35 1 2 2 727
2 36 1 1 11 727
2 38 1 1 14 727
2 39 1 1 17 727
2 41 1 2 16 727
2 42 1 2 16 727
2 46 1 2 5 727
2 51 1 1 15 727
2 53 1 2 17 727
2 58 1 1 8 727
2 60 1 1 19 727
2 61 1 1 24 727
2 68 1 2 9 727
2 70 1 2 7 727
2 73 1 1 2 727
2 78 1 2 9 727
2 81 1 1 11 727
2 84 1 1 1 727
2 87 1 2 12 727
2 88 1 2 11 727
2 90 1 1 1 727
2 93 1 1 20 727
2 95 1 2 17 727
2 98 1 1 2 727
2 99 1 1 16 727
3 1 2 1 25 827
3 2 2 1 21 827
3 4 2 2 15 827
3 8 2 2 25 827
3 10 2 2 25 827
3 11 2 1 12 827
3 12 2 2 17 827
3 17 2 2 20 827
3 18 2 2 11 827
3 22 2 1 8 827
3 23 2 2 8 827
3 24 2 2 6 827
3 25 2 2 4 827
3 27 2 1 13 827
3 28 2 1 5 827
3 31 2 1 1 827
3 35 2 2 21 827
3 36 2 1 12 827
3 39 2 1 23 827
3 41 2 2 3 827
3 43 2 2 15 827
3 45 2 2 12 827
3 47 2 1 10 827
3 48 2 1 15 827
3 50 2 1 22 827
3 53 2 2 13 827
3 58 2 1 5 827
3 59 2 1 20 827
3 64 2 2 9 827
3 66 2 1 3 827
3 68 2 2 14 827
3 69 2 1 5 827
3 71 2 1 20 827
3 72 2 1 21 827
3 74 2 2 23 827
3 79 2 2 10 827
3 82 2 1 19 827
3 84 2 1 25 827
3 85 2 2 23 827
3 86 2 1 1 827
3 87 2 2 20 827
3 89 2 1 4 827
3 90 2 1 21 827
3 91 2 1 1 827
3 92 2 1 15 827
3 93 2 1 23 827
3 96 2 1 12 827
3 97 2 1 23 827
3 98 2 1 13 827
3 99 2 1 10 827
4 0 2 2 18 338
4 2 2 1 20 338
4 3 2 2 15 338
4 7 2 1 13 338
4 9 2 1 21 338
4 10 2 2 21 338
4 11 2 1 13 338
4 13 2 2 15 338
4 16 2 2 8 338
4 17 2 2 16 338
4 18 2 2 14 338
4 19 2 2 17 338
4 20 2 1 17 338
4 21 2 1 5 338
4 24 2 2 16 338
4 26 2 1 20 338
4 29 2 2 11 338
4 30 2 1 17 338
4 32 2 2 6 338
4 33 2 1 20 338
4 35 2 2 14 338
4 38 2 1 2 338
4 39 2 1 25 338
4 40 2 1 5 338
4 41 2 2 16 338
4 42 2 2 3 338
4 45 2 2 10 338
4 48 2 1 7 338
4 55 2 2 5 338
4 56 2 2 25 338
4 57 2 1 13 338
4 60 2 1 8 338
4 64 2 2 12 338
4 65 2 1 5 338
4 68 2 2 20 338
4 69 2 1 24 338
4 71 2 1 19 338
4 72 2 1 8 338
4 74 2 2 9 338
4 75 2 2 22 338
4 76 2 1 19 338
4 77 2 2 24 338
4 82 2 1 3 338
4 85 2 2 23 338
4 87 2 2 16 338
4 89 2 1 12 338
4 91 2 1 11 338
4 95 2 2 25 338
4 97 2 1 17 338
4 98 2 1 1 338
4 99 2 1 15 338
5 0 2 2 4 192
5 1 2 1 3 192
5 8 2 2 21 192
5 10 2 2 7 192
5 11 2 1 11 192
5 12 2 2 19 192
5 15 2 2 14 192
5 17 2 2 4 192
5 19 2 2 7 192
5 23 2 2 18 192
5 24 2 2 19 192
5 25 2 2 3 192
5 26 2 1 21 192
5 29 2 2 7 192
5 34 2 1 19 192
5 35 2 2 3 192
5 36 2 1 5 192
5 40 2 1 22 192
5 42 2 2 13 192
5 44 2 1 12 192
5 45 2 2 22 192
5 47 2 1 12 192
5 48 2 1 9 192
5 50 2 1 12 192
5 51 2 1 17 192
5 52 2 1 17 192
5 54 2 1 6 192
5 55 2 2 6 192
5 56 2 2 11 192
5 58 2 1 18 192
5 62 2 2 16 192
5 63 2 2 16 192
5 65 2 1 6 192
5 66 2 1 16 192
5 67 2 2 25 192
5 70 2 2 7 192
5 75 2 2 24 192
5 76 2 1 19 192
5 77 2 2 14 192
5 78 2 2 7 192
5 81 2 1 3 192
5 82 2 1 11 192
5 86 2 1 25 192
5 88 2 2 19 192
5 96 2 1 23 192
5 97 2 1 11 192
5 98 2 1 14 192
5 99 2 1 15 192
6 0 1 2 10 656
6 1 1 1 8 656
6 8 1 2 12 656
6 9 1 1 19 656
6 12 1 2 20 656
6 15 1 2 23 656
6 17 1 2 2 656
6 20 1 1 15 656
6 21 1 1 13 656
6 22 1 1 3 656
6 24 1 2 3 656
6 26 1 1 4 656
6 27 1 1 23 656
6 29 1 2 8 656
6 31 1 1 24 656
6 33 1 1 18 656
6 34 1 1 17 656
6 35 1 2 10 656
6 37 1 1 20 656
6 38 1 1 17 656
6 40 1 1 25 656
6 42 1 2 13 656
6 44 1 1 22 656
6 45 1 2 6 656
6 47 1 1 15 656
6 50 1 1 15 656
6 51 1 1 4 656
6 54 1 1 19 656
6 59 1 1 12 656
6 60 1 1 25 656
6 61 1 1 19 656
6 63 1 2 4 656
6 64 1 2 5 656
6 65 1 1 6 656
6 67 1 2 23 656
6 70 1 2 24 656
6 74 1 2 17 656
6 75 1 2 24 656
6 76 1 1 13 656
6 82 1 1 24 656
6 84 1 1 22 656
6 86 1 1 3 656
6 87 1 2 19 656
6 90 1 1 2 656
6 91 1 1 13 656
6 93 1 1 18 656
6 96 1 1 11 656
6 97 1 1 2 656
7 4 1 2 13 933
7 8 1 2 3 933
7 12 1 2 19 933
7 15 1 2 6 933
7 16 1 2 6 933
7 17 1 2 7 933
7 18 1 2 22 933
7 19 1 2 13 933
7 21 1 1 11 933
7 22 1 1 13 933
7 23 1 2 22 933
7 24 1 2 24 933
7 25 1 2 5 933
7 27 1 1 3 933
7 28 1 1 7 933
7 29 1 2 22 933
7 34 1 1 6 933
7 36 1 1 20 933
7 37 1 1 13 933
7 38 1 1 19 933
7 45 1 2 1 933
7 46 1 2 22 933
7 47 1 1 20 933
7 48 1 1 10 933
7 49 1 2 6 933
7 50 1 1 2 933
7 51 1 1 21 933
7 56 1 2 5 933
7 58 1 1 20 933
7 59 1 1 7 933
7 64 1 2 25 933
7 67 1 2 18 933
7 70 1 2 3 933
7 71 1 1 1 933
7 75 1 2 9 933
7 76 1 1 12 933
7 77 1 2 11 933
7 79 1 2 24 933
7 80 1 1 22 933
7 83 1 1 18 933
7 85 1 2 15 933
7 88 1 2 3 933
7 89 1 1 10 933
7 90 1 1 1 933
7 93 1 1 24 933
7 94 1 2 19 933
7 95 1 2 8 933
7 97 1 1 9 933
7 98 1 1 20 933
7 99 1 1 21 933
8 0 2 2 14 931
8 1 2 1 2 931
8 3 2 2 25 931
8 5 2 2 21 931
8 6 2 1 12 931
8 7 2 1 3 931
8 11 2 1 4 931
8 13 2 2 22 931
8 14 2 1 22 931
8 15 2 2 16 931
8 18 2 2 22 931
8 19 2 2 17 931
8 22 2 1 7 931
8 23 2 2 24 931
8 25 2 2 6 931
8 27 2 1 16 931
8 28 2 1 15 931
8 30 2 1 15 931
8 31 2 1 9 931
8 32 2 2 22 931
8 33 2 1 5 931
8 36 2 1 25 931
8 37 2 1 14 931
8 39 2 1 4 931
8 40 2 1 16 931
8 42 2 2 6 931
8 46 2 2 5 931
8 47 2 1 17 931
8 48 2 1 14 931
8 55 2 2 13 931
8 56 2 2 17 931
8 57 2 1 16 931
8 58 2 1 4 931
8 59 2 1 14 931
8 64 2 2 21 931
8 65 2 1 6 931
8 68 2 2 16 931
8 70 2 2 9 931
8 73 2 1 8 931
8 74 2 2 6 931
8 76 2 1 8 931
8 77 2 2 7 931
8 78 2 2 13 931
8 80 2 1 14 931
8 81 2 1 1 931
8 83 2 1 5 931
8 84 2 1 7 931
8 86 2 1 17 931
8 91 2 1 20 931
8 92 2 1 14 931
8 93 2 1 22 931
8 97 2 1 5 931
9 0 1 2 7 233
9 4 1 2 21 233
9 6 1 1 19 233
9 13 1 2 4 233
9 14 1 1 20 233
9 19 1 2 15 233
9 23 1 2 13 233
9 26 1 1 2 233
9 28 1 1 6 233
9 29 1 2 5 233
9 31 1 1 23 233
9 32 1 2 8 233
9 38 1 1 1 233
9 39 1 1 15 233
9 42 1 2 4 233
9 43 1 2 3 233
9 45 1 2 14 233
9 46 1 2 24 233
9 49 1 2 24 233
9 50 1 1 7 233
9 52 1 1 25 233
9 53 1 2 23 233
9 55 1 2 6 233
9 56 1 2 6 233
9 57 1 1 1 233
9 59 1 1 17 233
9 63 1 2 11 233
9 64 1 2 11 233
9 65 1 1 19 233
9 66 1 1 14 233
9 67 1 2 23 233
9 68 1 2 14 233
9 69 1 1 18 233
9 70 1 2 21 233
9 73 1 1 24 233
9 77 1 2 9 233
9 79 1 2 9 233
9 81 1 1 23 233
9 82 1 1 25 233
9 84 1 1 25 233
9 85 1 2 22 233
9 86 1 1 25 233
9 87 1 2 5 233
9 91 1 1 22 233
9 92 1 1 23 233
9 93 1 1 3 233
9 95 1 2 11 233
9 96 1 1 14 233
9 97 1 1 22 233
9 98 1 1 6 233
9 99 1 1 10 233
10 0 2 2 25 517
10 2 2 1 8 517
10 3 2 2 25 517
10 4 2 2 21 517
10 5 2 2 7 517
10 11 2 1 18 517
10 15 2 2 3 517
10 18 2 2 2 517
10 19 2 2 25 517
10 21 2 1 14 517
10 24 2 2 21 517
10 25 2 2 20 517
10 26 2 1 5 517
10 28 2 1 15 517
10 32 2 2 23 517
10 33 2 1 16 517
10 35 2 2 20 517
10 36 2 1 24 517
10 39 2 1 5 517
10 41 2 2 14 517
10 43 2 2 14 517
10 45 2 2 10 517
10 49 2 2 7 517
10 51 2 1 7 517
10 56 2 2 1 517
10 57 2 1 7 517
10 58 2 1 14 517
10 59 2 1 24 517
10 60 2 1 18 517
10 61 2 1 1 517
10 62 2 2 5 517
10 64 2 2 14 517
10 67 2 2 17 517
10 68 2 2 7 517
10 70 2 2 21 517
10 72 2 1 20 517
10 73 2 1 8 517
10 75 2 2 7 517
10 79 2 2 18 517
10 80 2 1 12 517
10 83 2 1 15 517
10 84 2 1 7 517
10 85 2 2 4 517
10 87 2 2 17 517
10 89 2 1 21 517
10 90 2 1 11 517
10 91 2 1 22 517
10 94 2 2 8 517
10 97 2 1 12 517
10 98 2 1 23 517
10 99 2 1 9 517
11 0 1 2 15 655
11 2 1 1 11 655
11 3 1 2 12 655
11 4 1 2 13 655
11 5 1 2 11 655
11 8 1 2 4 655
11 10 1 2 18 655
11 13 1 2 20 655
11 17 1 2 3 655
11 21 1 1 6 655
11 22 1 1 7 655
11 23 1 2 25 655
11 26 1 1 6 655
11 30 1 1 11 655
11 31 1 1 17 655
11 42 1 2 9 655
11 43 1 2 20 655
11 44 1 1 17 655
11 46 1 2 11 655
11 50 1 1 11 655
11 52 1 1 10 655
11 54 1 1 3 655
11 55 1 2 24 655
11 57 1 1 1 655
11 60 1 1 25 655
11 61 1 1 12 655
11 62 1 2 23 655
11 63 1 2 5 655
11 64 1 2 8 655
11 65 1 1 14 655
11 67 1 2 8 655
11 68 1 2 14 655
11 69 1 1 18 655
11 73 1 1 20 655
11 75 1 2 15 655
11 76 1 1 10 655
11 77 1 2 4 655
11 80 1 1 24 655
11 82 1 1 1 655
11 84 1 1 6 655
11 85 1 2 13 655
11 89 1 1 13 655
11 91 1 1 9 655
11 93 1 1 8 655
11 94 1 2 3 655
11 97 1 1 20 655
12 1 2 1 8 410
12 3 2 2 17 410
12 5 2 2 19 410
12 6 2 1 20 410
12 7 2 1 19 410
12 13 2 2 1 410
12 14 2 1 21 410
12 17 2 2 4 410
12 19 2 2 23 410
12 24 2 2 13 410
12 27 2 1 4 410
12 28 2 1 20 410
12 31 2 1 15 410
12 32 2 2 11 410
12 41 2 2 14 410
12 42 2 2 25 410
12 44 2 1 4 410
12 45 2 2 22 410
12 46 2 2 25 410
12 49 2 2 3 410
12 50 2 1 10 410
12 51 2 1 13 410
12 53 2 2 1 410
12 55 2 2 13 410
12 58 2 1 1 410
12 59 2 1 1 410
12 61 2 1 10 410
12 64 2 2 15 410
12 67 2 2 3 410
12 69 2 1 15 410
12 70 2 2 15 410
12 71 2 1 25 410
12 72 2 1 4 410
12 73 2 1 25 410
12 76 2 1 4 410
12 77 2 2 10 410
12 79 2 2 16 410
12 80 2 1 17 410
12 82 2 1 17 410
12 85 2 2 7 410
12 90 2 1 14 410
12 92 2 1 14 410
12 93 2 1 22 410
12 94 2 2 24 410
12 97 2 1 7 410
12 99 2 1 10 410
13 1 2 1 12 314
13 2 2 1 6 314
13 4 2 2 15 314
13 8 2 2 22 314
13 9 2 1 4 314
13 11 2 1 20 314
13 12 2 2 1 314
13 14 2 1 1 314
13 19 2 2 14 314
13 23 2 2 9 314
13 26 2 1 22 314
13 27 2 1 17 314
13 28 2 1 5 314
13 29 2 2 18 314
13 30 2 1 18 314
13 32 2 2 23 314
13 35 2 2 25 314
13 39 2 1 21 314
13 40 2 1 22 314
13 44 2 1 12 314
13 46 2 2 5 314
13 47 2 1 6 314
13 49 2 2 12 314
13 51 2 1 19 314
13 53 2 2 4 314
13 55 2 2 22 314
13 57 2 1 13 314
13 63 2 2 23 314
13 66 2 1 19 314
13 74 2 2 21 314
13 75 2 2 6 314
13 76 2 1 8 314
13 79 2 2 4 314
13 81 2 1 25 314
13 82 2 1 21 314
13 84 2 1 11 314
13 87 2 2 18 314
13 88 2 2 16 314
13 89 2 1 3 314
13 92 2 1 17 314
13 93 2 1 18 314
13 94 2 2 24 314
13 95 2 2 11 314
13 96 2 1 8 314
13 98 2 1 15 314
14 2 1 1 20 84
14 8 1 2 22 84
14 9 1 1 20 84
14 12 1 2 21 84
14 13 1 2 1 84
14 15 1 2 8 84
14 17 1 2 18 84
14 18 1 2 14 84
14 19 1 2 8 84
14 20 1 1 19 84
14 21 1 1 9 84
14 23 1 2 11 84
14 24 1 2 16 84
14 27 1 1 20 84
14 29 1 2 20 84
14 32 1 2 3 84
14 35 1 2 5 84
14 36 1 1 7 84
14 37 1 1 24 84
14 40 1 1 5 84
14 41 1 2 7 84
14 42 1 2 1 84
14 46 1 2 9 84
14 48 1 1 4 84
14 49 1 2 17 84
14 50 1 1 13 84
14 51 1 1 13 84
14 52 1 1 16 84
14 53 1 2 11 84
14 54 1 1 2 84
14 59 1 1 6 84
14 60 1 1 20 84
14 61 1 1 8 84
14 62 1 2 6 84
14 66 1 1 14 84
14 70 1 2 6 84
14 74 1 2 1 84
14 75 1 2 23 84
14 76 1 1 18 84
14 77 1 2 21 84
14 78 1 2 9 84
14 80 1 1 21 84
14 81 1 1 3 84
14 82 1 1 11 84
14 87 1 2 16 84
14 90 1 1 9 84
14 91 1 1 22 84
14 93 1 1 12 84
14 94 1 2 2 84
14 95 1 2 4 84
14 97 1 1 6 84
14 98 1 1 4 84
14 99 1 1 9 84
15 0 2 2 15 91
15 2 2 1 17 91
15 5 2 2 14 91
15 6 2 1 23 91
15 7 2 1 6 91
15 8 2 2 16 91
15 10 2 2 3 91
15 14 2 1 8 91
15 16 2 2 24 91
15 19 2 2 6 91
15 21 2 1 1 91
15 24 2 2 22 91
15 25 2 2 4 91
15 26 2 1 12 91
15 31 2 1 7 91
15 32 2 2 4 91
15 33 2 1 10 91
15 34 2 1 9 91
15 36 2 1 7 91
15 38 2 1 4 91
15 39 2 1 24 91
15 43 2 2 7 91
15 44 2 1 20 91
15 49 2 2 20 91
15 50 2 1 17 91
15 52 2 1 16 91
15 53 2 2 11 91
15 54 2 1 2 91
15 56 2 2 21 91
15 58 2 1 11 91
15 59 2 1 19 91
15 60 2 1 20 91
15 61 2 1 23 91
15 62 2 2 11 91
15 64 2 2 10 91
15 66 2 1 3 91
15 67 2 2 1 91
15 68 2 2 11 91
15 69 2 1 4 91
15 72 2 1 19 91
15 74 2 2 12 91
15 75 2 2 20 91
15 80 2 1 1 91
15 81 2 1 21 91
15 83 2 1 25 91
15 84 2 1 2 91
15 85 2 2 9 91
15 87 2 2 16 91
15 91 2 1 16 91
15 92 2 1 12 91
15 93 2 1 1 91
15 94 2 2 2 91
15 95 2 2 9 91
15 96 2 1 21 91
15 97 2 1 6 91
15 98 2 1 25 91
16 1 2 1 15 729
16 2 2 1 17 729
16 4 2 2 8 729
16 7 2 1 6 729
16 15 2 2 24 729
16 18 2 2 1 729
16 21 2 1 8 729
16 23 2 2 10 729
16 25 2 2 13 729
16 30 2 1 3 729
16 31 2 1 6 729
16 32 2 2 11 729
16 33 2 1 11 729
16 36 2 1 8 729
16 37 2 1 5 729
16 38 2 1 18 729
16 39 2 1 10 729
16 40 2 1 20 729
16 42 2 2 15 729
16 44 2 1 9 729
16 45 2 2 1 729
16 47 2 1 2 729
16 48 2 1 19 729
16 49 2 2 19 729
16 51 2 1 18 729
16 53 2 2 3 729
16 55 2 2 21 729
16 56 2 2 4 729
16 59 2 1 7 729
16 62 2 2 23 729
16 64 2 2 12 729
16 65 2 1 20 729
16 69 2 1 15 729
16 70 2 2 19 729
16 73 2 1 7 729
16 75 2 2 16 729
16 77 2 2 17 729
16 83 2 1 23 729
16 88 2 2 22 729
16 90 2 1 7 729
16 93 2 1 21 729
16 94 2 2 2 729
16 96 2 1 24 729
16 98 2 1 11 729
17 0 2 2 13 636
17 2 2 1 24 636
17 3 2 2 20 636
17 4 2 2 16 636
17 5 2 2 4 636
17 6 2 1 2 636
17 7 2 1 7 636
17 11 2 1 3 636
17 12 2 2 4 636
17 14 2 1 18 636
17 20 2 1 12 636
17 21 2 1 23 636
17 22 2 1 13 636
17 23 2 2 2 636
17 24 2 2 1 636
17 25 2 2 15 636
17 28 2 1 19 636
17 29 2 2 13 636
17 30 2 1 13 636
17 32 2 2 15 636
17 33 2 1 16 636
17 34 2 1 5 636
17 35 2 2 22 636
17 36 2 1 20 636
17 37 2 1 13 636
17 39 2 1 14 636
17 40 2 1 12 636
17 43 2 2 6 636
17 47 2 1 6 636
17 51 2 1 11 636
17 54 2 1 3 636
17 56 2 2 19 636
17 57 2 1 7 636
17 58 2 1 2 636
17 59 2 1 23 636
17 60 2 1 14 636
17 61 2 1 2 636
17 63 2 2 18 636
17 65 2 1 2 636
17 67 2 2 1 636
17 69 2 1 20 636
17 70 2 2 11 636
17 71 2 1 22 636
17 73 2 1 6 636
17 74 2 2 1 636
17 77 2 2 16 636
17 78 2 2 15 636
17 79 2 2 7 636
17 80 2 1 21 636
17 82 2 1 19 636
17 86 2 1 21 636
17 87 2 2 8 636
17 88 2 2 7 636
17 90 2 1 4 636
17 91 2 1 8 636
17 92 2 1 7 636
17 93 2 1 17 636
17 95 2 2 22 636
17 96 2 1 16 636
17 98 2 1 5 636
18 3 2 2 11 145
18 4 2 2 14 145
18 7 2 1 22 145
18 8 2 2 22 145
18 10 2 2 2 145
18 14 2 1 14 145
18 16 2 2 1 145
18 19 2 2 16 145
18 23 2 2 14 145
18 30 2 1 7 145
18 32 2 2 14 145
18 35 2 2 20 145
18 38 2 1 19 145
18 39 2 1 6 145
18 40 2 1 7 145
18 41 2 2 4 145
18 47 2 1 12 145
18 49 2 2 25 145
18 51 2 1 21 145
18 52 2 1 12 145
18 53 2 2 8 145
18 54 2 1 17 145
18 55 2 2 1 145
18 56 2 2 6 145
18 57 2 1 15 145
18 61 2 1 17 145
18 64 2 2 4 145
18 65 2 1 15 145
18 66 2 1 10 145
18 69 2 1 21 145
18 70 2 2 5 145
18 72 2 1 4 145
18 73 2 1 9 145
18 74 2 2 2 145
18 78 2 2 10 145
18 81 2 1 14 145
18 82 2 1 9 145
18 83 2 1 21 145
18 85 2 2 9 145
18 86 2 1 7 145
18 88 2 2 13 145
18 89 2 1 22 145
18 90 2 1 3 145
18 91 2 1 5 145
18 92 2 1 10 145
18 93 2 1 23 145
18 95 2 2 4 145
18 97 2 1 14 145
18 98 2 1 11 145
18 99 2 1 5 145
19 0 2 2 7 940
19 1 2 1 9 940
19 4 2 2 17 940
19 5 2 2 7 940
19 7 2 1 13 940
19 8 2 2 17 940
19 9 2 1 15 940
19 10 2 2 25 940
19 12 2 2 23 940
19 13 2 2 14 940
19 14 2 1 8 940
19 15 2 2 6 940
19 18 2 2 16 940
19 20 2 1 11 940
19 23 2 2 20 940
19 24 2 2 19 940
19 27 2 1 10 940
19 29 2 2 24 940
19 30 2 1 18 940
19 33 2 1 19 940
19 35 2 2 25 940
19 38 2 1 13 940
19 39 2 1 18 940
19 40 2 1 19 940
19 43 2 2 7 940
19 44 2 1 20 940
19 49 2 2 10 940
19 52 2 1 20 940
19 54 2 1 24 940
19 55 2 2 21 940
19 57 2 1 5 940
19 58 2 1 17 940
19 59 2 1 1 940
19 61 2 1 18 940
19 63 2 2 15 940
19 64 2 2 13 940
19 69 2 1 1 940
19 70 2 2 10 940
19 72 2 1 6 940
19 73 2 1 11 940
19 74 2 2 10 940
19 77 2 2 21 940
19 80 2 1 7 940
19 84 2 1 9 940
19 87 2 2 25 940
19 88 2 2 3 940
19 90 2 1 10 940
19 91 2 1 25 940
19 93 2 1 12 940
19 94 2 2 2 940
19 96 2 1 21 940
19 98 2 1 3 940
19 99 2 1 19 940
20 0 1 2 21 600
20 4 1 2 17 600
20 6 1 1 15 600
20 14 1 1 19 600
20 17 1 2 12 600
20 19 1 2 11 600
20 21 1 1 19 600
20 23 1 2 7 600
20 25 1 2 3 600
20 26 1 1 2 600
20 28 1 1 10 600
20 29 1 2 11 600
20 30 1 1 7 600
20 32 1 2 4 600
20 33 1 1 18 600
20 34 1 1 14 600
20 35 1 2 3 600
20 36 1 1 14 600
20 37 1 1 22 600
20 38 1 1 8 600
20 43 1 2 21 600
20 46 1 2 6 600
20 49 1 2 25 600
20 51 1 1 1 600
20 52 1 1 10 600
20 53 1 2 8 600
20 55 1 2 11 600
20 56 1 2 8 600
20 58 1 1 17 600
20 59 1 1 6 600
20 61 1 1 17 600
20 67 1 2 18 600
20 68 1 2 15 600
20 69 1 1 23 600
20 70 1 2 23 600
20 73 1 1 15 600
20 76 1 1 17 600
20 77 1 2 20 600
20 80 1 1 8 600
20 83 1 1 21 600
20 84 1 1 24 600
20 89 1 1 3 600
20 90 1 1 22 600
20 91 1 1 9 600
20 92 1 1 8 600
20 94 1 2 13 600
20 96 1 1 12 600
20 97 1 1 21 600
20 98 1 1 23 600
21 0 1 2 19 978
21 2 1 1 8 978
21 4 1 2 5 978
21 6 1 1 13 978
21 7 1 1 11 978
21 10 1 2 14 978
21 11 1 1 6 978
21 14 1 1 9 978
21 15 1 2 1 978
21 16 1 2 8 978
21 17 1 2 23 978
21 20 1 1 19 978
21 22 1 1 12 978
21 23 1 2 24 978
21 26 1 1 1 978
21 27 1 1 8 978
21 29 1 2 10 978
21 32 1 2 1 978
21 33 1 1 16 978
21 34 1 1 13 978
21 35 1 2 3 978
21 39 1 1 17 978
21 40 1 1 2 978
21 41 1 2 19 978
21 42 1 2 20 978
21 44 1 1 2 978
21 52 1 1 11 978
21 54 1 1 8 978
21 55 1 2 11 978
21 56 1 2 13 978
21 57 1 1 14 978
21 58 1 1 24 978
21 60 1 1 3 978
21 61 1 1 11 978
21 62 1 2 20 978
21 65 1 1 3 978
21 67 1 2 6 978
21 68 1 2 16 978
21 69 1 1 13 978
21 71 1 1 19 978
21 72 1 1 16 978
21 73 1 1 11 978
21 74 1 2 7 978
21 76 1 1 10 978
21 77 1 2 6 978
21 78 1 2 19 978
21 81 1 1 12 978
21 82 1 1 22 978
21 86 1 1 13 978
21 88 1 2 7 978
21 89 1 1 22 978
21 91 1 1 2 978
21 94 1 2 25 978
21 95 1 2 23 978
21 98 1 1 20 978
22 3 1 2 8 182
22 6 1 1 3 182
22 7 1 1 13 182
22 8 1 2 7 182
22 11 1 1 7 182
22 17 1 2 13 182
22 21 1 1 12 182
22 26 1 1 11 182
22 30 1 1 9 182
22 31 1 1 15 182
22 33 1 1 4 182
22 35 1 2 15 182
22 38 1 1 17 182
22 39 1 1 17 182
22 40 1 1 4 182
22 41 1 2 5 182
22 42 1 2 18 182
22 43 1 2 22 182
22 44 1 1 17 182
22 46 1 2 4 182
22 47 1 1 13 182
22 48 1 1 3 182
22 49 1 2 8 182
22 50 1 1 5 182
22 51 1 1 17 182
22 52 1 1 20 182
22 55 1 2 4 182
22 56 1 2 24 182
22 60 1 1 15 182
22 62 1 2 1 182
22 63 1 2 13 182
22 64 1 2 18 182
22 65 1 1 10 182
22 66 1 1 16 182
22 69 1 1 17 182
22 71 1 1 1 182
22 72 1 1 3 182
22 73 1 1 7 182
22 75 1 2 16 182
22 78 1 2 6 182
22 79 1 2 12 182
22 80 1 1 12 182
22 87 1 2 25 182
22 88 1 2 21 182
22 91 1 1 3 182
22 94 1 2 5 182
22 96 1 1 2 182
22 97 1 1 7 182
22 99 1 1 11 182
23 1 2 1 16 179
23 3 2 2 8 179
23 5 2 2 18 179
23 7 2 1 22 179
23 8 2 2 24 179
23 9 2 1 13 179
23 11 2 1 25 179
23 13 2 2 9 179
23 14 2 1 11 179
23 16 2 2 10 179
23 17 2 2 2 179
23 18 2 2 14 179
23 19 2 2 20 179
23 20 2 1 7 179
23 21 2 1 24 179
23 24 2 2 1 179
23 25 2 2 8 179
23 26 2 1 9 179
23 27 2 1 20 179
23 33 2 1 19 179
23 36 2 1 17 179
23 37 2 1 15 179
23 38 2 1 3 179
23 39 2 1 20 179
23 41 2 2 20 179
23 45 2 2 3 179
23 53 2 2 14 179
23 58 2 1 10 179
23 59 2 1 5 179
23 61 2 1 9 179
23 64 2 2 11 179
23 65 2 1 17 179
23 66 2 1 18 179
23 67 2 2 22 179
23 68 2 2 18 179
23 69 2 1 11 179
23 71 2 1 13 179
23 72 2 1 17 179
23 73 2 1 8 179
23 74 2 2 7 179
23 75 2 2 17 179
23 77 2 2 4 179
23 81 2 1 9 179
23 82 2 1 3 179
23 83 2 1 12 179
23 84 2 1 10 179
23 89 2 1 8 179
23 90 2 1 23 179
23 92 2 1 7 179
23 94 2 2 21 179
23 98 2 1 9 179
23 99 2 1 18 179
24 0 2 2 22 941
24 1 2 1 22 941
24 2 2 1 17 941
24 3 2 2 6 941
24 4 2 2 16 941
24 5 2 2 19 941
24 6 2 1 3 941
24 7 2 1 24 941
24 10 2 2 21 941
24 12 2 2 13 941
24 14 2 1 16 941
24 15 2 2 22 941
24 17 2 2 1 941
24 19 2 2 19 941
24 23 2 2 1 941
24 30 2 1 11 941
24 33 2 1 3 941
24 34 2 1 17 941
24 36 2 1 17 941
24 41 2 2 8 941
24 43 2 2 18 941
24 45 2 2 17 941
24 46 2 2 19 941
24 47 2 1 23 941
24 50 2 1 6 941
24 52 2 1 6 941
24 53 2 2 8 941
24 54 2 1 1 941
24 55 2 2 3 941
24 58 2 1 21 941
24 61 2 1 19 941
24 63 2 2 6 941
24 64 2 2 24 941
24 65 2 1 9 941
24 67 2 2 4 941
24 68 2 2 13 941
24 70 2 2 24 941
24 74 2 2 21 941
24 76 2 1 2 941
24 78 2 2 20 941
24 79 2 2 17 941
24 81 2 1 4 941
24 84 2 1 23 941
24 85 2 2 1 941
24 86 2 1 23 941
24 91 2 1 17 941
24 93 2 1 15 941
24 94 2 2 21 941
24 98 2 1 19 941
24 99 2 1 18 941
25 0 2 2 16 411
25 2 2 1 13 411
25 3 2 2 4 411
25 5 2 2 3 411
25 7 2 1 5 411
25 8 2 2 6 411
25 10 2 2 20 411
25 15 2 2 4 411
25 16 2 2 13 411
25 17 2 2 15 411
25 20 2 1 3 411
25 23 2 2 8 411
25 30 2 1 18 411
25 31 2 1 12 411
25 32 2 2 22 411
25 34 2 1 7 411
25 38 2 1 6 411
25 39 2 1 13 411
25 41 2 2 17 411
25 42 2 2 4 411
25 46 2 2 5 411
25 52 2 1 16 411
25 54 2 1 5 411
25 55 2 2 1 411
25 57 2 1 13 411
25 58 2 1 5 411
25 59 2 1 20 411
25 60 2 1 22 411
25 65 2 1 25 411
25 67 2 2 3 411
25 69 2 1 17 411
25 71 2 1 23 411
25 72 2 1 24 411
25 73 2 1 17 411
25 74 2 2 7 411
25 75 2 2 19 411
25 77 2 2 20 411
25 85 2 2 17 411
25 88 2 2 21 411
25 89 2 1 17 411
25 90 2 1 5 411
25 91 2 1 6 411
25 94 2 2 5 411
25 95 2 2 15 411
25 96 2 1 5 411
25 97 2 1 3 411
25 99 2 1 14 411
26 1 1 1 25 885
26 4 1 2 20 885
26 5 1 2 21 885
26 6 1 1 4 885
26 9 1 1 2 885
26 10 1 2 5 885
26 11 1 1 6 885
26 13 1 2 22 885
26 15 1 2 12 885
26 20 1 1 2 885
26 21 1 1 1 885
26 22 1 1 11 885
26 23 1 2 9 885
26 27 1 1 5 885
26 28 1 1 20 885
26 31 1 1 13 885
26 32 1 2 16 885
26 34 1 1 21 885
26 36 1 1 20 885
26 37 1 1 21 885
26 38 1 1 9 885
26 39 1 1 16 885
26 41 1 2 19 885
26 43 1 2 20 885
26 44 1 1 25 885
26 45 1 2 15 885
26 49 1 2 13 885
26 50 1 1 15 885
26 54 1 1 2 885
26 55 1 2 10 885
26 56 1 2 15 885
26 59 1 1 22 885
26 62 1 2 3 885
26 63 1 2 3 885
26 66 1 1 21 885
26 67 1 2 13 885
26 69 1 1 22 885
26 71 1 1 7 885
26 75 1 2 21 885
26 76 1 1 18 885
26 77 1 2 5 885
26 81 1 1 4 885
26 82 1 1 13 885
26 85 1 2 3 885
26 89 1 1 8 885
26 92 1 1 17 885
26 95 1 2 24 885
26 98 1 1 15 885
26 99 1 1 13 885
27 2 1 1 9 645
27 3 1 2 13 645
27 6 1 1 23 645
27 7 1 1 3 645
27 8 1 2 16 645
27 12 1 2 4 645
27 13 1 2 17 645
27 14 1 1 20 645
27 19 1 2 10 645
27 21 1 1 8 645
27 23 1 2 20 645
27 26 1 1 5 645
27 28 1 1 25 645
27 31 1 1 10 645
27 35 1 2 21 645
27 36 1 1 5 645
27 40 1 1 6 645
27 43 1 2 19 645
27 44 1 1 7 645
27 46 1 2 21 645
27 47 1 1 12 645
27 50 1 1 16 645
27 51 1 1 15 645
27 52 1 1 18 645
27 53 1 2 18 645
27 56 1 2 23 645
27 58 1 1 3 645
27 60 1 1 2 645
27 63 1 2 8 645
27 64 1 2 2 645
27 65 1 1 3 645
27 69 1 1 15 645
27 70 1 2 16 645
27 71 1 1 23 645
27 73 1 1 25 645
27 76 1 1 20 645
27 79 1 2 9 645
27 81 1 1 10 645
27 82 1 1 2 645
27 83 1 1 16 645
27 84 1 1 25 645
27 85 1 2 15 645
27 86 1 1 13 645
27 87 1 2 23 645
27 88 1 2 4 645
27 89 1 1 20 645
27 90 1 1 14 645
27 94 1 2 23 645
27 96 1 1 1 645
27 98 1 1 2 645
27 99 1 1 16 645
28 3 1 2 5 152
28 7 1 1 7 152
28 8 1 2 15 152
28 9 1 1 6 152
28 10 1 2 15 152
28 12 1 2 20 152
28 13 1 2 5 152
28 17 1 2 19 152
28 20 1 1 10 152
28 26 1 1 20 152
28 27 1 1 25 152
28 29 1 2 11 152
28 30 1 1 14 152
28 32 1 2 11 152
28 33 1 1 24 152
28 38 1 1 21 152
28 42 1 2 17 152
28 44 1 1 19 152
28 46 1 2 13 152
28 48 1 1 12 152
28 49 1 2 13 152
28 52 1 1 24 152
28 54 1 1 5 152
28 58 1 1 21 152
28 59 1 1 1 152
28 60 1 1 10 152
28 62 1 2 4 152
28 63 1 2 21 152
28 65 1 1 23 152
28 66 1 1 4 152
28 67 1 2 1 152
28 68 1 2 13 152
28 70 1 2 22 152
28 71 1 1 7 152
28 72 1 1 23 152
28 73 1 1 12 152
28 75 1 2 4 152
28 78 1 2 14 152
28 80 1 1 3 152
28 82 1 1 15 152
28 85 1 2 18 152
28 86 1 1 3 152
28 87 1 2 10 152
28 94 1 2 9 152
28 95 1 2 5 152
28 97 1 1 3 152
28 98 1 1 12 152
28 99 1 1 12 152
29 1 2 1 4 495
29 2 2 1 15 495
29 4 2 2 11 495
29 5 2 2 7 495
29 6 2 1 8 495
29 7 2 1 22 495
29 9 2 1 5 495
29 13 2 2 18 495
29 14 2 1 20 495
29 17 2 2 13 495
29 19 2 2 24 495
29 20 2 1 11 495
29 21 2 1 10 495
29 28 2 1 11 495
29 30 2 1 21 495
29 33 2 1 16 495
29 34 2 1 20 495
29 35 2 2 6 495
29 36 2 1 14 495
29 43 2 2 4 495
29 44 2 1 2 495
29 46 2 2 4 495
29 47 2 1 22 495
29 49 2 2 10 495
29 50 2 1 2 495
29 51 2 1 21 495
29 53 2 2 22 495
29 57 2 1 9 495
29 59 2 1 3 495
29 60 2 1 12 495
29 61 2 1 20 495
29 64 2 2 14 495
29 65 2 1 2 495
29 66 2 1 11 495
29 68 2 2 13 495
29 70 2 2 20 495
29 71 2 1 8 495
29 73 2 1 2 495
29 77 2 2 8 495
29 80 2 1 19 495
29 82 2 1 25 495
29 84 2 1 17 495
29 86 2 1 24 495
29 88 2 2 23 495
29 89 2 1 16 495
29 90 2 1 23 495
29 91 2 1 8 495
29 92 2 1 4 495
29 93 2 1 24 495
29 94 2 2 22 495
29 97 2 1 4 495
30 0 1 2 9 322
30 1 1 1 7 322
30 4 1 2 17 322
30 8 1 2 15 322
30 11 1 1 11 322
30 13 1 2 18 322
30 16 1 2 3 322
30 17 1 2 13 322
30 18 1 2 7 322
30 19 1 2 18 322
30 20 1 1 7 322
30 22 1 1 9 322
30 24 1 2 11 322
30 25 1 2 18 322
30 28 1 1 14 322
30 29 1 2 21 322
30 31 1 1 24 322
30 32 1 2 22 322
30 33 1 1 15 322
30 34 1 1 16 322
30 35 1 2 16 322
30 37 1 1 8 322
30 39 1 1 20 322
30 40 1 1 10 322
30 44 1 1 7 322
30 45 1 2 13 322
30 46 1 2 12 322
30 47 1 1 15 322
30 48 1 1 5 322
30 54 1 1 21 322
30 59 1 1 24 322
30 63 1 2 11 322
30 67 1 2 5 322
30 68 1 2 13 322
30 70 1 2 23 322
30 75 1 2 8 322
30 76 1 1 15 322
30 77 1 2 17 322
30 79 1 2 9 322
30 82 1 1 12 322
30 84 1 1 8 322
30 86 1 1 25 322
30 87 1 2 25 322
30 90 1 1 8 322
30 91 1 1 10 322
30 94 1 2 22 322
30 97 1 1 11 322
30 98 1 1 24 322
30 99 1 1 16 322
31 0 1 2 13 61
31 1 1 1 20 61
31 3 1 2 1 61
31 6 1 1 24 61
31 8 1 2 9 61
31 9 1 1 23 61
31 11 1 1 17 61
31 12 1 2 15 61
31 15 1 2 7 61
31 16 1 2 6 61
31 22 1 1 15 61
31 25 1 2 12 61
31 26 1 1 13 61
31 27 1 1 10 61
31 30 1 1 24 61
31 33 1 1 9 61
31 34 1 1 5 61
31 35 1 2 2 61
31 37 1 1 20 61
31 39 1 1 5 61
31 41 1 2 14 61
31 44 1 1 12 61
31 46 1 2 6 61
31 47 1 1 10 61
31 50 1 1 12 61
31 51 1 1 11 61
31 52 1 1 18 61
31 54 1 1 6 61
31 55 1 2 6 61
31 56 1 2 10 61
31 57 1 1 25 61
31 58 1 1 21 61
31 59 1 1 18 61
31 61 1 1 2 61
31 62 1 2 2 61
31 66 1 1 19 61
31 67 1 2 23 61
31 68 1 2 16 61
31 70 1 2 17 61
31 74 1 2 20 61
31 75 1 2 12 61
31 76 1 1 23 61
31 78 1 2 9 61
31 80 1 1 6 61
31 81 1 1 4 61
31 82 1 1 16 61
31 83 1 1 4 61
31 84 1 1 17 61
31 87 1 2 15 61
31 92 1 1 22 61
31 95 1 2 23 61
31 97 1 1 20 61
31 98 1 1 11 61
32 0 2 2 6 764
32 1 2 1 23 764
32 4 2 2 6 764
32 8 2 2 22 764
32 9 2 1 8 764
32 10 2 2 23 764
32 12 2 2 11 764
32 13 2 2 23 764
32 14 2 1 3 764
32 15 2 2 4 764
32 16 2 2 11 764
32 17 2 2 15 764
32 18 2 2 14 764
32 20 2 1 4 764
32 21 2 1 1 764
32 25 2 2 22 764
32 26 2 1 16 764
32 28 2 1 11 764
32 30 2 1 22 764
32 33 2 1 9 764
32 34 2 1 24 764
32 35 2 2 9 764
32 37 2 1 13 764
32 38 2 1 14 764
32 42 2 2 10 764
32 43 2 2 9 764
32 44 2 1 8 764
32 45 2 2 19 764
32 46 2 2 18 764
32 47 2 1 2 764
32 54 2 1 8 764
32 55 2 2 25 764
32 56 2 2 6 764
32 57 2 1 17 764
32 58 2 1 18 764
32 61 2 1 3 764
32 63 2 2 1 764
32 65 2 1 12 764
32 66 2 1 17 764
32 67 2 2 13 764
32 68 2 2 1 764
32 70 2 2 23 764
32 75 2 2 10 764
32 76 2 1 23 764
32 78 2 2 12 764
32 80 2 1 6 764
32 82 2 1 11 764
32 84 2 1 16 764
32 85 2 2 12 764
32 86 2 1 5 764
32 92 2 1 10 764
32 93 2 1 9 764
32 94 2 2 24 764
32 98 2 1 19 764
33 4 1 2 20 59
33 6 1 1 18 59
33 8 1 2 5 59
33 10 1 2 16 59
33 15 1 2 10 59
33 16 1 2 11 59
33 17 1 2 16 59
33 19 1 2 19 59
33 20 1 1 18 59
33 21 1 1 16 59
33 22 1 1 4 59
33 23 1 2 19 59
33 24 1 2 3 59
33 28 1 1 24 59
33 29 1 2 16 59
33 30 1 1 15 59
33 31 1 1 9 59
33 32 1 2 9 59
33 34 1 1 22 59
33 35 1 2 18 59
33 36 1 1 9 59
33 38 1 1 9 59
33 41 1 2 9 59
33 42 1 2 21 59
33 43 1 2 4 59
33 44 1 1 12 59
33 45 1 2 21 59
33 47 1 1 18 59
33 48 1 1 21 59
33 49 1 2 21 59
33 51 1 1 15 59
33 52 1 1 13 59
33 53 1 2 21 59
33 56 1 2 18 59
33 59 1 1 5 59
33 62 1 2 22 59
33 65 1 1 19 59
33 68 1 2 6 59
33 72 1 1 12 59
33 74 1 2 10 59
33 76 1 1 5 59
33 77 1 2 24 59
33 79 1 2 6 59
33 87 1 2 17 59
33 89 1 1 24 59
33 91 1 1 12 59
33 93 1 1 7 59
33 94 1 2 13 59
33 98 1 1 9 59
34 1 1 1 15 838
34 2 1 1 10 838
34 5 1 2 19 838
34 6 1 1 17 838
34 7 1 1 6 838
34 15 1 2 9 838
34 17 1 2 5 838
34 20 1 1 14 838
34 21 1 1 13 838
34 24 1 2 17 838
34 25 1 2 7 838
34 26 1 1 21 838
34 29 1 2 20 838
34 30 1 1 16 838
34 31 1 1 5 838
34 32 1 2 24 838
34 33 1 1 22 838
34 35 1 2 3 838
34 36 1 1 15 838
34 37 1 1 24 838
34 38 1 1 22 838
34 39 1 1 25 838
34 43 1 2 16 838
34 44 1 1 16 838
34 46 1 2 5 838
34 48 1 1 8 838
34 50 1 1 3 838
34 53 1 2 13 838
34 54 1 1 5 838
34 55 1 2 2 838
34 56 1 2 24 838
34 57 1 1 25 838
34 58 1 1 3 838
34 60 1 1 10 838
34 62 1 2 12 838
34 63 1 2 4 838
34 64 1 2 4 838
34 65 1 1 25 838
34 66 1 1 2 838
34 68 1 2 22 838
34 70 1 2 23 838
34 71 1 1 14 838
34 73 1 1 1 838
34 74 1 2 1 838
34 75 1 2 8 838
34 76 1 1 6 838
34 78 1 2 12 838
34 80 1 1 4 838
34 83 1 1 17 838
34 84 1 1 24 838
34 85 1 2 19 838
34 87 1 2 1 838
34 88 1 2 23 838
34 94 1 2 9 838
34 95 1 2 24 838
34 97 1 1 25 838
35 0 2 2 1 488
35 1 2 1 19 488
35 2 2 1 2 488
35 3 2 2 21 488
35 4 2 2 14 488
35 5 2 2 3 488
35 6 2 1 10 488
35 10 2 2 20 488
35 13 2 2 25 488
35 14 2 1 5 488
35 17 2 2 22 488
35 18 2 2 20 488
35 19 2 2 25 488
35 20 2 1 3 488
35 21 2 1 3 488
35 22 2 1 15 488
35 27 2 1 21 488
35 29 2 2 6 488
35 30 2 1 16 488
35 31 2 1 2 488
35 32 2 2 9 488
35 33 2 1 18 488
35 34 2 1 3 488
35 37 2 1 7 488
35 39 2 1 8 488
35 42 2 2 8 488
35 43 2 2 24 488
35 48 2 1 2 488
35 51 2 1 5 488
35 52 2 1 14 488
35 53 2 2 22 488
35 56 2 2 15 488
35 57 2 1 13 488
35 59 2 1 13 488
35 63 2 2 12 488
35 64 2 2 24 488
35 65 2 1 2 488
35 66 2 1 19 488
35 67 2 2 20 488
35 68 2 2 20 488
35 69 2 1 5 488
35 70 2 2 20 488
35 73 2 1 10 488
35 74 2 2 3 488
35 76 2 1 4 488
35 78 2 2 13 488
35 81 2 1 7 488
35 82 2 1 11 488
35 83 2 1 10 488
35 84 2 1 20 488
35 85 2 2 6 488
35 87 2 2 10 488
35 91 2 1 14 488
35 92 2 1 10 488
35 93 2 1 24 488
35 94 2 2 15 488
35 95 2 2 23 488
36 2 1 1 11 503
36 3 1 2 12 503
36 5 1 2 5 503
36 7 1 1 20 503
36 8 1 2 25 503
36 10 1 2 24 503
36 14 1 1 7 503
36 15 1 2 7 503
36 16 1 2 8 503
36 17 1 2 20 503
36 20 1 1 14 503
36 23 1 2 17 503
36 24 1 2 17 503
36 26 1 1 20 503
36 27 1 1 5 503
36 29 1 2 14 503
36 33 1 1 9 503
36 34 1 1 15 503
36 38 1 1 14 503
36 39 1 1 12 503
36 40 1 1 25 503
36 43 1 2 6 503
36 44 1 1 25 503
36 48 1 1 3 503
36 51 1 1 12 503
36 52 1 1 10 503
36 53 1 2 13 503
36 56 1 2 5 503
36 57 1 1 9 503
36 59 1 1 17 503
36 63 1 2 25 503
36 64 1 2 24 503
36 65 1 1 19 503
36 66 1 1 9 503
36 68 1 2 6 503
36 69 1 1 22 503
36 70 1 2 14 503
36 73 1 1 6 503
36 75 1 2 13 503
36 76 1 1 14 503
36 78 1 2 3 503
36 79 1 2 5 503
36 80 1 1 4 503
36 81 1 1 9 503
36 82 1 1 16 503
36 83 1 1 22 503
36 87 1 2 17 503
36 89 1 1 16 503
36 90 1 1 19 503
36 91 1 1 21 503
36 92 1 1 1 503
36 93 1 1 15 503
36 97 1 1 9 503
36 98 1 1 18 503
36 99 1 1 4 503
37 1 1 1 4 192
37 6 1 1 20 192
37 7 1 1 13 192
37 8 1 2 14 192
37 14 1 1 24 192
37 16 1 2 5 192
37 17 1 2 13 192
37 20 1 1 22 192
37 23 1 2 15 192
37 26 1 1 21 192
37 30 1 1 8 192
37 31 1 1 20 192
37 32 1 2 13 192
37 34 1 1 24 192
37 35 1 2 7 192
37 38 1 1 7 192
37 40 1 1 22 192
37 43 1 2 11 192
37 45 1 2 24 192
37 46 1 2 19 192
37 47 1 1 4 192
37 50 1 1 7 192
37 52 1 1 21 192
37 54 1 1 10 192
37 55 1 2 22 192
37 60 1 1 1 192
37 62 1 2 20 192
37 65 1 1 15 192
37 66 1 1 5 192
37 68 1 2 2 192
37 69 1 1 25 192
37 71 1 1 15 192
37 72 1 1 21 192
37 73 1 1 5 192
37 74 1 2 14 192
37 75 1 2 19 192
37 77 1 2 10 192
37 79 1 2 12 192
37 80 1 1 17 192
37 82 1 1 4 192
37 83 1 1 20 192
37 85 1 2 21 192
37 86 1 1 10 192
37 88 1 2 18 192
37 90 1 1 20 192
37 91 1 1 7 192
37 92 1 1 21 192
37 93 1 1 23 192
37 94 1 2 5 192
38 0 1 2 4 347
38 1 1 1 3 347
38 2 1 1 14 347
38 4 1 2 2 347
38 6 1 1 17 347
38 7 1 1 19 347
38 9 1 1 1 347
38 15 1 2 4 347
38 16 1 2 18 347
38 18 1 2 19 347
38 19 1 2 13 347
38 20 1 1 8 347
38 22 1 1 17 347
38 23 1 2 3 347
38 25 1 2 6 347
38 26 1 1 9 347
38 28 1 1 21 347
38 32 1 2 14 347
38 33 1 1 9 347
38 34 1 1 22 347
38 36 1 1 14 347
38 37 1 1 7 347
38 40 1 1 6 347
38 41 1 2 20 347
38 42 1 2 25 347
38 44 1 1 23 347
38 46 1 2 2 347
38 48 1 1 17 347
38 51 1 1 18 347
38 52 1 1 9 347
38 55 1 2 16 347
38 57 1 1 7 347
38 61 1 1 15 347
38 66 1 1 20 347
38 67 1 2 7 347
38 70 1 2 5 347
38 71 1 1 21 347
38 73 1 1 12 347
38 77 1 2 17 347
38 80 1 1 23 347
38 85 1 2 1 347
38 88 1 2 5 347
38 89 1 1 25 347
38 90 1 1 3 347
38 92 1 1 17 347
38 93 1 1 13 347
38 98 1 1 21 347
39 2 1 1 17 431
39 3 1 2 23 431
39 4 1 2 25 431
39 8 1 2 4 431
39 9 1 1 15 431
39 10 1 2 5 431
39 13 1 2 21 431
39 15 1 2 24 431
39 16 1 2 10 431
39 17 1 2 14 431
39 18 1 2 6 431
39 19 1 2 18 431
39 21 1 1 17 431
39 22 1 1 17 431
39 23 1 2 20 431
39 25 1 2 13 431
39 26 1 1 16 431
39 30 1 1 20 431
39 31 1 1 5 431
39 34 1 1 25 431
39 35 1 2 8 431
39 36 1 1 12 431
39 40 1 1 20 431
39 42 1 2 13 431
39 43 1 2 10 431
39 44 1 1 12 431
39 47 1 1 5 431
39 50 1 1 13 431
39 52 1 1 22 431
39 54 1 1 14 431
39 58 1 1 6 431
39 61 1 1 23 431
39 62 1 2 19 431
39 63 1 2 13 431
39 64 1 2 3 431
39 66 1 1 6 431
39 67 1 2 4 431
39 68 1 2 18 431
39 70 1 2 25 431
39 75 1 2 7 431
39 76 1 1 18 431
39 77 1 2 16 431
39 79 1 2 23 431
39 80 1 1 12 431
39 82 1 1 21 431
39 83 1 1 3 431
39 85 1 2 10 431
39 86 1 1 19 431
39 88 1 2 25 431
39 89 1 1 10 431
39 90 1 1 13 431
39 96 1 1 14 431
39 97 1 1 15 431
40 1 1 1 8 705
40 4 1 2 5 705
40 5 1 2 22 705
40 6 1 1 25 705
40 8 1 2 16 705
40 13 1 2 22 705
40 14 1 1 5 705
40 16 1 2 20 705
40 17 1 2 12 705
40 18 1 2 7 705
40 19 1 2 19 705
40 21 1 1 2 705
40 22 1 1 4 705
40 27 1 1 6 705
40 30 1 1 10 705
40 36 1 1 25 705
40 37 1 1 22 705
40 38 1 1 6 705
40 39 1 1 20 705
40 41 1 2 9 705
40 42 1 2 21 705
40 44 1 1 9 705
40 45 1 2 6 705
40 47 1 1 7 705
40 49 1 2 18 705
40 57 1 1 12 705
40 58 1 1 25 705
40 60 1 1 8 705
40 65 1 1 22 705
40 66 1 1 5 705
40 67 1 2 6 705
40 68 1 2 19 705
40 70 1 2 22 705
40 71 1 1 8 705
40 72 1 1 1 705
40 73 1 1 12 705
40 74 1 2 2 705
40 77 1 2 22 705
40 79 1 2 11 705
40 81 1 1 20 705
40 86 1 1 24 705
40 91 1 1 15 705
40 92 1 1 22 705
40 93 1 1 20 705
40 94 1 2 25 705
40 96 1 1 13 705
40 97 1 1 1 705
41 1 2 1 24 98
41 2 2 1 16 98
41 3 2 2 3 98
41 4 2 2 16 98
41 10 2 2 14 98
41 12 2 2 14 98
41 14 2 1 7 98
41 18 2 2 4 98
41 21 2 1 19 98
41 22 2 1 5 98
41 23 2 2 20 98
41 24 2 2 8 98
41 25 2 2 17 98
41 26 2 1 19 98
41 31 2 1 14 98
41 33 2 1 9 98
41 38 2 1 20 98
41 40 2 1 9 98
41 42 2 2 15 98
41 43 2 2 21 98
41 44 2 1 12 98
41 46 2 2 2 98
41 53 2 2 13 98
41 55 2 2 15 98
41 56 2 2 22 98
41 57 2 1 18 98
41 58 2 1 19 98
41 61 2 1 25 98
41 67 2 2 19 98
41 68 2 2 12 98
41 69 2 1 9 98
41 70 2 2 24 98
41 71 2 1 17 98
41 74 2 2 14 98
41 76 2 1 1 98
41 78 2 2 25 98
41 81 2 1 18 98
41 87 2 2 24 98
41 92 2 1 1 98
41 96 2 1 17 98
41 98 2 1 10 98
42 0 2 2 6 500
42 1 2 1 12 500
42 2 2 1 16 500
42 4 2 2 3 500
42 5 2 2 13 500
42 6 2 1 13 500
42 8 2 2 6 500
42 9 2 1 4 500
42 11 2 1 9 500
42 12 2 2 25 500
42 14 2 1 1 500
42 16 2 2 15 500
42 21 2 1 20 500
42 22 2 1 18 500
42 25 2 2 4 500
42 28 2 1 17 500
42 32 2 2 10 500
42 33 2 1 21 500
42 35 2 2 8 500
42 38 2 1 25 500
42 39 2 1 13 500
42 40 2 1 21 500
42 41 2 2 15 500
42 45 2 2 11 500
42 46 2 2 25 500
42 47 2 1 5 500
42 49 2 2 9 500
42 51 2 1 9 500
42 53 2 2 5 500
42 56 2 2 2 500
42 57 2 1 4 500
42 58 2 1 10 500
42 63 2 2 5 500
42 64 2 2 23 500
42 67 2 2 10 500
42 68 2 2 19 500
42 69 2 1 18 500
42 70 2 2 13 500
42 71 2 1 19 500
42 72 2 1 1 500
42 73 2 1 5 500
42 74 2 2 24 500
42 78 2 2 16 500
42 80 2 1 3 500
42 81 2 1 12 500
42 86 2 1 25 500
42 89 2 1 20 500
42 90 2 1 20 500
42 92 2 1 8 500
42 94 2 2 21 500
42 95 2 2 23 500
42 96 2 1 24 500
42 98 2 1 11 500
43 3 2 2 15 655
43 9 2 1 3 655
43 10 2 2 14 655
43 11 2 1 20 655
43 15 2 2 7 655
43 17 2 2 6 655
43 19 2 2 7 655
43 20 2 1 21 655
43 22 2 1 22 655
43 24 2 2 18 655
43 26 2 1 20 655
43 27 2 1 19 655
43 29 2 2 4 655
43 32 2 2 9 655
43 33 2 1 4 655
43 34 2 1 16 655
43 35 2 2 24 655
43 36 2 1 6 655
43 37 2 1 11 655
43 39 2 1 10 655
43 41 2 2 21 655
43 45 2 2 3 655
43 48 2 1 8 655
43 49 2 2 25 655
43 50 2 1 17 655
43 51 2 1 21 655
43 52 2 1 16 655
43 53 2 2 13 655
43 54 2 1 4 655
43 55 2 2 15 655
43 58 2 1 7 655
43 59 2 1 18 655
43 61 2 1 4 655
43 62 2 2 12 655
43 64 2 2 19 655
43 68 2 2 7 655
43 69 2 1 17 655
43 71 2 1 14 655
43 73 2 1 12 655
43 75 2 2 7 655
43 76 2 1 3 655
43 78 2 2 21 655
43 80 2 1 21 655
43 81 2 1 22 655
43 82 2 1 3 655
43 84 2 1 15 655
43 85 2 2 9 655
43 86 2 1 24 655
43 87 2 2 3 655
43 88 2 2 1 655
43 90 2 1 24 655
43 92 2 1 24 655
43 94 2 2 24 655
43 97 2 1 7 655
43 98 2 1 18 655
44 5 1 2 12 139
44 6 1 1 22 139
44 11 1 1 17 139
44 12 1 2 4 139
44 13 1 2 12 139
44 15 1 2 20 139
44 16 1 2 9 139
44 19 1 2 20 139
44 21 1 1 2 139
44 22 1 1 17 139
44 26 1 1 25 139
44 27 1 1 7 139
44 28 1 1 19 139
44 29 1 2 2 139
44 30 1 1 7 139
44 31 1 1 12 139
44 32 1 2 8 139
44 33 1 1 12 139
44 34 1 1 16 139
44 36 1 1 25 139
44 38 1 1 23 139
44 39 1 1 12 139
44 40 1 1 9 139
44 41 1 2 12 139
44 45 1 2 8 139
44 48 1 1 14 139
44 50 1 1 1 139
44 53 1 2 9 139
44 55 1 2 25 139
44 56 1 2 8 139
44 58 1 1 22 139
44 59 1 1 21 139
44 63 1 2 12 139
44 65 1 1 19 139
44 67 1 2 5 139
44 68 1 2 1 139
44 69 1 1 14 139
44 70 1 2 4 139
44 71 1 1 8 139
44 72 1 1 15 139
44 73 1 1 9 139
44 74 1 2 11 139
44 75 1 2 17 139
44 77 1 2 17 139
44 82 1 1 17 139
44 83 1 1 7 139
44 84 1 1 15 139
44 86 1 1 20 139
44 87 1 2 18 139
44 88 1 2 4 139
44 91 1 1 21 139
44 93 1 1 7 139
44 96 1 1 17 139
44 98 1 1 13 139
44 99 1 1 22 139
45 3 2 2 12 689
45 4 2 2 10 689
45 5 2 2 22 689
45 6 2 1 6 689
45 7 2 1 1 689
45 9 2 1 14 689
45 10 2 2 10 689
45 12 2 2 22 689
45 16 2 2 1 689
45 23 2 2 3 689
45 24 2 2 17 689
45 26 2 1 15 689
45 30 2 1 13 689
45 32 2 2 19 689
45 33 2 1 21 689
45 37 2 1 24 689
45 40 2 1 6 689
45 42 2 2 11 689
45 43 2 2 3 689
45 44 2 1 8 689
45 47 2 1 22 689
45 48 2 1 18 689
45 53 2 2 15 689
45 54 2 1 25 689
45 55 2 2 21 689
45 57 2 1 14 689
45 58 2 1 5 689
45 60 2 1 14 689
45 62 2 2 17 689
45 65 2 1 18 689
45 68 2 2 22 689
45 70 2 2 19 689
45 72 2 1 15 689
45 73 2 1 14 689
45 76 2 1 5 689
45 78 2 2 9 689
45 80 2 1 22 689
45 81 2 1 5 689
45 82 2 1 25 689
45 84 2 1 21 689
45 85 2 2 21 689
45 86 2 1 21 689
45 91 2 1 3 689
45 94 2 2 9 689
45 98 2 1 11 689
46 0 2 2 3 882
46 1 2 1 24 882
46 2 2 1 5 882
46 7 2 1 22 882
46 8 2 2 5 882
46 9 2 1 24 882
46 11 2 1 11 882
46 12 2 2 25 882
46 13 2 2 5 882
46 14 2 1 9 882
46 20 2 1 6 882
46 22 2 1 4 882
46 24 2 2 19 882
46 25 2 2 5 882
46 27 2 1 21 882
46 28 2 1 13 882
46 29 2 2 4 882
46 30 2 1 12 882
46 31 2 1 6 882
46 32 2 2 18 882
46 34 2 1 5 882
46 37 2 1 19 882
46 38 2 1 2 882
46 41 2 2 2 882
46 42 2 2 25 882
46 50 2 1 10 882
46 51 2 1 23 882
46 52 2 1 22 882
46 55 2 2 10 882
46 58 2 1 2 882
46 59 2 1 15 882
46 60 2 1 3 882
46 61 2 1 25 882
46 63 2 2 8 882
46 66 2 1 2 882
46 67 2 2 23 882
46 68 2 2 15 882
46 69 2 1 20 882
46 70 2 2 7 882
46 73 2 1 12 882
46 75 2 2 22 882
46 76 2 1 14 882
46 78 2 2 8 882
46 80 2 1 23 882
46 81 2 1 10 882
46 84 2 1 20 882
46 85 2 2 2 882
46 87 2 2 14 882
46 88 2 2 8 882
46 90 2 1 2 882
46 94 2 2 15 882
46 98 2 1 10 882
47 1 1 1 4 150
47 3 1 2 10 150
47 5 1 2 12 150
47 6 1 1 15 150
47 7 1 1 20 150
47 8 1 2 17 150
47 13 1 2 6 150
47 16 1 2 2 150
47 17 1 2 6 150
47 18 1 2 12 150
47 22 1 1 13 150
47 24 1 2 23 150
47 27 1 1 12 150
47 29 1 2 22 150
47 30 1 1 15 150
47 31 1 1 10 150
47 32 1 2 2 150
47 33 1 1 18 150
47 37 1 1 4 150
47 39 1 1 5 150
47 40 1 1 7 150
47 42 1 2 5 150
47 45 1 2 22 150
47 48 1 1 3 150
47 50 1 1 22 150
47 51 1 1 10 150
47 52 1 1 13 150
47 53 1 2 22 150
47 55 1 2 13 150
47 57 1 1 22 150
47 58 1 1 18 150
47 60 1 1 13 150
47 63 1 2 22 150
47 65 1 1 8 150
47 71 1 1 1 150
47 73 1 1 24 150
47 74 1 2 16 150
47 75 1 2 18 150
47 77 1 2 19 150
47 78 1 2 2 150
47 79 1 2 22 150
47 80 1 1 13 150
47 81 1 1 16 150
47 85 1 2 23 150
47 86 1 1 23 150
47 87 1 2 14 150
47 90 1 1 25 150
47 91 1 1 18 150
47 93 1 1 3 150
47 94 1 2 24 150
47 97 1 1 1 150
48 0 1 2 22 255
48 1 1 1 20 255
48 3 1 2 15 255
48 4 1 2 7 255
48 5 1 2 9 255
48 7 1 1 10 255
48 8 1 2 14 255
48 14 1 1 4 255
48 16 1 2 19 255
48 22 1 1 3 255
48 28 1 1 12 255
48 30 1 1 5 255
48 33 1 1 21 255
48 34 1 1 8 255
48 35 1 2 2 255
48 36 1 1 3 255
48 38 1 1 17 255
48 43 1 2 8 255
48 44 1 1 14 255
48 45 1 2 18 255
48 47 1 1 3 255
48 49 1 2 15 255
48 51 1 1 15 255
48 52 1 1 21 255
48 55 1 2 20 255
48 56 1 2 2 255
48 58 1 1 10 255
48 59 1 1 11 255
48 60 1 1 10 255
48 61 1 1 19 255
48 63 1 2 9 255
48 65 1 1 17 255
48 67 1 2 11 255
48 69 1 1 13 255
48 70 1 2 15 255
48 77 1 2 23 255
48 82 1 1 21 255
48 83 1 1 16 255
48 84 1 1 19 255
48 85 1 2 25 255
48 88 1 2 1 255
48 89 1 1 23 255
48 90 1 1 15 255
48 91 1 1 1 255
48 93 1 1 23 255
48 97 1 1 7 255
48 98 1 1 22 255
49 7 2 1 6 779
49 9 2 1 24 779
49 10 2 2 7 779
49 12 2 2 3 779
49 13 2 2 12 779
49 14 2 1 17 779
49 15 2 2 20 779
49 16 2 2 19 779
49 18 2 2 25 779
49 19 2 2 10 779
49 20 2 1 25 779
49 22 2 1 8 779
49 26 2 1 13 779
49 28 2 1 13 779
49 29 2 2 10 779
49 33 2 1 21 779
49 40 2 1 18 779
49 42 2 2 9 779
49 43 2 2 25 779
49 48 2 1 15 779
49 52 2 1 13 779
49 54 2 1 16 779
49 57 2 1 22 779
49 58 2 1 2 779
49 59 2 1 8 779
49 61 2 1 17 779
49 62 2 2 5 779
49 63 2 2 18 779
49 64 2 2 15 779
49 65 2 1 20 779
49 69 2 1 16 779
49 70 2 2 1 779
49 71 2 1 11 779
49 73 2 1 12 779
49 74 2 2 21 779
49 75 2 2 23 779
49 76 2 1 22 779
49 77 2 2 5 779
49 80 2 1 1 779
49 81 2 1 24 779
49 82 2 1 17 779
49 83 2 1 24 779
49 84 2 1 3 779
49 86 2 1 3 779
49 87 2 2 5 779
49 88 2 2 11 779
49 90 2 1 13 779
49 92 2 1 10 779
49 94 2 2 18 779
49 98 2 1 14 779
49 99 2 1 13 779
50 3 1 2 22 497
50 5 1 2 12 497
50 6 1 1 15 497
50 7 1 1 2 497
50 9 1 1 7 497
50 11 1 1 11 497
50 12 1 2 10 497
50 14 1 1 13 497
50 15 1 2 17 497
50 22 1 1 5 497
50 24 1 2 6 497
50 26 1 1 15 497
50 27 1 1 16 497
50 29 1 2 2 497
50 31 1 1 12 497
50 34 1 1 3 497
50 37 1 1 7 497
50 39 1 1 13 497
50 43 1 2 17 497
50 44 1 1 1 497
50 46 1 2 10 497
50 47 1 1 22 497
50 51 1 1 25 497
50 53 1 2 5 497
50 54 1 1 10 497
50 56 1 2 17 497
50 57 1 1 6 497
50 59 1 1 22 497
50 61 1 1 25 497
50 62 1 2 15 497
50 65 1 1 3 497
50 70 1 2 20 497
50 75 1 2 2 497
50 76 1 1 10 497
50 79 1 2 6 497
50 82 1 1 2 497
50 85 1 2 24 497
50 86 1 1 6 497
50 96 1 1 7 497
50 97 1 1 24 497
50 98 1 1 15 497
51 1 1 1 17 854
51 2 1 1 15 854
51 5 1 2 17 854
51 6 1 1 4 854
51 7 1 1 21 854
51 10 1 2 7 854
51 12 1 2 13 854
51 13 1 2 19 854
51 14 1 1 13 854
51 16 1 2 18 854
51 17 1 2 11 854
51 18 1 2 21 854
51 20 1 1 1 854
51 22 1 1 17 854
51 27 1 1 15 854
51 29 1 2 21 854
51 31 1 1 11 854
51 33 1 1 15 854
51 35 1 2 5 854
51 36 1 1 12 854
51 38 1 1 18 854
51 42 1 2 9 854
51 43 1 2 21 854
51 46 1 2 23 854
51 47 1 1 10 854
51 48 1 1 15 854
51 50 1 1 25 854
51 52 1 1 20 854
51 56 1 2 18 854
51 58 1 1 18 854
51 59 1 1 8 854
51 60 1 1 12 854
51 62 1 2 18 854
51 65 1 1 9 854
51 66 1 1 6 854
51 67 1 2 24 854
51 68 1 2 11 854
51 71 1 1 5 854
51 72 1 1 13 854
51 73 1 1 4 854
51 75 1 2 13 854
51 76 1 1 11 854
51 79 1 2 16 854
51 81 1 1 6 854
51 82 1 1 10 854
51 83 1 1 23 854
51 86 1 1 22 854
51 88 1 2 1 854
51 91 1 1 11 854
51 92 1 1 18 854
51 93 1 1 16 854
51 94 1 2 4 854
51 97 1 1 23 854
51 99 1 1 22 854
52 0 1 2 10 945
52 1 1 1 11 945
52 5 1 2 17 945
52 9 1 1 25 945
52 11 1 1 10 945
52 14 1 1 16 945
52 15 1 2 16 945
52 18 1 2 12 945
52 19 1 2 20 945
52 20 1 1 10 945
52 21 1 1 11 945
52 22 1 1 20 945
52 24 1 2 6 945
52 25 1 2 16 945
52 27 1 1 18 945
52 28 1 1 24 945
52 31 1 1 18 945
52 33 1 1 13 945
52 35 1 2 14 945
52 36 1 1 10 945
52 37 1 1 21 945
52 38 1 1 9 945
52 39 1 1 22 945
52 43 1 2 16 945
52 46 1 2 22 945
52 47 1 1 13 945
52 48 1 1 21 945
52 49 1 2 13 945
52 51 1 1 20 945
52 53 1 2 22 945
52 59 1 1 20 945
52 60 1 1 4 945
52 61 1 1 16 945
52 62 1 2 14 945
52 64 1 2 13 945
52 67 1 2 9 945
52 68 1 2 6 945
52 72 1 1 6 945
52 73 1 1 6 945
52 75 1 2 21 945
52 76 1 1 16 945
52 79 1 2 21 945
52 80 1 1 17 945
52 81 1 1 23 945
52 84 1 1 12 945
52 85 1 2 3 945
52 86 1 1 3 945
52 91 1 1 14 945
52 93 1 1 2 945
52 94 1 2 7 945
53 2 2 1 17 631
53 3 2 2 13 631
53 9 2 1 23 631
53 12 2 2 1 631
53 13 2 2 4 631
53 14 2 1 11 631
53 15 2 2 11 631
53 16 2 2 3 631
53 18 2 2 8 631
53 20 2 1 8 631
53 23 2 2 14 631
53 24 2 2 8 631
53 27 2 1 18 631
53 29 2 2 22 631
53 33 2 1 21 631
53 34 2 1 13 631
53 35 2 2 22 631
53 36 2 1 13 631
53 41 2 2 13 631
53 42 2 2 5 631
53 43 2 2 13 631
53 44 2 1 9 631
53 45 2 2 15 631
53 47 2 1 22 631
53 50 2 1 5 631
53 52 2 1 22 631
53 55 2 2 16 631
53 57 2 1 21 631
53 59 2 1 21 631
53 61 2 1 13 631
53 63 2 2 16 631
53 64 2 2 25 631
53 66 2 1 19 631
53 67 2 2 13 631
53 70 2 2 19 631
53 73 2 1 1 631
53 79 2 2 10 631
53 83 2 1 15 631
53 85 2 2 24 631
53 92 2 1 2 631
53 94 2 2 20 631
54 5 1 2 6 169
54 6 1 1 19 169
54 11 1 1 3 169
54 14 1 1 2 169
54 15 1 2 2 169
54 17 1 2 3 169
54 18 1 2 17 169
54 19 1 2 24 169
54 21 1 1 8 169
54 24 1 2 1 169
54 25 1 2 5 169
54 26 1 1 2 169
54 28 1 1 5 169
54 30 1 1 21 169
54 31 1 1 6 169
54 32 1 2 8 169
54 34 1 1 5 169
54 37 1 1 10 169
54 39 1 1 14 169
54 43 1 2 4 169
54 45 1 2 25 169
54 49 1 2 16 169
54 50 1 1 10 169
54 55 1 2 25 169
54 59 1 1 15 169
54 61 1 1 2 169
54 62 1 2 23 169
54 64 1 2 21 169
54 65 1 1 24 169
54 70 1 2 6 169
54 71 1 1 6 169
54 72 1 1 3 169
54 75 1 2 6 169
54 76 1 1 23 169
54 79 1 2 18 169
54 83 1 1 16 169
54 86 1 1 8 169
54 87 1 2 4 169
54 88 1 2 9 169
54 91 1 1 5 169
54 92 1 1 20 169
54 97 1 1 19 169
54 98 1 1 9 169
55 4 2 2 5 67
55 5 2 2 6 67
55 8 2 2 13 67
55 9 2 1 6 67
55 11 2 1 24 67
55 12 2 2 13 67
55 13 2 2 22 67
55 16 2 2 21 67
55 18 2 2 1 67
55 19 2 2 21 67
55 20 2 1 11 67
55 21 2 1 11 67
55 22 2 1 4 67
55 24 2 2 3 67
55 25 2 2 1 67
55 26 2 1 10 67
55 31 2 1 6 67
55 32 2 2 25 67
55 34 2 1 2 67
55 37 2 1 22 67
55 38 2 1 16 67
55 41 2 2 15 67
55 43 2 2 15 67
55 44 2 1 25 67
55 45 2 2 21 67
55 46 2 2 10 67
55 47 2 1 13 67
55 48 2 1 20 67
55 53 2 2 16 67
55 54 2 1 25 67
55 56 2 2 24 67
55 57 2 1 21 67
55 58 2 1 23 67
55 59 2 1 12 67
55 60 2 1 11 67
55 61 2 1 8 67
55 62 2 2 1 67
55 64 2 2 14 67
55 65 2 1 13 67
55 67 2 2 12 67
55 68 2 2 25 67
55 69 2 1 10 67
55 70 2 2 15 67
55 71 2 1 10 67
55 72 2 1 15 67
55 73 2 1 11 67
55 74 2 2 19 67
55 76 2 1 7 67
55 78 2 2 21 67
55 79 2 2 17 67
55 82 2 1 15 67
55 88 2 2 25 67
55 89 2 1 20 67
55 90 2 1 22 67
55 91 2 1 17 67
55 92 2 1 24 67
55 93 2 1 15 67
55 96 2 1 23 67
55 97 2 1 24 67
55 99 2 1 18 67
56 4 2 2 25 948
56 5 2 2 11 948
56 7 2 1 5 948
56 8 2 2 17 948
56 9 2 1 6 948
56 10 2 2 1 948
56 15 2 2 21 948
56 16 2 2 4 948
56 17 2 2 19 948
56 18 2 2 6 948
56 20 2 1 8 948
56 21 2 1 13 948
56 22 2 1 24 948
56 26 2 1 15 948
56 27 2 1 23 948
56 31 2 1 10 948
56 32 2 2 6 948
56 33 2 1 18 948
56 34 2 1 24 948
56 35 2 2 15 948
56 36 2 1 5 948
56 41 2 2 22 948
56 42 2 2 2 948
56 44 2 1 8 948
56 48 2 1 2 948
56 50 2 1 17 948
56 51 2 1 18 948
56 55 2 2 24 948
56 58 2 1 15 948
56 60 2 1 6 948
56 61 2 1 2 948
56 62 2 2 5 948
56 63 2 2 4 948
56 67 2 2 1 948
56 68 2 2 1 948
56 69 2 1 8 948
56 70 2 2 4 948
56 71 2 1 10 948
56 72 2 1 6 948
56 73 2 1 8 948
56 75 2 2 11 948
56 76 2 1 2 948
56 77 2 2 2 948
56 78 2 2 23 948
56 80 2 1 24 948
56 83 2 1 18 948
56 86 2 1 19 948
56 87 2 2 10 948
56 88 2 2 22 948
56 91 2 1 10 948
56 93 2 1 18 948
56 94 2 2 21 948
56 97 2 1 17 948
56 99 2 1 17 948
57 1 1 1 11 137
57 4 1 2 13 137
57 8 1 2 16 137
57 9 1 1 1 137
57 10 1 2 7 137
57 11 1 1 1 137
57 13 1 2 13 137
57 17 1 2 7 137
57 18 1 2 15 137
57 19 1 2 5 137
57 21 1 1 14 137
57 25 1 2 13 137
57 29 1 2 9 137
57 31 1 1 25 137
57 32 1 2 17 137
57 34 1 1 25 137
57 35 1 2 13 137
57 36 1 1 9 137
57 38 1 1 7 137
57 40 1 1 12 137
57 41 1 2 18 137
57 42 1 2 4 137
57 45 1 2 14 137
57 47 1 1 22 137
57 49 1 2 22 137
57 50 1 1 6 137
57 53 1 2 21 137
57 55 1 2 21 137
57 58 1 1 4 137
57 61 1 1 16 137
57 63 1 2 12 137
57 64 1 2 18 137
57 65 1 1 7 137
57 67 1 2 23 137
57 69 1 1 10 137
57 70 1 2 11 137
57 72 1 1 1 137
57 73 1 1 5 137
57 75 1 2 16 137
57 76 1 1 19 137
57 77 1 2 24 137
57 78 1 2 23 137
57 81 1 1 2 137
57 85 1 2 12 137
57 87 1 2 25 137
57 88 1 2 16 137
57 89 1 1 7 137
57 92 1 1 8 137
57 93 1 1 23 137
57 95 1 2 17 137
57 96 1 1 20 137
57 99 1 1 18 137
58 0 1 2 24 621
58 2 1 1 8 621
58 3 1 2 5 621
58 5 1 2 18 621
58 7 1 1 20 621
58 8 1 2 4 621
58 10 1 2 14 621
58 12 1 2 1 621
58 15 1 2 11 621
58 17 1 2 2 621
58 19 1 2 17 621
58 20 1 1 17 621
58 21 1 1 24 621
58 23 1 2 10 621
58 24 1 2 21 621
58 25 1 2 5 621
58 27 1 1 3 621
58 28 1 1 21 621
58 31 1 1 21 621
58 32 1 2 18 621
58 34 1 1 3 621
58 39 1 1 6 621
58 40 1 1 25 621
58 41 1 2 19 621
58 42 1 2 10 621
58 43 1 2 7 621
58 44 1 1 22 621
58 45 1 2 5 621
58 46 1 2 2 621
58 47 1 1 18 621
58 48 1 1 10 621
58 49 1 2 2 621
58 51 1 1 18 621
58 55 1 2 23 621
58 56 1 2 15 621
58 57 1 1 4 621
58 60 1 1 10 621
58 66 1 1 24 621
58 67 1 2 3 621
58 68 1 2 6 621
58 70 1 2 5 621
58 71 1 1 4 621
58 73 1 1 14 621
58 74 1 2 1 621
58 79 1 2 7 621
58 82 1 1 2 621
58 83 1 1 3 621
58 84 1 1 20 621
58 86 1 1 25 621
58 87 1 2 9 621
58 89 1 1 4 621
58 91 1 1 5 621
58 93 1 1 21 621
58 94 1 2 18 621
58 97 1 1 11 621
58 98 1 1 17 621
59 0 1 2 20 110
59 1 1 1 11 110
59 3 1 2 20 110
59 6 1 1 12 110
59 7 1 1 7 110
59 8 1 2 14 110
59 9 1 1 17 110
59 10 1 2 24 110
59 12 1 2 1 110
59 14 1 1 6 110
59 15 1 2 19 110
59 16 1 2 7 110
59 17 1 2 23 110
59 19 1 2 1 110
59 20 1 1 6 110
59 23 1 2 5 110
59 25 1 2 20 110
59 26 1 1 22 110
59 28 1 1 1 110
59 29 1 2 3 110
59 30 1 1 24 110
59 31 1 1 18 110
59 33 1 1 5 110
59 35 1 2 13 110
59 36 1 1 17 110
59 43 1 2 18 110
59 44 1 1 21 110
59 46 1 2 15 110
59 48 1 1 11 110
59 49 1 2 8 110
59 50 1 1 22 110
59 51 1 1 8 110
59 52 1 1 20 110
59 53 1 2 21 110
59 54 1 1 15 110
59 55 1 2 12 110
59 60 1 1 9 110
59 61 1 1 11 110
59 62 1 2 12 110
59 63 1 2 13 110
59 66 1 1 9 110
59 71 1 1 10 110
59 73 1 1 24 110
59 75 1 2 12 110
59 76 1 1 21 110
59 77 1 2 16 110
59 78 1 2 6 110
59 81 1 1 20 110
59 85 1 2 1 110
59 86 1 1 14 110
59 89 1 1 16 110
59 91 1 1 21 110
59 93 1 1 1 110
59 96 1 1 15 110
59 98 1 1 4 110
60 1 1 1 15 889
60 2 1 1 19 889
60 4 1 2 8 889
60 6 1 1 25 889
60 10 1 2 18 889
60 11 1 1 25 889
60 14 1 1 20 889
60 15 1 2 20 889
60 17 1 2 14 889
60 21 1 1 3 889
60 22 1 1 15 889
60 25 1 2 22 889
60 27 1 1 2 889
60 28 1 1 10 889
60 29 1 2 12 889
60 34 1 1 10 889
60 37 1 1 1 889
60 40 1 1 8 889
60 45 1 2 14 889
60 46 1 2 3 889
60 47 1 1 13 889
60 48 1 1 10 889
60 51 1 1 12 889
60 52 1 1 4 889
60 55 1 2 11 889
60 56 1 2 6 889
60 58 1 1 10 889
60 59 1 1 9 889
60 62 1 2 6 889
60 69 1 1 19 889
60 72 1 1 14 889
60 74 1 2 20 889
60 76 1 1 10 889
60 77 1 2 16 889
60 80 1 1 25 889
60 81 1 1 14 889
60 82 1 1 13 889
60 87 1 2 22 889
60 90 1 1 1 889
60 92 1 1 20 889
60 94 1 2 11 889
60 95 1 2 1 889
60 97 1 1 6 889
60 98 1 1 19 889
60 99 1 1 11 889
61 0 1 2 2 815
61 2 1 1 24 815
61 6 1 1 19 815
61 10 1 2 1 815
61 11 1 1 12 815
61 12 1 2 10 815
61 14 1 1 8 815
61 15 1 2 23 815
61 17 1 2 2 815
61 18 1 2 17 815
61 19 1 2 18 815
61 20 1 1 17 815
61 21 1 1 11 815
61 23 1 2 9 815
61 24 1 2 19 815
61 29 1 2 20 815
61 31 1 1 2 815
61 32 1 2 3 815
61 38 1 1 15 815
61 39 1 1 23 815
61 41 1 2 25 815
61 43 1 2 4 815
61 46 1 2 25 815
61 48 1 1 19 815
61 49 1 2 17 815
61 50 1 1 25 815
61 52 1 1 16 815
61 53 1 2 13 815
61 54 1 1 2 815
61 55 1 2 8 815
61 56 1 2 2 815
61 57 1 1 16 815
61 59 1 1 11 815
61 62 1 2 24 815
61 63 1 2 5 815
61 64 1 2 24 815
61 65 1 1 13 815
61 66 1 1 3 815
61 72 1 1 2 815
61 73 1 1 10 815
61 74 1 2 16 815
61 77 1 2 5 815
61 79 1 2 4 815
61 80 1 1 6 815
61 83 1 1 15 815
61 86 1 1 17 815
61 88 1 2 6 815
61 89 1 1 3 815
61 92 1 1 14 815
61 94 1 2 15 815
61 95 1 2 12 815
61 96 1 1 8 815
61 97 1 1 12 815
61 98 1 1 19 815
62 1 2 1 18 708
62 5 2 2 16 708
62 10 2 2 5 708
62 11 2 1 23 708
62 14 2 1 6 708
62 15 2 2 11 708
62 16 2 2 23 708
62 21 2 1 20 708
62 22 2 1 1 708
62 26 2 1 3 708
62 28 2 1 4 708
62 31 2 1 2 708
62 33 2 1 22 708
62 34 2 1 12 708
62 37 2 1 20 708
62 39 2 1 19 708
62 43 2 2 12 708
62 45 2 2 17 708
62 49 2 2 5 708
62 50 2 1 15 708
62 51 2 1 18 708
62 52 2 1 14 708
62 54 2 1 23 708
62 55 2 2 1 708
62 56 2 2 5 708
62 59 2 1 12 708
62 60 2 1 6 708
62 61 2 1 24 708
62 63 2 2 22 708
62 64 2 2 22 708
62 65 2 1 3 708
62 66 2 1 16 708
62 67 2 2 18 708
62 68 2 2 1 708
62 69 2 1 6 708
62 71 2 1 19 708
62 76 2 1 6 708
62 78 2 2 19 708
62 80 2 1 10 708
62 83 2 1 22 708
62 84 2 1 12 708
62 86 2 1 17 708
62 87 2 2 25 708
62 88 2 2 20 708
62 91 2 1 21 708
62 92 2 1 11 708
62 96 2 1 12 708
62 97 2 1 12 708
62 99 2 1 3 708
63 5 2 2 16 174
63 6 2 1 4 174
63 9 2 1 11 174
63 11 2 1 5 174
63 13 2 2 23 174
63 17 2 2 18 174
63 19 2 2 15 174
63 22 2 1 13 174
63 24 2 2 6 174
63 26 2 1 3 174
63 27 2 1 8 174
63 28 2 1 21 174
63 30 2 1 11 174
63 32 2 2 1 174
63 34 2 1 4 174
63 35 2 2 12 174
63 36 2 1 25 174
63 39 2 1 13 174
63 42 2 2 5 174
63 44 2 1 12 174
63 46 2 2 8 174
63 47 2 1 22 174
63 48 2 1 9 174
63 49 2 2 18 174
63 53 2 2 16 174
63 56 2 2 4 174
63 57 2 1 12 174
63 59 2 1 13 174
63 61 2 1 5 174
63 62 2 2 22 174
63 65 2 1 17 174
63 68 2 2 22 174
63 69 2 1 9 174
63 73 2 1 22 174
63 76 2 1 2 174
63 79 2 2 10 174
63 80 2 1 16 174
63 81 2 1 15 174
63 82 2 1 20 174
63 85 2 2 8 174
63 87 2 2 16 174
63 88 2 2 6 174
63 89 2 1 8 174
63 90 2 1 6 174
63 91 2 1 12 174
63 92 2 1 4 174
63 96 2 1 2 174
63 97 2 1 19 174
64 1 2 1 4 499
64 3 2 2 9 499
64 4 2 2 12 499
64 6 2 1 5 499
64 7 2 1 25 499
64 8 2 2 21 499
64 9 2 1 11 499
64 10 2 2 14 499
64 11 2 1 8 499
64 12 2 2 15 499
64 15 2 2 10 499
64 16 2 2 12 499
64 18 2 2 4 499
64 19 2 2 13 499
64 22 2 1 18 499
64 23 2 2 11 499
64 24 2 2 24 499
64 27 2 1 2 499
64 29 2 2 14 499
64 34 2 1 4 499
64 35 2 2 24 499
64 36 2 1 24 499
64 39 2 1 3 499
64 42 2 2 23 499
64 43 2 2 19 499
64 49 2 2 15 499
64 52 2 1 13 499
64 53 2 2 25 499
64 54 2 1 21 499
64 55 2 2 14 499
64 57 2 1 18 499
64 61 2 1 24 499
64 62 2 2 22 499
64 65 2 1 2 499
64 66 2 1 1 499
64 71 2 1 14 499
64 74 2 2 10 499
64 76 2 1 22 499
64 77 2 2 15 499
64 80 2 1 16 499
64 81 2 1 11 499
64 83 2 1 18 499
64 85 2 2 11 499
64 86 2 1 23 499
64 88 2 2 11 499
64 89 2 1 10 499
64 90 2 1 1 499
64 92 2 1 21 499
64 93 2 1 17 499
64 96 2 1 25 499
65 0 1 2 25 591
65 1 1 1 14 591
65 4 1 2 5 591
65 5 1 2 6 591
65 6 1 1 6 591
65 8 1 2 6 591
65 9 1 1 19 591
65 11 1 1 14 591
65 16 1 2 20 591
65 17 1 2 2 591
65 18 1 2 15 591
65 21 1 1 3 591
65 22 1 1 10 591
65 23 1 2 17 591
65 24 1 2 9 591
65 25 1 2 25 591
65 27 1 1 3 591
65 28 1 1 23 591
65 29 1 2 2 591
65 32 1 2 12 591
65 33 1 1 19 591
65 34 1 1 25 591
65 35 1 2 2 591
65 36 1 1 19 591
65 37 1 1 15 591
65 40 1 1 22 591
65 44 1 1 19 591
65 45 1 2 18 591
65 47 1 1 8 591
65 48 1 1 17 591
65 49 1 2 20 591
65 50 1 1 3 591
65 51 1 1 9 591
65 54 1 1 24 591
65 55 1 2 13 591
65 57 1 1 7 591
65 61 1 1 13 591
65 62 1 2 3 591
65 63 1 2 17 591
65 64 1 2 2 591
65 67 1 2 1 591
65 68 1 2 13 591
65 69 1 1 9 591
65 70 1 2 7 591
65 71 1 1 18 591
65 73 1 1 18 591
65 74 1 2 5 591
65 75 1 2 11 591
65 76 1 1 11 591
65 77 1 2 7 591
65 79 1 2 22 591
65 82 1 1 18 591
65 83 1 1 2 591
65 84 1 1 5 591
65 85 1 2 7 591
65 86 1 1 9 591
65 87 1 2 18 591
65 90 1 1 4 591
65 93 1 1 22 591
65 94 1 2 13 591
65 96 1 1 10 591
66 3 1 2 3 411
66 5 1 2 16 411
66 9 1 1 14 411
66 13 1 2 19 411
66 14 1 1 14 411
66 15 1 2 3 411
66 18 1 2 10 411
66 22 1 1 16 411
66 23 1 2 18 411
66 26 1 1 21 411
66 28 1 1 4 411
66 29 1 2 11 411
66 31 1 1 19 411
66 32 1 2 17 411
66 34 1 1 2 411
66 35 1 2 19 411
66 36 1 1 9 411
66 37 1 1 5 411
66 38 1 1 20 411
66 39 1 1 6 411
66 40 1 1 5 411
66 46 1 2 2 411
66 51 1 1 6 411
66 53 1 2 19 411
66 58 1 1 24 411
66 59 1 1 9 411
66 61 1 1 3 411
66 62 1 2 16 411
66 64 1 2 1 411
66 67 1 2 20 411
66 69 1 1 19 411
66 71 1 1 12 411
66 72 1 1 5 411
66 74 1 2 8 411
66 75 1 2 13 411
66 78 1 2 6 411
66 79 1 2 24 411
66 81 1 1 6 411
66 82 1 1 1 411
66 83 1 1 1 411
66 85 1 2 16 411
66 86 1 1 15 411
66 87 1 2 6 411
66 88 1 2 11 411
66 89 1 1 16 411
66 90 1 1 14 411
66 93 1 1 19 411
66 94 1 2 25 411
66 95 1 2 22 411
66 96 1 1 23 411
66 98 1 1 25 411
67 1 2 1 8 999
67 5 2 2 25 999
67 6 2 1 23 999
67 7 2 1 18 999
67 9 2 1 23 999
67 10 2 2 17 999
67 11 2 1 8 999
67 12 2 2 3 999
67 15 2 2 1 999
67 17 2 2 1 999
67 20 2 1 18 999
67 21 2 1 6 999
67 23 2 2 22 999
67 24 2 2 4 999
67 25 2 2 3 999
67 26 2 1 13 999
67 28 2 1 1 999
67 30 2 1 5 999
67 31 2 1 23 999
67 32 2 2 13 999
67 35 2 2 20 999
67 38 2 1 7 999
67 39 2 1 4 999
67 40 2 1 6 999
67 41 2 2 19 999
67 42 2 2 10 999
67 44 2 1 5 999
67 46 2 2 23 999
67 48 2 1 11 999
67 51 2 1 24 999
67 52 2 1 9 999
67 53 2 2 13 999
67 55 2 2 12 999
67 56 2 2 1 999
67 57 2 1 23 999
67 58 2 1 3 999
67 62 2 2 18 999
67 65 2 1 1 999
67 66 2 1 20 999
67 68 2 2 7 999
67 72 2 1 4 999
67 74 2 2 10 999
67 79 2 2 21 999
67 80 2 1 23 999
67 84 2 1 8 999
67 87 2 2 22 999
67 92 2 1 7 999
67 93 2 1 23 999
67 94 2 2 18 999
67 96 2 1 10 999
67 97 2 1 19 999
67 99 2 1 2 999
68 2 2 1 9 144
68 3 2 2 14 144
68 4 2 2 20 144
68 8 2 2 16 144
68 9 2 1 14 144
68 10 2 2 7 144
68 11 2 1 14 144
68 15 2 2 11 144
68 20 2 1 15 144
68 21 2 1 16 144
68 23 2 2 18 144
68 24 2 2 13 144
68 28 2 1 13 144
68 29 2 2 13 144
68 30 2 1 13 144
68 31 2 1 16 144
68 32 2 2 1 144
68 33 2 1 6 144
68 34 2 1 22 144
68 35 2 2 20 144
68 36 2 1 6 144
68 37 2 1 2 144
68 39 2 1 18 144
68 40 2 1 19 144
68 41 2 2 12 144
68 42 2 2 19 144
68 43 2 2 7 144
68 44 2 1 1 144
68 45 2 2 22 144
68 46 2 2 15 144
68 51 2 1 11 144
68 52 2 1 6 144
68 55 2 2 25 144
68 56 2 2 1 144
68 58 2 1 6 144
68 62 2 2 1 144
68 63 2 2 22 144
68 65 2 1 13 144
68 67 2 2 7 144
68 69 2 1 25 144
68 70 2 2 15 144
68 71 2 1 25 144
68 73 2 1 22 144
68 74 2 2 14 144
68 77 2 2 3 144
68 78 2 2 17 144
68 79 2 2 5 144
68 82 2 1 20 144
68 83 2 1 6 144
68 85 2 2 20 144
68 86 2 1 15 144
68 88 2 2 9 144
68 90 2 1 18 144
68 92 2 1 14 144
68 93 2 1 18 144
68 94 2 2 2 144
68 95 2 2 25 144
68 96 2 1 15 144
68 99 2 1 15 144
69 0 1 2 10 80
69 1 1 1 8 80
69 3 1 2 5 80
69 4 1 2 24 80
69 9 1 1 18 80
69 11 1 1 18 80
69 12 1 2 15 80
69 15 1 2 4 80
69 16 1 2 15 80
69 17 1 2 20 80
69 18 1 2 21 80
69 19 1 2 1 80
69 20 1 1 23 80
69 21 1 1 13 80
69 22 1 1 17 80
69 23 1 2 11 80
69 25 1 2 17 80
69 26 1 1 22 80
69 27 1 1 15 80
69 35 1 2 5 80
69 36 1 1 22 80
69 37 1 1 25 80
69 41 1 2 9 80
69 42 1 2 18 80
69 43 1 2 17 80
69 44 1 1 14 80
69 46 1 2 20 80
69 48 1 1 13 80
69 49 1 2 16 80
69 55 1 2 10 80
69 56 1 2 8 80
69 57 1 1 10 80
69 60 1 1 19 80
69 62 1 2 6 80
69 63 1 2 9 80
69 65 1 1 9 80
69 66 1 1 19 80
69 68 1 2 25 80
69 70 1 2 12 80
69 72 1 1 24 80
69 74 1 2 9 80
69 76 1 1 13 80
69 77 1 2 25 80
69 79 1 2 9 80
69 81 1 1 9 80
69 83 1 1 24 80
69 84 1 1 21 80
69 87 1 2 7 80
69 90 1 1 10 80
69 91 1 1 25 80
69 93 1 1 17 80
69 94 1 2 13 80
69 96 1 1 14 80
70 1 2 1 3 483
70 2 2 1 7 483
70 5 2 2 7 483
70 6 2 1 24 483
70 7 2 1 3 483
70 8 2 2 9 483
70 9 2 1 21 483
70 10 2 2 21 483
70 12 2 2 15 483
70 14 2 1 6 483
70 16 2 2 19 483
70 17 2 2 11 483
70 18 2 2 5 483
70 19 2 2 10 483
70 20 2 1 23 483
70 24 2 2 24 483
70 27 2 1 16 483
70 28 2 1 22 483
70 29 2 2 20 483
70 30 2 1 23 483
70 31 2 1 17 483
70 32 2 2 23 483
70 34 2 1 23 483
70 35 2 2 20 483
70 36 2 1 14 483
70 38 2 1 5 483
70 39 2 1 25 483
70 40 2 1 22 483
70 41 2 2 24 483
70 42 2 2 13 483
70 44 2 1 4 483
70 45 2 2 19 483
70 46 2 2 7 483
70 48 2 1 15 483
70 49 2 2 1 483
70 50 2 1 20 483
70 53 2 2 19 483
70 54 2 1 6 483
70 55 2 2 15 483
70 56 2 2 4 483
70 57 2 1 11 483
70 58 2 1 5 483
70 65 2 1 7 483
70 68 2 2 15 483
70 69 2 1 12 483
70 72 2 1 6 483
70 73 2 1 14 483
70 77 2 2 24 483
70 78 2 2 14 483
70 79 2 2 12 483
70 80 2 1 18 483
70 82 2 1 1 483
70 84 2 1 18 483
70 86 2 1 16 483
70 87 2 2 24 483
70 88 2 2 17 483
70 90 2 1 23 483
70 92 2 1 1 483
70 94 2 2 3 483
70 95 2 2 11 483
70 97 2 1 17 483
70 98 2 1 24 483
71 1 1 1 6 899
71 3 1 2 20 899
71 4 1 2 19 899
71 7 1 1 1 899
71 12 1 2 25 899
71 17 1 2 22 899
71 21 1 1 19 899
71 22 1 1 1 899
71 23 1 2 13 899
71 25 1 2 23 899
71 26 1 1 7 899
71 27 1 1 23 899
71 28 1 1 7 899
71 29 1 2 8 899
71 34 1 1 14 899
71 37 1 1 15 899
71 38 1 1 21 899
71 40 1 1 8 899
71 41 1 2 17 899
71 42 1 2 19 899
71 43 1 2 14 899
71 44 1 1 8 899
71 47 1 1 1 899
71 49 1 2 11 899
71 51 1 1 5 899
71 54 1 1 6 899
71 55 1 2 10 899
71 56 1 2 10 899
71 58 1 1 4 899
71 59 1 1 10 899
71 62 1 2 19 899
71 64 1 2 14 899
71 65 1 1 18 899
71 66 1 1 12 899
71 68 1 2 25 899
71 72 1 1 11 899
71 74 1 2 19 899
71 75 1 2 9 899
71 81 1 1 18 899
71 82 1 1 18 899
71 84 1 1 15 899
71 85 1 2 11 899
71 91 1 1 1 899
71 92 1 1 6 899
71 93 1 1 25 899
71 95 1 2 13 899
71 96 1 1 7 899
71 97 1 1 19 899
71 98 1 1 7 899
72 0 1 2 6 380
72 3 1 2 21 380
72 4 1 2 8 380
72 10 1 2 20 380
72 12 1 2 4 380
72 15 1 2 19 380
72 18 1 2 4 380
72 19 1 2 6 380
72 21 1 1 16 380
72 22 1 1 3 380
72 23 1 2 17 380
72 25 1 2 24 380
72 28 1 1 23 380
72 33 1 1 12 380
72 37 1 1 21 380
72 40 1 1 1 380
72 42 1 2 1 380
72 44 1 1 15 380
72 45 1 2 15 380
72 51 1 1 13 380
72 52 1 1 6 380
72 54 1 1 3 380
72 55 1 2 15 380
72 56 1 2 6 380
72 57 1 1 1 380
72 60 1 1 14 380
72 61 1 1 2 380
72 66 1 1 5 380
72 67 1 2 4 380
72 69 1 1 24 380
72 70 1 2 6 380
72 71 1 1 11 380
72 74 1 2 16 380
72 76 1 1 14 380
72 77 1 2 19 380
72 79 1 2 18 380
72 81 1 1 13 380
72 83 1 1 10 380
72 84 1 1 2 380
72 85 1 2 22 380
72 87 1 2 2 380
72 90 1 1 1 380
72 92 1 1 12 380
72 93 1 1 13 380
72 94 1 2 9 380
72 96 1 1 13 380
72 98 1 1 23 380
73 1 1 1 14 677
73 2 1 1 2 677
73 8 1 2 8 677
73 9 1 1 24 677
73 10 1 2 8 677
73 11 1 1 20 677
73 12 1 2 25 677
73 16 1 2 7 677
73 17 1 2 6 677
73 18 1 2 9 677
73 19 1 2 11 677
73 20 1 1 15 677
73 21 1 1 11 677
73 22 1 1 7 677
73 23 1 2 8 677
73 25 1 2 17 677
73 27 1 1 25 677
73 28 1 1 12 677
73 29 1 2 2 677
73 34 1 1 1 677
73 35 1 2 10 677
73 36 1 1 6 677
73 37 1 1 5 677
73 38 1 1 12 677
73 40 1 1 12 677
73 42 1 2 5 677
73 43 1 2 12 677
73 44 1 1 9 677
73 45 1 2 14 677
73 46 1 2 12 677
73 47 1 1 24 677
73 49 1 2 12 677
73 51 1 1 4 677
73 52 1 1 6 677
73 53 1 2 1 677
73 55 1 2 11 677
73 56 1 2 8 677
73 57 1 1 5 677
73 58 1 1 14 677
73 59 1 1 24 677
73 61 1 1 10 677
73 63 1 2 22 677
73 65 1 1 18 677
73 68 1 2 22 677
73 70 1 2 14 677
73 74 1 2 17 677
73 75 1 2 19 677
73 76 1 1 1 677
73 77 1 2 18 677
73 78 1 2 8 677
73 79 1 2 4 677
73 80 1 1 1 677
73 83 1 1 2 677
73 84 1 1 6 677
73 85 1 2 2 677
73 88 1 2 23 677
73 91 1 1 25 677
73 92 1 1 2 677
73 93 1 1 13 677
73 94 1 2 17 677
73 96 1 1 21 677
73 99 1 1 25 677
74 0 2 2 9 277
74 1 2 1 9 277
74 3 2 2 23 277
74 4 2 2 9 277
74 6 2 1 17 277
74 8 2 2 6 277
74 13 2 2 21 277
74 14 2 1 1 277
74 15 2 2 12 277
74 17 2 2 1 277
74 18 2 2 2 277
74 19 2 2 10 277
74 21 2 1 7 277
74 23 2 2 7 277
74 24 2 2 21 277
74 25 2 2 7 277
74 31 2 1 20 277
74 33 2 1 10 277
74 34 2 1 1 277
74 35 2 2 3 277
74 37 2 1 14 277
74 40 2 1 2 277
74 41 2 2 14 277
74 42 2 2 24 277
74 44 2 1 11 277
74 47 2 1 16 277
74 49 2 2 21 277
74 55 2 2 19 277
74 58 2 1 1 277
74 60 2 1 20 277
74 61 2 1 16 277
74 64 2 2 10 277
74 65 2 1 5 277
74 66 2 1 8 277
74 67 2 2 10 277
74 68 2 2 14 277
74 69 2 1 9 277
74 71 2 1 19 277
74 72 2 1 16 277
74 73 2 1 17 277
74 76 2 1 6 277
74 77 2 2 8 277
74 81 2 1 25 277
74 88 2 2 17 277
74 89 2 1 19 277
74 90 2 1 9 277
74 91 2 1 7 277
74 92 2 1 12 277
74 93 2 1 2 277
74 96 2 1 21 277
74 99 2 1 18 277
75 1 2 1 23 919
75 4 2 2 22 919
75 5 2 2 24 919
75 6 2 1 24 919
75 7 2 1 9 919
75 10 2 2 7 919
75 11 2 1 15 919
75 13 2 2 6 919
75 14 2 1 23 919
75 15 2 2 20 919
75 16 2 2 16 919
75 22 2 1 16 919
75 23 2 2 17 919
75 25 2 2 19 919
75 26 2 1 21 919
75 28 2 1 4 919
75 30 2 1 8 919
75 31 2 1 12 919
75 32 2 2 10 919
75 34 2 1 8 919
75 36 2 1 13 919
75 37 2 1 19 919
75 39 2 1 7 919
75 43 2 2 7 919
75 44 2 1 17 919
75 46 2 2 22 919
75 47 2 1 18 919
75 49 2 2 23 919
75 50 2 1 2 919
75 51 2 1 13 919
75 52 2 1 21 919
75 54 2 1 6 919
75 56 2 2 11 919
75 57 2 1 16 919
75 59 2 1 12 919
75 65 2 1 11 919
75 66 2 1 13 919
75 71 2 1 9 919
75 73 2 1 19 919
75 76 2 1 1 919
75 78 2 2 2 919
75 81 2 1 24 919
75 82 2 1 16 919
75 83 2 1 5 919
75 84 2 1 2 919
75 86 2 1 11 919
75 87 2 2 4 919
75 88 2 2 23 919
75 90 2 1 10 919
75 93 2 1 7 919
75 96 2 1 15 919
75 97 2 1 12 919
75 98 2 1 20 919
76 4 1 2 19 586
76 5 1 2 19 586
76 6 1 1 13 586
76 7 1 1 12 586
76 8 1 2 8 586
76 11 1 1 10 586
76 12 1 2 4 586
76 13 1 2 8 586
76 14 1 1 18 586
76 20 1 1 17 586
76 21 1 1 10 586
76 24 1 2 2 586
76 26 1 1 18 586
76 27 1 1 20 586
76 30 1 1 15 586
76 31 1 1 23 586
76 32 1 2 23 586
76 33 1 1 5 586
76 34 1 1 6 586
76 35 1 2 4 586
76 36 1 1 14 586
76 39 1 1 18 586
76 41 1 2 1 586
76 43 1 2 3 586
76 45 1 2 5 586
76 46 1 2 14 586
76 49 1 2 22 586
76 50 1 1 10 586
76 51 1 1 11 586
76 52 1 1 16 586
76 54 1 1 23 586
76 55 1 2 7 586
76 56 1 2 2 586
76 57 1 1 19 586
76 59 1 1 21 586
76 60 1 1 10 586
76 62 1 2 6 586
76 63 1 2 2 586
76 64 1 2 22 586
76 65 1 1 11 586
76 69 1 1 13 586
76 72 1 1 14 586
76 73 1 1 1 586
76 74 1 2 6 586
76 75 1 2 1 586
76 78 1 2 25 586
76 79 1 2 4 586
76 81 1 1 3 586
76 82 1 1 24 586
76 83 1 1 8 586
76 85 1 2 13 586
76 87 1 2 16 586
76 88 1 2 24 586
76 92 1 1 23 586
76 95 1 2 23 586
76 96 1 1 9 586
76 97 1 1 23 586
76 98 1 1 11 586
76 99 1 1 12 586
77 1 2 1 3 388
77 4 2 2 24 388
77 5 2 2 14 388
77 7 2 1 11 388
77 8 2 2 7 388
77 9 2 1 9 388
77 11 2 1 4 388
77 12 2 2 10 388
77 14 2 1 21 388
77 16 2 2 17 388
77 17 2 2 16 388
77 19 2 2 21 388
77 20 2 1 20 388
77 21 2 1 6 388
77 23 2 2 4 388
77 25 2 2 20 388
77 26 2 1 5 388
77 29 2 2 8 388
77 30 2 1 17 388
77 33 2 1 24 388
77 37 2 1 10 388
77 38 2 1 17 388
77 39 2 1 16 388
77 40 2 1 22 388
77 44 2 1 17 388
77 47 2 1 19 388
77 48 2 1 23 388
77 49 2 2 5 388
77 56 2 2 2 388
77 57 2 1 24 388
77 59 2 1 16 388
77 60 2 1 16 388
77 61 2 1 5 388
77 64 2 2 15 388
77 65 2 1 7 388
77 68 2 2 3 388
77 69 2 1 25 388
77 70 2 2 24 388
77 72 2 1 19 388
77 73 2 1 18 388
77 74 2 2 8 388
77 78 2 2 15 388
77 79 2 2 12 388
77 81 2 1 20 388
77 83 2 1 24 388
77 84 2 1 11 388
77 85 2 2 18 388
77 86 2 1 19 388
77 88 2 2 22 388
77 90 2 1 17 388
77 92 2 1 17 388
77 93 2 1 7 388
77 94 2 2 21 388
77 95 2 2 4 388
78 0 2 2 21 508
78 2 2 1 9 508
78 5 2 2 7 508
78 8 2 2 13 508
78 14 2 1 9 508
78 17 2 2 15 508
78 18 2 2 10 508
78 21 2 1 19 508
78 22 2 1 6 508
78 24 2 2 20 508
78 28 2 1 14 508
78 31 2 1 9 508
78 32 2 2 12 508
78 34 2 1 12 508
78 35 2 2 13 508
78 36 2 1 3 508
78 41 2 2 25 508
78 42 2 2 16 508
78 43 2 2 21 508
78 45 2 2 9 508
78 46 2 2 8 508
78 47 2 1 2 508
78 55 2 2 21 508
78 56 2 2 23 508
78 57 2 1 23 508
78 59 2 1 6 508
78 62 2 2 19 508
78 66 2 1 6 508
78 68 2 2 17 508
78 70 2 2 14 508
78 73 2 1 8 508
78 75 2 2 2 508
78 76 2 1 25 508
78 77 2 2 15 508
78 80 2 1 15 508
78 81 2 1 10 508
78 84 2 1 23 508
78 89 2 1 23 508
78 91 2 1 15 508
78 94 2 2 15 508
78 99 2 1 7 508
79 0 2 2 18 911
79 3 2 2 10 911
79 7 2 1 24 911
79 9 2 1 9 911
79 10 2 2 18 911
79 12 2 2 16 911
79 13 2 2 4 911
79 17 2 2 7 911
79 22 2 1 12 911
79 24 2 2 17 911
79 27 2 1 9 911
79 30 2 1 9 911
79 33 2 1 6 911
79 36 2 1 5 911
79 37 2 1 12 911
79 39 2 1 23 911
79 40 2 1 11 911
79 47 2 1 22 911
79 50 2 1 6 911
79 51 2 1 16 911
79 52 2 1 21 911
79 53 2 2 10 911
79 54 2 1 18 911
79 55 2 2 17 911
79 58 2 1 7 911
79 61 2 1 4 911
79 63 2 2 10 911
79 65 2 1 22 911
79 66 2 1 24 911
79 67 2 2 21 911
79 68 2 2 5 911
79 69 2 1 9 911
79 70 2 2 12 911
79 72 2 1 18 911
79 73 2 1 4 911
79 76 2 1 4 911
79 77 2 2 12 911
79 80 2 1 8 911
79 81 2 1 2 911
79 82 2 1 4 911
79 83 2 1 5 911
79 85 2 2 25 911
79 89 2 1 25 911
79 90 2 1 18 911
79 91 2 1 16 911
79 97 2 1 13 911
79 98 2 1 21 911
79 99 2 1 21 911
80 7 1 1 22 362
80 8 1 2 14 362
80 10 1 2 12 362
80 11 1 1 24 362
80 12 1 2 17 362
80 14 1 1 21 362
80 15 1 2 1 362
80 17 1 2 21 362
80 19 1 2 7 362
80 20 1 1 8 362
80 22 1 1 12 362
80 28 1 1 3 362
80 29 1 2 19 362
80 31 1 1 6 362
80 32 1 2 6 362
80 34 1 1 4 362
80 36 1 1 4 362
80 37 1 1 17 362
80 38 1 1 23 362
80 39 1 1 12 362
80 42 1 2 3 362
80 43 1 2 21 362
80 45 1 2 22 362
80 46 1 2 23 362
80 47 1 1 13 362
80 49 1 2 1 362
80 52 1 1 17 362
80 56 1 2 24 362
80 60 1 1 25 362
80 61 1 1 6 362
80 62 1 2 10 362
80 63 1 2 16 362
80 64 1 2 16 362
80 67 1 2 23 362
80 70 1 2 18 362
80 73 1 1 1 362
80 78 1 2 15 362
80 79 1 2 8 362
80 81 1 1 1 362
80 82 1 1 15 362
80 83 1 1 8 362
80 85 1 2 25 362
80 86 1 1 14 362
80 88 1 2 23 362
80 90 1 1 10 362
80 93 1 1 18 362
80 95 1 2 18 362
80 98 1 1 21 362
80 99 1 1 18 362
81 0 1 2 8 363
81 2 1 1 11 363
81 5 1 2 3 363
81 8 1 2 1 363
81 9 1 1 23 363
81 13 1 2 25 363
81 14 1 1 3 363
81 15 1 2 21 363
81 18 1 2 14 363
81 21 1 1 12 363
81 23 1 2 9 363
81 24 1 2 4 363
81 26 1 1 4 363
81 27 1 1 10 363
81 31 1 1 4 363
81 35 1 2 7 363
81 36 1 1 9 363
81 40 1 1 20 363
81 41 1 2 18 363
81 42 1 2 12 363
81 43 1 2 22 363
81 45 1 2 5 363
81 46 1 2 10 363
81 47 1 1 16 363
81 49 1 2 24 363
81 51 1 1 6 363
81 52 1 1 23 363
81 57 1 1 2 363
81 59 1 1 20 363
81 60 1 1 14 363
81 63 1 2 15 363
81 64 1 2 11 363
81 66 1 1 6 363
81 69 1 1 9 363
81 71 1 1 18 363
81 72 1 1 13 363
81 74 1 2 25 363
81 75 1 2 24 363
81 76 1 1 3 363
81 77 1 2 20 363
81 78 1 2 10 363
81 79 1 2 2 363
81 80 1 1 1 363
81 82 1 1 6 363
81 88 1 2 14 363
81 89 1 1 2 363
81 91 1 1 24 363
81 92 1 1 4 363
81 93 1 1 22 363
81 94 1 2 24 363
81 96 1 1 4 363
81 98 1 1 11 363
82 3 1 2 19 326
82 4 1 2 3 326
82 5 1 2 11 326
82 6 1 1 24 326
82 9 1 1 25 326
82 11 1 1 1 326
82 12 1 2 17 326
82 13 1 2 21 326
82 14 1 1 11 326
82 17 1 2 19 326
82 18 1 2 9 326
82 21 1 1 22 326
82 23 1 2 3 326
82 26 1 1 13 326
82 27 1 1 2 326
82 28 1 1 15 326
82 29 1 2 25 326
82 30 1 1 12 326
82 31 1 1 16 326
82 32 1 2 11 326
82 35 1 2 11 326
82 36 1 1 16 326
82 37 1 1 4 326
82 39 1 1 21 326
82 43 1 2 3 326
82 44 1 1 17 326
82 45 1 2 25 326
82 48 1 1 21 326
82 49 1 2 17 326
82 50 1 1 2 326
82 51 1 1 10 326
82 55 1 2 15 326
82 58 1 1 2 326
82 60 1 1 13 326
82 63 1 2 20 326
82 65 1 1 18 326
82 66 1 1 1 326
82 68 1 2 20 326
82 70 1 2 1 326
82 71 1 1 18 326
82 75 1 2 16 326
82 76 1 1 24 326
82 79 1 2 4 326
82 80 1 1 15 326
82 81 1 1 6 326
82 86 1 1 14 326
82 89 1 1 1 326
82 90 1 1 24 326
82 93 1 1 13 326
82 95 1 2 5 326
82 98 1 1 17 326
83 0 1 2 21 543
83 1 1 1 5 543
83 7 1 1 18 543
83 8 1 2 5 543
83 10 1 2 15 543
83 15 1 2 25 543
83 16 1 2 23 543
83 18 1 2 21 543
83 20 1 1 21 543
83 23 1 2 12 543
83 27 1 1 16 543
83 31 1 1 4 543
83 34 1 1 17 543
83 35 1 2 10 543
83 36 1 1 22 543
83 37 1 1 20 543
83 39 1 1 3 543
83 44 1 1 7 543
83 48 1 1 16 543
83 49 1 2 24 543
83 51 1 1 23 543
83 53 1 2 15 543
83 54 1 1 16 543
83 56 1 2 18 543
83 58 1 1 3 543
83 61 1 1 15 543
83 62 1 2 22 543
83 64 1 2 18 543
83 65 1 1 2 543
83 66 1 1 1 543
83 68 1 2 6 543
83 69 1 1 24 543
83 72 1 1 10 543
83 73 1 1 2 543
83 75 1 2 5 543
83 76 1 1 8 543
83 77 1 2 24 543
83 79 1 2 5 543
83 80 1 1 8 543
83 86 1 1 3 543
83 88 1 2 23 543
83 92 1 1 15 543
83 95 1 2 23 543
83 96 1 1 10 543
83 98 1 1 19 543
84 2 1 1 1 97
84 3 1 2 25 97
84 6 1 1 22 97
84 8 1 2 7 97
84 9 1 1 25 97
84 10 1 2 7 97
84 11 1 1 6 97
84 13 1 2 11 97
84 15 1 2 2 97
84 19 1 2 9 97
84 20 1 1 24 97
84 23 1 2 10 97
84 24 1 2 23 97
84 27 1 1 25 97
84 29 1 2 17 97
84 30 1 1 8 97
84 31 1 1 17 97
84 32 1 2 16 97
84 34 1 1 24 97
84 35 1 2 20 97
84 43 1 2 15 97
84 44 1 1 15 97
84 45 1 2 21 97
84 46 1 2 20 97
84 48 1 1 19 97
84 49 1 2 3 97
84 52 1 1 12 97
84 58 1 1 20 97
84 62 1 2 12 97
84 65 1 1 5 97
84 67 1 2 8 97
84 69 1 1 21 97
84 70 1 2 18 97
84 71 1 1 15 97
84 72 1 1 2 97
84 73 1 1 6 97
84 75 1 2 2 97
84 77 1 2 11 97
84 78 1 2 23 97
84 90 1 1 1 97
84 91 1 1 25 97
84 92 1 1 2 97
84 93 1 1 13 97
84 94 1 2 10 97
84 95 1 2 14 97
84 96 1 1 20 97
85 1 2 1 15 536
85 3 2 2 23 536
85 4 2 2 23 536
85 7 2 1 15 536
85 9 2 1 22 536
85 10 2 2 4 536
85 11 2 1 13 536
85 12 2 2 7 536
85 15 2 2 9 536
85 18 2 2 9 536
85 24 2 2 1 536
85 25 2 2 17 536
85 26 2 1 3 536
85 27 2 1 15 536
85 28 2 1 18 536
85 32 2 2 12 536
85 34 2 1 19 536
85 35 2 2 6 536
85 37 2 1 21 536
85 38 2 1 1 536
85 39 2 1 10 536
85 43 2 2 9 536
85 45 2 2 21 536
85 46 2 2 2 536
85 47 2 1 23 536
85 48 2 1 25 536
85 50 2 1 24 536
85 52 2 1 3 536
85 53 2 2 24 536
85 57 2 1 12 536
85 59 2 1 1 536
85 63 2 2 8 536
85 64 2 2 11 536
85 65 2 1 7 536
85 66 2 1 16 536
85 68 2 2 20 536
85 71 2 1 11 536
85 72 2 1 22 536
85 73 2 1 2 536
85 76 2 1 13 536
85 77 2 2 18 536
85 79 2 2 25 536
85 80 2 1 25 536
85 87 2 2 24 536
85 88 2 2 11 536
85 90 2 1 1 536
85 92 2 1 5 536
85 93 2 1 16 536
85 94 2 2 15 536
85 95 2 2 23 536
85 96 2 1 2 536
85 97 2 1 14 536
86 3 1 2 1 787
86 5 1 2 25 787
86 6 1 1 3 787
86 8 1 2 17 787
86 9 1 1 25 787
86 17 1 2 21 787
86 18 1 2 7 787
86 21 1 1 13 787
86 24 1 2 23 787
86 27 1 1 13 787
86 28 1 1 3 787
86 29 1 2 24 787
86 30 1 1 25 787
86 32 1 2 5 787
86 37 1 1 10 787
86 39 1 1 19 787
86 40 1 1 24 787
86 42 1 2 25 787
86 43 1 2 24 787
86 44 1 1 20 787
86 45 1 2 21 787
86 47 1 1 23 787
86 49 1 2 3 787
86 50 1 1 6 787
86 51 1 1 22 787
86 52 1 1 3 787
86 54 1 1 8 787
86 56 1 2 19 787
86 58 1 1 25 787
86 59 1 1 14 787
86 61 1 1 17 787
86 62 1 2 17 787
86 64 1 2 23 787
86 65 1 1 9 787
86 66 1 1 15 787
86 68 1 2 15 787
86 70 1 2 16 787
86 75 1 2 11 787
86 77 1 2 19 787
86 80 1 1 14 787
86 82 1 1 14 787
86 83 1 1 3 787
86 88 1 2 14 787
86 90 1 1 20 787
86 96 1 1 25 787
86 98 1 1 12 787
86 99 1 1 21 787
87 0 2 2 10 370
87 1 2 1 22 370
87 2 2 1 12 370
87 3 2 2 20 370
87 4 2 2 16 370
87 6 2 1 19 370
87 9 2 1 5 370
87 10 2 2 17 370
87 13 2 2 18 370
87 14 2 1 16 370
87 15 2 2 16 370
87 17 2 2 8 370
87 19 2 2 25 370
87 22 2 1 25 370
87 27 2 1 23 370
87 28 2 1 10 370
87 30 2 1 25 370
87 31 2 1 15 370
87 33 2 1 17 370
87 34 2 1 1 370
87 35 2 2 10 370
87 36 2 1 17 370
87 41 2 2 24 370
87 43 2 2 3 370
87 44 2 1 18 370
87 46 2 2 14 370
87 47 2 1 14 370
87 49 2 2 5 370
87 54 2 1 4 370
87 56 2 2 10 370
87 57 2 1 25 370
87 58 2 1 9 370
87 60 2 1 22 370
87 62 2 2 25 370
87 63 2 2 16 370
87 65 2 1 18 370
87 66 2 1 6 370
87 67 2 2 22 370
87 69 2 1 7 370
87 70 2 2 24 370
87 72 2 1 2 370
87 75 2 2 4 370
87 76 2 1 16 370
87 85 2 2 24 370
87 90 2 1 18 370
87 93 2 1 21 370
87 94 2 2 10 370
87 95 2 2 3 370
87 98 2 1 13 370
87 99 2 1 6 370
88 2 2 1 11 986
88 5 2 2 19 986
88 7 2 1 3 986
88 13 2 2 16 986
88 16 2 2 22 986
88 17 2 2 7 986
88 18 2 2 13 986
88 19 2 2 3 986
88 21 2 1 7 986
88 22 2 1 21 986
88 25 2 2 21 986
88 27 2 1 4 986
88 29 2 2 23 986
88 34 2 1 23 986
88 37 2 1 18 986
88 38 2 1 5 986
88 39 2 1 25 986
88 43 2 2 1 986
88 44 2 1 4 986
88 46 2 2 8 986
88 48 2 1 1 986
88 49 2 2 11 986
88 51 2 1 1 986
88 54 2 1 9 986
88 55 2 2 25 986
88 56 2 2 22 986
88 57 2 1 16 986
88 61 2 1 6 986
88 62 2 2 20 986
88 63 2 2 6 986
88 64 2 2 11 986
88 66 2 1 11 986
88 68 2 2 9 986
88 70 2 2 17 986
88 73 2 1 23 986
88 74 2 2 17 986
88 75 2 2 23 986
88 76 2 1 24 986
88 77 2 2 22 986
88 80 2 1 23 986
88 81 2 1 14 986
88 83 2 1 23 986
88 85 2 2 11 986
88 86 2 1 14 986
88 90 2 1 16 986
88 95 2 2 23 986
88 98 2 1 17 986
88 99 2 1 10 986
89 1 1 1 8 318
89 3 1 2 4 318
89 4 1 2 12 318
89 7 1 1 10 318
89 10 1 2 21 318
89 11 1 1 13 318
89 13 1 2 3 318
89 18 1 2 22 318
89 20 1 1 3 318
89 21 1 1 22 318
89 23 1 2 8 318
89 25 1 2 17 318
89 26 1 1 8 318
89 27 1 1 20 318
89 29 1 2 16 318
89 33 1 1 24 318
89 36 1 1 16 318
89 38 1 1 25 318
89 39 1 1 10 318
89 42 1 2 20 318
89 48 1 1 23 318
89 55 1 2 20 318
89 57 1 1 7 318
89 58 1 1 4 318
89 59 1 1 16 318
89 61 1 1 3 318
89 63 1 2 8 318
89 64 1 2 10 318
89 66 1 1 16 318
89 74 1 2 19 318
89 78 1 2 23 318
89 79 1 2 25 318
89 81 1 1 2 318
89 82 1 1 1 318
89 92 1 1 13 318
89 95 1 2 4 318
89 97 1 1 5 318
89 98 1 1 10 318
89 99 1 1 10 318
90 2 1 1 1 136
90 3 1 2 21 136
90 6 1 1 2 136
90 7 1 1 1 136
90 10 1 2 11 136
90 12 1 2 14 136
90 14 1 1 9 136
90 16 1 2 7 136
90 17 1 2 4 136
90 18 1 2 3 136
90 19 1 2 10 136
90 20 1 1 22 136
90 23 1 2 23 136
90 25 1 2 5 136
90 27 1 1 14 136
90 29 1 2 23 136
90 30 1 1 8 136
90 36 1 1 19 136
90 37 1 1 20 136
90 38 1 1 3 136
90 39 1 1 13 136
90 42 1 2 20 136
90 43 1 2 24 136
90 46 1 2 2 136
90 47 1 1 25 136
90 48 1 1 15 136
90 49 1 2 13 136
90 55 1 2 22 136
90 60 1 1 1 136
90 63 1 2 6 136
90 64 1 2 1 136
90 65 1 1 4 136
90 66 1 1 14 136
90 68 1 2 18 136
90 69 1 1 10 136
90 70 1 2 23 136
90 72 1 1 1 136
90 74 1 2 9 136
90 75 1 2 10 136
90 77 1 2 17 136
90 79 1 2 18 136
90 80 1 1 10 136
90 82 1 1 24 136
90 84 1 1 1 136
90 85 1 2 1 136
90 86 1 1 20 136
90 87 1 2 18 136
90 88 1 2 16 136
90 91 1 1 10 136
90 92 1 1 8 136
90 94 1 2 24 136
90 95 1 2 3 136
90 98 1 1 15 136
91 1 1 1 10 627
91 3 1 2 1 627
91 4 1 2 11 627
91 6 1 1 13 627
91 8 1 2 20 627
91 9 1 1 22 627
91 10 1 2 22 627
91 11 1 1 9 627
91 14 1 1 22 627
91 15 1 2 16 627
91 17 1 2 8 627
91 18 1 2 5 627
91 19 1 2 25 627
91 20 1 1 9 627
91 21 1 1 2 627
91 22 1 1 3 627
91 24 1 2 17 627
91 25 1 2 6 627
91 29 1 2 8 627
91 30 1 1 10 627
91 33 1 1 12 627
91 35 1 2 14 627
91 36 1 1 21 627
91 37 1 1 7 627
91 40 1 1 15 627
91 44 1 1 21 627
91 45 1 2 3 627
91 47 1 1 18 627
91 48 1 1 1 627
91 51 1 1 11 627
91 52 1 1 14 627
91 54 1 1 5 627
91 55 1 2 17 627
91 56 1 2 10 627
91 58 1 1 5 627
91 59 1 1 21 627
91 62 1 2 21 627
91 63 1 2 12 627
91 69 1 1 25 627
91 71 1 1 1 627
91 73 1 1 25 627
91 74 1 2 7 627
91 78 1 2 15 627
91 79 1 2 16 627
91 81 1 1 24 627
91 84 1 1 25 627
91 90 1 1 10 627
91 93 1 1 8 627
91 94 1 2 16 627
91 96 1 1 10 627
92 3 1 2 15 306
92 8 1 2 14 306
92 9 1 1 23 306
92 12 1 2 14 306
92 13 1 2 17 306
92 15 1 2 12 306
92 17 1 2 7 306
92 18 1 2 10 306
92 20 1 1 8 306
92 23 1 2 7 306
92 26 1 1 17 306
92 29 1 2 4 306
92 31 1 1 22 306
92 32 1 2 10 306
92 35 1 2 10 306
92 36 1 1 1 306
92 37 1 1 21 306
92 38 1 1 17 306
92 40 1 1 22 306
92 41 1 2 1 306
92 42 1 2 8 306
92 43 1 2 24 306
92 49 1 2 10 306
92 51 1 1 18 306
92 53 1 2 2 306
92 54 1 1 20 306
92 55 1 2 24 306
92 57 1 1 8 306
92 60 1 1 20 306
92 61 1 1 14 306
92 62 1 2 11 306
92 63 1 2 4 306
92 64 1 2 21 306
92 67 1 2 7 306
92 68 1 2 14 306
92 70 1 2 1 306
92 71 1 1 6 306
92 72 1 1 12 306
92 73 1 1 2 306
92 74 1 2 12 306
92 76 1 1 23 306
92 77 1 2 17 306
92 81 1 1 4 306
92 83 1 1 15 306
92 84 1 1 2 306
92 85 1 2 5 306
92 89 1 1 13 306
92 90 1 1 8 306
92 96 1 1 24 306
92 97 1 1 11 306
92 98 1 1 12 306
93 0 1 2 23 677
93 2 1 1 20 677
93 3 1 2 23 677
93 6 1 1 18 677
93 7 1 1 24 677
93 8 1 2 22 677
93 9 1 1 3 677
93 11 1 1 8 677
93 12 1 2 22 677
93 13 1 2 18 677
93 14 1 1 12 677
93 15 1 2 1 677
93 16 1 2 21 677
93 17 1 2 17 677
93 18 1 2 23 677
93 19 1 2 12 677
93 24 1 2 15 677
93 29 1 2 24 677
93 32 1 2 9 677
93 33 1 1 7 677
93 35 1 2 24 677
93 36 1 1 15 677
93 37 1 1 23 677
93 38 1 1 13 677
93 40 1 1 20 677
93 44 1 1 7 677
93 47 1 1 3 677
93 48 1 1 23 677
93 51 1 1 16 677
93 52 1 1 2 677
93 55 1 2 15 677
93 56 1 2 18 677
93 57 1 1 23 677
93 58 1 1 21 677
93 59 1 1 1 677
93 64 1 2 17 677
93 65 1 1 22 677
93 66 1 1 19 677
93 67 1 2 23 677
93 68 1 2 18 677
93 69 1 1 17 677
93 71 1 1 25 677
93 72 1 1 13 677
93 73 1 1 13 677
93 74 1 2 2 677
93 75 1 2 7 677
93 77 1 2 7 677
93 80 1 1 18 677
93 81 1 1 22 677
93 82 1 1 13 677
93 84 1 1 13 677
93 85 1 2 16 677
93 87 1 2 21 677
93 91 1 1 8 677
93 94 1 2 12 677
93 95 1 2 23 677
93 97 1 1 25 677
93 99 1 1 3 677
94 1 2 1 5 599
94 7 2 1 19 599
94 10 2 2 8 599
94 11 2 1 3 599
94 12 2 2 24 599
94 13 2 2 24 599
94 14 2 1 2 599
94 15 2 2 2 599
94 16 2 2 2 599
94 19 2 2 2 599
94 20 2 1 13 599
94 21 2 1 25 599
94 22 2 1 5 599
94 23 2 2 21 599
94 24 2 2 21 599
94 25 2 2 5 599
94 27 2 1 23 599
94 28 2 1 9 599
94 29 2 2 22 599
94 30 2 1 22 599
94 32 2 2 24 599
94 33 2 1 13 599
94 34 2 1 9 599
94 35 2 2 15 599
94 37 2 1 5 599
94 40 2 1 25 599
94 42 2 2 21 599
94 43 2 2 24 599
94 45 2 2 9 599
94 46 2 2 15 599
94 47 2 1 24 599
94 49 2 2 18 599
94 51 2 1 4 599
94 52 2 1 7 599
94 53 2 2 20 599
94 56 2 2 21 599
94 58 2 1 18 599
94 60 2 1 11 599
94 61 2 1 15 599
94 65 2 1 13 599
94 66 2 1 25 599
94 67 2 2 18 599
94 68 2 2 2 599
94 69 2 1 13 599
94 70 2 2 3 599
94 72 2 1 9 599
94 73 2 1 17 599
94 77 2 2 21 599
94 78 2 2 15 599
94 81 2 1 24 599
94 84 2 1 10 599
94 85 2 2 15 599
94 87 2 2 10 599
94 90 2 1 24 599
94 91 2 1 16 599
94 93 2 1 12 599
94 96 2 1 10 599
94 97 2 1 5 599
94 98 2 1 7 599
95 1 2 1 21 498
95 2 2 1 17 498
95 4 2 2 25 498
95 7 2 1 8 498
95 9 2 1 11 498
95 13 2 2 11 498
95 14 2 1 4 498
95 15 2 2 9 498
95 17 2 2 22 498
95 18 2 2 4 498
95 21 2 1 23 498
95 25 2 2 15 498
95 26 2 1 24 498
95 28 2 1 5 498
95 31 2 1 23 498
95 34 2 1 24 498
95 35 2 2 23 498
95 42 2 2 23 498
95 57 2 1 17 498
95 60 2 1 1 498
95 61 2 1 12 498
95 66 2 1 22 498
95 68 2 2 25 498
95 70 2 2 11 498
95 71 2 1 13 498
95 76 2 1 23 498
95 77 2 2 4 498
95 80 2 1 18 498
95 82 2 1 5 498
95 83 2 1 23 498
95 84 2 1 14 498
95 85 2 2 23 498
95 87 2 2 3 498
95 88 2 2 23 498
95 89 2 1 4 498
95 90 2 1 3 498
95 93 2 1 23 498
95 97 2 1 25 498
95 98 2 1 11 498
96 0 1 2 17 738
96 3 1 2 12 738
96 5 1 2 23 738
96 6 1 1 11 738
96 9 1 1 14 738
96 13 1 2 8 738
96 15 1 2 21 738
96 16 1 2 24 738
96 17 1 2 16 738
96 19 1 2 21 738
96 20 1 1 12 738
96 22 1 1 2 738
96 25 1 2 5 738
96 27 1 1 1 738
96 39 1 1 14 738
96 40 1 1 13 738
96 41 1 2 17 738
96 42 1 2 24 738
96 44 1 1 17 738
96 50 1 1 7 738
96 55 1 2 23 738
96 57 1 1 20 738
96 59 1 1 15 738
96 61 1 1 8 738
96 62 1 2 12 738
96 63 1 2 2 738
96 64 1 2 25 738
96 65 1 1 10 738
96 66 1 1 23 738
96 67 1 2 10 738
96 68 1 2 15 738
96 69 1 1 14 738
96 71 1 1 7 738
96 72 1 1 13 738
96 73 1 1 21 738
96 74 1 2 21 738
96 75 1 2 15 738
96 76 1 1 9 738
96 81 1 1 4 738
96 83 1 1 10 738
96 84 1 1 20 738
96 85 1 2 2 738
96 86 1 1 25 738
96 91 1 1 10 738
96 92 1 1 24 738
96 94 1 2 10 738
96 98 1 1 7 738
97 0 1 2 11 814
97 3 1 2 23 814
97 4 1 2 17 814
97 5 1 2 11 814
97 6 1 1 2 814
97 7 1 1 9 814
97 8 1 2 5 814
97 9 1 1 22 814
97 10 1 2 12 814
97 11 1 1 20 814
97 12 1 2 7 814
97 14 1 1 6 814
97 15 1 2 6 814
97 18 1 2 14 814
97 20 1 1 21 814
97 22 1 1 7 814
97 25 1 2 3 814
97 28 1 1 3 814
97 29 1 2 4 814
97 30 1 1 11 814
97 31 1 1 20 814
97 34 1 1 25 814
97 36 1 1 9 814
97 39 1 1 15 814
97 40 1 1 1 814
97 43 1 2 7 814
97 47 1 1 1 814
97 48 1 1 7 814
97 50 1 1 24 814
97 51 1 1 23 814
97 54 1 1 19 814
97 55 1 2 24 814
97 56 1 2 17 814
97 58 1 1 11 814
97 60 1 1 6 814
97 61 1 1 12 814
97 62 1 2 12 814
97 63 1 2 19 814
97 67 1 2 19 814
97 70 1 2 17 814
97 71 1 1 19 814
97 75 1 2 12 814
97 76 1 1 23 814
97 79 1 2 13 814
97 85 1 2 14 814
97 89 1 1 5 814
97 92 1 1 11 814
97 93 1 1 25 814
97 94 1 2 5 814
97 95 1 2 25 814
97 98 1 1 11 814
97 99 1 1 10 814
98 0 1 2 2 367
98 1 1 1 22 367
98 2 1 1 2 367
98 3 1 2 13 367
98 4 1 2 1 367
98 5 1 2 14 367
98 7 1 1 20 367
98 9 1 1 6 367
98 10 1 2 23 367
98 13 1 2 15 367
98 14 1 1 4 367
98 15 1 2 25 367
98 16 1 2 11 367
98 17 1 2 5 367
98 18 1 2 11 367
98 19 1 2 3 367
98 20 1 1 23 367
98 21 1 1 20 367
98 23 1 2 9 367
98 24 1 2 19 367
98 26 1 1 15 367
98 27 1 1 2 367
98 28 1 1 12 367
98 30 1 1 24 367
98 31 1 1 11 367
98 32 1 2 19 367
98 33 1 1 9 367
98 36 1 1 18 367
98 38 1 1 21 367
98 41 1 2 10 367
98 42 1 2 11 367
98 43 1 2 18 367
98 44 1 1 13 367
98 45 1 2 11 367
98 46 1 2 10 367
98 48 1 1 22 367
98 49 1 2 14 367
98 50 1 1 15 367
98 54 1 1 9 367
98 58 1 1 17 367
98 59 1 1 4 367
98 60 1 1 19 367
98 61 1 1 19 367
98 66 1 1 25 367
98 70 1 2 24 367
98 71 1 1 7 367
98 72 1 1 23 367
98 75 1 2 20 367
98 76 1 1 11 367
98 79 1 2 21 367
98 80 1 1 21 367
98 81 1 1 11 367
98 82 1 1 17 367
98 83 1 1 19 367
98 86 1 1 12 367
98 87 1 2 13 367
98 88 1 2 17 367
98 89 1 1 10 367
98 90 1 1 15 367
98 92 1 1 12 367
98 94 1 2 7 367
98 95 1 2 11 367
98 96 1 1 7 367
98 97 1 1 11 367
98 99 1 1 4 367
99 1 1 1 6 958
99 2 1 1 16 958
99 3 1 2 10 958
99 4 1 2 15 958
99 5 1 2 15 958
99 7 1 1 21 958
99 9 1 1 10 958
99 10 1 2 9 958
99 12 1 2 10 958
99 14 1 1 9 958
99 18 1 2 5 958
99 19 1 2 19 958
99 22 1 1 11 958
99 23 1 2 18 958
99 24 1 2 18 958
99 25 1 2 14 958
99 26 1 1 13 958
99 27 1 1 16 958
99 28 1 1 12 958
99 30 1 1 16 958
99 36 1 1 4 958
99 44 1 1 22 958
99 49 1 2 13 958
99 51 1 1 22 958
99 55 1 2 18 958
99 56 1 2 17 958
99 57 1 1 18 958
99 60 1 1 11 958
99 62 1 2 3 958
99 67 1 2 2 958
99 68 1 2 15 958
99 73 1 1 25 958
99 74 1 2 18 958
99 76 1 1 12 958
99 78 1 2 7 958
99 79 1 2 21 958
99 80 1 1 18 958
99 86 1 1 21 958
99 87 1 2 6 958
99 88 1 2 10 958
99 89 1 1 10 958
99 93 1 1 3 958
99 97 1 1 10 958
99 98 1 1 4 958
