capacity  cost_by_node
nb_functions 8
18 12 55 65 99 45 78 20 28 68 29 61 74 72 97 17 17 23 29 31 60 63 58 47 83 82 70 74 52 92 77 28 88 34 93 19 90 53 82 57 45 28 41 37 63 57 45 77 73 55 26 99 41 69 68 62 18 78 98 97 46 63 37 58 43 80 52 22 16 63 56 32 22 31 84 41 67 99 20 56 78 24 10 58 19 15 95 28 67 11 60 42 69 18 97 76 65 27 20 87 72 
33 44 13 38 32 91 48 83 68 13 88 23 23 43 61 82 44 86 72 59 33 62 56 15 100 86 92 80 23 86 67 74 39 40 37 38 13 69 64 84 58 26 78 28 27 94 89 71 53 28 48 96 49 64 78 20 73 65 60 71 26 78 64 23 15 24 49 50 41 13 49 79 95 54 41 98 11 39 37 31 23 28 94 16 19 87 78 97 68 67 72 40 25 84 53 14 46 15 80 11 73 
28 46 27 69 14 84 37 54 93 12 88 26 16 44 92 53 33 10 31 10 73 100 14 20 16 28 58 88 44 81 13 76 16 21 65 70 25 87 42 28 62 10 22 14 80 40 15 56 23 68 82 41 62 35 32 85 63 81 72 62 83 77 40 95 42 30 91 94 25 22 29 14 84 81 68 57 83 64 21 46 32 77 92 62 51 16 54 37 41 24 26 18 24 87 41 59 28 10 96 51 23 
26 100 46 75 77 86 93 77 50 67 13 96 91 86 44 67 52 15 35 82 61 98 12 18 64 74 67 91 36 52 21 54 36 39 65 21 20 25 46 99 64 89 39 77 78 30 55 54 39 91 25 38 10 67 19 10 70 87 64 72 13 10 86 30 72 10 74 84 92 69 100 20 99 24 14 91 95 76 16 35 87 56 39 53 80 12 46 88 11 100 13 10 59 64 84 27 12 46 50 90 83 
17 17 40 92 26 50 83 11 63 65 55 14 47 57 45 33 44 100 11 93 67 78 67 69 92 61 83 89 52 91 54 79 19 43 66 43 15 41 15 56 19 62 100 24 28 43 27 11 10 52 62 100 88 15 87 27 99 61 43 76 30 45 91 63 18 28 31 32 13 79 53 41 96 92 14 86 58 98 31 55 20 21 63 83 90 62 23 98 21 94 51 19 18 23 40 69 59 35 97 84 76 
34 69 36 91 72 41 68 24 99 88 45 86 34 88 75 71 88 33 39 35 13 79 95 30 60 48 26 45 87 85 67 79 50 25 88 75 70 37 44 13 57 50 97 17 20 82 18 81 58 46 58 96 77 85 73 32 51 84 60 85 59 22 55 67 51 28 71 14 43 96 58 76 90 86 83 51 57 81 26 94 54 87 95 63 48 76 50 39 69 33 29 38 69 80 47 67 89 83 59 92 42 
23 25 56 59 20 21 36 25 12 11 17 13 49 48 95 97 90 14 81 51 58 78 43 100 89 68 11 100 95 51 99 94 63 55 22 67 13 56 86 27 28 35 81 34 89 80 46 40 76 25 52 98 22 79 84 55 75 79 24 92 22 64 74 44 34 58 70 80 72 36 46 90 69 40 75 33 14 44 70 29 74 36 27 99 65 99 94 47 20 60 50 75 20 11 76 57 21 78 77 65 75 
26 11 52 22 35 78 14 39 91 34 84 58 77 78 89 62 91 36 43 98 35 76 84 61 20 58 39 71 83 22 89 88 40 42 99 81 12 50 91 99 71 55 52 18 48 32 25 47 76 61 98 75 31 48 25 56 53 28 64 77 19 28 21 42 53 53 86 85 87 49 89 89 24 48 63 55 23 71 77 27 62 59 13 28 58 14 98 58 47 64 72 45 95 99 67 27 50 100 58 11 66 
