capacity  cost_by_node
nb_functions 8
31 100 38 95 63 18 71 50 23 65 42 63 45 16 40 87 30 86 31 75 74 84 36 94 70 39 57 86 80 48 71 74 21 39 63 19 95 15 47 42 17 93 44 97 19 23 64 94 76 41 41 52 26 67 100 31 16 51 99 18 77 98 90 56 12 70 97 44 18 34 67 19 88 22 100 71 87 71 32 99 44 71 48 42 41 95 100 52 49 45 16 84 68 18 11 85 77 85 21 44 88 
21 29 86 52 49 51 69 95 26 11 25 97 22 70 24 47 93 85 19 26 12 83 77 100 36 45 12 100 94 16 73 75 22 54 58 25 54 59 35 51 63 38 68 18 58 21 42 26 99 49 51 44 93 22 100 65 68 20 14 80 48 29 99 57 51 59 87 55 46 46 89 84 52 17 92 60 68 32 48 13 78 21 13 77 42 19 74 76 78 90 54 92 36 60 92 33 33 40 79 59 31 
25 83 58 97 50 67 100 50 64 97 96 48 20 100 74 47 61 81 86 27 66 49 32 66 37 92 63 84 85 27 56 100 78 25 17 99 75 67 92 100 92 56 99 15 22 10 83 74 80 38 24 23 94 38 22 33 23 24 76 73 75 55 80 56 73 12 14 36 40 85 14 24 67 11 58 14 70 54 75 18 17 46 18 61 82 83 73 70 49 37 86 85 81 86 76 49 39 78 30 60 59 
30 89 40 36 27 16 57 14 31 99 24 70 44 28 48 60 17 39 53 96 98 82 69 22 40 35 63 92 87 66 94 89 60 46 92 82 75 63 93 51 29 79 97 46 67 29 55 89 20 91 94 70 79 10 82 98 21 15 98 74 21 98 61 16 15 47 21 86 42 70 30 26 99 38 49 80 22 92 96 50 11 17 77 84 69 81 62 18 73 19 49 79 60 91 12 25 41 41 61 17 72 
28 54 74 11 62 71 67 50 41 30 11 94 16 43 35 18 93 56 78 44 87 24 29 95 96 24 42 54 10 13 70 21 27 17 76 55 85 17 51 44 69 38 34 56 52 81 99 15 42 83 81 56 13 94 62 23 88 58 90 39 91 35 77 71 83 14 12 99 82 65 44 10 18 12 35 80 42 68 11 81 61 58 15 51 14 55 39 66 51 32 67 45 14 57 54 69 86 91 30 90 61 
29 42 13 82 16 40 66 80 89 55 21 75 19 39 11 96 92 64 49 69 15 59 48 76 51 54 50 74 99 17 72 57 15 51 74 46 20 67 14 95 69 41 63 61 82 89 10 34 39 54 58 38 28 40 69 51 29 55 65 73 37 41 66 18 69 33 14 29 37 69 61 55 25 98 52 24 66 100 70 30 30 24 57 45 39 38 84 72 13 15 69 46 79 24 31 14 75 98 45 85 25 
15 88 44 76 98 86 72 46 23 45 98 86 49 20 87 78 37 36 23 51 92 89 94 14 27 44 49 54 93 61 72 100 92 54 99 100 69 70 76 66 51 26 70 47 31 62 21 19 38 17 24 50 96 100 73 49 34 56 79 46 65 56 43 14 94 25 38 69 68 62 56 36 83 25 91 60 42 70 14 92 34 18 11 50 36 51 82 31 68 52 68 48 94 77 63 99 52 83 70 78 94 
26 41 43 32 57 79 19 88 39 58 32 17 92 27 16 79 29 15 97 79 62 95 46 48 70 84 100 70 39 100 22 39 14 75 92 11 95 59 62 78 53 30 73 44 12 88 83 55 24 13 22 32 22 35 79 16 80 48 25 67 81 47 29 89 44 52 94 54 57 55 82 90 66 53 95 19 37 34 29 34 13 73 92 22 86 77 57 77 98 77 44 15 75 69 22 40 60 41 65 88 12 
