Node_1 Node_2 Capacity_node1 Capacity_node2 Latency_arc node_cost
nb_nodes 100
nb_arcs 4984
0 3 5 5 10 131
0 5 5 1 6 131
0 6 5 4 11 131
0 10 5 2 17 131
0 11 5 6 9 131
0 12 5 3 11 131
0 15 5 4 2 131
0 18 5 4 19 131
0 19 5 1 21 131
0 20 5 3 23 131
0 21 5 1 3 131
0 22 5 2 19 131
0 23 5 4 10 131
0 27 5 4 23 131
0 28 5 5 10 131
0 29 5 2 6 131
0 30 5 4 21 131
0 34 5 1 13 131
0 35 5 6 2 131
0 38 5 2 6 131
0 39 5 1 6 131
0 42 5 5 18 131
0 47 5 3 20 131
0 49 5 3 16 131
0 52 5 2 3 131
0 55 5 6 2 131
0 56 5 4 11 131
0 57 5 5 24 131
0 58 5 2 4 131
0 60 5 3 21 131
0 61 5 5 3 131
0 62 5 3 9 131
0 64 5 4 23 131
0 66 5 5 18 131
0 67 5 4 12 131
0 68 5 6 22 131
0 71 5 1 7 131
0 72 5 2 17 131
0 75 5 3 4 131
0 77 5 6 1 131
0 79 5 1 19 131
0 84 5 6 6 131
0 85 5 4 17 131
0 86 5 4 23 131
0 89 5 5 9 131
0 90 5 5 22 131
0 91 5 4 22 131
0 93 5 4 22 131
0 95 5 6 21 131
0 99 5 5 13 131
1 3 1 5 12 780
1 4 1 1 21 780
1 7 1 4 24 780
1 8 1 3 16 780
1 11 1 6 15 780
1 12 1 3 18 780
1 13 1 1 23 780
1 14 1 3 11 780
1 16 1 1 18 780
1 17 1 2 2 780
1 20 1 3 1 780
1 21 1 1 22 780
1 25 1 1 23 780
1 32 1 1 13 780
1 34 1 1 16 780
1 36 1 5 10 780
1 37 1 5 7 780
1 38 1 2 7 780
1 39 1 1 4 780
1 41 1 4 20 780
1 42 1 5 5 780
1 44 1 3 19 780
1 46 1 3 15 780
1 48 1 5 24 780
1 54 1 3 18 780
1 56 1 4 24 780
1 63 1 5 20 780
1 65 1 2 14 780
1 66 1 5 8 780
1 67 1 4 22 780
1 69 1 1 18 780
1 70 1 2 16 780
1 71 1 1 10 780
1 73 1 2 23 780
1 74 1 3 2 780
1 75 1 3 23 780
1 76 1 4 1 780
1 77 1 6 8 780
1 82 1 3 20 780
1 85 1 4 22 780
1 87 1 3 20 780
1 88 1 3 4 780
1 89 1 5 2 780
1 90 1 5 25 780
1 91 1 4 20 780
1 92 1 3 18 780
1 93 1 4 7 780
1 95 1 6 14 780
1 96 1 6 6 780
1 97 1 2 4 780
1 98 1 6 14 780
1 99 1 5 3 780
2 3 4 5 17 755
2 4 4 1 17 755
2 5 4 1 4 755
2 8 4 3 14 755
2 11 4 6 7 755
2 13 4 1 2 755
2 14 4 3 13 755
2 16 4 1 23 755
2 17 4 2 7 755
2 20 4 3 16 755
2 25 4 1 3 755
2 27 4 4 20 755
2 29 4 2 25 755
2 31 4 6 16 755
2 32 4 1 4 755
2 33 4 6 23 755
2 37 4 5 7 755
2 38 4 2 18 755
2 40 4 4 16 755
2 41 4 4 10 755
2 43 4 4 22 755
2 44 4 3 3 755
2 46 4 3 15 755
2 47 4 3 10 755
2 51 4 3 20 755
2 52 4 2 14 755
2 53 4 1 9 755
2 56 4 4 5 755
2 57 4 5 18 755
2 58 4 2 25 755
2 59 4 1 8 755
2 60 4 3 7 755
2 62 4 3 25 755
2 63 4 5 6 755
2 64 4 4 21 755
2 65 4 2 8 755
2 66 4 5 8 755
2 68 4 6 16 755
2 69 4 1 2 755
2 70 4 2 11 755
2 74 4 3 8 755
2 76 4 4 1 755
2 83 4 2 20 755
2 87 4 3 17 755
2 88 4 3 22 755
2 93 4 4 21 755
2 94 4 3 16 755
2 97 4 2 4 755
2 98 4 6 15 755
2 99 4 5 4 755
3 0 5 5 10 717
3 1 5 1 12 717
3 2 5 4 17 717
3 4 5 1 9 717
3 8 5 3 17 717
3 10 5 2 25 717
3 11 5 6 25 717
3 14 5 3 10 717
3 17 5 2 14 717
3 18 5 4 22 717
3 19 5 1 16 717
3 20 5 3 14 717
3 21 5 1 6 717
3 22 5 2 13 717
3 24 5 1 4 717
3 26 5 4 20 717
3 27 5 4 23 717
3 32 5 1 14 717
3 33 5 6 5 717
3 34 5 1 20 717
3 35 5 6 21 717
3 36 5 5 14 717
3 40 5 4 6 717
3 41 5 4 23 717
3 42 5 5 9 717
3 44 5 3 13 717
3 46 5 3 11 717
3 47 5 3 24 717
3 48 5 5 19 717
3 50 5 5 12 717
3 52 5 2 11 717
3 57 5 5 1 717
3 61 5 5 12 717
3 63 5 5 8 717
3 64 5 4 4 717
3 66 5 5 13 717
3 68 5 6 22 717
3 70 5 2 2 717
3 71 5 1 3 717
3 72 5 2 18 717
3 73 5 2 17 717
3 75 5 3 18 717
3 78 5 4 15 717
3 80 5 6 6 717
3 81 5 2 9 717
3 83 5 2 3 717
3 85 5 4 18 717
3 86 5 4 6 717
3 90 5 5 2 717
3 93 5 4 25 717
3 95 5 6 2 717
3 98 5 6 6 717
4 1 1 1 21 613
4 2 1 4 17 613
4 3 1 5 9 613
4 10 1 2 20 613
4 11 1 6 11 613
4 13 1 1 25 613
4 16 1 1 22 613
4 18 1 4 16 613
4 19 1 1 2 613
4 21 1 1 4 613
4 24 1 1 15 613
4 25 1 1 21 613
4 26 1 4 9 613
4 27 1 4 12 613
4 32 1 1 2 613
4 36 1 5 8 613
4 39 1 1 8 613
4 40 1 4 2 613
4 45 1 4 24 613
4 46 1 3 7 613
4 48 1 5 5 613
4 49 1 3 18 613
4 51 1 3 20 613
4 52 1 2 6 613
4 56 1 4 9 613
4 57 1 5 2 613
4 58 1 2 17 613
4 61 1 5 12 613
4 62 1 3 10 613
4 63 1 5 18 613
4 64 1 4 9 613
4 65 1 2 2 613
4 67 1 4 18 613
4 69 1 1 7 613
4 71 1 1 1 613
4 72 1 2 10 613
4 73 1 2 18 613
4 74 1 3 23 613
4 75 1 3 24 613
4 76 1 4 9 613
4 79 1 1 4 613
4 81 1 2 24 613
4 82 1 3 19 613
4 83 1 2 15 613
4 85 1 4 20 613
4 86 1 4 19 613
4 87 1 3 18 613
4 88 1 3 15 613
4 89 1 5 7 613
4 92 1 3 2 613
4 96 1 6 15 613
4 97 1 2 12 613
5 0 1 5 6 970
5 2 1 4 4 970
5 6 1 4 18 970
5 7 1 4 18 970
5 12 1 3 4 970
5 13 1 1 19 970
5 14 1 3 25 970
5 16 1 1 11 970
5 19 1 1 24 970
5 20 1 3 20 970
5 21 1 1 23 970
5 22 1 2 20 970
5 24 1 1 10 970
5 26 1 4 2 970
5 30 1 4 11 970
5 31 1 6 25 970
5 33 1 6 21 970
5 34 1 1 10 970
5 36 1 5 9 970
5 37 1 5 1 970
5 40 1 4 22 970
5 42 1 5 17 970
5 43 1 4 1 970
5 45 1 4 17 970
5 49 1 3 10 970
5 60 1 3 20 970
5 63 1 5 2 970
5 66 1 5 18 970
5 67 1 4 24 970
5 69 1 1 18 970
5 72 1 2 20 970
5 74 1 3 19 970
5 75 1 3 1 970
5 79 1 1 4 970
5 81 1 2 23 970
5 85 1 4 20 970
5 91 1 4 17 970
5 92 1 3 2 970
5 95 1 6 11 970
5 99 1 5 4 970
6 0 4 5 11 496
6 5 4 1 18 496
6 7 4 4 6 496
6 10 4 2 5 496
6 12 4 3 3 496
6 13 4 1 11 496
6 14 4 3 13 496
6 16 4 1 19 496
6 20 4 3 12 496
6 21 4 1 19 496
6 23 4 4 24 496
6 24 4 1 23 496
6 25 4 1 12 496
6 26 4 4 16 496
6 31 4 6 13 496
6 33 4 6 5 496
6 35 4 6 1 496
6 36 4 5 16 496
6 38 4 2 2 496
6 39 4 1 25 496
6 41 4 4 13 496
6 45 4 4 14 496
6 47 4 3 25 496
6 48 4 5 20 496
6 50 4 5 8 496
6 51 4 3 7 496
6 53 4 1 16 496
6 54 4 3 6 496
6 56 4 4 7 496
6 58 4 2 15 496
6 63 4 5 17 496
6 64 4 4 11 496
6 65 4 2 18 496
6 67 4 4 4 496
6 69 4 1 20 496
6 71 4 1 7 496
6 72 4 2 5 496
6 73 4 2 24 496
6 74 4 3 17 496
6 76 4 4 19 496
6 79 4 1 10 496
6 80 4 6 10 496
6 82 4 3 8 496
6 83 4 2 15 496
6 85 4 4 6 496
6 86 4 4 15 496
6 89 4 5 10 496
6 97 4 2 1 496
6 99 4 5 19 496
7 1 4 1 24 527
7 5 4 1 18 527
7 6 4 4 6 527
7 9 4 4 2 527
7 10 4 2 3 527
7 12 4 3 9 527
7 14 4 3 13 527
7 16 4 1 9 527
7 20 4 3 4 527
7 21 4 1 17 527
7 22 4 2 21 527
7 25 4 1 10 527
7 28 4 5 7 527
7 29 4 2 11 527
7 32 4 1 20 527
7 33 4 6 22 527
7 36 4 5 25 527
7 37 4 5 24 527
7 41 4 4 5 527
7 42 4 5 4 527
7 43 4 4 10 527
7 44 4 3 8 527
7 45 4 4 22 527
7 46 4 3 7 527
7 49 4 3 3 527
7 50 4 5 3 527
7 52 4 2 23 527
7 53 4 1 9 527
7 54 4 3 20 527
7 55 4 6 8 527
7 56 4 4 23 527
7 59 4 1 22 527
7 60 4 3 7 527
7 62 4 3 3 527
7 67 4 4 2 527
7 70 4 2 16 527
7 72 4 2 19 527
7 74 4 3 16 527
7 75 4 3 19 527
7 76 4 4 23 527
7 77 4 6 19 527
7 85 4 4 25 527
7 87 4 3 16 527
7 90 4 5 3 527
7 91 4 4 3 527
7 92 4 3 21 527
7 96 4 6 20 527
7 98 4 6 6 527
7 99 4 5 4 527
8 1 3 1 16 942
8 2 3 4 14 942
8 3 3 5 17 942
8 11 3 6 7 942
8 12 3 3 23 942
8 13 3 1 13 942
8 14 3 3 11 942
8 21 3 1 25 942
8 22 3 2 10 942
8 23 3 4 10 942
8 25 3 1 17 942
8 26 3 4 4 942
8 27 3 4 12 942
8 30 3 4 5 942
8 32 3 1 9 942
8 33 3 6 9 942
8 37 3 5 2 942
8 38 3 2 13 942
8 40 3 4 5 942
8 41 3 4 16 942
8 42 3 5 14 942
8 43 3 4 1 942
8 44 3 3 25 942
8 46 3 3 11 942
8 47 3 3 7 942
8 48 3 5 23 942
8 49 3 3 10 942
8 50 3 5 6 942
8 51 3 3 1 942
8 52 3 2 10 942
8 55 3 6 20 942
8 56 3 4 17 942
8 58 3 2 6 942
8 59 3 1 12 942
8 64 3 4 18 942
8 65 3 2 5 942
8 66 3 5 8 942
8 75 3 3 23 942
8 76 3 4 23 942
8 77 3 6 6 942
8 78 3 4 13 942
8 81 3 2 20 942
8 82 3 3 1 942
8 86 3 4 10 942
8 88 3 3 21 942
8 90 3 5 14 942
8 93 3 4 7 942
8 94 3 3 19 942
8 95 3 6 17 942
8 99 3 5 19 942
9 7 4 4 2 316
9 10 4 2 15 316
9 12 4 3 7 316
9 13 4 1 25 316
9 14 4 3 11 316
9 15 4 4 21 316
9 17 4 2 1 316
9 19 4 1 18 316
9 22 4 2 25 316
9 24 4 1 13 316
9 26 4 4 13 316
9 30 4 4 20 316
9 31 4 6 2 316
9 35 4 6 6 316
9 36 4 5 16 316
9 37 4 5 9 316
9 38 4 2 21 316
9 39 4 1 8 316
9 41 4 4 2 316
9 44 4 3 18 316
9 48 4 5 4 316
9 50 4 5 12 316
9 51 4 3 4 316
9 53 4 1 1 316
9 54 4 3 11 316
9 56 4 4 18 316
9 57 4 5 15 316
9 58 4 2 7 316
9 60 4 3 23 316
9 64 4 4 3 316
9 66 4 5 5 316
9 67 4 4 1 316
9 69 4 1 16 316
9 72 4 2 5 316
9 77 4 6 19 316
9 78 4 4 1 316
9 79 4 1 14 316
9 80 4 6 6 316
9 82 4 3 14 316
9 83 4 2 22 316
9 85 4 4 23 316
9 86 4 4 21 316
9 92 4 3 21 316
9 95 4 6 18 316
9 96 4 6 17 316
9 97 4 2 4 316
10 0 2 5 17 400
10 3 2 5 25 400
10 4 2 1 20 400
10 6 2 4 5 400
10 7 2 4 3 400
10 9 2 4 15 400
10 13 2 1 4 400
10 14 2 3 22 400
10 16 2 1 8 400
10 17 2 2 3 400
10 18 2 4 10 400
10 19 2 1 17 400
10 20 2 3 25 400
10 21 2 1 9 400
10 22 2 2 1 400
10 26 2 4 20 400
10 27 2 4 25 400
10 29 2 2 16 400
10 30 2 4 20 400
10 34 2 1 19 400
10 39 2 1 7 400
10 40 2 4 25 400
10 44 2 3 17 400
10 47 2 3 23 400
10 49 2 3 23 400
10 50 2 5 5 400
10 53 2 1 24 400
10 54 2 3 2 400
10 55 2 6 21 400
10 57 2 5 18 400
10 59 2 1 13 400
10 60 2 3 12 400
10 63 2 5 15 400
10 65 2 2 5 400
10 67 2 4 20 400
10 68 2 6 14 400
10 69 2 1 25 400
10 71 2 1 5 400
10 72 2 2 19 400
10 77 2 6 23 400
10 80 2 6 24 400
10 81 2 2 15 400
10 82 2 3 11 400
10 83 2 2 8 400
10 84 2 6 24 400
10 86 2 4 4 400
10 87 2 3 4 400
10 88 2 3 11 400
10 90 2 5 24 400
10 92 2 3 15 400
10 94 2 3 17 400
10 96 2 6 12 400
10 97 2 2 6 400
10 99 2 5 13 400
11 0 6 5 9 483
11 1 6 1 15 483
11 2 6 4 7 483
11 3 6 5 25 483
11 4 6 1 11 483
11 8 6 3 7 483
11 12 6 3 13 483
11 13 6 1 12 483
11 16 6 1 12 483
11 18 6 4 23 483
11 19 6 1 11 483
11 20 6 3 8 483
11 21 6 1 20 483
11 22 6 2 12 483
11 23 6 4 3 483
11 25 6 1 15 483
11 26 6 4 16 483
11 27 6 4 22 483
11 29 6 2 12 483
11 36 6 5 5 483
11 39 6 1 17 483
11 42 6 5 15 483
11 44 6 3 22 483
11 47 6 3 25 483
11 48 6 5 16 483
11 50 6 5 3 483
11 51 6 3 10 483
11 53 6 1 1 483
11 54 6 3 24 483
11 56 6 4 3 483
11 58 6 2 15 483
11 59 6 1 5 483
11 60 6 3 6 483
11 61 6 5 12 483
11 62 6 3 11 483
11 63 6 5 11 483
11 64 6 4 9 483
11 65 6 2 25 483
11 68 6 6 12 483
11 69 6 1 3 483
11 73 6 2 20 483
11 75 6 3 23 483
11 76 6 4 16 483
11 77 6 6 25 483
11 80 6 6 22 483
11 82 6 3 15 483
11 83 6 2 1 483
11 84 6 6 18 483
11 90 6 5 10 483
11 92 6 3 7 483
11 93 6 4 10 483
11 94 6 3 13 483
11 97 6 2 22 483
11 98 6 6 16 483
11 99 6 5 5 483
12 0 3 5 11 283
12 1 3 1 18 283
12 5 3 1 4 283
12 6 3 4 3 283
12 7 3 4 9 283
12 8 3 3 23 283
12 9 3 4 7 283
12 11 3 6 13 283
12 15 3 4 25 283
12 17 3 2 24 283
12 18 3 4 21 283
12 19 3 1 6 283
12 20 3 3 1 283
12 21 3 1 5 283
12 22 3 2 5 283
12 23 3 4 16 283
12 26 3 4 3 283
12 27 3 4 12 283
12 30 3 4 7 283
12 31 3 6 11 283
12 32 3 1 22 283
12 34 3 1 8 283
12 36 3 5 15 283
12 37 3 5 12 283
12 39 3 1 2 283
12 42 3 5 8 283
12 43 3 4 17 283
12 49 3 3 1 283
12 52 3 2 18 283
12 53 3 1 15 283
12 54 3 3 22 283
12 56 3 4 2 283
12 57 3 5 18 283
12 58 3 2 9 283
12 60 3 3 20 283
12 62 3 3 20 283
12 65 3 2 16 283
12 67 3 4 3 283
12 69 3 1 8 283
12 73 3 2 3 283
12 74 3 3 23 283
12 77 3 6 12 283
12 79 3 1 2 283
12 80 3 6 6 283
12 83 3 2 3 283
12 84 3 6 17 283
12 85 3 4 23 283
12 86 3 4 5 283
12 88 3 3 15 283
12 89 3 5 18 283
12 91 3 4 23 283
12 92 3 3 6 283
12 93 3 4 6 283
12 95 3 6 13 283
13 1 1 1 23 239
13 2 1 4 2 239
13 4 1 1 25 239
13 5 1 1 19 239
13 6 1 4 11 239
13 8 1 3 13 239
13 9 1 4 25 239
13 10 1 2 4 239
13 11 1 6 12 239
13 15 1 4 6 239
13 16 1 1 9 239
13 19 1 1 19 239
13 21 1 1 11 239
13 22 1 2 21 239
13 24 1 1 19 239
13 26 1 4 22 239
13 27 1 4 10 239
13 30 1 4 4 239
13 35 1 6 15 239
13 36 1 5 1 239
13 37 1 5 6 239
13 38 1 2 3 239
13 39 1 1 24 239
13 41 1 4 11 239
13 44 1 3 13 239
13 45 1 4 18 239
13 48 1 5 23 239
13 50 1 5 7 239
13 52 1 2 7 239
13 53 1 1 1 239
13 55 1 6 5 239
13 56 1 4 5 239
13 57 1 5 8 239
13 59 1 1 19 239
13 60 1 3 23 239
13 61 1 5 18 239
13 64 1 4 3 239
13 69 1 1 14 239
13 70 1 2 17 239
13 72 1 2 5 239
13 74 1 3 18 239
13 75 1 3 11 239
13 76 1 4 19 239
13 78 1 4 11 239
13 79 1 1 15 239
13 80 1 6 7 239
13 81 1 2 20 239
13 82 1 3 22 239
13 83 1 2 25 239
13 84 1 6 15 239
13 85 1 4 20 239
13 86 1 4 24 239
13 88 1 3 15 239
13 89 1 5 10 239
13 90 1 5 4 239
13 93 1 4 14 239
13 94 1 3 20 239
13 95 1 6 10 239
13 97 1 2 4 239
13 98 1 6 13 239
13 99 1 5 22 239
14 1 3 1 11 686
14 2 3 4 13 686
14 3 3 5 10 686
14 5 3 1 25 686
14 6 3 4 13 686
14 7 3 4 13 686
14 8 3 3 11 686
14 9 3 4 11 686
14 10 3 2 22 686
14 18 3 4 25 686
14 19 3 1 25 686
14 20 3 3 24 686
14 21 3 1 17 686
14 22 3 2 3 686
14 25 3 1 2 686
14 26 3 4 7 686
14 28 3 5 2 686
14 30 3 4 25 686
14 31 3 6 24 686
14 36 3 5 2 686
14 38 3 2 19 686
14 39 3 1 4 686
14 40 3 4 16 686
14 41 3 4 17 686
14 46 3 3 13 686
14 48 3 5 7 686
14 49 3 3 13 686
14 50 3 5 15 686
14 51 3 3 12 686
14 53 3 1 14 686
14 54 3 3 11 686
14 55 3 6 25 686
14 56 3 4 13 686
14 59 3 1 12 686
14 60 3 3 21 686
14 61 3 5 4 686
14 62 3 3 13 686
14 65 3 2 22 686
14 66 3 5 17 686
14 70 3 2 12 686
14 71 3 1 14 686
14 74 3 3 1 686
14 75 3 3 16 686
14 76 3 4 19 686
14 78 3 4 19 686
14 79 3 1 16 686
14 80 3 6 14 686
14 83 3 2 14 686
14 84 3 6 15 686
14 86 3 4 20 686
14 88 3 3 13 686
14 89 3 5 7 686
14 90 3 5 19 686
14 92 3 3 19 686
14 93 3 4 24 686
14 94 3 3 21 686
14 95 3 6 10 686
14 97 3 2 5 686
14 98 3 6 20 686
14 99 3 5 22 686
15 0 4 5 2 785
15 9 4 4 21 785
15 12 4 3 25 785
15 13 4 1 6 785
15 17 4 2 24 785
15 23 4 4 15 785
15 26 4 4 2 785
15 27 4 4 14 785
15 28 4 5 2 785
15 30 4 4 5 785
15 31 4 6 1 785
15 32 4 1 13 785
15 33 4 6 7 785
15 34 4 1 4 785
15 35 4 6 24 785
15 36 4 5 24 785
15 38 4 2 20 785
15 39 4 1 13 785
15 45 4 4 9 785
15 49 4 3 15 785
15 53 4 1 11 785
15 54 4 3 5 785
15 55 4 6 24 785
15 57 4 5 12 785
15 59 4 1 15 785
15 60 4 3 5 785
15 66 4 5 25 785
15 68 4 6 13 785
15 71 4 1 21 785
15 74 4 3 1 785
15 75 4 3 1 785
15 76 4 4 7 785
15 78 4 4 5 785
15 80 4 6 12 785
15 81 4 2 17 785
15 83 4 2 8 785
15 84 4 6 13 785
15 85 4 4 20 785
15 88 4 3 25 785
15 91 4 4 14 785
15 93 4 4 11 785
15 94 4 3 13 785
15 97 4 2 12 785
15 98 4 6 17 785
16 1 1 1 18 232
16 2 1 4 23 232
16 4 1 1 22 232
16 5 1 1 11 232
16 6 1 4 19 232
16 7 1 4 9 232
16 10 1 2 8 232
16 11 1 6 12 232
16 13 1 1 9 232
16 18 1 4 6 232
16 19 1 1 16 232
16 24 1 1 8 232
16 25 1 1 14 232
16 29 1 2 7 232
16 30 1 4 18 232
16 32 1 1 22 232
16 34 1 1 22 232
16 36 1 5 13 232
16 37 1 5 17 232
16 38 1 2 2 232
16 39 1 1 1 232
16 40 1 4 11 232
16 41 1 4 10 232
16 42 1 5 4 232
16 45 1 4 10 232
16 46 1 3 6 232
16 47 1 3 11 232
16 51 1 3 13 232
16 54 1 3 14 232
16 55 1 6 15 232
16 57 1 5 12 232
16 58 1 2 21 232
16 59 1 1 25 232
16 60 1 3 21 232
16 61 1 5 14 232
16 63 1 5 17 232
16 65 1 2 17 232
16 66 1 5 10 232
16 73 1 2 7 232
16 75 1 3 17 232
16 77 1 6 10 232
16 78 1 4 2 232
16 79 1 1 7 232
16 86 1 4 19 232
16 87 1 3 19 232
16 91 1 4 2 232
16 94 1 3 15 232
16 97 1 2 20 232
17 1 2 1 2 418
17 2 2 4 7 418
17 3 2 5 14 418
17 9 2 4 1 418
17 10 2 2 3 418
17 12 2 3 24 418
17 15 2 4 24 418
17 19 2 1 23 418
17 21 2 1 14 418
17 22 2 2 9 418
17 26 2 4 15 418
17 28 2 5 11 418
17 29 2 2 22 418
17 32 2 1 24 418
17 33 2 6 21 418
17 34 2 1 13 418
17 35 2 6 8 418
17 38 2 2 11 418
17 41 2 4 12 418
17 42 2 5 21 418
17 43 2 4 2 418
17 46 2 3 25 418
17 48 2 5 14 418
17 51 2 3 2 418
17 52 2 2 14 418
17 53 2 1 14 418
17 59 2 1 1 418
17 60 2 3 2 418
17 62 2 3 6 418
17 64 2 4 22 418
17 67 2 4 6 418
17 69 2 1 6 418
17 72 2 2 24 418
17 73 2 2 7 418
17 78 2 4 21 418
17 79 2 1 7 418
17 81 2 2 5 418
17 82 2 3 12 418
17 83 2 2 16 418
17 86 2 4 11 418
17 87 2 3 7 418
17 90 2 5 22 418
17 92 2 3 3 418
17 95 2 6 11 418
17 96 2 6 1 418
17 98 2 6 1 418
17 99 2 5 17 418
18 0 4 5 19 760
18 3 4 5 22 760
18 4 4 1 16 760
18 10 4 2 10 760
18 11 4 6 23 760
18 12 4 3 21 760
18 14 4 3 25 760
18 16 4 1 6 760
18 19 4 1 7 760
18 21 4 1 11 760
18 25 4 1 19 760
18 26 4 4 6 760
18 28 4 5 14 760
18 30 4 4 22 760
18 32 4 1 21 760
18 33 4 6 2 760
18 34 4 1 8 760
18 35 4 6 15 760
18 36 4 5 17 760
18 37 4 5 25 760
18 38 4 2 13 760
18 43 4 4 17 760
18 44 4 3 19 760
18 46 4 3 7 760
18 50 4 5 9 760
18 52 4 2 19 760
18 53 4 1 20 760
18 54 4 3 11 760
18 57 4 5 20 760
18 58 4 2 8 760
18 60 4 3 6 760
18 63 4 5 2 760
18 67 4 4 22 760
18 69 4 1 20 760
18 70 4 2 6 760
18 75 4 3 9 760
18 76 4 4 7 760
18 77 4 6 20 760
18 80 4 6 25 760
18 81 4 2 22 760
18 85 4 4 19 760
18 86 4 4 20 760
18 88 4 3 1 760
18 90 4 5 23 760
18 91 4 4 9 760
18 96 4 6 23 760
18 97 4 2 14 760
18 98 4 6 21 760
19 0 1 5 21 452
19 3 1 5 16 452
19 4 1 1 2 452
19 5 1 1 24 452
19 9 1 4 18 452
19 10 1 2 17 452
19 11 1 6 11 452
19 12 1 3 6 452
19 13 1 1 19 452
19 14 1 3 25 452
19 16 1 1 16 452
19 17 1 2 23 452
19 18 1 4 7 452
19 20 1 3 16 452
19 24 1 1 11 452
19 27 1 4 3 452
19 29 1 2 4 452
19 30 1 4 23 452
19 31 1 6 23 452
19 32 1 1 14 452
19 36 1 5 20 452
19 37 1 5 6 452
19 38 1 2 25 452
19 41 1 4 12 452
19 44 1 3 22 452
19 45 1 4 6 452
19 49 1 3 14 452
19 51 1 3 7 452
19 52 1 2 14 452
19 54 1 3 22 452
19 57 1 5 12 452
19 59 1 1 7 452
19 60 1 3 8 452
19 61 1 5 8 452
19 64 1 4 16 452
19 67 1 4 3 452
19 71 1 1 24 452
19 72 1 2 17 452
19 74 1 3 22 452
19 77 1 6 15 452
19 78 1 4 9 452
19 79 1 1 7 452
19 82 1 3 9 452
19 83 1 2 19 452
19 84 1 6 22 452
19 85 1 4 13 452
19 87 1 3 24 452
19 88 1 3 15 452
19 92 1 3 5 452
19 93 1 4 20 452
19 95 1 6 9 452
19 96 1 6 4 452
19 98 1 6 1 452
19 99 1 5 1 452
20 0 3 5 23 252
20 1 3 1 1 252
20 2 3 4 16 252
20 3 3 5 14 252
20 5 3 1 20 252
20 6 3 4 12 252
20 7 3 4 4 252
20 10 3 2 25 252
20 11 3 6 8 252
20 12 3 3 1 252
20 14 3 3 24 252
20 19 3 1 16 252
20 22 3 2 19 252
20 23 3 4 16 252
20 31 3 6 15 252
20 32 3 1 21 252
20 39 3 1 23 252
20 40 3 4 5 252
20 42 3 5 21 252
20 49 3 3 19 252
20 50 3 5 18 252
20 54 3 3 3 252
20 57 3 5 14 252
20 58 3 2 22 252
20 59 3 1 25 252
20 62 3 3 25 252
20 63 3 5 23 252
20 64 3 4 23 252
20 65 3 2 10 252
20 66 3 5 15 252
20 67 3 4 19 252
20 70 3 2 25 252
20 71 3 1 4 252
20 73 3 2 23 252
20 75 3 3 1 252
20 76 3 4 5 252
20 79 3 1 6 252
20 82 3 3 8 252
20 84 3 6 5 252
20 86 3 4 11 252
20 88 3 3 22 252
20 89 3 5 20 252
20 90 3 5 24 252
20 93 3 4 24 252
20 94 3 3 19 252
20 95 3 6 19 252
20 98 3 6 23 252
21 0 1 5 3 411
21 1 1 1 22 411
21 3 1 5 6 411
21 4 1 1 4 411
21 5 1 1 23 411
21 6 1 4 19 411
21 7 1 4 17 411
21 8 1 3 25 411
21 10 1 2 9 411
21 11 1 6 20 411
21 12 1 3 5 411
21 13 1 1 11 411
21 14 1 3 17 411
21 17 1 2 14 411
21 18 1 4 11 411
21 22 1 2 10 411
21 24 1 1 17 411
21 27 1 4 10 411
21 29 1 2 18 411
21 30 1 4 24 411
21 32 1 1 17 411
21 33 1 6 20 411
21 34 1 1 1 411
21 35 1 6 25 411
21 39 1 1 16 411
21 41 1 4 21 411
21 42 1 5 7 411
21 46 1 3 7 411
21 48 1 5 24 411
21 50 1 5 5 411
21 51 1 3 7 411
21 54 1 3 17 411
21 56 1 4 21 411
21 60 1 3 6 411
21 61 1 5 24 411
21 62 1 3 2 411
21 64 1 4 5 411
21 65 1 2 7 411
21 66 1 5 19 411
21 67 1 4 13 411
21 68 1 6 10 411
21 72 1 2 23 411
21 73 1 2 8 411
21 76 1 4 2 411
21 80 1 6 15 411
21 81 1 2 17 411
21 82 1 3 25 411
21 83 1 2 2 411
21 90 1 5 2 411
21 91 1 4 15 411
21 92 1 3 23 411
21 93 1 4 11 411
21 94 1 3 20 411
21 96 1 6 5 411
21 97 1 2 25 411
21 98 1 6 13 411
21 99 1 5 23 411
22 0 2 5 19 920
22 3 2 5 13 920
22 5 2 1 20 920
22 7 2 4 21 920
22 8 2 3 10 920
22 9 2 4 25 920
22 10 2 2 1 920
22 11 2 6 12 920
22 12 2 3 5 920
22 13 2 1 21 920
22 14 2 3 3 920
22 17 2 2 9 920
22 20 2 3 19 920
22 21 2 1 10 920
22 24 2 1 9 920
22 27 2 4 19 920
22 32 2 1 7 920
22 34 2 1 8 920
22 35 2 6 15 920
22 36 2 5 12 920
22 38 2 2 7 920
22 41 2 4 18 920
22 43 2 4 12 920
22 44 2 3 18 920
22 45 2 4 15 920
22 46 2 3 17 920
22 47 2 3 4 920
22 48 2 5 24 920
22 51 2 3 7 920
22 52 2 2 19 920
22 55 2 6 6 920
22 56 2 4 19 920
22 57 2 5 18 920
22 59 2 1 16 920
22 61 2 5 13 920
22 62 2 3 10 920
22 66 2 5 11 920
22 68 2 6 1 920
22 69 2 1 6 920
22 70 2 2 9 920
22 74 2 3 20 920
22 77 2 6 8 920
22 78 2 4 13 920
22 79 2 1 2 920
22 80 2 6 22 920
22 84 2 6 21 920
22 86 2 4 13 920
22 87 2 3 20 920
22 89 2 5 6 920
22 91 2 4 25 920
22 92 2 3 25 920
22 94 2 3 20 920
22 95 2 6 22 920
22 96 2 6 13 920
22 98 2 6 8 920
22 99 2 5 4 920
23 0 4 5 10 765
23 6 4 4 24 765
23 8 4 3 10 765
23 11 4 6 3 765
23 12 4 3 16 765
23 15 4 4 15 765
23 20 4 3 16 765
23 24 4 1 24 765
23 26 4 4 18 765
23 28 4 5 3 765
23 29 4 2 13 765
23 30 4 4 1 765
23 32 4 1 17 765
23 34 4 1 20 765
23 35 4 6 10 765
23 37 4 5 1 765
23 41 4 4 12 765
23 45 4 4 12 765
23 46 4 3 18 765
23 50 4 5 8 765
23 51 4 3 5 765
23 58 4 2 21 765
23 59 4 1 7 765
23 60 4 3 1 765
23 61 4 5 23 765
23 64 4 4 5 765
23 66 4 5 6 765
23 67 4 4 12 765
23 68 4 6 7 765
23 69 4 1 16 765
23 71 4 1 12 765
23 72 4 2 2 765
23 74 4 3 3 765
23 77 4 6 18 765
23 79 4 1 18 765
23 80 4 6 25 765
23 81 4 2 23 765
23 82 4 3 11 765
23 84 4 6 13 765
23 85 4 4 11 765
23 87 4 3 1 765
23 93 4 4 17 765
23 96 4 6 4 765
23 97 4 2 5 765
23 98 4 6 7 765
24 3 1 5 4 433
24 4 1 1 15 433
24 5 1 1 10 433
24 6 1 4 23 433
24 9 1 4 13 433
24 13 1 1 19 433
24 16 1 1 8 433
24 19 1 1 11 433
24 21 1 1 17 433
24 22 1 2 9 433
24 23 1 4 24 433
24 25 1 1 24 433
24 26 1 4 20 433
24 27 1 4 20 433
24 28 1 5 4 433
24 29 1 2 20 433
24 31 1 6 21 433
24 32 1 1 14 433
24 36 1 5 1 433
24 37 1 5 23 433
24 38 1 2 18 433
24 44 1 3 2 433
24 45 1 4 21 433
24 46 1 3 21 433
24 47 1 3 16 433
24 50 1 5 23 433
24 51 1 3 21 433
24 52 1 2 9 433
24 53 1 1 16 433
24 54 1 3 23 433
24 55 1 6 23 433
24 57 1 5 13 433
24 58 1 2 20 433
24 60 1 3 20 433
24 62 1 3 14 433
24 63 1 5 24 433
24 65 1 2 3 433
24 67 1 4 22 433
24 68 1 6 5 433
24 70 1 2 15 433
24 72 1 2 2 433
24 73 1 2 6 433
24 74 1 3 21 433
24 75 1 3 7 433
24 76 1 4 12 433
24 78 1 4 12 433
24 82 1 3 2 433
24 83 1 2 17 433
24 86 1 4 3 433
24 87 1 3 13 433
24 88 1 3 23 433
24 89 1 5 25 433
24 91 1 4 16 433
24 92 1 3 13 433
24 94 1 3 23 433
24 95 1 6 14 433
24 96 1 6 20 433
24 97 1 2 22 433
25 1 1 1 23 910
25 2 1 4 3 910
25 4 1 1 21 910
25 6 1 4 12 910
25 7 1 4 10 910
25 8 1 3 17 910
25 11 1 6 15 910
25 14 1 3 2 910
25 16 1 1 14 910
25 18 1 4 19 910
25 24 1 1 24 910
25 26 1 4 20 910
25 27 1 4 20 910
25 30 1 4 10 910
25 34 1 1 21 910
25 35 1 6 11 910
25 36 1 5 6 910
25 37 1 5 10 910
25 38 1 2 17 910
25 40 1 4 8 910
25 41 1 4 23 910
25 43 1 4 12 910
25 45 1 4 6 910
25 46 1 3 7 910
25 47 1 3 20 910
25 48 1 5 19 910
25 49 1 3 14 910
25 53 1 1 22 910
25 54 1 3 8 910
25 59 1 1 14 910
25 62 1 3 8 910
25 63 1 5 22 910
25 64 1 4 17 910
25 65 1 2 18 910
25 66 1 5 4 910
25 73 1 2 16 910
25 78 1 4 16 910
25 79 1 1 9 910
25 80 1 6 20 910
25 84 1 6 20 910
25 87 1 3 15 910
25 89 1 5 3 910
25 91 1 4 2 910
25 92 1 3 2 910
25 93 1 4 12 910
25 95 1 6 6 910
25 98 1 6 9 910
25 99 1 5 6 910
26 3 4 5 20 798
26 4 4 1 9 798
26 5 4 1 2 798
26 6 4 4 16 798
26 8 4 3 4 798
26 9 4 4 13 798
26 10 4 2 20 798
26 11 4 6 16 798
26 12 4 3 3 798
26 13 4 1 22 798
26 14 4 3 7 798
26 15 4 4 2 798
26 17 4 2 15 798
26 18 4 4 6 798
26 23 4 4 18 798
26 24 4 1 20 798
26 25 4 1 20 798
26 27 4 4 4 798
26 30 4 4 23 798
26 31 4 6 19 798
26 32 4 1 9 798
26 34 4 1 7 798
26 35 4 6 7 798
26 36 4 5 6 798
26 37 4 5 9 798
26 39 4 1 2 798
26 44 4 3 10 798
26 45 4 4 9 798
26 47 4 3 21 798
26 51 4 3 3 798
26 52 4 2 8 798
26 55 4 6 23 798
26 56 4 4 1 798
26 58 4 2 23 798
26 60 4 3 12 798
26 65 4 2 11 798
26 66 4 5 9 798
26 69 4 1 19 798
26 70 4 2 22 798
26 71 4 1 11 798
26 72 4 2 12 798
26 73 4 2 16 798
26 74 4 3 23 798
26 76 4 4 6 798
26 77 4 6 15 798
26 79 4 1 8 798
26 80 4 6 10 798
26 81 4 2 19 798
26 85 4 4 19 798
26 87 4 3 5 798
26 88 4 3 9 798
26 89 4 5 9 798
26 91 4 4 19 798
26 94 4 3 2 798
26 95 4 6 19 798
26 96 4 6 9 798
26 97 4 2 3 798
26 98 4 6 20 798
27 0 4 5 23 451
27 2 4 4 20 451
27 3 4 5 23 451
27 4 4 1 12 451
27 8 4 3 12 451
27 10 4 2 25 451
27 11 4 6 22 451
27 12 4 3 12 451
27 13 4 1 10 451
27 15 4 4 14 451
27 19 4 1 3 451
27 21 4 1 10 451
27 22 4 2 19 451
27 24 4 1 20 451
27 25 4 1 20 451
27 26 4 4 4 451
27 29 4 2 15 451
27 34 4 1 22 451
27 36 4 5 21 451
27 37 4 5 7 451
27 39 4 1 9 451
27 41 4 4 12 451
27 42 4 5 12 451
27 44 4 3 1 451
27 45 4 4 15 451
27 47 4 3 20 451
27 48 4 5 2 451
27 49 4 3 10 451
27 50 4 5 23 451
27 52 4 2 6 451
27 53 4 1 10 451
27 55 4 6 14 451
27 56 4 4 3 451
27 58 4 2 19 451
27 62 4 3 1 451
27 67 4 4 15 451
27 71 4 1 12 451
27 72 4 2 12 451
27 73 4 2 24 451
27 76 4 4 3 451
27 78 4 4 18 451
27 80 4 6 17 451
27 81 4 2 20 451
27 82 4 3 6 451
27 83 4 2 22 451
27 84 4 6 14 451
27 85 4 4 11 451
27 86 4 4 3 451
27 87 4 3 17 451
27 88 4 3 8 451
27 90 4 5 25 451
27 92 4 3 19 451
27 93 4 4 22 451
27 96 4 6 9 451
27 97 4 2 12 451
28 0 5 5 10 865
28 7 5 4 7 865
28 14 5 3 2 865
28 15 5 4 2 865
28 17 5 2 11 865
28 18 5 4 14 865
28 23 5 4 3 865
28 24 5 1 4 865
28 29 5 2 12 865
28 30 5 4 17 865
28 31 5 6 1 865
28 32 5 1 4 865
28 34 5 1 1 865
28 36 5 5 25 865
28 38 5 2 10 865
28 39 5 1 24 865
28 41 5 4 20 865
28 42 5 5 10 865
28 43 5 4 25 865
28 46 5 3 3 865
28 50 5 5 13 865
28 51 5 3 1 865
28 52 5 2 18 865
28 54 5 3 1 865
28 55 5 6 15 865
28 57 5 5 19 865
28 62 5 3 10 865
28 63 5 5 17 865
28 65 5 2 4 865
28 69 5 1 24 865
28 76 5 4 19 865
28 85 5 4 18 865
28 87 5 3 5 865
28 88 5 3 13 865
28 90 5 5 5 865
28 91 5 4 6 865
28 92 5 3 10 865
28 94 5 3 4 865
28 95 5 6 6 865
28 96 5 6 14 865
28 97 5 2 23 865
29 0 2 5 6 856
29 2 2 4 25 856
29 7 2 4 11 856
29 10 2 2 16 856
29 11 2 6 12 856
29 16 2 1 7 856
29 17 2 2 22 856
29 19 2 1 4 856
29 21 2 1 18 856
29 23 2 4 13 856
29 24 2 1 20 856
29 27 2 4 15 856
29 28 2 5 12 856
29 32 2 1 13 856
29 37 2 5 15 856
29 38 2 2 20 856
29 39 2 1 10 856
29 40 2 4 14 856
29 42 2 5 22 856
29 43 2 4 19 856
29 45 2 4 20 856
29 46 2 3 10 856
29 52 2 2 25 856
29 53 2 1 4 856
29 55 2 6 13 856
29 57 2 5 24 856
29 60 2 3 3 856
29 61 2 5 25 856
29 62 2 3 16 856
29 64 2 4 21 856
29 65 2 2 22 856
29 66 2 5 9 856
29 69 2 1 15 856
29 74 2 3 7 856
29 76 2 4 25 856
29 77 2 6 18 856
29 79 2 1 9 856
29 80 2 6 23 856
29 81 2 2 14 856
29 82 2 3 9 856
29 83 2 2 8 856
29 84 2 6 20 856
29 87 2 3 10 856
29 88 2 3 18 856
29 90 2 5 10 856
29 91 2 4 13 856
29 92 2 3 7 856
29 93 2 4 14 856
29 94 2 3 15 856
29 95 2 6 18 856
29 96 2 6 23 856
29 97 2 2 2 856
29 98 2 6 22 856
30 0 4 5 21 297
30 5 4 1 11 297
30 8 4 3 5 297
30 9 4 4 20 297
30 10 4 2 20 297
30 12 4 3 7 297
30 13 4 1 4 297
30 14 4 3 25 297
30 15 4 4 5 297
30 16 4 1 18 297
30 18 4 4 22 297
30 19 4 1 23 297
30 21 4 1 24 297
30 23 4 4 1 297
30 25 4 1 10 297
30 26 4 4 23 297
30 28 4 5 17 297
30 34 4 1 23 297
30 36 4 5 5 297
30 40 4 4 22 297
30 42 4 5 16 297
30 43 4 4 4 297
30 46 4 3 6 297
30 47 4 3 2 297
30 48 4 5 10 297
30 49 4 3 25 297
30 50 4 5 25 297
30 52 4 2 19 297
30 54 4 3 4 297
30 55 4 6 4 297
30 56 4 4 6 297
30 57 4 5 6 297
30 64 4 4 9 297
30 67 4 4 21 297
30 68 4 6 14 297
30 70 4 2 17 297
30 77 4 6 1 297
30 78 4 4 4 297
30 79 4 1 13 297
30 84 4 6 5 297
30 87 4 3 19 297
30 90 4 5 18 297
30 91 4 4 16 297
30 93 4 4 3 297
30 94 4 3 14 297
30 97 4 2 2 297
31 2 6 4 16 684
31 5 6 1 25 684
31 6 6 4 13 684
31 9 6 4 2 684
31 12 6 3 11 684
31 14 6 3 24 684
31 15 6 4 1 684
31 19 6 1 23 684
31 20 6 3 15 684
31 24 6 1 21 684
31 26 6 4 19 684
31 28 6 5 1 684
31 32 6 1 13 684
31 35 6 6 12 684
31 36 6 5 14 684
31 37 6 5 17 684
31 40 6 4 1 684
31 41 6 4 9 684
31 42 6 5 13 684
31 45 6 4 8 684
31 46 6 3 12 684
31 47 6 3 10 684
31 49 6 3 25 684
31 51 6 3 13 684
31 54 6 3 5 684
31 56 6 4 24 684
31 57 6 5 14 684
31 58 6 2 16 684
31 61 6 5 2 684
31 62 6 3 11 684
31 65 6 2 24 684
31 70 6 2 25 684
31 72 6 2 25 684
31 74 6 3 21 684
31 76 6 4 21 684
31 77 6 6 1 684
31 78 6 4 12 684
31 79 6 1 1 684
31 84 6 6 8 684
31 85 6 4 7 684
31 87 6 3 6 684
31 88 6 3 8 684
31 89 6 5 15 684
31 90 6 5 16 684
31 96 6 6 5 684
31 98 6 6 18 684
31 99 6 5 2 684
32 1 1 1 13 490
32 2 1 4 4 490
32 3 1 5 14 490
32 4 1 1 2 490
32 7 1 4 20 490
32 8 1 3 9 490
32 12 1 3 22 490
32 15 1 4 13 490
32 16 1 1 22 490
32 17 1 2 24 490
32 18 1 4 21 490
32 19 1 1 14 490
32 20 1 3 21 490
32 21 1 1 17 490
32 22 1 2 7 490
32 23 1 4 17 490
32 24 1 1 14 490
32 26 1 4 9 490
32 28 1 5 4 490
32 29 1 2 13 490
32 31 1 6 13 490
32 33 1 6 2 490
32 34 1 1 15 490
32 35 1 6 19 490
32 36 1 5 25 490
32 38 1 2 24 490
32 39 1 1 21 490
32 43 1 4 22 490
32 44 1 3 18 490
32 45 1 4 24 490
32 46 1 3 1 490
32 48 1 5 5 490
32 50 1 5 19 490
32 51 1 3 13 490
32 61 1 5 24 490
32 63 1 5 14 490
32 64 1 4 5 490
32 65 1 2 20 490
32 67 1 4 7 490
32 68 1 6 20 490
32 69 1 1 25 490
32 70 1 2 1 490
32 71 1 1 22 490
32 73 1 2 19 490
32 74 1 3 21 490
32 76 1 4 1 490
32 78 1 4 2 490
32 80 1 6 9 490
32 82 1 3 6 490
32 84 1 6 25 490
32 85 1 4 1 490
32 87 1 3 22 490
32 89 1 5 3 490
32 95 1 6 7 490
32 96 1 6 3 490
32 97 1 2 12 490
33 2 6 4 23 388
33 3 6 5 5 388
33 5 6 1 21 388
33 6 6 4 5 388
33 7 6 4 22 388
33 8 6 3 9 388
33 15 6 4 7 388
33 17 6 2 21 388
33 18 6 4 2 388
33 21 6 1 20 388
33 32 6 1 2 388
33 34 6 1 10 388
33 37 6 5 5 388
33 39 6 1 22 388
33 41 6 4 12 388
33 43 6 4 15 388
33 44 6 3 12 388
33 45 6 4 17 388
33 46 6 3 5 388
33 47 6 3 4 388
33 48 6 5 12 388
33 50 6 5 25 388
33 51 6 3 17 388
33 52 6 2 13 388
33 53 6 1 19 388
33 54 6 3 19 388
33 55 6 6 24 388
33 56 6 4 17 388
33 58 6 2 4 388
33 60 6 3 8 388
33 63 6 5 13 388
33 66 6 5 1 388
33 70 6 2 16 388
33 71 6 1 23 388
33 72 6 2 17 388
33 73 6 2 3 388
33 75 6 3 6 388
33 76 6 4 6 388
33 81 6 2 7 388
33 82 6 3 1 388
33 83 6 2 10 388
33 84 6 6 15 388
33 86 6 4 20 388
33 89 6 5 15 388
33 90 6 5 24 388
33 91 6 4 25 388
33 93 6 4 16 388
33 95 6 6 2 388
33 97 6 2 25 388
33 99 6 5 5 388
34 0 1 5 13 404
34 1 1 1 16 404
34 3 1 5 20 404
34 5 1 1 10 404
34 10 1 2 19 404
34 12 1 3 8 404
34 15 1 4 4 404
34 16 1 1 22 404
34 17 1 2 13 404
34 18 1 4 8 404
34 21 1 1 1 404
34 22 1 2 8 404
34 23 1 4 20 404
34 25 1 1 21 404
34 26 1 4 7 404
34 27 1 4 22 404
34 28 1 5 1 404
34 30 1 4 23 404
34 32 1 1 15 404
34 33 1 6 10 404
34 35 1 6 5 404
34 36 1 5 5 404
34 38 1 2 19 404
34 39 1 1 9 404
34 40 1 4 19 404
34 41 1 4 22 404
34 46 1 3 22 404
34 47 1 3 18 404
34 50 1 5 17 404
34 53 1 1 12 404
34 55 1 6 13 404
34 57 1 5 2 404
34 60 1 3 22 404
34 64 1 4 4 404
34 65 1 2 14 404
34 66 1 5 8 404
34 74 1 3 8 404
34 75 1 3 11 404
34 76 1 4 24 404
34 77 1 6 5 404
34 81 1 2 5 404
34 84 1 6 6 404
34 89 1 5 7 404
34 90 1 5 23 404
34 91 1 4 22 404
34 93 1 4 25 404
34 94 1 3 9 404
34 95 1 6 7 404
34 97 1 2 23 404
34 99 1 5 22 404
35 0 6 5 2 218
35 3 6 5 21 218
35 6 6 4 1 218
35 9 6 4 6 218
35 13 6 1 15 218
35 15 6 4 24 218
35 17 6 2 8 218
35 18 6 4 15 218
35 21 6 1 25 218
35 22 6 2 15 218
35 23 6 4 10 218
35 25 6 1 11 218
35 26 6 4 7 218
35 31 6 6 12 218
35 32 6 1 19 218
35 34 6 1 5 218
35 36 6 5 25 218
35 37 6 5 4 218
35 40 6 4 24 218
35 43 6 4 24 218
35 47 6 3 4 218
35 50 6 5 13 218
35 51 6 3 13 218
35 53 6 1 14 218
35 54 6 3 25 218
35 56 6 4 5 218
35 57 6 5 6 218
35 60 6 3 14 218
35 63 6 5 2 218
35 64 6 4 2 218
35 65 6 2 17 218
35 66 6 5 5 218
35 67 6 4 19 218
35 68 6 6 16 218
35 69 6 1 4 218
35 71 6 1 15 218
35 72 6 2 11 218
35 79 6 1 24 218
35 82 6 3 16 218
35 83 6 2 14 218
35 84 6 6 6 218
35 85 6 4 1 218
35 86 6 4 1 218
35 87 6 3 22 218
35 88 6 3 14 218
35 92 6 3 20 218
35 93 6 4 3 218
35 94 6 3 16 218
35 97 6 2 25 218
36 1 5 1 10 819
36 3 5 5 14 819
36 4 5 1 8 819
36 5 5 1 9 819
36 6 5 4 16 819
36 7 5 4 25 819
36 9 5 4 16 819
36 11 5 6 5 819
36 12 5 3 15 819
36 13 5 1 1 819
36 14 5 3 2 819
36 15 5 4 24 819
36 16 5 1 13 819
36 18 5 4 17 819
36 19 5 1 20 819
36 22 5 2 12 819
36 24 5 1 1 819
36 25 5 1 6 819
36 26 5 4 6 819
36 27 5 4 21 819
36 28 5 5 25 819
36 30 5 4 5 819
36 31 5 6 14 819
36 32 5 1 25 819
36 34 5 1 5 819
36 35 5 6 25 819
36 38 5 2 12 819
36 39 5 1 20 819
36 41 5 4 21 819
36 42 5 5 12 819
36 46 5 3 23 819
36 47 5 3 3 819
36 51 5 3 19 819
36 52 5 2 6 819
36 53 5 1 9 819
36 54 5 3 7 819
36 56 5 4 18 819
36 57 5 5 6 819
36 58 5 2 10 819
36 60 5 3 23 819
36 63 5 5 23 819
36 64 5 4 20 819
36 65 5 2 22 819
36 70 5 2 5 819
36 72 5 2 13 819
36 74 5 3 21 819
36 75 5 3 18 819
36 79 5 1 8 819
36 81 5 2 15 819
36 82 5 3 11 819
36 84 5 6 16 819
36 86 5 4 22 819
36 87 5 3 17 819
36 88 5 3 3 819
36 89 5 5 12 819
36 92 5 3 19 819
36 97 5 2 16 819
37 1 5 1 7 544
37 2 5 4 7 544
37 5 5 1 1 544
37 7 5 4 24 544
37 8 5 3 2 544
37 9 5 4 9 544
37 12 5 3 12 544
37 13 5 1 6 544
37 16 5 1 17 544
37 18 5 4 25 544
37 19 5 1 6 544
37 23 5 4 1 544
37 24 5 1 23 544
37 25 5 1 10 544
37 26 5 4 9 544
37 27 5 4 7 544
37 29 5 2 15 544
37 31 5 6 17 544
37 33 5 6 5 544
37 35 5 6 4 544
37 38 5 2 6 544
37 41 5 4 1 544
37 45 5 4 23 544
37 46 5 3 1 544
37 47 5 3 8 544
37 48 5 5 22 544
37 51 5 3 11 544
37 52 5 2 16 544
37 54 5 3 17 544
37 55 5 6 9 544
37 58 5 2 4 544
37 60 5 3 3 544
37 63 5 5 20 544
37 64 5 4 4 544
37 68 5 6 17 544
37 73 5 2 2 544
37 74 5 3 6 544
37 76 5 4 16 544
37 77 5 6 18 544
37 78 5 4 5 544
37 79 5 1 2 544
37 84 5 6 13 544
37 85 5 4 19 544
37 86 5 4 11 544
37 87 5 3 15 544
37 92 5 3 22 544
37 93 5 4 8 544
37 95 5 6 6 544
38 0 2 5 6 545
38 1 2 1 7 545
38 2 2 4 18 545
38 6 2 4 2 545
38 8 2 3 13 545
38 9 2 4 21 545
38 13 2 1 3 545
38 14 2 3 19 545
38 15 2 4 20 545
38 16 2 1 2 545
38 17 2 2 11 545
38 18 2 4 13 545
38 19 2 1 25 545
38 22 2 2 7 545
38 24 2 1 18 545
38 25 2 1 17 545
38 28 2 5 10 545
38 29 2 2 20 545
38 32 2 1 24 545
38 34 2 1 19 545
38 36 2 5 12 545
38 37 2 5 6 545
38 39 2 1 7 545
38 40 2 4 24 545
38 41 2 4 19 545
38 42 2 5 21 545
38 51 2 3 22 545
38 53 2 1 8 545
38 54 2 3 8 545
38 55 2 6 20 545
38 56 2 4 8 545
38 57 2 5 5 545
38 58 2 2 10 545
38 61 2 5 23 545
38 63 2 5 11 545
38 65 2 2 1 545
38 66 2 5 16 545
38 68 2 6 11 545
38 70 2 2 18 545
38 71 2 1 4 545
38 72 2 2 20 545
38 73 2 2 23 545
38 75 2 3 8 545
38 76 2 4 6 545
38 77 2 6 24 545
38 80 2 6 4 545
38 82 2 3 21 545
38 83 2 2 16 545
38 86 2 4 6 545
38 92 2 3 21 545
38 93 2 4 13 545
38 95 2 6 16 545
38 96 2 6 10 545
38 97 2 2 16 545
39 0 1 5 6 831
39 1 1 1 4 831
39 4 1 1 8 831
39 6 1 4 25 831
39 9 1 4 8 831
39 10 1 2 7 831
39 11 1 6 17 831
39 12 1 3 2 831
39 13 1 1 24 831
39 14 1 3 4 831
39 15 1 4 13 831
39 16 1 1 1 831
39 20 1 3 23 831
39 21 1 1 16 831
39 26 1 4 2 831
39 27 1 4 9 831
39 28 1 5 24 831
39 29 1 2 10 831
39 32 1 1 21 831
39 33 1 6 22 831
39 34 1 1 9 831
39 36 1 5 20 831
39 38 1 2 7 831
39 42 1 5 16 831
39 43 1 4 8 831
39 46 1 3 7 831
39 47 1 3 18 831
39 49 1 3 19 831
39 50 1 5 12 831
39 54 1 3 21 831
39 55 1 6 20 831
39 60 1 3 22 831
39 64 1 4 21 831
39 66 1 5 14 831
39 68 1 6 18 831
39 69 1 1 2 831
39 70 1 2 9 831
39 72 1 2 2 831
39 73 1 2 12 831
39 74 1 3 23 831
39 77 1 6 13 831
39 79 1 1 13 831
39 80 1 6 10 831
39 81 1 2 13 831
39 83 1 2 11 831
39 86 1 4 1 831
39 87 1 3 18 831
39 89 1 5 25 831
39 90 1 5 21 831
39 91 1 4 15 831
39 94 1 3 23 831
40 2 4 4 16 897
40 3 4 5 6 897
40 4 4 1 2 897
40 5 4 1 22 897
40 8 4 3 5 897
40 10 4 2 25 897
40 14 4 3 16 897
40 16 4 1 11 897
40 20 4 3 5 897
40 25 4 1 8 897
40 29 4 2 14 897
40 30 4 4 22 897
40 31 4 6 1 897
40 34 4 1 19 897
40 35 4 6 24 897
40 38 4 2 24 897
40 43 4 4 19 897
40 46 4 3 8 897
40 48 4 5 9 897
40 50 4 5 24 897
40 51 4 3 5 897
40 53 4 1 2 897
40 57 4 5 13 897
40 59 4 1 2 897
40 60 4 3 19 897
40 62 4 3 9 897
40 63 4 5 19 897
40 65 4 2 10 897
40 66 4 5 11 897
40 68 4 6 10 897
40 70 4 2 21 897
40 72 4 2 5 897
40 73 4 2 5 897
40 74 4 3 10 897
40 76 4 4 5 897
40 77 4 6 15 897
40 79 4 1 6 897
40 81 4 2 20 897
40 84 4 6 15 897
40 88 4 3 1 897
40 89 4 5 17 897
40 90 4 5 24 897
40 95 4 6 19 897
40 96 4 6 22 897
40 98 4 6 7 897
41 1 4 1 20 871
41 2 4 4 10 871
41 3 4 5 23 871
41 6 4 4 13 871
41 7 4 4 5 871
41 8 4 3 16 871
41 9 4 4 2 871
41 13 4 1 11 871
41 14 4 3 17 871
41 16 4 1 10 871
41 17 4 2 12 871
41 19 4 1 12 871
41 21 4 1 21 871
41 22 4 2 18 871
41 23 4 4 12 871
41 25 4 1 23 871
41 27 4 4 12 871
41 28 4 5 20 871
41 31 4 6 9 871
41 33 4 6 12 871
41 34 4 1 22 871
41 36 4 5 21 871
41 37 4 5 1 871
41 38 4 2 19 871
41 42 4 5 24 871
41 43 4 4 5 871
41 44 4 3 20 871
41 45 4 4 10 871
41 46 4 3 19 871
41 49 4 3 1 871
41 50 4 5 23 871
41 52 4 2 16 871
41 54 4 3 25 871
41 58 4 2 3 871
41 62 4 3 4 871
41 64 4 4 18 871
41 65 4 2 18 871
41 66 4 5 21 871
41 67 4 4 23 871
41 68 4 6 24 871
41 69 4 1 19 871
41 70 4 2 6 871
41 71 4 1 9 871
41 72 4 2 21 871
41 73 4 2 11 871
41 76 4 4 22 871
41 77 4 6 10 871
41 78 4 4 23 871
41 79 4 1 23 871
41 81 4 2 8 871
41 82 4 3 20 871
41 83 4 2 14 871
41 84 4 6 2 871
41 86 4 4 9 871
41 92 4 3 23 871
41 93 4 4 23 871
41 94 4 3 14 871
41 96 4 6 19 871
41 98 4 6 2 871
41 99 4 5 14 871
42 0 5 5 18 175
42 1 5 1 5 175
42 3 5 5 9 175
42 5 5 1 17 175
42 7 5 4 4 175
42 8 5 3 14 175
42 11 5 6 15 175
42 12 5 3 8 175
42 16 5 1 4 175
42 17 5 2 21 175
42 20 5 3 21 175
42 21 5 1 7 175
42 27 5 4 12 175
42 28 5 5 10 175
42 29 5 2 22 175
42 30 5 4 16 175
42 31 5 6 13 175
42 36 5 5 12 175
42 38 5 2 21 175
42 39 5 1 16 175
42 41 5 4 24 175
42 46 5 3 6 175
42 47 5 3 10 175
42 49 5 3 20 175
42 53 5 1 20 175
42 54 5 3 18 175
42 55 5 6 23 175
42 58 5 2 18 175
42 63 5 5 25 175
42 65 5 2 14 175
42 66 5 5 17 175
42 68 5 6 10 175
42 71 5 1 20 175
42 74 5 3 12 175
42 76 5 4 12 175
42 77 5 6 20 175
42 78 5 4 14 175
42 79 5 1 19 175
42 80 5 6 2 175
42 82 5 3 12 175
42 83 5 2 5 175
42 87 5 3 3 175
42 89 5 5 23 175
42 90 5 5 15 175
42 91 5 4 7 175
42 95 5 6 24 175
42 96 5 6 14 175
42 97 5 2 21 175
42 98 5 6 5 175
43 2 4 4 22 534
43 5 4 1 1 534
43 7 4 4 10 534
43 8 4 3 1 534
43 12 4 3 17 534
43 17 4 2 2 534
43 18 4 4 17 534
43 22 4 2 12 534
43 25 4 1 12 534
43 28 4 5 25 534
43 29 4 2 19 534
43 30 4 4 4 534
43 32 4 1 22 534
43 33 4 6 15 534
43 35 4 6 24 534
43 39 4 1 8 534
43 40 4 4 19 534
43 41 4 4 5 534
43 44 4 3 18 534
43 45 4 4 9 534
43 46 4 3 2 534
43 49 4 3 22 534
43 51 4 3 17 534
43 53 4 1 12 534
43 56 4 4 23 534
43 57 4 5 15 534
43 59 4 1 19 534
43 60 4 3 12 534
43 61 4 5 22 534
43 63 4 5 22 534
43 65 4 2 20 534
43 68 4 6 8 534
43 69 4 1 21 534
43 72 4 2 8 534
43 73 4 2 4 534
43 74 4 3 24 534
43 75 4 3 13 534
43 78 4 4 4 534
43 79 4 1 22 534
43 80 4 6 14 534
43 81 4 2 6 534
43 86 4 4 24 534
43 88 4 3 6 534
43 93 4 4 6 534
44 1 3 1 19 869
44 2 3 4 3 869
44 3 3 5 13 869
44 7 3 4 8 869
44 8 3 3 25 869
44 9 3 4 18 869
44 10 3 2 17 869
44 11 3 6 22 869
44 13 3 1 13 869
44 18 3 4 19 869
44 19 3 1 22 869
44 22 3 2 18 869
44 24 3 1 2 869
44 26 3 4 10 869
44 27 3 4 1 869
44 32 3 1 18 869
44 33 3 6 12 869
44 41 3 4 20 869
44 43 3 4 18 869
44 47 3 3 6 869
44 49 3 3 8 869
44 50 3 5 1 869
44 51 3 3 25 869
44 52 3 2 22 869
44 54 3 3 8 869
44 56 3 4 16 869
44 57 3 5 25 869
44 60 3 3 9 869
44 61 3 5 15 869
44 62 3 3 12 869
44 65 3 2 25 869
44 66 3 5 7 869
44 67 3 4 2 869
44 68 3 6 2 869
44 69 3 1 17 869
44 72 3 2 6 869
44 73 3 2 1 869
44 74 3 3 17 869
44 75 3 3 16 869
44 78 3 4 17 869
44 80 3 6 20 869
44 81 3 2 1 869
44 82 3 3 1 869
44 83 3 2 23 869
44 86 3 4 15 869
44 89 3 5 9 869
44 91 3 4 6 869
44 92 3 3 7 869
44 95 3 6 17 869
44 97 3 2 22 869
44 98 3 6 13 869
44 99 3 5 17 869
45 4 4 1 24 381
45 5 4 1 17 381
45 6 4 4 14 381
45 7 4 4 22 381
45 13 4 1 18 381
45 15 4 4 9 381
45 16 4 1 10 381
45 19 4 1 6 381
45 22 4 2 15 381
45 23 4 4 12 381
45 24 4 1 21 381
45 25 4 1 6 381
45 26 4 4 9 381
45 27 4 4 15 381
45 29 4 2 20 381
45 31 4 6 8 381
45 32 4 1 24 381
45 33 4 6 17 381
45 37 4 5 23 381
45 41 4 4 10 381
45 43 4 4 9 381
45 47 4 3 17 381
45 48 4 5 14 381
45 49 4 3 16 381
45 51 4 3 15 381
45 54 4 3 2 381
45 55 4 6 7 381
45 56 4 4 19 381
45 60 4 3 6 381
45 62 4 3 7 381
45 63 4 5 23 381
45 66 4 5 11 381
45 67 4 4 5 381
45 68 4 6 20 381
45 71 4 1 7 381
45 75 4 3 2 381
45 76 4 4 19 381
45 80 4 6 7 381
45 82 4 3 16 381
45 88 4 3 11 381
45 90 4 5 3 381
45 91 4 4 17 381
45 92 4 3 12 381
45 93 4 4 4 381
45 96 4 6 2 381
45 98 4 6 14 381
45 99 4 5 4 381
46 1 3 1 15 562
46 2 3 4 15 562
46 3 3 5 11 562
46 4 3 1 7 562
46 7 3 4 7 562
46 8 3 3 11 562
46 14 3 3 13 562
46 16 3 1 6 562
46 17 3 2 25 562
46 18 3 4 7 562
46 21 3 1 7 562
46 22 3 2 17 562
46 23 3 4 18 562
46 24 3 1 21 562
46 25 3 1 7 562
46 28 3 5 3 562
46 29 3 2 10 562
46 30 3 4 6 562
46 31 3 6 12 562
46 32 3 1 1 562
46 33 3 6 5 562
46 34 3 1 22 562
46 36 3 5 23 562
46 37 3 5 1 562
46 39 3 1 7 562
46 40 3 4 8 562
46 41 3 4 19 562
46 42 3 5 6 562
46 43 3 4 2 562
46 50 3 5 19 562
46 51 3 3 7 562
46 52 3 2 21 562
46 55 3 6 17 562
46 56 3 4 17 562
46 57 3 5 10 562
46 58 3 2 4 562
46 59 3 1 22 562
46 61 3 5 2 562
46 62 3 3 14 562
46 67 3 4 20 562
46 72 3 2 23 562
46 74 3 3 7 562
46 75 3 3 18 562
46 80 3 6 9 562
46 81 3 2 20 562
46 83 3 2 19 562
46 85 3 4 25 562
47 0 3 5 20 560
47 2 3 4 10 560
47 3 3 5 24 560
47 6 3 4 25 560
47 8 3 3 7 560
47 10 3 2 23 560
47 11 3 6 25 560
47 16 3 1 11 560
47 22 3 2 4 560
47 24 3 1 16 560
47 25 3 1 20 560
47 26 3 4 21 560
47 27 3 4 20 560
47 30 3 4 2 560
47 31 3 6 10 560
47 33 3 6 4 560
47 34 3 1 18 560
47 35 3 6 4 560
47 36 3 5 3 560
47 37 3 5 8 560
47 39 3 1 18 560
47 42 3 5 10 560
47 44 3 3 6 560
47 45 3 4 17 560
47 54 3 3 6 560
47 56 3 4 10 560
47 57 3 5 1 560
47 58 3 2 22 560
47 59 3 1 5 560
47 60 3 3 8 560
47 64 3 4 10 560
47 65 3 2 9 560
47 67 3 4 14 560
47 68 3 6 14 560
47 71 3 1 20 560
47 74 3 3 11 560
47 78 3 4 17 560
47 79 3 1 22 560
47 81 3 2 11 560
47 82 3 3 4 560
47 83 3 2 15 560
47 84 3 6 16 560
47 85 3 4 22 560
47 89 3 5 8 560
47 90 3 5 15 560
47 91 3 4 13 560
47 94 3 3 17 560
47 95 3 6 2 560
47 99 3 5 10 560
48 1 5 1 24 79
48 3 5 5 19 79
48 4 5 1 5 79
48 6 5 4 20 79
48 8 5 3 23 79
48 9 5 4 4 79
48 11 5 6 16 79
48 13 5 1 23 79
48 14 5 3 7 79
48 17 5 2 14 79
48 21 5 1 24 79
48 22 5 2 24 79
48 25 5 1 19 79
48 27 5 4 2 79
48 30 5 4 10 79
48 32 5 1 5 79
48 33 5 6 12 79
48 37 5 5 22 79
48 40 5 4 9 79
48 45 5 4 14 79
48 49 5 3 15 79
48 50 5 5 6 79
48 51 5 3 18 79
48 54 5 3 18 79
48 55 5 6 12 79
48 56 5 4 16 79
48 60 5 3 21 79
48 61 5 5 13 79
48 62 5 3 1 79
48 63 5 5 22 79
48 64 5 4 1 79
48 66 5 5 11 79
48 68 5 6 25 79
48 73 5 2 16 79
48 75 5 3 20 79
48 76 5 4 9 79
48 77 5 6 20 79
48 78 5 4 6 79
48 79 5 1 1 79
48 80 5 6 25 79
48 82 5 3 16 79
48 84 5 6 9 79
48 87 5 3 15 79
48 88 5 3 18 79
48 89 5 5 14 79
48 91 5 4 16 79
48 92 5 3 10 79
48 93 5 4 15 79
48 94 5 3 24 79
49 0 3 5 16 542
49 4 3 1 18 542
49 5 3 1 10 542
49 7 3 4 3 542
49 8 3 3 10 542
49 10 3 2 23 542
49 12 3 3 1 542
49 14 3 3 13 542
49 15 3 4 15 542
49 19 3 1 14 542
49 20 3 3 19 542
49 25 3 1 14 542
49 27 3 4 10 542
49 30 3 4 25 542
49 31 3 6 25 542
49 39 3 1 19 542
49 41 3 4 1 542
49 42 3 5 20 542
49 43 3 4 22 542
49 44 3 3 8 542
49 45 3 4 16 542
49 48 3 5 15 542
49 53 3 1 10 542
49 54 3 3 10 542
49 57 3 5 17 542
49 59 3 1 8 542
49 62 3 3 15 542
49 65 3 2 21 542
49 66 3 5 15 542
49 68 3 6 11 542
49 69 3 1 1 542
49 70 3 2 9 542
49 73 3 2 4 542
49 75 3 3 4 542
49 76 3 4 14 542
49 77 3 6 5 542
49 78 3 4 23 542
49 79 3 1 11 542
49 80 3 6 14 542
49 82 3 3 22 542
49 85 3 4 10 542
49 88 3 3 17 542
49 90 3 5 25 542
49 91 3 4 11 542
49 92 3 3 24 542
49 93 3 4 24 542
49 94 3 3 1 542
49 95 3 6 1 542
49 96 3 6 12 542
49 97 3 2 23 542
49 98 3 6 17 542
50 3 5 5 12 653
50 6 5 4 8 653
50 7 5 4 3 653
50 8 5 3 6 653
50 9 5 4 12 653
50 10 5 2 5 653
50 11 5 6 3 653
50 13 5 1 7 653
50 14 5 3 15 653
50 18 5 4 9 653
50 20 5 3 18 653
50 21 5 1 5 653
50 23 5 4 8 653
50 24 5 1 23 653
50 27 5 4 23 653
50 28 5 5 13 653
50 30 5 4 25 653
50 32 5 1 19 653
50 33 5 6 25 653
50 34 5 1 17 653
50 35 5 6 13 653
50 39 5 1 12 653
50 40 5 4 24 653
50 41 5 4 23 653
50 44 5 3 1 653
50 46 5 3 19 653
50 48 5 5 6 653
50 51 5 3 14 653
50 55 5 6 1 653
50 56 5 4 7 653
50 57 5 5 18 653
50 62 5 3 4 653
50 65 5 2 15 653
50 67 5 4 24 653
50 68 5 6 16 653
50 71 5 1 13 653
50 74 5 3 12 653
50 81 5 2 9 653
50 82 5 3 7 653
50 83 5 2 8 653
50 85 5 4 18 653
50 86 5 4 4 653
50 87 5 3 10 653
50 88 5 3 24 653
50 90 5 5 3 653
50 97 5 2 21 653
50 98 5 6 5 653
51 2 3 4 20 674
51 4 3 1 20 674
51 6 3 4 7 674
51 8 3 3 1 674
51 9 3 4 4 674
51 11 3 6 10 674
51 14 3 3 12 674
51 16 3 1 13 674
51 17 3 2 2 674
51 19 3 1 7 674
51 21 3 1 7 674
51 22 3 2 7 674
51 23 3 4 5 674
51 24 3 1 21 674
51 26 3 4 3 674
51 28 3 5 1 674
51 31 3 6 13 674
51 32 3 1 13 674
51 33 3 6 17 674
51 35 3 6 13 674
51 36 3 5 19 674
51 37 3 5 11 674
51 38 3 2 22 674
51 40 3 4 5 674
51 43 3 4 17 674
51 44 3 3 25 674
51 45 3 4 15 674
51 46 3 3 7 674
51 48 3 5 18 674
51 50 3 5 14 674
51 53 3 1 3 674
51 55 3 6 2 674
51 56 3 4 8 674
51 57 3 5 1 674
51 59 3 1 9 674
51 61 3 5 5 674
51 64 3 4 17 674
51 65 3 2 13 674
51 70 3 2 8 674
51 72 3 2 20 674
51 74 3 3 14 674
51 75 3 3 15 674
51 76 3 4 5 674
51 77 3 6 6 674
51 79 3 1 20 674
51 80 3 6 16 674
51 81 3 2 17 674
51 83 3 2 14 674
51 86 3 4 17 674
51 87 3 3 5 674
51 92 3 3 1 674
51 93 3 4 20 674
51 94 3 3 16 674
52 0 2 5 3 633
52 2 2 4 14 633
52 3 2 5 11 633
52 4 2 1 6 633
52 7 2 4 23 633
52 8 2 3 10 633
52 12 2 3 18 633
52 13 2 1 7 633
52 17 2 2 14 633
52 18 2 4 19 633
52 19 2 1 14 633
52 22 2 2 19 633
52 24 2 1 9 633
52 26 2 4 8 633
52 27 2 4 6 633
52 28 2 5 18 633
52 29 2 2 25 633
52 30 2 4 19 633
52 33 2 6 13 633
52 36 2 5 6 633
52 37 2 5 16 633
52 41 2 4 16 633
52 44 2 3 22 633
52 46 2 3 21 633
52 53 2 1 19 633
52 54 2 3 9 633
52 55 2 6 13 633
52 57 2 5 2 633
52 58 2 2 5 633
52 59 2 1 25 633
52 61 2 5 7 633
52 62 2 3 11 633
52 64 2 4 24 633
52 68 2 6 18 633
52 69 2 1 4 633
52 70 2 2 1 633
52 72 2 2 21 633
52 77 2 6 3 633
52 81 2 2 11 633
52 83 2 2 24 633
52 84 2 6 16 633
52 90 2 5 12 633
52 91 2 4 10 633
52 93 2 4 6 633
52 95 2 6 16 633
52 97 2 2 19 633
52 98 2 6 17 633
52 99 2 5 18 633
53 2 1 4 9 691
53 6 1 4 16 691
53 7 1 4 9 691
53 9 1 4 1 691
53 10 1 2 24 691
53 11 1 6 1 691
53 12 1 3 15 691
53 13 1 1 1 691
53 14 1 3 14 691
53 15 1 4 11 691
53 17 1 2 14 691
53 18 1 4 20 691
53 24 1 1 16 691
53 25 1 1 22 691
53 27 1 4 10 691
53 29 1 2 4 691
53 33 1 6 19 691
53 34 1 1 12 691
53 35 1 6 14 691
53 36 1 5 9 691
53 38 1 2 8 691
53 40 1 4 2 691
53 42 1 5 20 691
53 43 1 4 12 691
53 49 1 3 10 691
53 51 1 3 3 691
53 52 1 2 19 691
53 60 1 3 22 691
53 62 1 3 9 691
53 63 1 5 3 691
53 64 1 4 4 691
53 67 1 4 7 691
53 71 1 1 25 691
53 73 1 2 10 691
53 75 1 3 12 691
53 77 1 6 7 691
53 78 1 4 4 691
53 80 1 6 14 691
53 83 1 2 1 691
53 85 1 4 6 691
53 86 1 4 21 691
53 87 1 3 12 691
53 88 1 3 25 691
53 89 1 5 23 691
53 90 1 5 9 691
53 91 1 4 24 691
53 92 1 3 13 691
53 93 1 4 23 691
53 97 1 2 1 691
53 99 1 5 4 691
54 1 3 1 18 518
54 6 3 4 6 518
54 7 3 4 20 518
54 9 3 4 11 518
54 10 3 2 2 518
54 11 3 6 24 518
54 12 3 3 22 518
54 14 3 3 11 518
54 15 3 4 5 518
54 16 3 1 14 518
54 18 3 4 11 518
54 19 3 1 22 518
54 20 3 3 3 518
54 21 3 1 17 518
54 24 3 1 23 518
54 25 3 1 8 518
54 28 3 5 1 518
54 30 3 4 4 518
54 31 3 6 5 518
54 33 3 6 19 518
54 35 3 6 25 518
54 36 3 5 7 518
54 37 3 5 17 518
54 38 3 2 8 518
54 39 3 1 21 518
54 41 3 4 25 518
54 42 3 5 18 518
54 44 3 3 8 518
54 45 3 4 2 518
54 47 3 3 6 518
54 48 3 5 18 518
54 49 3 3 10 518
54 52 3 2 9 518
54 59 3 1 21 518
54 60 3 3 14 518
54 62 3 3 15 518
54 63 3 5 12 518
54 65 3 2 5 518
54 69 3 1 21 518
54 71 3 1 23 518
54 72 3 2 15 518
54 73 3 2 18 518
54 74 3 3 23 518
54 75 3 3 13 518
54 79 3 1 11 518
54 81 3 2 23 518
54 83 3 2 10 518
54 91 3 4 9 518
54 98 3 6 9 518
55 0 6 5 2 569
55 7 6 4 8 569
55 8 6 3 20 569
55 10 6 2 21 569
55 13 6 1 5 569
55 14 6 3 25 569
55 15 6 4 24 569
55 16 6 1 15 569
55 22 6 2 6 569
55 24 6 1 23 569
55 26 6 4 23 569
55 27 6 4 14 569
55 28 6 5 15 569
55 29 6 2 13 569
55 30 6 4 4 569
55 33 6 6 24 569
55 34 6 1 13 569
55 37 6 5 9 569
55 38 6 2 20 569
55 39 6 1 20 569
55 42 6 5 23 569
55 45 6 4 7 569
55 46 6 3 17 569
55 48 6 5 12 569
55 50 6 5 1 569
55 51 6 3 2 569
55 52 6 2 13 569
55 56 6 4 13 569
55 57 6 5 8 569
55 60 6 3 8 569
55 63 6 5 25 569
55 64 6 4 11 569
55 66 6 5 8 569
55 67 6 4 4 569
55 70 6 2 4 569
55 71 6 1 20 569
55 72 6 2 19 569
55 74 6 3 25 569
55 75 6 3 5 569
55 79 6 1 4 569
55 80 6 6 19 569
55 83 6 2 5 569
55 84 6 6 21 569
55 86 6 4 20 569
55 87 6 3 4 569
55 88 6 3 1 569
55 89 6 5 7 569
55 92 6 3 19 569
55 94 6 3 24 569
55 97 6 2 6 569
55 98 6 6 10 569
56 0 4 5 11 905
56 1 4 1 24 905
56 2 4 4 5 905
56 4 4 1 9 905
56 6 4 4 7 905
56 7 4 4 23 905
56 8 4 3 17 905
56 9 4 4 18 905
56 11 4 6 3 905
56 12 4 3 2 905
56 13 4 1 5 905
56 14 4 3 13 905
56 21 4 1 21 905
56 22 4 2 19 905
56 26 4 4 1 905
56 27 4 4 3 905
56 30 4 4 6 905
56 31 4 6 24 905
56 33 4 6 17 905
56 35 4 6 5 905
56 36 4 5 18 905
56 38 4 2 8 905
56 43 4 4 23 905
56 44 4 3 16 905
56 45 4 4 19 905
56 46 4 3 17 905
56 47 4 3 10 905
56 48 4 5 16 905
56 50 4 5 7 905
56 51 4 3 8 905
56 55 4 6 13 905
56 57 4 5 7 905
56 58 4 2 24 905
56 59 4 1 24 905
56 62 4 3 6 905
56 63 4 5 24 905
56 64 4 4 14 905
56 65 4 2 7 905
56 70 4 2 2 905
56 71 4 1 25 905
56 72 4 2 4 905
56 73 4 2 12 905
56 74 4 3 5 905
56 75 4 3 15 905
56 76 4 4 4 905
56 77 4 6 15 905
56 79 4 1 6 905
56 82 4 3 11 905
56 83 4 2 16 905
56 84 4 6 20 905
56 85 4 4 15 905
56 86 4 4 23 905
56 91 4 4 1 905
56 93 4 4 14 905
56 94 4 3 4 905
56 96 4 6 25 905
56 98 4 6 13 905
56 99 4 5 5 905
57 0 5 5 24 50
57 2 5 4 18 50
57 3 5 5 1 50
57 4 5 1 2 50
57 9 5 4 15 50
57 10 5 2 18 50
57 12 5 3 18 50
57 13 5 1 8 50
57 15 5 4 12 50
57 16 5 1 12 50
57 18 5 4 20 50
57 19 5 1 12 50
57 20 5 3 14 50
57 22 5 2 18 50
57 24 5 1 13 50
57 28 5 5 19 50
57 29 5 2 24 50
57 30 5 4 6 50
57 31 5 6 14 50
57 34 5 1 2 50
57 35 5 6 6 50
57 36 5 5 6 50
57 38 5 2 5 50
57 40 5 4 13 50
57 43 5 4 15 50
57 44 5 3 25 50
57 46 5 3 10 50
57 47 5 3 1 50
57 49 5 3 17 50
57 50 5 5 18 50
57 51 5 3 1 50
57 52 5 2 2 50
57 55 5 6 8 50
57 56 5 4 7 50
57 58 5 2 5 50
57 61 5 5 15 50
57 63 5 5 14 50
57 64 5 4 8 50
57 65 5 2 17 50
57 66 5 5 1 50
57 67 5 4 14 50
57 70 5 2 20 50
57 75 5 3 11 50
57 79 5 1 23 50
57 82 5 3 24 50
57 84 5 6 11 50
57 85 5 4 15 50
57 86 5 4 7 50
57 90 5 5 25 50
57 92 5 3 19 50
57 93 5 4 15 50
57 95 5 6 16 50
57 98 5 6 24 50
57 99 5 5 7 50
58 0 2 5 4 539
58 2 2 4 25 539
58 4 2 1 17 539
58 6 2 4 15 539
58 8 2 3 6 539
58 9 2 4 7 539
58 11 2 6 15 539
58 12 2 3 9 539
58 16 2 1 21 539
58 18 2 4 8 539
58 20 2 3 22 539
58 23 2 4 21 539
58 24 2 1 20 539
58 26 2 4 23 539
58 27 2 4 19 539
58 31 2 6 16 539
58 33 2 6 4 539
58 36 2 5 10 539
58 37 2 5 4 539
58 38 2 2 10 539
58 41 2 4 3 539
58 42 2 5 18 539
58 46 2 3 4 539
58 47 2 3 22 539
58 52 2 2 5 539
58 56 2 4 24 539
58 57 2 5 5 539
58 63 2 5 17 539
58 65 2 2 6 539
58 66 2 5 10 539
58 68 2 6 15 539
58 72 2 2 18 539
58 73 2 2 14 539
58 78 2 4 23 539
58 79 2 1 11 539
58 80 2 6 4 539
58 82 2 3 1 539
58 83 2 2 4 539
58 84 2 6 5 539
58 85 2 4 8 539
58 86 2 4 6 539
58 87 2 3 22 539
58 91 2 4 19 539
58 94 2 3 23 539
58 96 2 6 5 539
58 97 2 2 3 539
58 99 2 5 5 539
59 2 1 4 8 89
59 7 1 4 22 89
59 8 1 3 12 89
59 10 1 2 13 89
59 11 1 6 5 89
59 13 1 1 19 89
59 14 1 3 12 89
59 15 1 4 15 89
59 16 1 1 25 89
59 17 1 2 1 89
59 19 1 1 7 89
59 20 1 3 25 89
59 22 1 2 16 89
59 23 1 4 7 89
59 25 1 1 14 89
59 40 1 4 2 89
59 43 1 4 19 89
59 46 1 3 22 89
59 47 1 3 5 89
59 49 1 3 8 89
59 51 1 3 9 89
59 52 1 2 25 89
59 54 1 3 21 89
59 56 1 4 24 89
59 60 1 3 10 89
59 62 1 3 9 89
59 65 1 2 1 89
59 67 1 4 17 89
59 69 1 1 1 89
59 70 1 2 6 89
59 71 1 1 25 89
59 72 1 2 23 89
59 74 1 3 3 89
59 77 1 6 25 89
59 79 1 1 8 89
59 80 1 6 14 89
59 81 1 2 3 89
59 85 1 4 13 89
59 86 1 4 12 89
59 90 1 5 24 89
59 93 1 4 7 89
59 94 1 3 22 89
59 98 1 6 12 89
59 99 1 5 6 89
60 0 3 5 21 887
60 2 3 4 7 887
60 5 3 1 20 887
60 7 3 4 7 887
60 9 3 4 23 887
60 10 3 2 12 887
60 11 3 6 6 887
60 12 3 3 20 887
60 13 3 1 23 887
60 14 3 3 21 887
60 15 3 4 5 887
60 16 3 1 21 887
60 17 3 2 2 887
60 18 3 4 6 887
60 19 3 1 8 887
60 21 3 1 6 887
60 23 3 4 1 887
60 24 3 1 20 887
60 26 3 4 12 887
60 29 3 2 3 887
60 33 3 6 8 887
60 34 3 1 22 887
60 35 3 6 14 887
60 36 3 5 23 887
60 37 3 5 3 887
60 39 3 1 22 887
60 40 3 4 19 887
60 43 3 4 12 887
60 44 3 3 9 887
60 45 3 4 6 887
60 47 3 3 8 887
60 48 3 5 21 887
60 53 3 1 22 887
60 54 3 3 14 887
60 55 3 6 8 887
60 59 3 1 10 887
60 61 3 5 11 887
60 62 3 3 6 887
60 67 3 4 5 887
60 68 3 6 18 887
60 69 3 1 15 887
60 70 3 2 18 887
60 72 3 2 14 887
60 73 3 2 1 887
60 76 3 4 9 887
60 77 3 6 14 887
60 81 3 2 2 887
60 83 3 2 8 887
60 87 3 3 22 887
60 89 3 5 9 887
60 90 3 5 25 887
60 95 3 6 11 887
60 98 3 6 15 887
60 99 3 5 6 887
61 0 5 5 3 700
61 3 5 5 12 700
61 4 5 1 12 700
61 11 5 6 12 700
61 13 5 1 18 700
61 14 5 3 4 700
61 16 5 1 14 700
61 19 5 1 8 700
61 21 5 1 24 700
61 22 5 2 13 700
61 23 5 4 23 700
61 29 5 2 25 700
61 31 5 6 2 700
61 32 5 1 24 700
61 38 5 2 23 700
61 43 5 4 22 700
61 44 5 3 15 700
61 46 5 3 2 700
61 48 5 5 13 700
61 51 5 3 5 700
61 52 5 2 7 700
61 57 5 5 15 700
61 60 5 3 11 700
61 63 5 5 9 700
61 66 5 5 3 700
61 67 5 4 13 700
61 68 5 6 12 700
61 70 5 2 15 700
61 71 5 1 22 700
61 73 5 2 20 700
61 79 5 1 7 700
61 81 5 2 8 700
61 82 5 3 21 700
61 83 5 2 24 700
61 84 5 6 16 700
61 85 5 4 21 700
61 86 5 4 17 700
61 87 5 3 12 700
61 91 5 4 18 700
61 92 5 3 6 700
61 95 5 6 11 700
61 96 5 6 6 700
61 97 5 2 17 700
61 98 5 6 5 700
61 99 5 5 4 700
62 0 3 5 9 166
62 2 3 4 25 166
62 4 3 1 10 166
62 7 3 4 3 166
62 11 3 6 11 166
62 12 3 3 20 166
62 14 3 3 13 166
62 17 3 2 6 166
62 20 3 3 25 166
62 21 3 1 2 166
62 22 3 2 10 166
62 24 3 1 14 166
62 25 3 1 8 166
62 27 3 4 1 166
62 28 3 5 10 166
62 29 3 2 16 166
62 31 3 6 11 166
62 40 3 4 9 166
62 41 3 4 4 166
62 44 3 3 12 166
62 45 3 4 7 166
62 46 3 3 14 166
62 48 3 5 1 166
62 49 3 3 15 166
62 50 3 5 4 166
62 52 3 2 11 166
62 53 3 1 9 166
62 54 3 3 15 166
62 56 3 4 6 166
62 59 3 1 9 166
62 60 3 3 6 166
62 63 3 5 17 166
62 64 3 4 17 166
62 67 3 4 23 166
62 68 3 6 6 166
62 74 3 3 5 166
62 75 3 3 22 166
62 78 3 4 1 166
62 81 3 2 25 166
62 82 3 3 2 166
62 83 3 2 4 166
62 84 3 6 7 166
62 85 3 4 9 166
62 86 3 4 20 166
62 89 3 5 6 166
62 90 3 5 1 166
62 91 3 4 13 166
62 93 3 4 20 166
62 94 3 3 11 166
62 95 3 6 17 166
62 97 3 2 25 166
63 1 5 1 20 938
63 2 5 4 6 938
63 3 5 5 8 938
63 4 5 1 18 938
63 5 5 1 2 938
63 6 5 4 17 938
63 10 5 2 15 938
63 11 5 6 11 938
63 16 5 1 17 938
63 18 5 4 2 938
63 20 5 3 23 938
63 24 5 1 24 938
63 25 5 1 22 938
63 28 5 5 17 938
63 32 5 1 14 938
63 33 5 6 13 938
63 35 5 6 2 938
63 36 5 5 23 938
63 37 5 5 20 938
63 38 5 2 11 938
63 40 5 4 19 938
63 42 5 5 25 938
63 43 5 4 22 938
63 45 5 4 23 938
63 48 5 5 22 938
63 53 5 1 3 938
63 54 5 3 12 938
63 55 5 6 25 938
63 56 5 4 24 938
63 57 5 5 14 938
63 58 5 2 17 938
63 61 5 5 9 938
63 62 5 3 17 938
63 64 5 4 8 938
63 65 5 2 13 938
63 66 5 5 16 938
63 67 5 4 5 938
63 68 5 6 2 938
63 69 5 1 8 938
63 70 5 2 4 938
63 72 5 2 18 938
63 76 5 4 16 938
63 77 5 6 14 938
63 79 5 1 6 938
63 84 5 6 1 938
63 85 5 4 4 938
63 88 5 3 22 938
63 89 5 5 13 938
63 90 5 5 13 938
63 91 5 4 23 938
63 92 5 3 24 938
63 95 5 6 8 938
63 96 5 6 14 938
63 97 5 2 19 938
64 0 4 5 23 624
64 2 4 4 21 624
64 3 4 5 4 624
64 4 4 1 9 624
64 6 4 4 11 624
64 8 4 3 18 624
64 9 4 4 3 624
64 11 4 6 9 624
64 13 4 1 3 624
64 17 4 2 22 624
64 19 4 1 16 624
64 20 4 3 23 624
64 21 4 1 5 624
64 23 4 4 5 624
64 25 4 1 17 624
64 29 4 2 21 624
64 30 4 4 9 624
64 32 4 1 5 624
64 34 4 1 4 624
64 35 4 6 2 624
64 36 4 5 20 624
64 37 4 5 4 624
64 39 4 1 21 624
64 41 4 4 18 624
64 47 4 3 10 624
64 48 4 5 1 624
64 51 4 3 17 624
64 52 4 2 24 624
64 53 4 1 4 624
64 55 4 6 11 624
64 56 4 4 14 624
64 57 4 5 8 624
64 62 4 3 17 624
64 63 4 5 8 624
64 65 4 2 8 624
64 68 4 6 9 624
64 70 4 2 22 624
64 71 4 1 23 624
64 72 4 2 8 624
64 75 4 3 16 624
64 77 4 6 15 624
64 78 4 4 23 624
64 79 4 1 12 624
64 81 4 2 8 624
64 82 4 3 4 624
64 83 4 2 18 624
64 84 4 6 10 624
64 88 4 3 21 624
64 89 4 5 7 624
64 98 4 6 17 624
65 1 2 1 14 208
65 2 2 4 8 208
65 4 2 1 2 208
65 6 2 4 18 208
65 8 2 3 5 208
65 10 2 2 5 208
65 11 2 6 25 208
65 12 2 3 16 208
65 14 2 3 22 208
65 16 2 1 17 208
65 20 2 3 10 208
65 21 2 1 7 208
65 24 2 1 3 208
65 25 2 1 18 208
65 26 2 4 11 208
65 28 2 5 4 208
65 29 2 2 22 208
65 31 2 6 24 208
65 32 2 1 20 208
65 34 2 1 14 208
65 35 2 6 17 208
65 36 2 5 22 208
65 38 2 2 1 208
65 40 2 4 10 208
65 41 2 4 18 208
65 42 2 5 14 208
65 43 2 4 20 208
65 44 2 3 25 208
65 47 2 3 9 208
65 49 2 3 21 208
65 50 2 5 15 208
65 51 2 3 13 208
65 54 2 3 5 208
65 56 2 4 7 208
65 57 2 5 17 208
65 58 2 2 6 208
65 59 2 1 1 208
65 63 2 5 13 208
65 64 2 4 8 208
65 66 2 5 4 208
65 67 2 4 10 208
65 69 2 1 13 208
65 71 2 1 4 208
65 72 2 2 11 208
65 73 2 2 2 208
65 76 2 4 1 208
65 78 2 4 22 208
65 82 2 3 10 208
65 83 2 2 18 208
65 86 2 4 3 208
65 87 2 3 3 208
65 88 2 3 17 208
65 92 2 3 7 208
65 97 2 2 12 208
66 0 5 5 18 685
66 1 5 1 8 685
66 2 5 4 8 685
66 3 5 5 13 685
66 5 5 1 18 685
66 8 5 3 8 685
66 9 5 4 5 685
66 14 5 3 17 685
66 15 5 4 25 685
66 16 5 1 10 685
66 20 5 3 15 685
66 21 5 1 19 685
66 22 5 2 11 685
66 23 5 4 6 685
66 25 5 1 4 685
66 26 5 4 9 685
66 29 5 2 9 685
66 33 5 6 1 685
66 34 5 1 8 685
66 35 5 6 5 685
66 38 5 2 16 685
66 39 5 1 14 685
66 40 5 4 11 685
66 41 5 4 21 685
66 42 5 5 17 685
66 44 5 3 7 685
66 45 5 4 11 685
66 48 5 5 11 685
66 49 5 3 15 685
66 55 5 6 8 685
66 57 5 5 1 685
66 58 5 2 10 685
66 61 5 5 3 685
66 63 5 5 16 685
66 65 5 2 4 685
66 67 5 4 11 685
66 69 5 1 17 685
66 70 5 2 25 685
66 71 5 1 23 685
66 76 5 4 13 685
66 79 5 1 14 685
66 83 5 2 1 685
66 84 5 6 6 685
66 85 5 4 24 685
66 88 5 3 10 685
66 90 5 5 7 685
66 91 5 4 6 685
66 96 5 6 18 685
66 97 5 2 3 685
67 0 4 5 12 967
67 1 4 1 22 967
67 4 4 1 18 967
67 5 4 1 24 967
67 6 4 4 4 967
67 7 4 4 2 967
67 9 4 4 1 967
67 10 4 2 20 967
67 12 4 3 3 967
67 17 4 2 6 967
67 18 4 4 22 967
67 19 4 1 3 967
67 20 4 3 19 967
67 21 4 1 13 967
67 23 4 4 12 967
67 24 4 1 22 967
67 27 4 4 15 967
67 30 4 4 21 967
67 32 4 1 7 967
67 35 4 6 19 967
67 41 4 4 23 967
67 44 4 3 2 967
67 45 4 4 5 967
67 46 4 3 20 967
67 47 4 3 14 967
67 50 4 5 24 967
67 53 4 1 7 967
67 55 4 6 4 967
67 57 4 5 14 967
67 59 4 1 17 967
67 60 4 3 5 967
67 61 4 5 13 967
67 62 4 3 23 967
67 63 4 5 5 967
67 65 4 2 10 967
67 66 4 5 11 967
67 69 4 1 14 967
67 70 4 2 8 967
67 74 4 3 24 967
67 75 4 3 3 967
67 77 4 6 18 967
67 81 4 2 1 967
67 83 4 2 8 967
67 85 4 4 13 967
67 86 4 4 6 967
67 90 4 5 7 967
67 93 4 4 25 967
67 94 4 3 22 967
67 95 4 6 14 967
68 0 6 5 22 889
68 2 6 4 16 889
68 3 6 5 22 889
68 10 6 2 14 889
68 11 6 6 12 889
68 15 6 4 13 889
68 21 6 1 10 889
68 22 6 2 1 889
68 23 6 4 7 889
68 24 6 1 5 889
68 30 6 4 14 889
68 32 6 1 20 889
68 35 6 6 16 889
68 37 6 5 17 889
68 38 6 2 11 889
68 39 6 1 18 889
68 40 6 4 10 889
68 41 6 4 24 889
68 42 6 5 10 889
68 43 6 4 8 889
68 44 6 3 2 889
68 45 6 4 20 889
68 47 6 3 14 889
68 48 6 5 25 889
68 49 6 3 11 889
68 50 6 5 16 889
68 52 6 2 18 889
68 58 6 2 15 889
68 60 6 3 18 889
68 61 6 5 12 889
68 62 6 3 6 889
68 63 6 5 2 889
68 64 6 4 9 889
68 69 6 1 9 889
68 70 6 2 8 889
68 71 6 1 7 889
68 72 6 2 1 889
68 76 6 4 17 889
68 77 6 6 15 889
68 79 6 1 18 889
68 81 6 2 8 889
68 84 6 6 17 889
68 87 6 3 24 889
68 88 6 3 19 889
68 89 6 5 16 889
68 92 6 3 11 889
68 93 6 4 25 889
68 95 6 6 18 889
68 98 6 6 1 889
69 1 1 1 18 668
69 2 1 4 2 668
69 4 1 1 7 668
69 5 1 1 18 668
69 6 1 4 20 668
69 9 1 4 16 668
69 10 1 2 25 668
69 11 1 6 3 668
69 12 1 3 8 668
69 13 1 1 14 668
69 17 1 2 6 668
69 18 1 4 20 668
69 22 1 2 6 668
69 23 1 4 16 668
69 26 1 4 19 668
69 28 1 5 24 668
69 29 1 2 15 668
69 32 1 1 25 668
69 35 1 6 4 668
69 39 1 1 2 668
69 41 1 4 19 668
69 43 1 4 21 668
69 44 1 3 17 668
69 49 1 3 1 668
69 52 1 2 4 668
69 54 1 3 21 668
69 59 1 1 1 668
69 60 1 3 15 668
69 63 1 5 8 668
69 65 1 2 13 668
69 66 1 5 17 668
69 67 1 4 14 668
69 68 1 6 9 668
69 71 1 1 19 668
69 72 1 2 6 668
69 73 1 2 18 668
69 74 1 3 11 668
69 76 1 4 2 668
69 79 1 1 25 668
69 80 1 6 8 668
69 82 1 3 13 668
69 85 1 4 4 668
69 87 1 3 19 668
69 88 1 3 22 668
69 89 1 5 13 668
69 90 1 5 14 668
69 91 1 4 3 668
69 92 1 3 12 668
69 98 1 6 25 668
70 1 2 1 16 139
70 2 2 4 11 139
70 3 2 5 2 139
70 7 2 4 16 139
70 13 2 1 17 139
70 14 2 3 12 139
70 18 2 4 6 139
70 20 2 3 25 139
70 22 2 2 9 139
70 24 2 1 15 139
70 26 2 4 22 139
70 30 2 4 17 139
70 31 2 6 25 139
70 32 2 1 1 139
70 33 2 6 16 139
70 36 2 5 5 139
70 38 2 2 18 139
70 39 2 1 9 139
70 40 2 4 21 139
70 41 2 4 6 139
70 49 2 3 9 139
70 51 2 3 8 139
70 52 2 2 1 139
70 55 2 6 4 139
70 56 2 4 2 139
70 57 2 5 20 139
70 59 2 1 6 139
70 60 2 3 18 139
70 61 2 5 15 139
70 63 2 5 4 139
70 64 2 4 22 139
70 66 2 5 25 139
70 67 2 4 8 139
70 68 2 6 8 139
70 74 2 3 25 139
70 75 2 3 11 139
70 76 2 4 12 139
70 85 2 4 21 139
70 86 2 4 6 139
70 87 2 3 18 139
70 94 2 3 18 139
70 95 2 6 5 139
70 96 2 6 12 139
70 98 2 6 23 139
71 0 1 5 7 642
71 1 1 1 10 642
71 3 1 5 3 642
71 4 1 1 1 642
71 6 1 4 7 642
71 10 1 2 5 642
71 14 1 3 14 642
71 15 1 4 21 642
71 19 1 1 24 642
71 20 1 3 4 642
71 23 1 4 12 642
71 26 1 4 11 642
71 27 1 4 12 642
71 32 1 1 22 642
71 33 1 6 23 642
71 35 1 6 15 642
71 38 1 2 4 642
71 41 1 4 9 642
71 42 1 5 20 642
71 45 1 4 7 642
71 47 1 3 20 642
71 50 1 5 13 642
71 53 1 1 25 642
71 54 1 3 23 642
71 55 1 6 20 642
71 56 1 4 25 642
71 59 1 1 25 642
71 61 1 5 22 642
71 64 1 4 23 642
71 65 1 2 4 642
71 66 1 5 23 642
71 68 1 6 7 642
71 69 1 1 19 642
71 73 1 2 11 642
71 75 1 3 7 642
71 77 1 6 5 642
71 78 1 4 17 642
71 79 1 1 11 642
71 82 1 3 25 642
71 84 1 6 1 642
71 85 1 4 20 642
71 87 1 3 16 642
71 89 1 5 3 642
71 91 1 4 22 642
71 92 1 3 9 642
71 93 1 4 6 642
71 95 1 6 20 642
71 96 1 6 17 642
71 97 1 2 25 642
72 0 2 5 17 576
72 3 2 5 18 576
72 4 2 1 10 576
72 5 2 1 20 576
72 6 2 4 5 576
72 7 2 4 19 576
72 9 2 4 5 576
72 10 2 2 19 576
72 13 2 1 5 576
72 17 2 2 24 576
72 19 2 1 17 576
72 21 2 1 23 576
72 23 2 4 2 576
72 24 2 1 2 576
72 26 2 4 12 576
72 27 2 4 12 576
72 31 2 6 25 576
72 33 2 6 17 576
72 35 2 6 11 576
72 36 2 5 13 576
72 38 2 2 20 576
72 39 2 1 2 576
72 40 2 4 5 576
72 41 2 4 21 576
72 43 2 4 8 576
72 44 2 3 6 576
72 46 2 3 23 576
72 51 2 3 20 576
72 52 2 2 21 576
72 54 2 3 15 576
72 55 2 6 19 576
72 56 2 4 4 576
72 58 2 2 18 576
72 59 2 1 23 576
72 60 2 3 14 576
72 63 2 5 18 576
72 64 2 4 8 576
72 65 2 2 11 576
72 68 2 6 1 576
72 69 2 1 6 576
72 73 2 2 23 576
72 74 2 3 22 576
72 78 2 4 25 576
72 79 2 1 4 576
72 82 2 3 17 576
72 83 2 2 3 576
72 88 2 3 11 576
72 94 2 3 23 576
72 96 2 6 9 576
72 97 2 2 16 576
72 98 2 6 7 576
73 1 2 1 23 760
73 3 2 5 17 760
73 4 2 1 18 760
73 6 2 4 24 760
73 11 2 6 20 760
73 12 2 3 3 760
73 16 2 1 7 760
73 17 2 2 7 760
73 20 2 3 23 760
73 21 2 1 8 760
73 24 2 1 6 760
73 25 2 1 16 760
73 26 2 4 16 760
73 27 2 4 24 760
73 32 2 1 19 760
73 33 2 6 3 760
73 37 2 5 2 760
73 38 2 2 23 760
73 39 2 1 12 760
73 40 2 4 5 760
73 41 2 4 11 760
73 43 2 4 4 760
73 44 2 3 1 760
73 48 2 5 16 760
73 49 2 3 4 760
73 53 2 1 10 760
73 54 2 3 18 760
73 56 2 4 12 760
73 58 2 2 14 760
73 60 2 3 1 760
73 61 2 5 20 760
73 65 2 2 2 760
73 69 2 1 18 760
73 71 2 1 11 760
73 72 2 2 23 760
73 74 2 3 16 760
73 78 2 4 23 760
73 79 2 1 16 760
73 81 2 2 6 760
73 86 2 4 23 760
73 87 2 3 25 760
73 88 2 3 15 760
73 89 2 5 20 760
73 90 2 5 5 760
73 91 2 4 23 760
73 95 2 6 19 760
73 97 2 2 21 760
74 1 3 1 2 290
74 2 3 4 8 290
74 4 3 1 23 290
74 5 3 1 19 290
74 6 3 4 17 290
74 7 3 4 16 290
74 12 3 3 23 290
74 13 3 1 18 290
74 14 3 3 1 290
74 15 3 4 1 290
74 19 3 1 22 290
74 22 3 2 20 290
74 23 3 4 3 290
74 24 3 1 21 290
74 26 3 4 23 290
74 29 3 2 7 290
74 31 3 6 21 290
74 32 3 1 21 290
74 34 3 1 8 290
74 36 3 5 21 290
74 37 3 5 6 290
74 39 3 1 23 290
74 40 3 4 10 290
74 42 3 5 12 290
74 43 3 4 24 290
74 44 3 3 17 290
74 46 3 3 7 290
74 47 3 3 11 290
74 50 3 5 12 290
74 51 3 3 14 290
74 54 3 3 23 290
74 55 3 6 25 290
74 56 3 4 5 290
74 59 3 1 3 290
74 62 3 3 5 290
74 67 3 4 24 290
74 69 3 1 11 290
74 70 3 2 25 290
74 72 3 2 22 290
74 73 3 2 16 290
74 75 3 3 3 290
74 77 3 6 22 290
74 78 3 4 19 290
74 79 3 1 17 290
74 83 3 2 17 290
74 84 3 6 20 290
74 85 3 4 12 290
74 86 3 4 18 290
74 88 3 3 7 290
74 90 3 5 22 290
74 94 3 3 10 290
74 96 3 6 12 290
74 97 3 2 13 290
74 98 3 6 6 290
75 0 3 5 4 580
75 1 3 1 23 580
75 3 3 5 18 580
75 4 3 1 24 580
75 5 3 1 1 580
75 7 3 4 19 580
75 8 3 3 23 580
75 11 3 6 23 580
75 13 3 1 11 580
75 14 3 3 16 580
75 15 3 4 1 580
75 16 3 1 17 580
75 18 3 4 9 580
75 20 3 3 1 580
75 24 3 1 7 580
75 33 3 6 6 580
75 34 3 1 11 580
75 36 3 5 18 580
75 38 3 2 8 580
75 43 3 4 13 580
75 44 3 3 16 580
75 45 3 4 2 580
75 46 3 3 18 580
75 48 3 5 20 580
75 49 3 3 4 580
75 51 3 3 15 580
75 53 3 1 12 580
75 54 3 3 13 580
75 55 3 6 5 580
75 56 3 4 15 580
75 57 3 5 11 580
75 62 3 3 22 580
75 64 3 4 16 580
75 67 3 4 3 580
75 70 3 2 11 580
75 71 3 1 7 580
75 74 3 3 3 580
75 76 3 4 13 580
75 80 3 6 25 580
75 81 3 2 15 580
75 82 3 3 21 580
75 83 3 2 2 580
75 87 3 3 15 580
75 89 3 5 15 580
75 90 3 5 14 580
75 93 3 4 10 580
75 97 3 2 5 580
76 1 4 1 1 151
76 2 4 4 1 151
76 4 4 1 9 151
76 6 4 4 19 151
76 7 4 4 23 151
76 8 4 3 23 151
76 11 4 6 16 151
76 13 4 1 19 151
76 14 4 3 19 151
76 15 4 4 7 151
76 18 4 4 7 151
76 20 4 3 5 151
76 21 4 1 2 151
76 24 4 1 12 151
76 26 4 4 6 151
76 27 4 4 3 151
76 28 4 5 19 151
76 29 4 2 25 151
76 31 4 6 21 151
76 32 4 1 1 151
76 33 4 6 6 151
76 34 4 1 24 151
76 37 4 5 16 151
76 38 4 2 6 151
76 40 4 4 5 151
76 41 4 4 22 151
76 42 4 5 12 151
76 45 4 4 19 151
76 48 4 5 9 151
76 49 4 3 14 151
76 51 4 3 5 151
76 56 4 4 4 151
76 60 4 3 9 151
76 63 4 5 16 151
76 65 4 2 1 151
76 66 4 5 13 151
76 68 4 6 17 151
76 69 4 1 2 151
76 70 4 2 12 151
76 75 4 3 13 151
76 78 4 4 14 151
76 79 4 1 5 151
76 83 4 2 9 151
76 84 4 6 19 151
76 85 4 4 7 151
76 87 4 3 21 151
76 89 4 5 13 151
76 90 4 5 2 151
76 92 4 3 20 151
76 95 4 6 8 151
76 97 4 2 6 151
76 98 4 6 19 151
77 0 6 5 1 732
77 1 6 1 8 732
77 7 6 4 19 732
77 8 6 3 6 732
77 9 6 4 19 732
77 10 6 2 23 732
77 11 6 6 25 732
77 12 6 3 12 732
77 16 6 1 10 732
77 18 6 4 20 732
77 19 6 1 15 732
77 22 6 2 8 732
77 23 6 4 18 732
77 26 6 4 15 732
77 29 6 2 18 732
77 30 6 4 1 732
77 31 6 6 1 732
77 34 6 1 5 732
77 37 6 5 18 732
77 38 6 2 24 732
77 39 6 1 13 732
77 40 6 4 15 732
77 41 6 4 10 732
77 42 6 5 20 732
77 48 6 5 20 732
77 49 6 3 5 732
77 51 6 3 6 732
77 52 6 2 3 732
77 53 6 1 7 732
77 56 6 4 15 732
77 59 6 1 25 732
77 60 6 3 14 732
77 63 6 5 14 732
77 64 6 4 15 732
77 67 6 4 18 732
77 68 6 6 15 732
77 71 6 1 5 732
77 74 6 3 22 732
77 78 6 4 16 732
77 83 6 2 2 732
77 84 6 6 14 732
77 86 6 4 8 732
77 89 6 5 20 732
77 92 6 3 12 732
77 94 6 3 3 732
77 95 6 6 21 732
77 97 6 2 25 732
77 98 6 6 3 732
78 3 4 5 15 389
78 8 4 3 13 389
78 9 4 4 1 389
78 13 4 1 11 389
78 14 4 3 19 389
78 15 4 4 5 389
78 16 4 1 2 389
78 17 4 2 21 389
78 19 4 1 9 389
78 22 4 2 13 389
78 24 4 1 12 389
78 25 4 1 16 389
78 27 4 4 18 389
78 30 4 4 4 389
78 31 4 6 12 389
78 32 4 1 2 389
78 37 4 5 5 389
78 41 4 4 23 389
78 42 4 5 14 389
78 43 4 4 4 389
78 44 4 3 17 389
78 47 4 3 17 389
78 48 4 5 6 389
78 49 4 3 23 389
78 53 4 1 4 389
78 58 4 2 23 389
78 62 4 3 1 389
78 64 4 4 23 389
78 65 4 2 22 389
78 71 4 1 17 389
78 72 4 2 25 389
78 73 4 2 23 389
78 74 4 3 19 389
78 76 4 4 14 389
78 77 4 6 16 389
78 81 4 2 21 389
78 86 4 4 4 389
78 91 4 4 10 389
78 93 4 4 5 389
78 94 4 3 16 389
78 98 4 6 17 389
79 0 1 5 19 555
79 4 1 1 4 555
79 5 1 1 4 555
79 6 1 4 10 555
79 9 1 4 14 555
79 12 1 3 2 555
79 13 1 1 15 555
79 14 1 3 16 555
79 16 1 1 7 555
79 17 1 2 7 555
79 19 1 1 7 555
79 20 1 3 6 555
79 22 1 2 2 555
79 23 1 4 18 555
79 25 1 1 9 555
79 26 1 4 8 555
79 29 1 2 9 555
79 30 1 4 13 555
79 31 1 6 1 555
79 35 1 6 24 555
79 36 1 5 8 555
79 37 1 5 2 555
79 39 1 1 13 555
79 40 1 4 6 555
79 41 1 4 23 555
79 42 1 5 19 555
79 43 1 4 22 555
79 47 1 3 22 555
79 48 1 5 1 555
79 49 1 3 11 555
79 51 1 3 20 555
79 54 1 3 11 555
79 55 1 6 4 555
79 56 1 4 6 555
79 57 1 5 23 555
79 58 1 2 11 555
79 59 1 1 8 555
79 61 1 5 7 555
79 63 1 5 6 555
79 64 1 4 12 555
79 66 1 5 14 555
79 68 1 6 18 555
79 69 1 1 25 555
79 71 1 1 11 555
79 72 1 2 4 555
79 73 1 2 16 555
79 74 1 3 17 555
79 76 1 4 5 555
79 80 1 6 17 555
79 82 1 3 2 555
79 86 1 4 8 555
79 87 1 3 23 555
79 88 1 3 5 555
79 89 1 5 13 555
79 90 1 5 11 555
79 91 1 4 4 555
79 95 1 6 10 555
80 3 6 5 6 51
80 6 6 4 10 51
80 9 6 4 6 51
80 10 6 2 24 51
80 11 6 6 22 51
80 12 6 3 6 51
80 13 6 1 7 51
80 14 6 3 14 51
80 15 6 4 12 51
80 18 6 4 25 51
80 21 6 1 15 51
80 22 6 2 22 51
80 23 6 4 25 51
80 25 6 1 20 51
80 26 6 4 10 51
80 27 6 4 17 51
80 29 6 2 23 51
80 32 6 1 9 51
80 38 6 2 4 51
80 39 6 1 10 51
80 42 6 5 2 51
80 43 6 4 14 51
80 44 6 3 20 51
80 45 6 4 7 51
80 46 6 3 9 51
80 48 6 5 25 51
80 49 6 3 14 51
80 51 6 3 16 51
80 53 6 1 14 51
80 55 6 6 19 51
80 58 6 2 4 51
80 59 6 1 14 51
80 69 6 1 8 51
80 75 6 3 25 51
80 79 6 1 17 51
80 86 6 4 8 51
80 88 6 3 5 51
80 89 6 5 24 51
80 90 6 5 3 51
80 92 6 3 16 51
80 97 6 2 7 51
80 98 6 6 6 51
80 99 6 5 12 51
81 3 2 5 9 791
81 4 2 1 24 791
81 5 2 1 23 791
81 8 2 3 20 791
81 10 2 2 15 791
81 13 2 1 20 791
81 15 2 4 17 791
81 17 2 2 5 791
81 18 2 4 22 791
81 21 2 1 17 791
81 23 2 4 23 791
81 26 2 4 19 791
81 27 2 4 20 791
81 29 2 2 14 791
81 33 2 6 7 791
81 34 2 1 5 791
81 36 2 5 15 791
81 39 2 1 13 791
81 40 2 4 20 791
81 41 2 4 8 791
81 43 2 4 6 791
81 44 2 3 1 791
81 46 2 3 20 791
81 47 2 3 11 791
81 50 2 5 9 791
81 51 2 3 17 791
81 52 2 2 11 791
81 54 2 3 23 791
81 59 2 1 3 791
81 60 2 3 2 791
81 61 2 5 8 791
81 62 2 3 25 791
81 64 2 4 8 791
81 67 2 4 1 791
81 68 2 6 8 791
81 73 2 2 6 791
81 75 2 3 15 791
81 78 2 4 21 791
81 82 2 3 7 791
81 84 2 6 5 791
81 85 2 4 2 791
81 87 2 3 2 791
81 88 2 3 25 791
81 91 2 4 15 791
81 94 2 3 4 791
81 99 2 5 11 791
82 1 3 1 20 916
82 4 3 1 19 916
82 6 3 4 8 916
82 8 3 3 1 916
82 9 3 4 14 916
82 10 3 2 11 916
82 11 3 6 15 916
82 13 3 1 22 916
82 17 3 2 12 916
82 19 3 1 9 916
82 20 3 3 8 916
82 21 3 1 25 916
82 23 3 4 11 916
82 24 3 1 2 916
82 27 3 4 6 916
82 29 3 2 9 916
82 32 3 1 6 916
82 33 3 6 1 916
82 35 3 6 16 916
82 36 3 5 11 916
82 38 3 2 21 916
82 41 3 4 20 916
82 42 3 5 12 916
82 44 3 3 1 916
82 45 3 4 16 916
82 47 3 3 4 916
82 48 3 5 16 916
82 49 3 3 22 916
82 50 3 5 7 916
82 56 3 4 11 916
82 57 3 5 24 916
82 58 3 2 1 916
82 61 3 5 21 916
82 62 3 3 2 916
82 64 3 4 4 916
82 65 3 2 10 916
82 69 3 1 13 916
82 71 3 1 25 916
82 72 3 2 17 916
82 75 3 3 21 916
82 79 3 1 2 916
82 81 3 2 7 916
82 83 3 2 12 916
82 84 3 6 5 916
82 89 3 5 25 916
82 90 3 5 6 916
82 91 3 4 18 916
82 92 3 3 4 916
82 95 3 6 8 916
82 97 3 2 5 916
83 2 2 4 20 439
83 3 2 5 3 439
83 4 2 1 15 439
83 6 2 4 15 439
83 9 2 4 22 439
83 10 2 2 8 439
83 11 2 6 1 439
83 12 2 3 3 439
83 13 2 1 25 439
83 14 2 3 14 439
83 15 2 4 8 439
83 17 2 2 16 439
83 19 2 1 19 439
83 21 2 1 2 439
83 24 2 1 17 439
83 27 2 4 22 439
83 29 2 2 8 439
83 33 2 6 10 439
83 35 2 6 14 439
83 38 2 2 16 439
83 39 2 1 11 439
83 41 2 4 14 439
83 42 2 5 5 439
83 44 2 3 23 439
83 46 2 3 19 439
83 47 2 3 15 439
83 50 2 5 8 439
83 51 2 3 14 439
83 52 2 2 24 439
83 53 2 1 1 439
83 54 2 3 10 439
83 55 2 6 5 439
83 56 2 4 16 439
83 58 2 2 4 439
83 60 2 3 8 439
83 61 2 5 24 439
83 62 2 3 4 439
83 64 2 4 18 439
83 65 2 2 18 439
83 66 2 5 1 439
83 67 2 4 8 439
83 72 2 2 3 439
83 74 2 3 17 439
83 75 2 3 2 439
83 76 2 4 9 439
83 77 2 6 2 439
83 82 2 3 12 439
83 85 2 4 12 439
83 87 2 3 23 439
83 89 2 5 21 439
83 90 2 5 17 439
83 97 2 2 13 439
83 98 2 6 23 439
84 0 6 5 6 194
84 10 6 2 24 194
84 11 6 6 18 194
84 12 6 3 17 194
84 13 6 1 15 194
84 14 6 3 15 194
84 15 6 4 13 194
84 19 6 1 22 194
84 20 6 3 5 194
84 22 6 2 21 194
84 23 6 4 13 194
84 25 6 1 20 194
84 27 6 4 14 194
84 29 6 2 20 194
84 30 6 4 5 194
84 31 6 6 8 194
84 32 6 1 25 194
84 33 6 6 15 194
84 34 6 1 6 194
84 35 6 6 6 194
84 36 6 5 16 194
84 37 6 5 13 194
84 40 6 4 15 194
84 41 6 4 2 194
84 47 6 3 16 194
84 48 6 5 9 194
84 52 6 2 16 194
84 55 6 6 21 194
84 56 6 4 20 194
84 57 6 5 11 194
84 58 6 2 5 194
84 61 6 5 16 194
84 62 6 3 7 194
84 63 6 5 1 194
84 64 6 4 10 194
84 66 6 5 6 194
84 68 6 6 17 194
84 71 6 1 1 194
84 74 6 3 20 194
84 76 6 4 19 194
84 77 6 6 14 194
84 81 6 2 5 194
84 82 6 3 5 194
84 87 6 3 15 194
84 91 6 4 24 194
84 92 6 3 24 194
84 94 6 3 10 194
84 96 6 6 3 194
84 97 6 2 14 194
85 0 4 5 17 424
85 1 4 1 22 424
85 3 4 5 18 424
85 4 4 1 20 424
85 5 4 1 20 424
85 6 4 4 6 424
85 7 4 4 25 424
85 9 4 4 23 424
85 12 4 3 23 424
85 13 4 1 20 424
85 15 4 4 20 424
85 18 4 4 19 424
85 19 4 1 13 424
85 23 4 4 11 424
85 26 4 4 19 424
85 27 4 4 11 424
85 28 4 5 18 424
85 31 4 6 7 424
85 32 4 1 1 424
85 35 4 6 1 424
85 37 4 5 19 424
85 46 4 3 25 424
85 47 4 3 22 424
85 49 4 3 10 424
85 50 4 5 18 424
85 53 4 1 6 424
85 56 4 4 15 424
85 57 4 5 15 424
85 58 4 2 8 424
85 59 4 1 13 424
85 61 4 5 21 424
85 62 4 3 9 424
85 63 4 5 4 424
85 66 4 5 24 424
85 67 4 4 13 424
85 69 4 1 4 424
85 70 4 2 21 424
85 71 4 1 20 424
85 74 4 3 12 424
85 76 4 4 7 424
85 81 4 2 2 424
85 83 4 2 12 424
85 91 4 4 13 424
85 92 4 3 6 424
85 93 4 4 11 424
85 96 4 6 24 424
85 99 4 5 14 424
86 0 4 5 23 335
86 3 4 5 6 335
86 4 4 1 19 335
86 6 4 4 15 335
86 8 4 3 10 335
86 9 4 4 21 335
86 10 4 2 4 335
86 12 4 3 5 335
86 13 4 1 24 335
86 14 4 3 20 335
86 16 4 1 19 335
86 17 4 2 11 335
86 18 4 4 20 335
86 20 4 3 11 335
86 22 4 2 13 335
86 24 4 1 3 335
86 27 4 4 3 335
86 33 4 6 20 335
86 35 4 6 1 335
86 36 4 5 22 335
86 37 4 5 11 335
86 38 4 2 6 335
86 39 4 1 1 335
86 41 4 4 9 335
86 43 4 4 24 335
86 44 4 3 15 335
86 50 4 5 4 335
86 51 4 3 17 335
86 53 4 1 21 335
86 55 4 6 20 335
86 56 4 4 23 335
86 57 4 5 7 335
86 58 4 2 6 335
86 59 4 1 12 335
86 61 4 5 17 335
86 62 4 3 20 335
86 65 4 2 3 335
86 67 4 4 6 335
86 70 4 2 6 335
86 73 4 2 23 335
86 74 4 3 18 335
86 77 4 6 8 335
86 78 4 4 4 335
86 79 4 1 8 335
86 80 4 6 8 335
86 90 4 5 10 335
86 91 4 4 1 335
86 93 4 4 21 335
86 94 4 3 20 335
86 95 4 6 18 335
86 96 4 6 21 335
86 97 4 2 10 335
87 1 3 1 20 757
87 2 3 4 17 757
87 4 3 1 18 757
87 7 3 4 16 757
87 10 3 2 4 757
87 16 3 1 19 757
87 17 3 2 7 757
87 19 3 1 24 757
87 22 3 2 20 757
87 23 3 4 1 757
87 24 3 1 13 757
87 25 3 1 15 757
87 26 3 4 5 757
87 27 3 4 17 757
87 28 3 5 5 757
87 29 3 2 10 757
87 30 3 4 19 757
87 31 3 6 6 757
87 32 3 1 22 757
87 35 3 6 22 757
87 36 3 5 17 757
87 37 3 5 15 757
87 39 3 1 18 757
87 42 3 5 3 757
87 48 3 5 15 757
87 50 3 5 10 757
87 51 3 3 5 757
87 53 3 1 12 757
87 55 3 6 4 757
87 58 3 2 22 757
87 60 3 3 22 757
87 61 3 5 12 757
87 65 3 2 3 757
87 68 3 6 24 757
87 69 3 1 19 757
87 70 3 2 18 757
87 71 3 1 16 757
87 73 3 2 25 757
87 75 3 3 15 757
87 76 3 4 21 757
87 79 3 1 23 757
87 81 3 2 2 757
87 83 3 2 23 757
87 84 3 6 15 757
87 89 3 5 25 757
87 90 3 5 10 757
87 91 3 4 5 757
87 98 3 6 24 757
88 1 3 1 4 662
88 2 3 4 22 662
88 4 3 1 15 662
88 8 3 3 21 662
88 10 3 2 11 662
88 12 3 3 15 662
88 13 3 1 15 662
88 14 3 3 13 662
88 15 3 4 25 662
88 18 3 4 1 662
88 19 3 1 15 662
88 20 3 3 22 662
88 24 3 1 23 662
88 26 3 4 9 662
88 27 3 4 8 662
88 28 3 5 13 662
88 29 3 2 18 662
88 31 3 6 8 662
88 35 3 6 14 662
88 36 3 5 3 662
88 40 3 4 1 662
88 43 3 4 6 662
88 45 3 4 11 662
88 48 3 5 18 662
88 49 3 3 17 662
88 50 3 5 24 662
88 53 3 1 25 662
88 55 3 6 1 662
88 63 3 5 22 662
88 64 3 4 21 662
88 65 3 2 17 662
88 66 3 5 10 662
88 68 3 6 19 662
88 69 3 1 22 662
88 72 3 2 11 662
88 73 3 2 15 662
88 74 3 3 7 662
88 79 3 1 5 662
88 80 3 6 5 662
88 81 3 2 25 662
88 90 3 5 19 662
88 91 3 4 11 662
88 92 3 3 21 662
88 93 3 4 11 662
88 97 3 2 14 662
89 0 5 5 9 979
89 1 5 1 2 979
89 4 5 1 7 979
89 6 5 4 10 979
89 12 5 3 18 979
89 13 5 1 10 979
89 14 5 3 7 979
89 20 5 3 20 979
89 22 5 2 6 979
89 24 5 1 25 979
89 25 5 1 3 979
89 26 5 4 9 979
89 31 5 6 15 979
89 32 5 1 3 979
89 33 5 6 15 979
89 34 5 1 7 979
89 36 5 5 12 979
89 39 5 1 25 979
89 40 5 4 17 979
89 42 5 5 23 979
89 44 5 3 9 979
89 47 5 3 8 979
89 48 5 5 14 979
89 53 5 1 23 979
89 55 5 6 7 979
89 60 5 3 9 979
89 62 5 3 6 979
89 63 5 5 13 979
89 64 5 4 7 979
89 68 5 6 16 979
89 69 5 1 13 979
89 71 5 1 3 979
89 73 5 2 20 979
89 75 5 3 15 979
89 76 5 4 13 979
89 77 5 6 20 979
89 79 5 1 13 979
89 80 5 6 24 979
89 82 5 3 25 979
89 83 5 2 21 979
89 87 5 3 25 979
89 91 5 4 1 979
89 95 5 6 5 979
89 97 5 2 7 979
89 99 5 5 2 979
90 0 5 5 22 346
90 1 5 1 25 346
90 3 5 5 2 346
90 7 5 4 3 346
90 8 5 3 14 346
90 10 5 2 24 346
90 11 5 6 10 346
90 13 5 1 4 346
90 14 5 3 19 346
90 17 5 2 22 346
90 18 5 4 23 346
90 20 5 3 24 346
90 21 5 1 2 346
90 27 5 4 25 346
90 28 5 5 5 346
90 29 5 2 10 346
90 30 5 4 18 346
90 31 5 6 16 346
90 33 5 6 24 346
90 34 5 1 23 346
90 39 5 1 21 346
90 40 5 4 24 346
90 42 5 5 15 346
90 45 5 4 3 346
90 47 5 3 15 346
90 49 5 3 25 346
90 50 5 5 3 346
90 52 5 2 12 346
90 53 5 1 9 346
90 57 5 5 25 346
90 59 5 1 24 346
90 60 5 3 25 346
90 62 5 3 1 346
90 63 5 5 13 346
90 66 5 5 7 346
90 67 5 4 7 346
90 69 5 1 14 346
90 73 5 2 5 346
90 74 5 3 22 346
90 75 5 3 14 346
90 76 5 4 2 346
90 79 5 1 11 346
90 80 5 6 3 346
90 82 5 3 6 346
90 83 5 2 17 346
90 86 5 4 10 346
90 87 5 3 10 346
90 88 5 3 19 346
90 91 5 4 19 346
90 95 5 6 7 346
90 97 5 2 5 346
91 0 4 5 22 823
91 1 4 1 20 823
91 5 4 1 17 823
91 7 4 4 3 823
91 12 4 3 23 823
91 15 4 4 14 823
91 16 4 1 2 823
91 18 4 4 9 823
91 21 4 1 15 823
91 22 4 2 25 823
91 24 4 1 16 823
91 25 4 1 2 823
91 26 4 4 19 823
91 28 4 5 6 823
91 29 4 2 13 823
91 30 4 4 16 823
91 33 4 6 25 823
91 34 4 1 22 823
91 39 4 1 15 823
91 42 4 5 7 823
91 44 4 3 6 823
91 45 4 4 17 823
91 47 4 3 13 823
91 48 4 5 16 823
91 49 4 3 11 823
91 52 4 2 10 823
91 53 4 1 24 823
91 54 4 3 9 823
91 56 4 4 1 823
91 58 4 2 19 823
91 61 4 5 18 823
91 62 4 3 13 823
91 63 4 5 23 823
91 66 4 5 6 823
91 69 4 1 3 823
91 71 4 1 22 823
91 73 4 2 23 823
91 78 4 4 10 823
91 79 4 1 4 823
91 81 4 2 15 823
91 82 4 3 18 823
91 84 4 6 24 823
91 85 4 4 13 823
91 86 4 4 1 823
91 87 4 3 5 823
91 88 4 3 11 823
91 89 4 5 1 823
91 90 4 5 19 823
91 92 4 3 9 823
91 95 4 6 2 823
91 97 4 2 14 823
91 98 4 6 23 823
91 99 4 5 11 823
92 1 3 1 18 305
92 4 3 1 2 305
92 5 3 1 2 305
92 7 3 4 21 305
92 9 3 4 21 305
92 10 3 2 15 305
92 11 3 6 7 305
92 12 3 3 6 305
92 14 3 3 19 305
92 17 3 2 3 305
92 19 3 1 5 305
92 21 3 1 23 305
92 22 3 2 25 305
92 24 3 1 13 305
92 25 3 1 2 305
92 27 3 4 19 305
92 28 3 5 10 305
92 29 3 2 7 305
92 35 3 6 20 305
92 36 3 5 19 305
92 37 3 5 22 305
92 38 3 2 21 305
92 41 3 4 23 305
92 44 3 3 7 305
92 45 3 4 12 305
92 48 3 5 10 305
92 49 3 3 24 305
92 51 3 3 1 305
92 53 3 1 13 305
92 55 3 6 19 305
92 57 3 5 19 305
92 61 3 5 6 305
92 63 3 5 24 305
92 65 3 2 7 305
92 68 3 6 11 305
92 69 3 1 12 305
92 71 3 1 9 305
92 76 3 4 20 305
92 77 3 6 12 305
92 80 3 6 16 305
92 82 3 3 4 305
92 84 3 6 24 305
92 85 3 4 6 305
92 88 3 3 21 305
92 91 3 4 9 305
92 95 3 6 22 305
92 96 3 6 15 305
92 98 3 6 4 305
93 0 4 5 22 69
93 1 4 1 7 69
93 2 4 4 21 69
93 3 4 5 25 69
93 8 4 3 7 69
93 11 4 6 10 69
93 12 4 3 6 69
93 13 4 1 14 69
93 14 4 3 24 69
93 15 4 4 11 69
93 19 4 1 20 69
93 20 4 3 24 69
93 21 4 1 11 69
93 23 4 4 17 69
93 25 4 1 12 69
93 27 4 4 22 69
93 29 4 2 14 69
93 30 4 4 3 69
93 33 4 6 16 69
93 34 4 1 25 69
93 35 4 6 3 69
93 37 4 5 8 69
93 38 4 2 13 69
93 41 4 4 23 69
93 43 4 4 6 69
93 45 4 4 4 69
93 48 4 5 15 69
93 49 4 3 24 69
93 51 4 3 20 69
93 52 4 2 6 69
93 53 4 1 23 69
93 56 4 4 14 69
93 57 4 5 15 69
93 59 4 1 7 69
93 62 4 3 20 69
93 67 4 4 25 69
93 68 4 6 25 69
93 71 4 1 6 69
93 75 4 3 10 69
93 78 4 4 5 69
93 85 4 4 11 69
93 86 4 4 21 69
93 88 4 3 11 69
93 94 4 3 3 69
93 96 4 6 5 69
93 97 4 2 23 69
94 2 3 4 16 354
94 8 3 3 19 354
94 10 3 2 17 354
94 11 3 6 13 354
94 13 3 1 20 354
94 14 3 3 21 354
94 15 3 4 13 354
94 16 3 1 15 354
94 20 3 3 19 354
94 21 3 1 20 354
94 22 3 2 20 354
94 24 3 1 23 354
94 26 3 4 2 354
94 28 3 5 4 354
94 29 3 2 15 354
94 30 3 4 14 354
94 34 3 1 9 354
94 35 3 6 16 354
94 39 3 1 23 354
94 41 3 4 14 354
94 47 3 3 17 354
94 48 3 5 24 354
94 49 3 3 1 354
94 51 3 3 16 354
94 55 3 6 24 354
94 56 3 4 4 354
94 58 3 2 23 354
94 59 3 1 22 354
94 62 3 3 11 354
94 67 3 4 22 354
94 70 3 2 18 354
94 72 3 2 23 354
94 74 3 3 10 354
94 77 3 6 3 354
94 78 3 4 16 354
94 81 3 2 4 354
94 84 3 6 10 354
94 86 3 4 20 354
94 93 3 4 3 354
94 98 3 6 18 354
94 99 3 5 11 354
95 0 6 5 21 332
95 1 6 1 14 332
95 3 6 5 2 332
95 5 6 1 11 332
95 8 6 3 17 332
95 9 6 4 18 332
95 12 6 3 13 332
95 13 6 1 10 332
95 14 6 3 10 332
95 17 6 2 11 332
95 19 6 1 9 332
95 20 6 3 19 332
95 22 6 2 22 332
95 24 6 1 14 332
95 25 6 1 6 332
95 26 6 4 19 332
95 28 6 5 6 332
95 29 6 2 18 332
95 32 6 1 7 332
95 33 6 6 2 332
95 34 6 1 7 332
95 37 6 5 6 332
95 38 6 2 16 332
95 40 6 4 19 332
95 42 6 5 24 332
95 44 6 3 17 332
95 47 6 3 2 332
95 49 6 3 1 332
95 52 6 2 16 332
95 57 6 5 16 332
95 60 6 3 11 332
95 61 6 5 11 332
95 62 6 3 17 332
95 63 6 5 8 332
95 67 6 4 14 332
95 68 6 6 18 332
95 70 6 2 5 332
95 71 6 1 20 332
95 73 6 2 19 332
95 76 6 4 8 332
95 77 6 6 21 332
95 79 6 1 10 332
95 82 6 3 8 332
95 86 6 4 18 332
95 89 6 5 5 332
95 90 6 5 7 332
95 91 6 4 2 332
95 92 6 3 22 332
95 96 6 6 8 332
95 98 6 6 1 332
96 1 6 1 6 516
96 4 6 1 15 516
96 7 6 4 20 516
96 9 6 4 17 516
96 10 6 2 12 516
96 17 6 2 1 516
96 18 6 4 23 516
96 19 6 1 4 516
96 21 6 1 5 516
96 22 6 2 13 516
96 23 6 4 4 516
96 24 6 1 20 516
96 26 6 4 9 516
96 27 6 4 9 516
96 28 6 5 14 516
96 29 6 2 23 516
96 31 6 6 5 516
96 32 6 1 3 516
96 38 6 2 10 516
96 40 6 4 22 516
96 41 6 4 19 516
96 42 6 5 14 516
96 45 6 4 2 516
96 49 6 3 12 516
96 56 6 4 25 516
96 58 6 2 5 516
96 61 6 5 6 516
96 63 6 5 14 516
96 66 6 5 18 516
96 70 6 2 12 516
96 71 6 1 17 516
96 72 6 2 9 516
96 74 6 3 12 516
96 84 6 6 3 516
96 85 6 4 24 516
96 86 6 4 21 516
96 92 6 3 15 516
96 93 6 4 5 516
96 95 6 6 8 516
96 98 6 6 19 516
96 99 6 5 19 516
97 1 2 1 4 230
97 2 2 4 4 230
97 4 2 1 12 230
97 6 2 4 1 230
97 9 2 4 4 230
97 10 2 2 6 230
97 11 2 6 22 230
97 13 2 1 4 230
97 14 2 3 5 230
97 15 2 4 12 230
97 16 2 1 20 230
97 18 2 4 14 230
97 21 2 1 25 230
97 23 2 4 5 230
97 24 2 1 22 230
97 26 2 4 3 230
97 27 2 4 12 230
97 28 2 5 23 230
97 29 2 2 2 230
97 30 2 4 2 230
97 32 2 1 12 230
97 33 2 6 25 230
97 34 2 1 23 230
97 35 2 6 25 230
97 36 2 5 16 230
97 38 2 2 16 230
97 42 2 5 21 230
97 44 2 3 22 230
97 49 2 3 23 230
97 50 2 5 21 230
97 52 2 2 19 230
97 53 2 1 1 230
97 55 2 6 6 230
97 58 2 2 3 230
97 61 2 5 17 230
97 62 2 3 25 230
97 63 2 5 19 230
97 65 2 2 12 230
97 66 2 5 3 230
97 71 2 1 25 230
97 72 2 2 16 230
97 73 2 2 21 230
97 74 2 3 13 230
97 75 2 3 5 230
97 76 2 4 6 230
97 77 2 6 25 230
97 80 2 6 7 230
97 82 2 3 5 230
97 83 2 2 13 230
97 84 2 6 14 230
97 86 2 4 10 230
97 88 2 3 14 230
97 89 2 5 7 230
97 90 2 5 5 230
97 91 2 4 14 230
97 93 2 4 23 230
97 99 2 5 8 230
98 1 6 1 14 340
98 2 6 4 15 340
98 3 6 5 6 340
98 7 6 4 6 340
98 11 6 6 16 340
98 13 6 1 13 340
98 14 6 3 20 340
98 15 6 4 17 340
98 17 6 2 1 340
98 18 6 4 21 340
98 19 6 1 1 340
98 20 6 3 23 340
98 21 6 1 13 340
98 22 6 2 8 340
98 23 6 4 7 340
98 25 6 1 9 340
98 26 6 4 20 340
98 29 6 2 22 340
98 31 6 6 18 340
98 40 6 4 7 340
98 41 6 4 2 340
98 42 6 5 5 340
98 44 6 3 13 340
98 45 6 4 14 340
98 49 6 3 17 340
98 50 6 5 5 340
98 52 6 2 17 340
98 54 6 3 9 340
98 55 6 6 10 340
98 56 6 4 13 340
98 57 6 5 24 340
98 59 6 1 12 340
98 60 6 3 15 340
98 61 6 5 5 340
98 64 6 4 17 340
98 68 6 6 1 340
98 69 6 1 25 340
98 70 6 2 23 340
98 72 6 2 7 340
98 74 6 3 6 340
98 76 6 4 19 340
98 77 6 6 3 340
98 78 6 4 17 340
98 80 6 6 6 340
98 83 6 2 23 340
98 87 6 3 24 340
98 91 6 4 23 340
98 92 6 3 4 340
98 94 6 3 18 340
98 95 6 6 1 340
98 96 6 6 19 340
99 0 5 5 13 1000
99 1 5 1 3 1000
99 2 5 4 4 1000
99 5 5 1 4 1000
99 6 5 4 19 1000
99 7 5 4 4 1000
99 8 5 3 19 1000
99 10 5 2 13 1000
99 11 5 6 5 1000
99 13 5 1 22 1000
99 14 5 3 22 1000
99 17 5 2 17 1000
99 19 5 1 1 1000
99 21 5 1 23 1000
99 22 5 2 4 1000
99 25 5 1 6 1000
99 31 5 6 2 1000
99 33 5 6 5 1000
99 34 5 1 22 1000
99 41 5 4 14 1000
99 44 5 3 17 1000
99 45 5 4 4 1000
99 47 5 3 10 1000
99 52 5 2 18 1000
99 53 5 1 4 1000
99 56 5 4 5 1000
99 57 5 5 7 1000
99 58 5 2 5 1000
99 59 5 1 6 1000
99 60 5 3 6 1000
99 61 5 5 4 1000
99 80 5 6 12 1000
99 81 5 2 11 1000
99 85 5 4 14 1000
99 89 5 5 2 1000
99 91 5 4 11 1000
99 94 5 3 11 1000
99 96 5 6 19 1000
99 97 5 2 8 1000
