capacity  cost_by_node
nb_functions 10
19 36 46 57 45 60 17 56 86 26 61 58 85 30 53 36 68 76 10 75 56 58 56 29 23 92 76 15 95 42 13 27 39 58 41 97 38 75 85 33 36 27 86 28 63 87 94 39 52 49 77 
13 79 48 63 37 20 60 33 20 85 43 96 64 63 25 54 49 65 56 97 55 42 24 12 65 69 53 20 64 42 10 98 19 40 37 67 79 20 78 61 62 67 24 36 71 92 84 95 67 23 87 
20 87 66 71 12 22 53 51 97 97 38 57 10 87 97 41 99 99 28 58 30 28 68 94 87 90 97 97 53 47 60 57 68 79 92 42 14 67 30 83 95 36 50 51 37 56 45 94 30 46 22 
11 10 94 44 25 34 70 44 89 94 21 47 85 78 51 40 51 99 56 70 40 15 56 27 37 53 99 65 16 14 29 84 80 78 60 32 34 11 56 24 83 87 35 76 38 58 58 33 46 13 18 
19 20 22 17 61 55 18 16 64 75 70 94 11 24 36 80 18 23 56 30 50 98 81 15 64 39 20 34 34 23 44 52 22 12 16 43 38 24 98 84 21 70 95 68 36 57 57 61 42 95 41 
11 26 83 80 57 51 78 23 57 80 18 33 12 22 90 65 93 76 72 28 84 52 89 20 22 93 73 12 10 65 24 80 29 48 72 16 80 95 44 81 82 21 11 94 55 68 70 88 50 64 28 
19 30 64 56 27 39 24 75 22 100 59 87 92 14 97 19 50 44 16 64 66 53 29 70 67 89 50 19 49 98 63 97 60 99 52 83 25 17 49 21 78 53 56 63 45 65 98 95 78 49 15 
12 74 93 28 39 42 36 83 30 69 70 48 11 37 18 11 95 19 67 21 41 37 87 20 34 47 39 79 19 51 78 88 49 39 65 60 21 68 68 19 36 68 45 56 41 85 99 85 65 36 68 
10 51 98 97 75 17 60 38 76 96 16 96 80 50 75 71 94 68 53 18 54 11 58 46 92 32 38 67 67 44 59 36 22 62 54 61 67 62 43 38 61 100 30 51 36 34 49 46 62 59 49 
12 23 23 16 70 39 53 65 58 16 100 10 49 57 76 44 29 78 99 89 61 50 41 71 15 98 96 26 25 78 82 27 42 62 11 33 100 19 80 64 41 53 74 40 26 30 33 17 33 91 25 
