capacity  cost_by_node
nb_functions 8
14 23 93 78 36 27 83 70 94 13 63 69 67 91 33 34 40 22 33 99 52 41 24 60 76 36 86 78 69 87 51 84 20 90 76 81 30 80 83 68 77 51 29 29 83 65 45 91 64 30 19 
11 90 75 96 95 54 64 63 26 94 88 51 34 89 75 74 14 37 14 21 27 72 14 55 63 35 78 65 43 53 42 55 12 100 92 21 87 95 33 11 21 90 19 72 37 92 76 24 30 45 78 
7 95 41 92 49 72 94 41 86 76 98 58 44 91 54 25 44 73 40 13 64 79 66 66 43 29 59 97 77 37 99 92 49 40 28 35 81 80 24 71 21 67 99 69 65 40 41 14 75 36 56 
11 42 59 85 71 48 11 10 51 81 96 89 54 12 79 54 91 48 24 79 53 54 12 43 59 40 71 37 11 68 84 46 61 61 28 90 44 75 69 76 100 97 43 62 75 61 54 67 67 24 53 
10 53 70 75 57 82 24 69 91 75 42 64 17 55 28 95 91 66 55 65 89 41 22 77 36 68 46 35 52 83 19 44 38 94 82 64 22 35 69 97 42 22 19 21 46 62 96 13 37 11 84 
15 14 93 51 33 96 36 31 50 23 57 32 14 93 42 33 72 15 14 48 74 41 44 21 32 29 17 12 72 98 44 37 75 22 91 93 69 36 85 38 68 84 46 81 62 63 82 50 64 84 17 
8 50 81 67 90 29 58 94 35 30 69 59 80 66 12 48 20 15 47 90 85 64 90 95 75 59 99 18 71 16 18 15 56 18 78 26 80 65 37 87 93 58 83 98 95 99 11 30 80 68 99 
8 60 44 94 38 38 82 22 55 62 66 92 97 31 73 93 96 80 62 53 84 55 22 16 84 59 27 55 74 82 29 12 79 22 43 65 10 30 60 85 13 19 35 26 44 24 58 28 26 75 38 
