capacity  cost_by_node
nb_functions 8
28 70 18 28 17 22 99 77 26 39 46 98 76 15 65 91 14 99 83 75 54 57 22 23 72 11 41 82 27 90 98 32 62 70 62 43 25 92 15 49 76 24 19 36 46 30 61 69 21 87 91 
21 92 75 31 66 89 100 37 48 40 91 22 79 46 63 71 91 37 89 43 33 91 17 36 90 100 93 65 20 50 40 15 58 45 60 27 10 58 26 34 29 77 67 52 98 91 34 61 64 91 60 
21 56 40 88 43 20 98 69 21 73 35 85 47 58 18 91 78 19 30 98 96 80 29 54 46 78 37 32 82 41 82 96 82 17 82 50 95 98 46 15 95 13 42 84 62 79 14 38 79 96 48 
39 34 38 56 42 43 55 36 43 62 64 81 74 57 18 88 24 36 68 80 31 71 28 60 11 16 87 77 19 51 37 41 20 80 23 73 24 80 45 42 52 49 43 79 89 52 10 75 86 57 41 
37 77 40 11 48 67 83 67 75 42 41 44 59 46 17 17 17 80 56 52 18 31 23 95 74 45 31 67 13 57 53 44 92 72 44 84 20 93 64 70 53 64 29 78 16 63 76 74 34 33 29 
30 32 62 63 15 68 90 83 69 64 98 21 18 51 52 39 66 52 84 31 22 51 90 68 89 34 81 13 82 45 70 94 68 59 82 28 32 55 39 97 28 88 10 93 29 79 14 69 62 73 64 
28 48 100 44 99 97 67 99 95 26 71 81 56 15 27 21 53 46 93 36 29 11 33 14 44 68 21 95 10 73 27 70 17 48 40 100 66 64 23 88 24 43 59 59 92 67 54 79 86 57 51 
28 64 87 28 53 53 57 31 78 61 22 70 51 59 63 39 95 31 37 90 10 74 31 91 57 56 92 55 22 85 57 56 17 21 90 41 75 16 55 99 24 49 36 51 21 46 43 49 56 22 14 
