capacity  cost_by_node
nb_functions 8
11 32 10 55 85 53 49 83 93 80 27 76 73 72 90 25 82 98 67 40 71 38 82 10 82 81 
10 53 10 10 29 53 21 35 21 48 97 73 60 73 34 56 79 43 18 87 89 36 39 53 19 57 
16 18 59 49 84 97 74 99 60 36 49 82 53 42 33 98 83 80 48 87 11 69 82 95 99 31 
16 75 11 72 46 10 50 26 24 45 63 24 87 17 53 68 10 92 78 11 42 62 59 17 31 45 
13 54 45 21 78 43 46 67 99 66 77 38 96 61 68 61 54 18 58 26 40 20 13 53 100 53 
11 31 28 91 60 98 30 56 73 97 58 51 57 25 26 33 31 49 53 57 98 27 74 53 99 39 
16 98 45 79 25 63 48 22 46 27 41 42 60 75 95 31 14 50 42 52 56 45 26 82 67 80 
13 66 58 84 48 21 24 85 87 71 48 22 23 90 78 68 34 64 56 17 26 10 63 20 100 67 
