capacity  cost_by_node
nb_functions 8
15 60 56 79 75 87 74 32 50 72 57 40 35 71 36 57 16 59 32 83 70 58 72 23 92 60 100 38 90 41 76 29 28 98 57 13 99 80 86 95 19 32 35 17 77 67 49 36 32 78 12 
25 93 15 87 100 26 32 89 81 47 27 49 76 88 73 78 100 88 56 56 64 33 54 80 48 33 46 47 69 49 56 93 31 80 72 38 35 84 20 34 29 30 97 82 47 63 83 43 69 96 40 
26 28 81 80 74 24 36 23 48 45 29 96 11 43 15 65 32 56 56 74 68 25 73 76 93 21 74 60 75 65 46 72 45 81 70 100 87 67 43 87 53 72 80 51 28 24 39 91 80 14 53 
22 26 58 27 98 20 43 86 51 63 86 78 29 18 61 21 12 92 42 53 91 21 60 32 47 27 84 41 100 74 85 13 69 17 16 85 41 14 44 84 83 62 92 44 11 75 82 57 78 58 81 
18 11 55 72 52 67 49 88 59 86 86 16 18 73 36 23 46 57 29 91 49 64 81 65 89 87 27 81 67 19 17 29 90 55 26 46 65 27 66 28 65 44 53 69 28 66 88 20 14 51 20 
18 75 88 58 32 27 90 15 52 72 65 91 55 86 38 59 59 76 67 64 10 84 56 39 23 50 35 98 18 29 98 98 34 96 15 18 86 22 90 36 72 55 80 68 91 86 58 25 34 25 67 
26 68 57 62 78 31 18 75 42 63 15 77 83 67 24 11 53 57 46 26 89 16 68 25 96 72 27 53 54 38 58 22 18 65 83 10 16 49 61 11 32 42 65 96 96 71 75 99 41 51 95 
23 44 90 45 29 93 66 66 61 12 25 100 12 91 30 63 27 43 49 90 81 86 19 35 90 49 20 15 32 25 12 55 75 89 65 21 85 36 30 62 90 69 41 47 95 81 33 63 96 63 89 
