Node_1 Node_2 Capacity_node1 Capacity_node2 Latency_arc node_cost
nb_nodes 50
nb_arcs 1204
0 3 6 5 16 931
0 5 6 5 10 931
0 6 6 7 17 931
0 8 6 8 17 931
0 9 6 8 8 931
0 10 6 4 2 931
0 11 6 8 14 931
0 13 6 8 25 931
0 14 6 7 14 931
0 15 6 2 12 931
0 16 6 4 18 931
0 17 6 2 10 931
0 18 6 8 2 931
0 21 6 2 7 931
0 22 6 9 14 931
0 23 6 6 4 931
0 24 6 2 14 931
0 27 6 1 12 931
0 29 6 4 1 931
0 30 6 9 24 931
0 31 6 5 12 931
0 33 6 9 8 931
0 34 6 3 22 931
0 35 6 8 24 931
0 36 6 3 11 931
0 38 6 7 11 931
0 41 6 8 18 931
0 43 6 8 3 931
0 45 6 3 8 931
0 49 6 6 21 931
1 4 1 6 11 123
1 5 1 5 9 123
1 7 1 2 21 123
1 8 1 8 20 123
1 12 1 9 25 123
1 14 1 7 17 123
1 16 1 4 13 123
1 24 1 2 13 123
1 26 1 2 18 123
1 27 1 1 16 123
1 29 1 4 18 123
1 30 1 9 20 123
1 31 1 5 25 123
1 32 1 5 16 123
1 35 1 8 21 123
1 36 1 3 18 123
1 38 1 7 21 123
1 39 1 1 24 123
1 41 1 8 17 123
1 44 1 4 9 123
1 45 1 3 2 123
1 48 1 6 23 123
1 49 1 6 1 123
2 3 5 5 8 122
2 7 5 2 10 122
2 12 5 9 6 122
2 13 5 8 14 122
2 14 5 7 22 122
2 20 5 8 14 122
2 22 5 9 13 122
2 24 5 2 15 122
2 29 5 4 6 122
2 30 5 9 4 122
2 31 5 5 24 122
2 32 5 5 15 122
2 34 5 3 17 122
2 38 5 7 6 122
2 39 5 1 25 122
2 41 5 8 13 122
2 42 5 1 5 122
2 43 5 8 21 122
2 45 5 3 19 122
2 46 5 2 15 122
2 48 5 6 3 122
2 49 5 6 7 122
3 0 5 6 16 984
3 2 5 5 8 984
3 4 5 6 9 984
3 5 5 5 22 984
3 6 5 7 1 984
3 10 5 4 2 984
3 12 5 9 6 984
3 14 5 7 6 984
3 15 5 2 5 984
3 19 5 6 25 984
3 20 5 8 8 984
3 21 5 2 25 984
3 23 5 6 11 984
3 24 5 2 23 984
3 25 5 4 7 984
3 30 5 9 17 984
3 37 5 6 18 984
3 38 5 7 15 984
3 41 5 8 14 984
3 43 5 8 11 984
3 44 5 4 6 984
3 45 5 3 10 984
3 47 5 7 4 984
3 48 5 6 16 984
4 1 6 1 11 625
4 3 6 5 9 625
4 5 6 5 25 625
4 9 6 8 15 625
4 11 6 8 4 625
4 12 6 9 4 625
4 21 6 2 15 625
4 24 6 2 4 625
4 27 6 1 25 625
4 28 6 4 13 625
4 29 6 4 23 625
4 30 6 9 12 625
4 32 6 5 22 625
4 33 6 9 13 625
4 35 6 8 10 625
4 36 6 3 4 625
4 37 6 6 5 625
4 38 6 7 24 625
4 41 6 8 7 625
4 42 6 1 13 625
4 43 6 8 17 625
4 49 6 6 23 625
5 0 5 6 10 363
5 1 5 1 9 363
5 3 5 5 22 363
5 4 5 6 25 363
5 7 5 2 17 363
5 11 5 8 16 363
5 15 5 2 9 363
5 16 5 4 24 363
5 19 5 6 15 363
5 20 5 8 18 363
5 21 5 2 18 363
5 23 5 6 7 363
5 24 5 2 14 363
5 26 5 2 15 363
5 28 5 4 16 363
5 31 5 5 5 363
5 32 5 5 24 363
5 35 5 8 22 363
5 36 5 3 20 363
5 38 5 7 25 363
5 40 5 7 16 363
5 41 5 8 16 363
5 42 5 1 15 363
5 45 5 3 24 363
5 46 5 2 20 363
5 47 5 7 17 363
5 48 5 6 22 363
5 49 5 6 17 363
6 0 7 6 17 843
6 3 7 5 1 843
6 8 7 8 3 843
6 9 7 8 1 843
6 12 7 9 19 843
6 13 7 8 4 843
6 14 7 7 14 843
6 16 7 4 24 843
6 17 7 2 18 843
6 18 7 8 8 843
6 23 7 6 9 843
6 24 7 2 18 843
6 25 7 4 15 843
6 26 7 2 14 843
6 27 7 1 5 843
6 29 7 4 11 843
6 31 7 5 5 843
6 32 7 5 4 843
6 33 7 9 21 843
6 34 7 3 20 843
6 35 7 8 3 843
6 37 7 6 8 843
6 38 7 7 17 843
6 40 7 7 6 843
6 41 7 8 10 843
6 42 7 1 18 843
6 43 7 8 13 843
6 45 7 3 17 843
6 48 7 6 19 843
6 49 7 6 10 843
7 1 2 1 21 971
7 2 2 5 10 971
7 36 2 3 5 971
7 5 2 5 17 971
7 33 2 9 22 971
7 8 2 8 7 971
7 41 2 8 6 971
7 42 2 1 2 971
7 11 2 8 18 971
7 44 2 4 25 971
7 45 2 3 14 971
7 46 2 2 2 971
7 15 2 2 13 971
7 48 2 6 19 971
7 19 2 6 25 971
7 21 2 2 20 971
7 22 2 9 13 971
7 23 2 6 9 971
7 25 2 4 16 971
7 47 2 7 2 971
7 28 2 4 4 971
8 0 8 6 17 315
8 1 8 1 20 315
8 6 8 7 3 315
8 7 8 2 7 315
8 11 8 8 15 315
8 13 8 8 16 315
8 14 8 7 9 315
8 15 8 2 18 315
8 16 8 4 4 315
8 19 8 6 9 315
8 21 8 2 23 315
8 22 8 9 6 315
8 23 8 6 3 315
8 25 8 4 6 315
8 31 8 5 18 315
8 34 8 3 8 315
8 38 8 7 22 315
8 40 8 7 19 315
8 44 8 4 11 315
8 45 8 3 17 315
8 47 8 7 20 315
8 49 8 6 24 315
9 0 8 6 8 101
9 32 8 5 16 101
9 11 8 8 15 101
9 4 8 6 15 101
9 37 8 6 18 101
9 6 8 7 1 101
9 33 8 9 17 101
9 40 8 7 3 101
9 41 8 8 2 101
9 42 8 1 13 101
9 43 8 8 2 101
9 45 8 3 1 101
9 15 8 2 23 101
9 16 8 4 21 101
9 49 8 6 25 101
9 25 8 4 13 101
9 38 8 7 17 101
9 39 8 1 10 101
10 0 4 6 2 162
10 33 4 9 24 162
10 3 4 5 2 162
10 36 4 3 7 162
10 38 4 7 6 162
10 12 4 9 3 162
10 11 4 8 10 162
10 44 4 4 24 162
10 46 4 2 24 162
10 15 4 2 21 162
10 48 4 6 12 162
10 17 4 2 21 162
10 35 4 8 24 162
10 20 4 8 21 162
10 43 4 8 2 162
10 19 4 6 22 162
10 29 4 4 22 162
10 30 4 9 21 162
10 16 4 4 8 162
11 0 8 6 14 312
11 4 8 6 4 312
11 5 8 5 16 312
11 7 8 2 18 312
11 8 8 8 15 312
11 9 8 8 15 312
11 10 8 4 10 312
11 13 8 8 21 312
11 14 8 7 17 312
11 15 8 2 4 312
11 16 8 4 2 312
11 20 8 8 25 312
11 22 8 9 7 312
11 26 8 2 2 312
11 29 8 4 25 312
11 30 8 9 22 312
11 38 8 7 14 312
11 39 8 1 7 312
11 40 8 7 18 312
11 41 8 8 6 312
11 42 8 1 12 312
11 48 8 6 1 312
12 1 9 1 25 359
12 2 9 5 6 359
12 3 9 5 6 359
12 4 9 6 4 359
12 6 9 7 19 359
12 10 9 4 3 359
12 14 9 7 2 359
12 15 9 2 8 359
12 16 9 4 19 359
12 17 9 2 4 359
12 18 9 8 9 359
12 19 9 6 14 359
12 23 9 6 8 359
12 24 9 2 20 359
12 27 9 1 13 359
12 29 9 4 23 359
12 31 9 5 3 359
12 35 9 8 7 359
12 36 9 3 1 359
12 38 9 7 9 359
12 39 9 1 22 359
12 40 9 7 25 359
12 44 9 4 1 359
12 45 9 3 18 359
12 46 9 2 19 359
12 47 9 7 25 359
12 49 9 6 23 359
13 0 8 6 25 112
13 2 8 5 14 112
13 6 8 7 4 112
13 8 8 8 16 112
13 11 8 8 21 112
13 14 8 7 3 112
13 17 8 2 25 112
13 18 8 8 2 112
13 19 8 6 21 112
13 20 8 8 4 112
13 21 8 2 23 112
13 24 8 2 4 112
13 27 8 1 21 112
13 32 8 5 10 112
13 33 8 9 18 112
13 35 8 8 9 112
13 36 8 3 18 112
13 37 8 6 18 112
13 39 8 1 23 112
13 40 8 7 25 112
13 41 8 8 21 112
13 43 8 8 21 112
13 44 8 4 20 112
13 46 8 2 22 112
13 47 8 7 25 112
13 48 8 6 9 112
14 0 7 6 14 980
14 1 7 1 17 980
14 2 7 5 22 980
14 3 7 5 6 980
14 6 7 7 14 980
14 8 7 8 9 980
14 11 7 8 17 980
14 12 7 9 2 980
14 13 7 8 3 980
14 15 7 2 1 980
14 17 7 2 5 980
14 18 7 8 25 980
14 21 7 2 20 980
14 24 7 2 5 980
14 25 7 4 10 980
14 28 7 4 11 980
14 32 7 5 23 980
14 33 7 9 6 980
14 35 7 8 19 980
14 36 7 3 20 980
14 39 7 1 2 980
14 40 7 7 3 980
14 41 7 8 2 980
14 42 7 1 2 980
14 44 7 4 23 980
14 45 7 3 2 980
14 46 7 2 3 980
14 49 7 6 7 980
15 0 2 6 12 1000
15 3 2 5 5 1000
15 5 2 5 9 1000
15 7 2 2 13 1000
15 8 2 8 18 1000
15 9 2 8 23 1000
15 10 2 4 21 1000
15 11 2 8 4 1000
15 12 2 9 8 1000
15 14 2 7 1 1000
15 16 2 4 17 1000
15 18 2 8 12 1000
15 19 2 6 8 1000
15 20 2 8 6 1000
15 22 2 9 17 1000
15 23 2 6 7 1000
15 27 2 1 11 1000
15 28 2 4 4 1000
15 29 2 4 13 1000
15 31 2 5 3 1000
15 32 2 5 5 1000
15 33 2 9 19 1000
15 34 2 3 23 1000
15 36 2 3 14 1000
15 37 2 6 13 1000
15 40 2 7 24 1000
15 42 2 1 22 1000
15 43 2 8 20 1000
15 44 2 4 6 1000
15 45 2 3 22 1000
15 49 2 6 16 1000
16 0 4 6 18 877
16 1 4 1 13 877
16 5 4 5 24 877
16 6 4 7 24 877
16 8 4 8 4 877
16 9 4 8 21 877
16 10 4 4 8 877
16 11 4 8 2 877
16 12 4 9 19 877
16 15 4 2 17 877
16 17 4 2 8 877
16 18 4 8 25 877
16 21 4 2 3 877
16 23 4 6 5 877
16 24 4 2 3 877
16 25 4 4 12 877
16 26 4 2 16 877
16 27 4 1 10 877
16 29 4 4 4 877
16 31 4 5 3 877
16 32 4 5 11 877
16 35 4 8 12 877
16 36 4 3 22 877
16 37 4 6 8 877
16 38 4 7 20 877
16 39 4 1 11 877
16 40 4 7 7 877
16 41 4 8 7 877
16 44 4 4 18 877
16 45 4 3 13 877
16 46 4 2 23 877
16 49 4 6 11 877
17 0 2 6 10 435
17 33 2 9 21 435
17 35 2 8 8 435
17 36 2 3 4 435
17 37 2 6 5 435
17 6 2 7 18 435
17 41 2 8 18 435
17 10 2 4 21 435
17 12 2 9 4 435
17 13 2 8 25 435
17 14 2 7 5 435
17 47 2 7 15 435
17 16 2 4 8 435
17 20 2 8 19 435
17 22 2 9 2 435
17 23 2 6 21 435
17 24 2 2 15 435
17 31 2 5 9 435
18 0 8 6 2 698
18 6 8 7 8 698
18 12 8 9 9 698
18 13 8 8 2 698
18 14 8 7 25 698
18 15 8 2 12 698
18 16 8 4 25 698
18 21 8 2 14 698
18 22 8 9 8 698
18 23 8 6 8 698
18 24 8 2 12 698
18 27 8 1 16 698
18 28 8 4 25 698
18 32 8 5 2 698
18 33 8 9 19 698
18 34 8 3 11 698
18 36 8 3 8 698
18 37 8 6 23 698
18 38 8 7 13 698
18 40 8 7 16 698
18 41 8 8 20 698
18 47 8 7 19 698
18 49 8 6 14 698
19 3 6 5 25 830
19 5 6 5 15 830
19 7 6 2 25 830
19 8 6 8 9 830
19 10 6 4 22 830
19 12 6 9 14 830
19 13 6 8 21 830
19 15 6 2 8 830
19 21 6 2 9 830
19 23 6 6 6 830
19 27 6 1 3 830
19 32 6 5 6 830
19 33 6 9 3 830
19 34 6 3 19 830
19 35 6 8 5 830
19 36 6 3 15 830
19 37 6 6 12 830
19 38 6 7 23 830
19 40 6 7 6 830
19 42 6 1 8 830
19 44 6 4 10 830
19 45 6 3 8 830
19 48 6 6 21 830
19 49 6 6 3 830
20 2 8 5 14 416
20 3 8 5 8 416
20 5 8 5 18 416
20 10 8 4 21 416
20 11 8 8 25 416
20 13 8 8 4 416
20 15 8 2 6 416
20 17 8 2 19 416
20 22 8 9 14 416
20 23 8 6 2 416
20 24 8 2 8 416
20 25 8 4 25 416
20 27 8 1 25 416
20 29 8 4 21 416
20 32 8 5 20 416
20 33 8 9 19 416
20 34 8 3 19 416
20 35 8 8 8 416
20 36 8 3 10 416
20 37 8 6 10 416
20 38 8 7 3 416
20 39 8 1 10 416
20 40 8 7 13 416
20 49 8 6 11 416
21 0 2 6 7 492
21 3 2 5 25 492
21 4 2 6 15 492
21 5 2 5 18 492
21 7 2 2 20 492
21 8 2 8 23 492
21 13 2 8 23 492
21 14 2 7 20 492
21 16 2 4 3 492
21 18 2 8 14 492
21 19 2 6 9 492
21 26 2 2 1 492
21 28 2 4 13 492
21 29 2 4 17 492
21 32 2 5 20 492
21 33 2 9 25 492
21 35 2 8 15 492
21 36 2 3 13 492
21 37 2 6 22 492
21 40 2 7 2 492
21 41 2 8 21 492
21 42 2 1 13 492
21 43 2 8 23 492
21 44 2 4 3 492
21 46 2 2 5 492
21 47 2 7 5 492
21 49 2 6 21 492
22 0 9 6 14 58
22 32 9 5 21 58
22 2 9 5 13 58
22 35 9 8 2 58
22 36 9 3 17 58
22 7 9 2 13 58
22 8 9 8 6 58
22 41 9 8 7 58
22 42 9 1 16 58
22 11 9 8 7 58
22 45 9 3 3 58
22 15 9 2 17 58
22 48 9 6 14 58
22 17 9 2 2 58
22 18 9 8 8 58
22 20 9 8 14 58
22 23 9 6 13 58
22 26 9 2 12 58
22 27 9 1 14 58
22 30 9 9 1 58
22 31 9 5 4 58
23 0 6 6 4 684
23 3 6 5 11 684
23 5 6 5 7 684
23 6 6 7 9 684
23 7 6 2 9 684
23 8 6 8 3 684
23 12 6 9 8 684
23 15 6 2 7 684
23 16 6 4 5 684
23 17 6 2 21 684
23 18 6 8 8 684
23 19 6 6 6 684
23 20 6 8 2 684
23 22 6 9 13 684
23 27 6 1 14 684
23 31 6 5 14 684
23 33 6 9 22 684
23 35 6 8 4 684
23 40 6 7 3 684
23 41 6 8 15 684
23 42 6 1 25 684
23 43 6 8 24 684
23 45 6 3 15 684
23 46 6 2 18 684
24 0 2 6 14 815
24 1 2 1 13 815
24 2 2 5 15 815
24 3 2 5 23 815
24 4 2 6 4 815
24 5 2 5 14 815
24 6 2 7 18 815
24 12 2 9 20 815
24 13 2 8 4 815
24 14 2 7 5 815
24 16 2 4 3 815
24 17 2 2 15 815
24 18 2 8 12 815
24 20 2 8 8 815
24 27 2 1 6 815
24 28 2 4 6 815
24 30 2 9 8 815
24 31 2 5 1 815
24 34 2 3 14 815
24 36 2 3 14 815
24 39 2 1 10 815
24 40 2 7 18 815
24 41 2 8 17 815
24 43 2 8 8 815
24 45 2 3 3 815
24 48 2 6 24 815
25 33 4 9 16 655
25 34 4 3 8 655
25 3 4 5 7 655
25 36 4 3 20 655
25 6 4 7 15 655
25 7 4 2 16 655
25 8 4 8 6 655
25 9 4 8 13 655
25 43 4 8 2 655
25 44 4 4 12 655
25 14 4 7 10 655
25 48 4 6 8 655
25 49 4 6 9 655
25 35 4 8 15 655
25 20 4 8 25 655
25 46 4 2 14 655
25 40 4 7 3 655
25 27 4 1 21 655
25 29 4 4 13 655
25 16 4 4 12 655
26 32 2 5 9 733
26 1 2 1 18 733
26 36 2 3 20 733
26 5 2 5 15 733
26 6 2 7 14 733
26 33 2 9 12 733
26 42 2 1 2 733
26 11 2 8 2 733
26 44 2 4 19 733
26 45 2 3 8 733
26 47 2 7 9 733
26 16 2 4 16 733
26 21 2 2 1 733
26 22 2 9 12 733
26 38 2 7 1 733
26 28 2 4 23 733
26 30 2 9 20 733
27 0 1 6 12 714
27 1 1 1 16 714
27 4 1 6 25 714
27 6 1 7 5 714
27 12 1 9 13 714
27 13 1 8 21 714
27 15 1 2 11 714
27 16 1 4 10 714
27 18 1 8 16 714
27 19 1 6 3 714
27 20 1 8 25 714
27 22 1 9 14 714
27 23 1 6 14 714
27 24 1 2 6 714
27 25 1 4 21 714
27 29 1 4 3 714
27 33 1 9 3 714
27 36 1 3 3 714
27 37 1 6 9 714
27 39 1 1 6 714
27 40 1 7 16 714
27 41 1 8 10 714
27 42 1 1 13 714
27 43 1 8 14 714
27 44 1 4 10 714
28 33 4 9 12 754
28 4 4 6 13 754
28 5 4 5 16 754
28 39 4 1 15 754
28 43 4 8 21 754
28 45 4 3 21 754
28 14 4 7 11 754
28 15 4 2 4 754
28 24 4 2 6 754
28 18 4 8 25 754
28 21 4 2 13 754
28 7 4 2 4 754
28 46 4 2 6 754
28 26 4 2 23 754
28 30 4 9 25 754
28 37 4 6 24 754
29 0 4 6 1 345
29 1 4 1 18 345
29 2 4 5 6 345
29 4 4 6 23 345
29 6 4 7 11 345
29 10 4 4 22 345
29 11 4 8 25 345
29 12 4 9 23 345
29 15 4 2 13 345
29 16 4 4 4 345
29 20 4 8 21 345
29 21 4 2 17 345
29 25 4 4 13 345
29 27 4 1 3 345
29 30 4 9 5 345
29 31 4 5 22 345
29 32 4 5 1 345
29 33 4 9 6 345
29 34 4 3 21 345
29 35 4 8 8 345
29 36 4 3 14 345
29 38 4 7 20 345
29 40 4 7 12 345
29 42 4 1 22 345
29 43 4 8 11 345
29 47 4 7 16 345
29 48 4 6 14 345
30 0 9 6 24 995
30 1 9 1 20 995
30 2 9 5 4 995
30 3 9 5 17 995
30 4 9 6 12 995
30 37 9 6 3 995
30 33 9 9 9 995
30 10 9 4 21 995
30 11 9 8 22 995
30 44 9 4 3 995
30 45 9 3 17 995
30 46 9 2 4 995
30 48 9 6 5 995
30 49 9 6 6 995
30 22 9 9 1 995
30 24 9 2 8 995
30 36 9 3 23 995
30 26 9 2 20 995
30 28 9 4 25 995
30 29 9 4 5 995
31 0 5 6 12 250
31 1 5 1 25 250
31 2 5 5 24 250
31 5 5 5 5 250
31 6 5 7 5 250
31 8 5 8 18 250
31 12 5 9 3 250
31 15 5 2 3 250
31 16 5 4 3 250
31 17 5 2 9 250
31 22 5 9 4 250
31 23 5 6 14 250
31 24 5 2 1 250
31 29 5 4 22 250
31 32 5 5 10 250
31 35 5 8 13 250
31 36 5 3 16 250
31 37 5 6 20 250
31 40 5 7 20 250
31 41 5 8 17 250
31 42 5 1 25 250
31 43 5 8 24 250
31 46 5 2 13 250
31 49 5 6 12 250
32 1 5 1 16 312
32 2 5 5 15 312
32 4 5 6 22 312
32 5 5 5 24 312
32 6 5 7 4 312
32 9 5 8 16 312
32 13 5 8 10 312
32 14 5 7 23 312
32 15 5 2 5 312
32 16 5 4 11 312
32 18 5 8 2 312
32 19 5 6 6 312
32 20 5 8 20 312
32 21 5 2 20 312
32 22 5 9 21 312
32 26 5 2 9 312
32 29 5 4 1 312
32 31 5 5 10 312
32 33 5 9 14 312
32 34 5 3 18 312
32 35 5 8 7 312
32 36 5 3 7 312
32 37 5 6 16 312
32 41 5 8 24 312
32 42 5 1 16 312
32 44 5 4 25 312
32 45 5 3 25 312
32 47 5 7 6 312
33 0 9 6 8 815
33 4 9 6 13 815
33 6 9 7 21 815
33 7 9 2 22 815
33 9 9 8 17 815
33 10 9 4 24 815
33 13 9 8 18 815
33 14 9 7 6 815
33 15 9 2 19 815
33 17 9 2 21 815
33 18 9 8 19 815
33 19 9 6 3 815
33 20 9 8 19 815
33 21 9 2 25 815
33 23 9 6 22 815
33 25 9 4 16 815
33 26 9 2 12 815
33 27 9 1 3 815
33 28 9 4 12 815
33 29 9 4 6 815
33 30 9 9 9 815
33 32 9 5 14 815
33 34 9 3 3 815
33 36 9 3 16 815
33 38 9 7 21 815
33 39 9 1 7 815
33 40 9 7 18 815
33 42 9 1 22 815
33 43 9 8 15 815
33 45 9 3 16 815
33 48 9 6 22 815
33 49 9 6 19 815
34 0 3 6 22 737
34 32 3 5 18 737
34 2 3 5 17 737
34 35 3 8 19 737
34 38 3 7 13 737
34 6 3 7 20 737
34 33 3 9 3 737
34 8 3 8 8 737
34 42 3 1 1 737
34 39 3 1 10 737
34 45 3 3 17 737
34 15 3 2 23 737
34 40 3 7 19 737
34 18 3 8 11 737
34 19 3 6 19 737
34 20 3 8 19 737
34 24 3 2 14 737
34 25 3 4 8 737
34 49 3 6 17 737
34 29 3 4 21 737
35 0 8 6 24 394
35 1 8 1 21 394
35 4 8 6 10 394
35 5 8 5 22 394
35 6 8 7 3 394
35 10 8 4 24 394
35 12 8 9 7 394
35 13 8 8 9 394
35 14 8 7 19 394
35 16 8 4 12 394
35 17 8 2 8 394
35 19 8 6 5 394
35 20 8 8 8 394
35 21 8 2 15 394
35 22 8 9 2 394
35 23 8 6 4 394
35 25 8 4 15 394
35 29 8 4 8 394
35 31 8 5 13 394
35 32 8 5 7 394
35 34 8 3 19 394
35 36 8 3 7 394
35 37 8 6 7 394
35 39 8 1 21 394
35 40 8 7 10 394
35 45 8 3 17 394
35 47 8 7 5 394
36 0 3 6 11 142
36 1 3 1 18 142
36 4 3 6 4 142
36 5 3 5 20 142
36 7 3 2 5 142
36 10 3 4 7 142
36 12 3 9 1 142
36 13 3 8 18 142
36 14 3 7 20 142
36 15 3 2 14 142
36 16 3 4 22 142
36 17 3 2 4 142
36 18 3 8 8 142
36 19 3 6 15 142
36 20 3 8 10 142
36 21 3 2 13 142
36 22 3 9 17 142
36 24 3 2 14 142
36 25 3 4 20 142
36 26 3 2 20 142
36 27 3 1 3 142
36 29 3 4 14 142
36 30 3 9 23 142
36 31 3 5 16 142
36 32 3 5 7 142
36 33 3 9 16 142
36 35 3 8 7 142
36 37 3 6 19 142
36 38 3 7 23 142
36 39 3 1 2 142
36 43 3 8 15 142
36 46 3 2 3 142
36 48 3 6 6 142
36 49 3 6 2 142
37 3 6 5 18 303
37 4 6 6 5 303
37 6 6 7 8 303
37 9 6 8 18 303
37 13 6 8 18 303
37 15 6 2 13 303
37 16 6 4 8 303
37 17 6 2 5 303
37 18 6 8 23 303
37 19 6 6 12 303
37 20 6 8 10 303
37 21 6 2 22 303
37 27 6 1 9 303
37 28 6 4 24 303
37 30 6 9 3 303
37 31 6 5 20 303
37 32 6 5 16 303
37 35 6 8 7 303
37 36 6 3 19 303
37 39 6 1 19 303
37 40 6 7 24 303
37 41 6 8 20 303
37 47 6 7 2 303
38 0 7 6 11 797
38 1 7 1 21 797
38 2 7 5 6 797
38 3 7 5 15 797
38 4 7 6 24 797
38 5 7 5 25 797
38 6 7 7 17 797
38 8 7 8 22 797
38 9 7 8 17 797
38 10 7 4 6 797
38 11 7 8 14 797
38 12 7 9 9 797
38 16 7 4 20 797
38 18 7 8 13 797
38 19 7 6 23 797
38 20 7 8 3 797
38 26 7 2 1 797
38 29 7 4 20 797
38 33 7 9 21 797
38 34 7 3 13 797
38 36 7 3 23 797
38 40 7 7 19 797
38 41 7 8 24 797
38 43 7 8 6 797
39 1 1 1 24 759
39 2 1 5 25 759
39 43 1 8 10 759
39 36 1 3 2 759
39 37 1 6 19 759
39 33 1 9 7 759
39 9 1 8 10 759
39 11 1 8 7 759
39 12 1 9 22 759
39 34 1 3 10 759
39 14 1 7 2 759
39 13 1 8 23 759
39 16 1 4 11 759
39 49 1 6 23 759
39 35 1 8 21 759
39 20 1 8 10 759
39 46 1 2 5 759
39 27 1 1 6 759
39 24 1 2 10 759
39 47 1 7 12 759
39 28 1 4 15 759
40 5 7 5 16 421
40 6 7 7 6 421
40 8 7 8 19 421
40 9 7 8 3 421
40 11 7 8 18 421
40 12 7 9 25 421
40 13 7 8 25 421
40 14 7 7 3 421
40 15 7 2 24 421
40 16 7 4 7 421
40 18 7 8 16 421
40 19 7 6 6 421
40 20 7 8 13 421
40 21 7 2 2 421
40 23 7 6 3 421
40 24 7 2 18 421
40 25 7 4 3 421
40 27 7 1 16 421
40 29 7 4 12 421
40 31 7 5 20 421
40 33 7 9 18 421
40 34 7 3 19 421
40 35 7 8 10 421
40 37 7 6 24 421
40 38 7 7 19 421
40 44 7 4 14 421
40 46 7 2 20 421
41 0 8 6 18 337
41 1 8 1 17 337
41 2 8 5 13 337
41 3 8 5 14 337
41 4 8 6 7 337
41 5 8 5 16 337
41 6 8 7 10 337
41 7 8 2 6 337
41 9 8 8 2 337
41 11 8 8 6 337
41 13 8 8 21 337
41 14 8 7 2 337
41 16 8 4 7 337
41 17 8 2 18 337
41 18 8 8 20 337
41 21 8 2 21 337
41 22 8 9 7 337
41 23 8 6 15 337
41 24 8 2 17 337
41 27 8 1 10 337
41 31 8 5 17 337
41 32 8 5 24 337
41 37 8 6 20 337
41 38 8 7 24 337
41 42 8 1 24 337
41 45 8 3 18 337
41 48 8 6 1 337
42 2 1 5 5 994
42 4 1 6 13 994
42 5 1 5 15 994
42 6 1 7 18 994
42 7 1 2 2 994
42 9 1 8 13 994
42 11 1 8 12 994
42 14 1 7 2 994
42 15 1 2 22 994
42 19 1 6 8 994
42 21 1 2 13 994
42 22 1 9 16 994
42 23 1 6 25 994
42 26 1 2 2 994
42 27 1 1 13 994
42 29 1 4 22 994
42 31 1 5 25 994
42 32 1 5 16 994
42 33 1 9 22 994
42 34 1 3 1 994
42 41 1 8 24 994
42 47 1 7 4 994
42 49 1 6 5 994
43 0 8 6 3 562
43 2 8 5 21 562
43 3 8 5 11 562
43 4 8 6 17 562
43 6 8 7 13 562
43 9 8 8 2 562
43 10 8 4 2 562
43 13 8 8 21 562
43 15 8 2 20 562
43 21 8 2 23 562
43 23 8 6 24 562
43 24 8 2 8 562
43 25 8 4 2 562
43 27 8 1 14 562
43 28 8 4 21 562
43 29 8 4 11 562
43 31 8 5 24 562
43 33 8 9 15 562
43 36 8 3 15 562
43 38 8 7 6 562
43 39 8 1 10 562
43 44 8 4 9 562
43 45 8 3 4 562
43 47 8 7 18 562
43 48 8 6 13 562
44 1 4 1 9 543
44 3 4 5 6 543
44 7 4 2 25 543
44 8 4 8 11 543
44 10 4 4 24 543
44 12 4 9 1 543
44 13 4 8 20 543
44 14 4 7 23 543
44 15 4 2 6 543
44 16 4 4 18 543
44 19 4 6 10 543
44 21 4 2 3 543
44 25 4 4 12 543
44 26 4 2 19 543
44 27 4 1 10 543
44 30 4 9 3 543
44 32 4 5 25 543
44 40 4 7 14 543
44 43 4 8 9 543
44 45 4 3 14 543
44 46 4 2 14 543
44 49 4 6 3 543
45 0 3 6 8 863
45 1 3 1 2 863
45 2 3 5 19 863
45 3 3 5 10 863
45 5 3 5 24 863
45 6 3 7 17 863
45 7 3 2 14 863
45 8 3 8 17 863
45 9 3 8 1 863
45 12 3 9 18 863
45 14 3 7 2 863
45 15 3 2 22 863
45 16 3 4 13 863
45 19 3 6 8 863
45 22 3 9 3 863
45 23 3 6 15 863
45 24 3 2 3 863
45 26 3 2 8 863
45 28 3 4 21 863
45 30 3 9 17 863
45 32 3 5 25 863
45 33 3 9 16 863
45 34 3 3 17 863
45 35 3 8 17 863
45 41 3 8 18 863
45 43 3 8 4 863
45 44 3 4 14 863
45 48 3 6 23 863
46 2 2 5 15 325
46 36 2 3 3 325
46 5 2 5 20 325
46 7 2 2 2 325
46 40 2 7 20 325
46 12 2 9 19 325
46 10 2 4 24 325
46 39 2 1 5 325
46 44 2 4 14 325
46 13 2 8 22 325
46 14 2 7 3 325
46 47 2 7 8 325
46 16 2 4 23 325
46 21 2 2 5 325
46 23 2 6 18 325
46 25 2 4 14 325
46 28 2 4 6 325
46 30 2 9 4 325
46 31 2 5 13 325
47 32 7 5 6 255
47 3 7 5 4 255
47 5 7 5 17 255
47 7 7 2 2 255
47 8 7 8 20 255
47 42 7 1 4 255
47 39 7 1 12 255
47 12 7 9 25 255
47 13 7 8 25 255
47 46 7 2 8 255
47 17 7 2 15 255
47 18 7 8 19 255
47 35 7 8 5 255
47 21 7 2 5 255
47 43 7 8 18 255
47 26 7 2 9 255
47 29 7 4 16 255
47 37 7 6 2 255
48 1 6 1 23 505
48 2 6 5 3 505
48 3 6 5 16 505
48 36 6 3 6 505
48 5 6 5 22 505
48 6 6 7 19 505
48 7 6 2 19 505
48 41 6 8 1 505
48 10 6 4 12 505
48 11 6 8 1 505
48 13 6 8 9 505
48 45 6 3 23 505
48 43 6 8 13 505
48 19 6 6 21 505
48 22 6 9 14 505
48 24 6 2 24 505
48 25 6 4 8 505
48 33 6 9 22 505
48 29 6 4 14 505
48 30 6 9 5 505
49 0 6 6 21 607
49 1 6 1 1 607
49 2 6 5 7 607
49 4 6 6 23 607
49 5 6 5 17 607
49 6 6 7 10 607
49 8 6 8 24 607
49 9 6 8 25 607
49 12 6 9 23 607
49 14 6 7 7 607
49 15 6 2 16 607
49 16 6 4 11 607
49 18 6 8 14 607
49 19 6 6 3 607
49 20 6 8 11 607
49 21 6 2 21 607
49 25 6 4 9 607
49 30 6 9 6 607
49 31 6 5 12 607
49 33 6 9 19 607
49 34 6 3 17 607
49 36 6 3 2 607
49 39 6 1 23 607
49 42 6 1 5 607
49 44 6 4 3 607
