capacity  cost_by_node
nb_functions 8
19 58 46 74 100 24 54 84 39 95 24 42 33 20 55 86 58 26 69 79 58 15 91 71 49 78 49 13 29 30 75 29 92 67 70 83 30 54 85 58 85 12 21 26 61 46 99 44 33 94 66 
9 87 54 42 32 89 34 95 53 41 82 89 50 98 52 87 44 96 52 44 84 76 52 18 20 68 39 39 34 73 73 32 58 52 83 49 52 89 79 99 15 78 100 50 49 73 56 24 96 43 96 
16 18 98 41 34 37 12 50 77 12 33 14 99 59 84 97 89 62 36 59 35 33 70 59 36 96 56 25 69 21 50 48 19 100 98 92 30 32 88 27 41 50 47 71 57 10 71 100 52 75 23 
13 85 33 92 31 57 73 64 99 10 13 43 26 17 83 56 80 88 22 54 85 45 73 55 89 41 89 56 14 83 72 36 48 57 30 63 84 61 72 49 61 60 14 16 72 41 20 37 30 87 93 
19 29 20 82 16 80 83 45 79 61 19 32 12 39 92 93 100 85 69 49 100 68 19 45 54 49 19 90 82 41 80 79 79 24 24 42 55 94 25 79 93 75 28 39 22 100 88 72 67 52 86 
16 97 50 84 43 23 17 59 27 51 65 77 56 11 52 38 75 100 21 83 45 50 31 82 59 28 70 49 86 34 96 35 60 14 75 82 32 60 41 51 65 71 73 59 65 58 83 59 10 33 32 
17 87 59 95 58 99 84 65 72 59 59 70 40 47 57 99 56 97 66 13 70 25 74 65 32 52 63 26 100 36 72 45 63 56 85 50 70 34 89 53 94 51 98 62 54 56 58 68 37 80 43 
10 42 86 56 20 35 45 16 12 59 53 74 42 42 30 55 27 68 32 96 57 59 11 81 31 29 62 32 57 98 95 15 44 90 81 37 10 11 82 38 100 55 12 48 99 35 65 23 14 19 72 
