Node_1 Node_2 Capacity_node1 Capacity_node2 Latency_arc node_cost
nb_nodes 100
nb_arcs 4910
0 1 2 6 12 258
0 3 2 1 15 258
0 4 2 3 9 258
0 7 2 8 22 258
0 8 2 3 9 258
0 9 2 6 3 258
0 11 2 6 2 258
0 12 2 7 3 258
0 13 2 6 17 258
0 15 2 8 1 258
0 18 2 8 9 258
0 19 2 2 8 258
0 20 2 7 10 258
0 22 2 7 10 258
0 24 2 4 23 258
0 25 2 2 19 258
0 28 2 2 24 258
0 30 2 2 21 258
0 32 2 7 18 258
0 33 2 3 19 258
0 34 2 4 20 258
0 35 2 7 25 258
0 38 2 1 16 258
0 39 2 3 25 258
0 43 2 1 5 258
0 44 2 4 16 258
0 47 2 7 9 258
0 50 2 1 18 258
0 51 2 5 20 258
0 52 2 7 18 258
0 53 2 4 7 258
0 54 2 7 17 258
0 55 2 6 24 258
0 56 2 3 11 258
0 57 2 4 3 258
0 58 2 2 8 258
0 59 2 7 22 258
0 60 2 4 13 258
0 63 2 8 10 258
0 67 2 6 15 258
0 68 2 6 8 258
0 69 2 5 1 258
0 70 2 2 16 258
0 71 2 5 24 258
0 72 2 2 14 258
0 75 2 3 25 258
0 77 2 4 14 258
0 78 2 4 4 258
0 79 2 2 9 258
0 81 2 6 11 258
0 82 2 2 4 258
0 85 2 4 5 258
0 87 2 8 9 258
0 88 2 7 23 258
0 89 2 4 7 258
0 92 2 6 14 258
0 93 2 7 17 258
0 96 2 6 22 258
1 0 6 2 12 464
1 3 6 1 11 464
1 4 6 3 7 464
1 5 6 1 9 464
1 8 6 3 16 464
1 9 6 6 17 464
1 11 6 6 19 464
1 14 6 5 7 464
1 15 6 8 14 464
1 16 6 1 18 464
1 18 6 8 20 464
1 20 6 7 25 464
1 22 6 7 23 464
1 24 6 4 23 464
1 25 6 2 17 464
1 29 6 3 19 464
1 30 6 2 7 464
1 31 6 8 18 464
1 32 6 7 2 464
1 34 6 4 9 464
1 38 6 1 5 464
1 41 6 4 12 464
1 43 6 1 6 464
1 45 6 1 7 464
1 46 6 7 13 464
1 47 6 7 11 464
1 48 6 2 17 464
1 51 6 5 21 464
1 52 6 7 18 464
1 53 6 4 1 464
1 54 6 7 14 464
1 55 6 6 9 464
1 56 6 3 2 464
1 57 6 4 1 464
1 58 6 2 6 464
1 59 6 7 5 464
1 60 6 4 10 464
1 61 6 5 4 464
1 62 6 6 13 464
1 63 6 8 19 464
1 69 6 5 21 464
1 70 6 2 1 464
1 72 6 2 16 464
1 73 6 5 23 464
1 75 6 3 12 464
1 76 6 6 16 464
1 77 6 4 21 464
1 78 6 4 20 464
1 79 6 2 18 464
1 81 6 6 3 464
1 82 6 2 8 464
1 83 6 8 16 464
1 85 6 4 4 464
1 87 6 8 15 464
1 88 6 7 2 464
1 89 6 4 8 464
1 90 6 7 5 464
1 95 6 5 22 464
1 96 6 6 7 464
1 97 6 3 22 464
1 99 6 5 3 464
2 3 3 1 22 685
2 4 3 3 4 685
2 5 3 1 14 685
2 9 3 6 9 685
2 10 3 7 17 685
2 11 3 6 12 685
2 13 3 6 16 685
2 15 3 8 16 685
2 16 3 1 10 685
2 17 3 8 17 685
2 18 3 8 17 685
2 20 3 7 10 685
2 23 3 1 16 685
2 25 3 2 14 685
2 26 3 4 19 685
2 31 3 8 12 685
2 32 3 7 3 685
2 33 3 3 23 685
2 37 3 3 18 685
2 38 3 1 9 685
2 39 3 3 10 685
2 40 3 7 18 685
2 41 3 4 6 685
2 43 3 1 4 685
2 45 3 1 7 685
2 46 3 7 20 685
2 47 3 7 5 685
2 51 3 5 24 685
2 53 3 4 11 685
2 54 3 7 20 685
2 56 3 3 18 685
2 60 3 4 23 685
2 64 3 6 25 685
2 66 3 1 9 685
2 67 3 6 16 685
2 68 3 6 4 685
2 71 3 5 8 685
2 73 3 5 2 685
2 83 3 8 21 685
2 86 3 6 6 685
2 89 3 4 10 685
2 90 3 7 9 685
2 91 3 7 22 685
2 95 3 5 1 685
2 96 3 6 19 685
2 98 3 5 1 685
2 99 3 5 7 685
3 0 1 2 15 148
3 1 1 6 11 148
3 2 1 3 22 148
3 5 1 1 17 148
3 6 1 7 23 148
3 7 1 8 23 148
3 8 1 3 16 148
3 11 1 6 25 148
3 14 1 5 25 148
3 15 1 8 1 148
3 16 1 1 19 148
3 17 1 8 9 148
3 20 1 7 16 148
3 21 1 1 2 148
3 23 1 1 16 148
3 26 1 4 14 148
3 31 1 8 6 148
3 35 1 7 12 148
3 39 1 3 14 148
3 43 1 1 7 148
3 44 1 4 1 148
3 46 1 7 7 148
3 49 1 1 21 148
3 50 1 1 3 148
3 53 1 4 25 148
3 54 1 7 1 148
3 56 1 3 23 148
3 61 1 5 21 148
3 62 1 6 7 148
3 64 1 6 16 148
3 72 1 2 10 148
3 73 1 5 3 148
3 74 1 6 2 148
3 76 1 6 4 148
3 78 1 4 18 148
3 83 1 8 19 148
3 86 1 6 19 148
3 87 1 8 19 148
3 88 1 7 9 148
3 89 1 4 4 148
3 90 1 7 20 148
3 93 1 7 25 148
3 95 1 5 25 148
3 98 1 5 6 148
3 99 1 5 15 148
4 0 3 2 9 717
4 1 3 6 7 717
4 2 3 3 4 717
4 5 3 1 15 717
4 10 3 7 1 717
4 14 3 5 1 717
4 18 3 8 4 717
4 19 3 2 1 717
4 22 3 7 10 717
4 23 3 1 23 717
4 24 3 4 15 717
4 25 3 2 15 717
4 27 3 7 2 717
4 28 3 2 13 717
4 29 3 3 9 717
4 33 3 3 13 717
4 34 3 4 4 717
4 41 3 4 14 717
4 42 3 6 4 717
4 43 3 1 5 717
4 45 3 1 10 717
4 49 3 1 25 717
4 52 3 7 4 717
4 54 3 7 8 717
4 56 3 3 20 717
4 58 3 2 21 717
4 62 3 6 19 717
4 63 3 8 3 717
4 64 3 6 22 717
4 65 3 8 25 717
4 69 3 5 8 717
4 71 3 5 2 717
4 73 3 5 6 717
4 76 3 6 5 717
4 78 3 4 16 717
4 79 3 2 9 717
4 80 3 4 18 717
4 81 3 6 19 717
4 83 3 8 7 717
4 84 3 8 13 717
4 85 3 4 6 717
4 89 3 4 24 717
4 93 3 7 23 717
4 94 3 2 18 717
4 96 3 6 10 717
4 99 3 5 8 717
5 1 1 6 9 163
5 2 1 3 14 163
5 3 1 1 17 163
5 4 1 3 15 163
5 7 1 8 3 163
5 8 1 3 14 163
5 9 1 6 23 163
5 11 1 6 2 163
5 12 1 7 8 163
5 14 1 5 18 163
5 16 1 1 13 163
5 17 1 8 19 163
5 20 1 7 20 163
5 21 1 1 3 163
5 22 1 7 4 163
5 24 1 4 20 163
5 25 1 2 2 163
5 26 1 4 1 163
5 27 1 7 1 163
5 29 1 3 10 163
5 30 1 2 8 163
5 32 1 7 22 163
5 35 1 7 25 163
5 41 1 4 5 163
5 42 1 6 8 163
5 44 1 4 5 163
5 45 1 1 25 163
5 47 1 7 6 163
5 53 1 4 12 163
5 55 1 6 13 163
5 56 1 3 13 163
5 58 1 2 22 163
5 60 1 4 4 163
5 61 1 5 6 163
5 63 1 8 22 163
5 64 1 6 18 163
5 66 1 1 5 163
5 72 1 2 2 163
5 73 1 5 16 163
5 75 1 3 6 163
5 78 1 4 11 163
5 80 1 4 15 163
5 81 1 6 20 163
5 82 1 2 7 163
5 85 1 4 15 163
5 88 1 7 4 163
5 93 1 7 8 163
5 94 1 2 18 163
5 95 1 5 20 163
5 96 1 6 7 163
5 97 1 3 2 163
5 99 1 5 19 163
6 3 7 1 23 713
6 7 7 8 8 713
6 8 7 3 8 713
6 10 7 7 24 713
6 13 7 6 23 713
6 14 7 5 16 713
6 16 7 1 6 713
6 17 7 8 11 713
6 21 7 1 18 713
6 22 7 7 3 713
6 25 7 2 20 713
6 27 7 7 20 713
6 28 7 2 22 713
6 31 7 8 8 713
6 32 7 7 23 713
6 33 7 3 11 713
6 34 7 4 3 713
6 35 7 7 1 713
6 36 7 7 23 713
6 37 7 3 25 713
6 39 7 3 7 713
6 40 7 7 14 713
6 41 7 4 24 713
6 42 7 6 10 713
6 43 7 1 21 713
6 44 7 4 13 713
6 46 7 7 22 713
6 47 7 7 23 713
6 51 7 5 14 713
6 52 7 7 15 713
6 54 7 7 16 713
6 56 7 3 3 713
6 59 7 7 9 713
6 65 7 8 21 713
6 66 7 1 21 713
6 67 7 6 1 713
6 69 7 5 4 713
6 70 7 2 15 713
6 71 7 5 10 713
6 72 7 2 7 713
6 73 7 5 24 713
6 74 7 6 2 713
6 76 7 6 1 713
6 79 7 2 8 713
6 81 7 6 16 713
6 85 7 4 14 713
6 86 7 6 9 713
6 87 7 8 12 713
6 90 7 7 16 713
6 91 7 7 20 713
6 92 7 6 25 713
6 93 7 7 23 713
6 95 7 5 13 713
6 96 7 6 11 713
6 97 7 3 1 713
6 98 7 5 21 713
6 99 7 5 16 713
7 0 8 2 22 453
7 3 8 1 23 453
7 5 8 1 3 453
7 6 8 7 8 453
7 14 8 5 12 453
7 16 8 1 3 453
7 20 8 7 8 453
7 22 8 7 12 453
7 24 8 4 11 453
7 28 8 2 23 453
7 29 8 3 15 453
7 30 8 2 19 453
7 33 8 3 2 453
7 34 8 4 2 453
7 35 8 7 15 453
7 36 8 7 8 453
7 37 8 3 15 453
7 38 8 1 9 453
7 39 8 3 21 453
7 41 8 4 11 453
7 49 8 1 17 453
7 51 8 5 23 453
7 55 8 6 17 453
7 56 8 3 22 453
7 59 8 7 24 453
7 60 8 4 6 453
7 61 8 5 22 453
7 65 8 8 19 453
7 77 8 4 8 453
7 78 8 4 7 453
7 79 8 2 24 453
7 80 8 4 11 453
7 84 8 8 2 453
7 85 8 4 2 453
7 86 8 6 18 453
7 87 8 8 20 453
7 89 8 4 17 453
7 93 8 7 10 453
7 94 8 2 16 453
7 97 8 3 1 453
7 99 8 5 15 453
8 0 3 2 9 495
8 1 3 6 16 495
8 3 3 1 16 495
8 5 3 1 14 495
8 6 3 7 8 495
8 11 3 6 2 495
8 17 3 8 18 495
8 19 3 2 13 495
8 20 3 7 25 495
8 24 3 4 24 495
8 28 3 2 3 495
8 30 3 2 6 495
8 32 3 7 23 495
8 35 3 7 7 495
8 43 3 1 8 495
8 44 3 4 17 495
8 45 3 1 12 495
8 49 3 1 7 495
8 51 3 5 12 495
8 53 3 4 24 495
8 54 3 7 14 495
8 57 3 4 10 495
8 58 3 2 17 495
8 59 3 7 22 495
8 65 3 8 4 495
8 66 3 1 25 495
8 67 3 6 19 495
8 68 3 6 6 495
8 69 3 5 3 495
8 71 3 5 16 495
8 73 3 5 21 495
8 74 3 6 11 495
8 75 3 3 13 495
8 78 3 4 14 495
8 81 3 6 17 495
8 82 3 2 22 495
8 86 3 6 19 495
8 90 3 7 11 495
8 91 3 7 10 495
8 93 3 7 25 495
8 95 3 5 19 495
8 96 3 6 20 495
8 97 3 3 25 495
8 98 3 5 12 495
9 0 6 2 3 447
9 1 6 6 17 447
9 2 6 3 9 447
9 5 6 1 23 447
9 10 6 7 20 447
9 17 6 8 3 447
9 18 6 8 3 447
9 26 6 4 9 447
9 30 6 2 2 447
9 32 6 7 2 447
9 33 6 3 22 447
9 38 6 1 18 447
9 40 6 7 4 447
9 43 6 1 18 447
9 44 6 4 14 447
9 45 6 1 23 447
9 47 6 7 11 447
9 48 6 2 3 447
9 50 6 1 20 447
9 54 6 7 10 447
9 55 6 6 23 447
9 56 6 3 7 447
9 57 6 4 5 447
9 64 6 6 3 447
9 65 6 8 14 447
9 66 6 1 24 447
9 67 6 6 22 447
9 68 6 6 1 447
9 70 6 2 16 447
9 71 6 5 1 447
9 72 6 2 2 447
9 73 6 5 9 447
9 75 6 3 14 447
9 77 6 4 10 447
9 83 6 8 20 447
9 85 6 4 8 447
9 87 6 8 2 447
9 89 6 4 9 447
9 90 6 7 16 447
9 92 6 6 10 447
9 93 6 7 6 447
9 94 6 2 20 447
9 95 6 5 9 447
9 96 6 6 10 447
9 97 6 3 2 447
9 98 6 5 21 447
10 2 7 3 17 429
10 4 7 3 1 429
10 6 7 7 24 429
10 9 7 6 20 429
10 11 7 6 17 429
10 12 7 7 7 429
10 13 7 6 14 429
10 15 7 8 20 429
10 16 7 1 1 429
10 17 7 8 24 429
10 18 7 8 12 429
10 19 7 2 19 429
10 20 7 7 17 429
10 21 7 1 23 429
10 22 7 7 2 429
10 24 7 4 18 429
10 25 7 2 2 429
10 26 7 4 20 429
10 27 7 7 12 429
10 29 7 3 15 429
10 30 7 2 10 429
10 34 7 4 6 429
10 35 7 7 18 429
10 40 7 7 17 429
10 41 7 4 6 429
10 42 7 6 5 429
10 43 7 1 15 429
10 47 7 7 17 429
10 48 7 2 25 429
10 49 7 1 9 429
10 51 7 5 14 429
10 56 7 3 4 429
10 58 7 2 24 429
10 62 7 6 23 429
10 64 7 6 12 429
10 65 7 8 6 429
10 67 7 6 24 429
10 70 7 2 7 429
10 73 7 5 22 429
10 76 7 6 5 429
10 77 7 4 21 429
10 79 7 2 14 429
10 80 7 4 12 429
10 82 7 2 19 429
10 86 7 6 23 429
10 87 7 8 15 429
10 93 7 7 24 429
10 94 7 2 1 429
10 99 7 5 18 429
11 0 6 2 2 749
11 1 6 6 19 749
11 2 6 3 12 749
11 3 6 1 25 749
11 5 6 1 2 749
11 8 6 3 2 749
11 10 6 7 17 749
11 12 6 7 22 749
11 13 6 6 8 749
11 15 6 8 20 749
11 17 6 8 25 749
11 18 6 8 10 749
11 23 6 1 13 749
11 27 6 7 12 749
11 31 6 8 25 749
11 38 6 1 1 749
11 39 6 3 10 749
11 41 6 4 25 749
11 43 6 1 22 749
11 44 6 4 10 749
11 47 6 7 24 749
11 48 6 2 5 749
11 49 6 1 1 749
11 50 6 1 21 749
11 51 6 5 9 749
11 56 6 3 2 749
11 59 6 7 22 749
11 60 6 4 14 749
11 66 6 1 21 749
11 70 6 2 25 749
11 71 6 5 15 749
11 73 6 5 3 749
11 74 6 6 13 749
11 76 6 6 15 749
11 77 6 4 19 749
11 78 6 4 17 749
11 79 6 2 3 749
11 80 6 4 6 749
11 85 6 4 21 749
11 87 6 8 22 749
11 89 6 4 24 749
11 90 6 7 25 749
11 91 6 7 24 749
11 92 6 6 16 749
11 93 6 7 14 749
12 0 7 2 3 817
12 5 7 1 8 817
12 10 7 7 7 817
12 11 7 6 22 817
12 13 7 6 12 817
12 14 7 5 13 817
12 16 7 1 21 817
12 17 7 8 3 817
12 18 7 8 17 817
12 19 7 2 18 817
12 20 7 7 22 817
12 21 7 1 15 817
12 25 7 2 10 817
12 27 7 7 18 817
12 30 7 2 7 817
12 34 7 4 13 817
12 35 7 7 4 817
12 37 7 3 20 817
12 38 7 1 24 817
12 39 7 3 6 817
12 40 7 7 12 817
12 42 7 6 8 817
12 43 7 1 15 817
12 44 7 4 21 817
12 47 7 7 7 817
12 50 7 1 6 817
12 51 7 5 18 817
12 53 7 4 22 817
12 56 7 3 24 817
12 59 7 7 4 817
12 64 7 6 13 817
12 65 7 8 8 817
12 68 7 6 2 817
12 70 7 2 17 817
12 71 7 5 23 817
12 79 7 2 13 817
12 80 7 4 10 817
12 84 7 8 10 817
12 90 7 7 10 817
12 92 7 6 9 817
12 93 7 7 23 817
12 94 7 2 1 817
12 95 7 5 15 817
12 96 7 6 18 817
13 0 6 2 17 850
13 2 6 3 16 850
13 6 6 7 23 850
13 10 6 7 14 850
13 11 6 6 8 850
13 12 6 7 12 850
13 15 6 8 23 850
13 20 6 7 18 850
13 21 6 1 3 850
13 22 6 7 14 850
13 26 6 4 15 850
13 30 6 2 2 850
13 34 6 4 12 850
13 35 6 7 17 850
13 37 6 3 25 850
13 39 6 3 6 850
13 42 6 6 14 850
13 46 6 7 4 850
13 48 6 2 5 850
13 50 6 1 21 850
13 51 6 5 14 850
13 56 6 3 13 850
13 57 6 4 18 850
13 60 6 4 3 850
13 63 6 8 9 850
13 64 6 6 2 850
13 66 6 1 15 850
13 67 6 6 4 850
13 68 6 6 17 850
13 69 6 5 1 850
13 70 6 2 13 850
13 74 6 6 3 850
13 75 6 3 20 850
13 76 6 6 16 850
13 77 6 4 10 850
13 79 6 2 6 850
13 80 6 4 17 850
13 81 6 6 10 850
13 83 6 8 9 850
13 88 6 7 5 850
13 89 6 4 15 850
13 90 6 7 14 850
13 91 6 7 22 850
13 92 6 6 2 850
13 94 6 2 3 850
13 95 6 5 7 850
13 98 6 5 16 850
14 1 5 6 7 95
14 3 5 1 25 95
14 4 5 3 1 95
14 5 5 1 18 95
14 6 5 7 16 95
14 7 5 8 12 95
14 12 5 7 13 95
14 15 5 8 2 95
14 16 5 1 2 95
14 17 5 8 25 95
14 19 5 2 4 95
14 20 5 7 6 95
14 22 5 7 10 95
14 24 5 4 5 95
14 25 5 2 22 95
14 27 5 7 15 95
14 28 5 2 4 95
14 29 5 3 9 95
14 30 5 2 17 95
14 33 5 3 8 95
14 34 5 4 4 95
14 36 5 7 7 95
14 40 5 7 3 95
14 43 5 1 24 95
14 47 5 7 5 95
14 48 5 2 4 95
14 49 5 1 11 95
14 52 5 7 1 95
14 53 5 4 12 95
14 57 5 4 10 95
14 59 5 7 13 95
14 60 5 4 25 95
14 61 5 5 1 95
14 62 5 6 16 95
14 65 5 8 12 95
14 68 5 6 18 95
14 70 5 2 15 95
14 72 5 2 8 95
14 73 5 5 18 95
14 74 5 6 16 95
14 76 5 6 9 95
14 77 5 4 18 95
14 79 5 2 4 95
14 81 5 6 1 95
14 84 5 8 3 95
14 87 5 8 20 95
14 90 5 7 1 95
14 92 5 6 17 95
14 96 5 6 13 95
14 97 5 3 11 95
15 0 8 2 1 421
15 1 8 6 14 421
15 2 8 3 16 421
15 3 8 1 1 421
15 10 8 7 20 421
15 11 8 6 20 421
15 13 8 6 23 421
15 14 8 5 2 421
15 16 8 1 7 421
15 18 8 8 15 421
15 21 8 1 6 421
15 25 8 2 5 421
15 26 8 4 2 421
15 27 8 7 21 421
15 30 8 2 18 421
15 31 8 8 7 421
15 32 8 7 5 421
15 35 8 7 25 421
15 36 8 7 10 421
15 39 8 3 10 421
15 40 8 7 22 421
15 43 8 1 17 421
15 45 8 1 10 421
15 46 8 7 11 421
15 47 8 7 10 421
15 50 8 1 7 421
15 51 8 5 24 421
15 56 8 3 1 421
15 59 8 7 9 421
15 60 8 4 20 421
15 64 8 6 18 421
15 66 8 1 17 421
15 67 8 6 25 421
15 68 8 6 6 421
15 69 8 5 11 421
15 70 8 2 23 421
15 72 8 2 22 421
15 76 8 6 14 421
15 78 8 4 10 421
15 79 8 2 7 421
15 84 8 8 3 421
15 85 8 4 16 421
15 89 8 4 9 421
15 94 8 2 5 421
15 95 8 5 20 421
15 96 8 6 19 421
15 97 8 3 5 421
16 1 1 6 18 426
16 2 1 3 10 426
16 3 1 1 19 426
16 5 1 1 13 426
16 6 1 7 6 426
16 7 1 8 3 426
16 10 1 7 1 426
16 12 1 7 21 426
16 14 1 5 2 426
16 15 1 8 7 426
16 17 1 8 14 426
16 18 1 8 3 426
16 19 1 2 7 426
16 20 1 7 18 426
16 21 1 1 16 426
16 25 1 2 11 426
16 27 1 7 13 426
16 28 1 2 23 426
16 29 1 3 14 426
16 32 1 7 6 426
16 34 1 4 9 426
16 37 1 3 25 426
16 38 1 1 9 426
16 40 1 7 14 426
16 41 1 4 19 426
16 42 1 6 6 426
16 43 1 1 3 426
16 44 1 4 16 426
16 46 1 7 4 426
16 48 1 2 16 426
16 49 1 1 10 426
16 50 1 1 9 426
16 51 1 5 24 426
16 52 1 7 4 426
16 53 1 4 22 426
16 54 1 7 8 426
16 56 1 3 18 426
16 57 1 4 19 426
16 61 1 5 20 426
16 62 1 6 11 426
16 63 1 8 5 426
16 65 1 8 10 426
16 69 1 5 13 426
16 70 1 2 10 426
16 74 1 6 8 426
16 75 1 3 20 426
16 76 1 6 8 426
16 77 1 4 20 426
16 78 1 4 23 426
16 85 1 4 9 426
16 86 1 6 4 426
16 87 1 8 24 426
16 89 1 4 22 426
16 90 1 7 3 426
16 91 1 7 22 426
16 94 1 2 7 426
16 95 1 5 11 426
16 97 1 3 12 426
16 98 1 5 19 426
17 2 8 3 17 380
17 3 8 1 9 380
17 5 8 1 19 380
17 6 8 7 11 380
17 8 8 3 18 380
17 9 8 6 3 380
17 10 8 7 24 380
17 11 8 6 25 380
17 12 8 7 3 380
17 14 8 5 25 380
17 16 8 1 14 380
17 20 8 7 17 380
17 22 8 7 5 380
17 24 8 4 17 380
17 25 8 2 13 380
17 27 8 7 4 380
17 28 8 2 16 380
17 29 8 3 4 380
17 33 8 3 23 380
17 34 8 4 12 380
17 35 8 7 6 380
17 40 8 7 9 380
17 42 8 6 20 380
17 44 8 4 1 380
17 46 8 7 8 380
17 48 8 2 8 380
17 50 8 1 14 380
17 51 8 5 3 380
17 53 8 4 2 380
17 54 8 7 6 380
17 56 8 3 3 380
17 57 8 4 15 380
17 61 8 5 20 380
17 62 8 6 15 380
17 66 8 1 9 380
17 68 8 6 8 380
17 69 8 5 19 380
17 70 8 2 23 380
17 71 8 5 21 380
17 72 8 2 2 380
17 73 8 5 5 380
17 74 8 6 7 380
17 77 8 4 15 380
17 78 8 4 7 380
17 79 8 2 4 380
17 80 8 4 12 380
17 83 8 8 5 380
17 85 8 4 10 380
17 86 8 6 15 380
17 87 8 8 5 380
17 88 8 7 18 380
17 90 8 7 1 380
17 91 8 7 3 380
17 93 8 7 2 380
17 94 8 2 8 380
17 96 8 6 18 380
17 98 8 5 7 380
18 0 8 2 9 577
18 1 8 6 20 577
18 2 8 3 17 577
18 4 8 3 4 577
18 9 8 6 3 577
18 10 8 7 12 577
18 11 8 6 10 577
18 12 8 7 17 577
18 15 8 8 15 577
18 16 8 1 3 577
18 19 8 2 5 577
18 22 8 7 1 577
18 25 8 2 7 577
18 27 8 7 17 577
18 28 8 2 7 577
18 33 8 3 11 577
18 39 8 3 15 577
18 40 8 7 4 577
18 43 8 1 16 577
18 46 8 7 1 577
18 47 8 7 22 577
18 52 8 7 7 577
18 53 8 4 7 577
18 54 8 7 7 577
18 55 8 6 15 577
18 58 8 2 18 577
18 60 8 4 19 577
18 61 8 5 7 577
18 62 8 6 13 577
18 64 8 6 21 577
18 65 8 8 23 577
18 66 8 1 4 577
18 67 8 6 20 577
18 68 8 6 12 577
18 71 8 5 22 577
18 72 8 2 8 577
18 77 8 4 11 577
18 78 8 4 23 577
18 80 8 4 15 577
18 81 8 6 19 577
18 82 8 2 21 577
18 83 8 8 1 577
18 84 8 8 11 577
18 86 8 6 17 577
18 88 8 7 7 577
18 89 8 4 11 577
18 93 8 7 17 577
18 97 8 3 16 577
18 99 8 5 3 577
19 0 2 2 8 826
19 4 2 3 1 826
19 8 2 3 13 826
19 10 2 7 19 826
19 12 2 7 18 826
19 14 2 5 4 826
19 16 2 1 7 826
19 18 2 8 5 826
19 20 2 7 24 826
19 21 2 1 18 826
19 22 2 7 2 826
19 23 2 1 16 826
19 24 2 4 2 826
19 26 2 4 9 826
19 27 2 7 19 826
19 28 2 2 17 826
19 30 2 2 2 826
19 32 2 7 12 826
19 35 2 7 9 826
19 39 2 3 11 826
19 40 2 7 6 826
19 42 2 6 5 826
19 45 2 1 23 826
19 46 2 7 24 826
19 48 2 2 25 826
19 50 2 1 20 826
19 51 2 5 15 826
19 52 2 7 17 826
19 53 2 4 25 826
19 54 2 7 7 826
19 55 2 6 11 826
19 56 2 3 17 826
19 58 2 2 7 826
19 60 2 4 9 826
19 61 2 5 23 826
19 62 2 6 21 826
19 63 2 8 13 826
19 64 2 6 1 826
19 66 2 1 11 826
19 67 2 6 16 826
19 68 2 6 6 826
19 69 2 5 4 826
19 70 2 2 24 826
19 71 2 5 10 826
19 73 2 5 13 826
19 75 2 3 14 826
19 79 2 2 14 826
19 82 2 2 5 826
19 85 2 4 3 826
19 87 2 8 2 826
19 89 2 4 25 826
19 90 2 7 6 826
19 91 2 7 12 826
19 93 2 7 10 826
19 94 2 2 6 826
19 95 2 5 1 826
19 96 2 6 1 826
20 0 7 2 10 136
20 1 7 6 25 136
20 2 7 3 10 136
20 3 7 1 16 136
20 5 7 1 20 136
20 7 7 8 8 136
20 8 7 3 25 136
20 10 7 7 17 136
20 12 7 7 22 136
20 13 7 6 18 136
20 14 7 5 6 136
20 16 7 1 18 136
20 17 7 8 17 136
20 19 7 2 24 136
20 22 7 7 18 136
20 23 7 1 11 136
20 25 7 2 16 136
20 26 7 4 15 136
20 27 7 7 2 136
20 28 7 2 5 136
20 30 7 2 2 136
20 32 7 7 5 136
20 36 7 7 13 136
20 38 7 1 4 136
20 39 7 3 3 136
20 40 7 7 1 136
20 41 7 4 21 136
20 44 7 4 4 136
20 45 7 1 20 136
20 47 7 7 6 136
20 48 7 2 13 136
20 51 7 5 9 136
20 52 7 7 17 136
20 53 7 4 18 136
20 54 7 7 21 136
20 56 7 3 1 136
20 58 7 2 5 136
20 59 7 7 17 136
20 61 7 5 10 136
20 62 7 6 25 136
20 65 7 8 24 136
20 69 7 5 9 136
20 70 7 2 8 136
20 71 7 5 23 136
20 72 7 2 2 136
20 73 7 5 4 136
20 76 7 6 6 136
20 77 7 4 5 136
20 81 7 6 12 136
20 83 7 8 15 136
20 86 7 6 7 136
20 87 7 8 11 136
20 89 7 4 18 136
20 93 7 7 3 136
20 97 7 3 25 136
20 99 7 5 19 136
21 3 1 1 2 884
21 5 1 1 3 884
21 6 1 7 18 884
21 10 1 7 23 884
21 12 1 7 15 884
21 13 1 6 3 884
21 15 1 8 6 884
21 16 1 1 16 884
21 19 1 2 18 884
21 22 1 7 22 884
21 25 1 2 22 884
21 26 1 4 8 884
21 28 1 2 7 884
21 29 1 3 6 884
21 31 1 8 19 884
21 33 1 3 23 884
21 34 1 4 7 884
21 35 1 7 9 884
21 36 1 7 23 884
21 41 1 4 15 884
21 44 1 4 25 884
21 45 1 1 8 884
21 53 1 4 19 884
21 54 1 7 16 884
21 56 1 3 11 884
21 59 1 7 1 884
21 60 1 4 22 884
21 61 1 5 12 884
21 66 1 1 2 884
21 74 1 6 24 884
21 75 1 3 4 884
21 76 1 6 12 884
21 77 1 4 24 884
21 78 1 4 5 884
21 79 1 2 20 884
21 81 1 6 10 884
21 82 1 2 21 884
21 83 1 8 25 884
21 84 1 8 2 884
21 85 1 4 2 884
21 87 1 8 9 884
21 90 1 7 16 884
21 91 1 7 1 884
21 92 1 6 21 884
21 94 1 2 15 884
21 96 1 6 6 884
21 97 1 3 20 884
21 98 1 5 25 884
21 99 1 5 23 884
22 0 7 2 10 551
22 1 7 6 23 551
22 4 7 3 10 551
22 5 7 1 4 551
22 6 7 7 3 551
22 7 7 8 12 551
22 10 7 7 2 551
22 13 7 6 14 551
22 14 7 5 10 551
22 17 7 8 5 551
22 18 7 8 1 551
22 19 7 2 2 551
22 20 7 7 18 551
22 21 7 1 22 551
22 24 7 4 20 551
22 25 7 2 23 551
22 26 7 4 25 551
22 28 7 2 11 551
22 31 7 8 22 551
22 33 7 3 20 551
22 35 7 7 18 551
22 36 7 7 23 551
22 37 7 3 13 551
22 38 7 1 20 551
22 40 7 7 15 551
22 42 7 6 1 551
22 43 7 1 8 551
22 46 7 7 24 551
22 47 7 7 22 551
22 48 7 2 18 551
22 49 7 1 7 551
22 50 7 1 13 551
22 51 7 5 14 551
22 54 7 7 15 551
22 55 7 6 3 551
22 56 7 3 23 551
22 57 7 4 11 551
22 58 7 2 3 551
22 59 7 7 17 551
22 60 7 4 24 551
22 61 7 5 4 551
22 62 7 6 13 551
22 63 7 8 24 551
22 64 7 6 2 551
22 65 7 8 24 551
22 66 7 1 14 551
22 67 7 6 22 551
22 71 7 5 1 551
22 76 7 6 2 551
22 77 7 4 22 551
22 83 7 8 13 551
22 84 7 8 4 551
22 85 7 4 23 551
22 88 7 7 21 551
22 90 7 7 1 551
22 91 7 7 17 551
22 94 7 2 20 551
22 95 7 5 2 551
22 98 7 5 19 551
23 2 1 3 16 124
23 3 1 1 16 124
23 4 1 3 23 124
23 11 1 6 13 124
23 19 1 2 16 124
23 20 1 7 11 124
23 24 1 4 1 124
23 26 1 4 2 124
23 28 1 2 17 124
23 30 1 2 19 124
23 35 1 7 12 124
23 37 1 3 4 124
23 43 1 1 6 124
23 45 1 1 7 124
23 47 1 7 25 124
23 49 1 1 25 124
23 51 1 5 10 124
23 53 1 4 5 124
23 59 1 7 1 124
23 68 1 6 15 124
23 71 1 5 17 124
23 73 1 5 4 124
23 74 1 6 18 124
23 76 1 6 7 124
23 79 1 2 20 124
23 80 1 4 5 124
23 84 1 8 7 124
23 86 1 6 25 124
23 90 1 7 1 124
23 91 1 7 5 124
23 94 1 2 9 124
23 95 1 5 14 124
24 0 4 2 23 287
24 1 4 6 23 287
24 4 4 3 15 287
24 5 4 1 20 287
24 7 4 8 11 287
24 8 4 3 24 287
24 10 4 7 18 287
24 14 4 5 5 287
24 17 4 8 17 287
24 19 4 2 2 287
24 22 4 7 20 287
24 23 4 1 1 287
24 25 4 2 7 287
24 26 4 4 22 287
24 27 4 7 7 287
24 28 4 2 17 287
24 30 4 2 23 287
24 32 4 7 14 287
24 33 4 3 21 287
24 34 4 4 12 287
24 37 4 3 13 287
24 47 4 7 9 287
24 48 4 2 17 287
24 49 4 1 11 287
24 54 4 7 13 287
24 56 4 3 17 287
24 57 4 4 25 287
24 58 4 2 7 287
24 59 4 7 22 287
24 62 4 6 18 287
24 63 4 8 8 287
24 68 4 6 13 287
24 72 4 2 23 287
24 74 4 6 14 287
24 78 4 4 19 287
24 80 4 4 6 287
24 81 4 6 5 287
24 82 4 2 16 287
24 83 4 8 14 287
24 85 4 4 5 287
24 86 4 6 20 287
24 87 4 8 18 287
24 88 4 7 16 287
24 90 4 7 10 287
24 91 4 7 1 287
24 94 4 2 5 287
24 96 4 6 17 287
24 98 4 5 10 287
25 0 2 2 19 145
25 1 2 6 17 145
25 2 2 3 14 145
25 4 2 3 15 145
25 5 2 1 2 145
25 6 2 7 20 145
25 10 2 7 2 145
25 12 2 7 10 145
25 14 2 5 22 145
25 15 2 8 5 145
25 16 2 1 11 145
25 17 2 8 13 145
25 18 2 8 7 145
25 20 2 7 16 145
25 21 2 1 22 145
25 22 2 7 23 145
25 24 2 4 7 145
25 27 2 7 4 145
25 28 2 2 4 145
25 31 2 8 16 145
25 35 2 7 7 145
25 38 2 1 7 145
25 40 2 7 5 145
25 43 2 1 15 145
25 44 2 4 11 145
25 45 2 1 9 145
25 46 2 7 18 145
25 47 2 7 10 145
25 50 2 1 18 145
25 51 2 5 15 145
25 52 2 7 7 145
25 53 2 4 10 145
25 57 2 4 7 145
25 58 2 2 19 145
25 59 2 7 23 145
25 60 2 4 11 145
25 63 2 8 17 145
25 64 2 6 7 145
25 65 2 8 24 145
25 72 2 2 19 145
25 73 2 5 4 145
25 74 2 6 4 145
25 76 2 6 9 145
25 78 2 4 17 145
25 79 2 2 10 145
25 81 2 6 20 145
25 82 2 2 12 145
25 84 2 8 4 145
25 85 2 4 24 145
25 86 2 6 5 145
25 87 2 8 13 145
25 90 2 7 14 145
25 91 2 7 9 145
25 93 2 7 7 145
25 94 2 2 19 145
25 95 2 5 17 145
25 96 2 6 23 145
26 2 4 3 19 568
26 3 4 1 14 568
26 5 4 1 1 568
26 9 4 6 9 568
26 10 4 7 20 568
26 13 4 6 15 568
26 15 4 8 2 568
26 19 4 2 9 568
26 20 4 7 15 568
26 21 4 1 8 568
26 22 4 7 25 568
26 23 4 1 2 568
26 24 4 4 22 568
26 27 4 7 2 568
26 28 4 2 21 568
26 29 4 3 14 568
26 30 4 2 19 568
26 31 4 8 19 568
26 33 4 3 9 568
26 34 4 4 21 568
26 37 4 3 3 568
26 38 4 1 3 568
26 40 4 7 23 568
26 41 4 4 20 568
26 43 4 1 23 568
26 44 4 4 20 568
26 45 4 1 2 568
26 49 4 1 9 568
26 51 4 5 1 568
26 52 4 7 8 568
26 54 4 7 6 568
26 57 4 4 19 568
26 58 4 2 23 568
26 59 4 7 15 568
26 62 4 6 12 568
26 63 4 8 25 568
26 68 4 6 13 568
26 69 4 5 4 568
26 71 4 5 1 568
26 74 4 6 18 568
26 75 4 3 7 568
26 77 4 4 3 568
26 78 4 4 25 568
26 79 4 2 14 568
26 82 4 2 21 568
26 86 4 6 10 568
26 88 4 7 3 568
26 89 4 4 24 568
26 91 4 7 5 568
26 92 4 6 12 568
26 95 4 5 24 568
26 97 4 3 20 568
27 4 7 3 2 292
27 5 7 1 1 292
27 6 7 7 20 292
27 10 7 7 12 292
27 11 7 6 12 292
27 12 7 7 18 292
27 14 7 5 15 292
27 15 7 8 21 292
27 16 7 1 13 292
27 17 7 8 4 292
27 18 7 8 17 292
27 19 7 2 19 292
27 20 7 7 2 292
27 24 7 4 7 292
27 25 7 2 4 292
27 26 7 4 2 292
27 28 7 2 16 292
27 30 7 2 3 292
27 32 7 7 13 292
27 33 7 3 15 292
27 34 7 4 18 292
27 35 7 7 23 292
27 36 7 7 16 292
27 37 7 3 4 292
27 39 7 3 4 292
27 41 7 4 2 292
27 42 7 6 21 292
27 43 7 1 19 292
27 45 7 1 20 292
27 46 7 7 16 292
27 50 7 1 13 292
27 51 7 5 5 292
27 52 7 7 20 292
27 53 7 4 14 292
27 55 7 6 21 292
27 56 7 3 15 292
27 58 7 2 18 292
27 60 7 4 3 292
27 66 7 1 7 292
27 67 7 6 12 292
27 73 7 5 3 292
27 74 7 6 19 292
27 81 7 6 16 292
27 83 7 8 5 292
27 84 7 8 22 292
27 85 7 4 23 292
27 86 7 6 17 292
27 87 7 8 9 292
27 91 7 7 25 292
27 93 7 7 25 292
27 94 7 2 12 292
27 95 7 5 25 292
27 97 7 3 13 292
27 99 7 5 10 292
28 0 2 2 24 385
28 4 2 3 13 385
28 6 2 7 22 385
28 7 2 8 23 385
28 8 2 3 3 385
28 14 2 5 4 385
28 16 2 1 23 385
28 17 2 8 16 385
28 18 2 8 7 385
28 19 2 2 17 385
28 20 2 7 5 385
28 21 2 1 7 385
28 22 2 7 11 385
28 23 2 1 17 385
28 24 2 4 17 385
28 25 2 2 4 385
28 26 2 4 21 385
28 27 2 7 16 385
28 29 2 3 22 385
28 30 2 2 9 385
28 31 2 8 9 385
28 34 2 4 16 385
28 36 2 7 11 385
28 37 2 3 18 385
28 39 2 3 24 385
28 42 2 6 15 385
28 45 2 1 14 385
28 46 2 7 25 385
28 49 2 1 4 385
28 52 2 7 4 385
28 53 2 4 2 385
28 54 2 7 23 385
28 55 2 6 11 385
28 56 2 3 6 385
28 58 2 2 4 385
28 60 2 4 2 385
28 61 2 5 4 385
28 62 2 6 20 385
28 63 2 8 22 385
28 64 2 6 7 385
28 65 2 8 8 385
28 66 2 1 23 385
28 67 2 6 12 385
28 70 2 2 13 385
28 72 2 2 25 385
28 73 2 5 4 385
28 77 2 4 3 385
28 78 2 4 16 385
28 83 2 8 25 385
28 86 2 6 5 385
28 88 2 7 17 385
28 91 2 7 10 385
28 95 2 5 11 385
28 96 2 6 20 385
28 97 2 3 21 385
29 1 3 6 19 756
29 4 3 3 9 756
29 5 3 1 10 756
29 7 3 8 15 756
29 10 3 7 15 756
29 14 3 5 9 756
29 16 3 1 14 756
29 17 3 8 4 756
29 21 3 1 6 756
29 26 3 4 14 756
29 28 3 2 22 756
29 30 3 2 20 756
29 32 3 7 20 756
29 33 3 3 4 756
29 34 3 4 10 756
29 39 3 3 8 756
29 40 3 7 12 756
29 44 3 4 23 756
29 45 3 1 6 756
29 47 3 7 6 756
29 50 3 1 3 756
29 54 3 7 22 756
29 58 3 2 23 756
29 60 3 4 12 756
29 61 3 5 14 756
29 62 3 6 8 756
29 63 3 8 12 756
29 66 3 1 1 756
29 68 3 6 19 756
29 71 3 5 7 756
29 74 3 6 2 756
29 75 3 3 7 756
29 80 3 4 3 756
29 82 3 2 17 756
29 83 3 8 11 756
29 85 3 4 20 756
29 87 3 8 16 756
29 91 3 7 2 756
29 92 3 6 6 756
29 95 3 5 18 756
29 97 3 3 15 756
30 0 2 2 21 583
30 1 2 6 7 583
30 5 2 1 8 583
30 7 2 8 19 583
30 8 2 3 6 583
30 9 2 6 2 583
30 10 2 7 10 583
30 12 2 7 7 583
30 13 2 6 2 583
30 14 2 5 17 583
30 15 2 8 18 583
30 19 2 2 2 583
30 20 2 7 2 583
30 23 2 1 19 583
30 24 2 4 23 583
30 26 2 4 19 583
30 27 2 7 3 583
30 28 2 2 9 583
30 29 2 3 20 583
30 31 2 8 1 583
30 32 2 7 7 583
30 35 2 7 16 583
30 39 2 3 16 583
30 40 2 7 25 583
30 41 2 4 23 583
30 42 2 6 16 583
30 43 2 1 1 583
30 44 2 4 2 583
30 45 2 1 1 583
30 47 2 7 9 583
30 50 2 1 23 583
30 53 2 4 5 583
30 55 2 6 18 583
30 57 2 4 4 583
30 58 2 2 19 583
30 59 2 7 2 583
30 60 2 4 22 583
30 62 2 6 20 583
30 63 2 8 3 583
30 65 2 8 13 583
30 66 2 1 24 583
30 70 2 2 9 583
30 74 2 6 9 583
30 76 2 6 24 583
30 78 2 4 4 583
30 79 2 2 21 583
30 82 2 2 16 583
30 83 2 8 3 583
30 84 2 8 11 583
30 87 2 8 21 583
30 90 2 7 5 583
30 91 2 7 16 583
30 92 2 6 4 583
30 94 2 2 1 583
30 96 2 6 1 583
30 99 2 5 4 583
31 1 8 6 18 389
31 2 8 3 12 389
31 3 8 1 6 389
31 6 8 7 8 389
31 11 8 6 25 389
31 15 8 8 7 389
31 21 8 1 19 389
31 22 8 7 22 389
31 25 8 2 16 389
31 26 8 4 19 389
31 28 8 2 9 389
31 30 8 2 1 389
31 33 8 3 8 389
31 34 8 4 11 389
31 36 8 7 22 389
31 37 8 3 12 389
31 38 8 1 14 389
31 39 8 3 20 389
31 40 8 7 23 389
31 42 8 6 11 389
31 45 8 1 18 389
31 48 8 2 7 389
31 49 8 1 8 389
31 56 8 3 13 389
31 58 8 2 17 389
31 60 8 4 9 389
31 61 8 5 23 389
31 62 8 6 6 389
31 63 8 8 18 389
31 66 8 1 13 389
31 67 8 6 21 389
31 70 8 2 12 389
31 71 8 5 10 389
31 72 8 2 6 389
31 73 8 5 6 389
31 76 8 6 1 389
31 79 8 2 7 389
31 82 8 2 22 389
31 84 8 8 5 389
31 87 8 8 12 389
31 92 8 6 16 389
31 93 8 7 9 389
31 94 8 2 14 389
31 95 8 5 16 389
31 96 8 6 17 389
31 97 8 3 19 389
31 99 8 5 10 389
32 0 7 2 18 407
32 1 7 6 2 407
32 2 7 3 3 407
32 5 7 1 22 407
32 6 7 7 23 407
32 8 7 3 23 407
32 9 7 6 2 407
32 15 7 8 5 407
32 16 7 1 6 407
32 19 7 2 12 407
32 20 7 7 5 407
32 24 7 4 14 407
32 27 7 7 13 407
32 29 7 3 20 407
32 30 7 2 7 407
32 35 7 7 5 407
32 37 7 3 17 407
32 39 7 3 23 407
32 40 7 7 6 407
32 41 7 4 25 407
32 46 7 7 1 407
32 47 7 7 23 407
32 48 7 2 17 407
32 50 7 1 23 407
32 55 7 6 4 407
32 57 7 4 7 407
32 59 7 7 19 407
32 61 7 5 10 407
32 63 7 8 18 407
32 64 7 6 25 407
32 65 7 8 16 407
32 67 7 6 13 407
32 70 7 2 21 407
32 74 7 6 7 407
32 76 7 6 17 407
32 77 7 4 22 407
32 79 7 2 5 407
32 80 7 4 21 407
32 81 7 6 19 407
32 82 7 2 10 407
32 83 7 8 24 407
32 86 7 6 12 407
32 88 7 7 17 407
32 89 7 4 23 407
32 90 7 7 6 407
32 91 7 7 25 407
32 92 7 6 18 407
32 94 7 2 9 407
32 97 7 3 23 407
32 98 7 5 24 407
32 99 7 5 1 407
33 0 3 2 19 208
33 2 3 3 23 208
33 4 3 3 13 208
33 6 3 7 11 208
33 7 3 8 2 208
33 9 3 6 22 208
33 14 3 5 8 208
33 17 3 8 23 208
33 18 3 8 11 208
33 21 3 1 23 208
33 22 3 7 20 208
33 24 3 4 21 208
33 26 3 4 9 208
33 27 3 7 15 208
33 29 3 3 4 208
33 31 3 8 8 208
33 35 3 7 19 208
33 36 3 7 4 208
33 40 3 7 21 208
33 43 3 1 18 208
33 44 3 4 18 208
33 46 3 7 14 208
33 49 3 1 11 208
33 51 3 5 1 208
33 55 3 6 19 208
33 57 3 4 1 208
33 58 3 2 14 208
33 59 3 7 19 208
33 60 3 4 13 208
33 61 3 5 17 208
33 64 3 6 24 208
33 68 3 6 23 208
33 70 3 2 20 208
33 73 3 5 25 208
33 75 3 3 20 208
33 79 3 2 13 208
33 80 3 4 20 208
33 83 3 8 17 208
33 85 3 4 21 208
33 86 3 6 9 208
33 87 3 8 11 208
33 91 3 7 8 208
33 95 3 5 6 208
33 97 3 3 7 208
33 98 3 5 19 208
34 0 4 2 20 561
34 1 4 6 9 561
34 4 4 3 4 561
34 6 4 7 3 561
34 7 4 8 2 561
34 10 4 7 6 561
34 12 4 7 13 561
34 13 4 6 12 561
34 14 4 5 4 561
34 16 4 1 9 561
34 17 4 8 12 561
34 21 4 1 7 561
34 24 4 4 12 561
34 26 4 4 21 561
34 27 4 7 18 561
34 28 4 2 16 561
34 29 4 3 10 561
34 31 4 8 11 561
34 35 4 7 6 561
34 36 4 7 22 561
34 38 4 1 14 561
34 40 4 7 23 561
34 41 4 4 13 561
34 42 4 6 19 561
34 44 4 4 14 561
34 45 4 1 12 561
34 53 4 4 24 561
34 54 4 7 2 561
34 55 4 6 6 561
34 56 4 3 6 561
34 57 4 4 2 561
34 59 4 7 16 561
34 60 4 4 23 561
34 62 4 6 18 561
34 64 4 6 14 561
34 65 4 8 8 561
34 70 4 2 16 561
34 71 4 5 9 561
34 73 4 5 9 561
34 74 4 6 7 561
34 75 4 3 7 561
34 76 4 6 19 561
34 80 4 4 23 561
34 81 4 6 19 561
34 82 4 2 2 561
34 83 4 8 5 561
34 84 4 8 5 561
34 85 4 4 8 561
34 89 4 4 12 561
34 90 4 7 11 561
34 93 4 7 7 561
34 96 4 6 3 561
34 99 4 5 20 561
35 0 7 2 25 352
35 3 7 1 12 352
35 5 7 1 25 352
35 6 7 7 1 352
35 7 7 8 15 352
35 8 7 3 7 352
35 10 7 7 18 352
35 12 7 7 4 352
35 13 7 6 17 352
35 15 7 8 25 352
35 17 7 8 6 352
35 19 7 2 9 352
35 21 7 1 9 352
35 22 7 7 18 352
35 23 7 1 12 352
35 25 7 2 7 352
35 27 7 7 23 352
35 30 7 2 16 352
35 32 7 7 5 352
35 33 7 3 19 352
35 34 7 4 6 352
35 36 7 7 13 352
35 37 7 3 23 352
35 38 7 1 14 352
35 39 7 3 14 352
35 41 7 4 20 352
35 42 7 6 13 352
35 44 7 4 14 352
35 46 7 7 13 352
35 52 7 7 21 352
35 53 7 4 11 352
35 54 7 7 18 352
35 57 7 4 4 352
35 59 7 7 3 352
35 61 7 5 6 352
35 63 7 8 16 352
35 65 7 8 20 352
35 66 7 1 14 352
35 67 7 6 5 352
35 69 7 5 21 352
35 70 7 2 17 352
35 71 7 5 13 352
35 72 7 2 17 352
35 76 7 6 3 352
35 90 7 7 25 352
35 93 7 7 25 352
35 95 7 5 18 352
35 97 7 3 17 352
36 6 7 7 23 101
36 7 7 8 8 101
36 14 7 5 7 101
36 15 7 8 10 101
36 20 7 7 13 101
36 21 7 1 23 101
36 22 7 7 23 101
36 27 7 7 16 101
36 28 7 2 11 101
36 31 7 8 22 101
36 33 7 3 4 101
36 34 7 4 22 101
36 35 7 7 13 101
36 37 7 3 4 101
36 38 7 1 10 101
36 39 7 3 12 101
36 40 7 7 7 101
36 41 7 4 2 101
36 44 7 4 14 101
36 50 7 1 22 101
36 51 7 5 1 101
36 55 7 6 12 101
36 61 7 5 16 101
36 65 7 8 16 101
36 66 7 1 15 101
36 68 7 6 11 101
36 70 7 2 2 101
36 72 7 2 11 101
36 74 7 6 5 101
36 75 7 3 7 101
36 76 7 6 6 101
36 77 7 4 2 101
36 79 7 2 23 101
36 81 7 6 18 101
36 82 7 2 10 101
36 84 7 8 1 101
36 86 7 6 4 101
36 87 7 8 23 101
36 88 7 7 16 101
36 90 7 7 19 101
36 92 7 6 6 101
36 93 7 7 25 101
36 94 7 2 24 101
36 96 7 6 25 101
36 97 7 3 5 101
37 2 3 3 18 58
37 6 3 7 25 58
37 7 3 8 15 58
37 12 3 7 20 58
37 13 3 6 25 58
37 16 3 1 25 58
37 22 3 7 13 58
37 23 3 1 4 58
37 24 3 4 13 58
37 26 3 4 3 58
37 27 3 7 4 58
37 28 3 2 18 58
37 31 3 8 12 58
37 32 3 7 17 58
37 35 3 7 23 58
37 36 3 7 4 58
37 38 3 1 8 58
37 39 3 3 1 58
37 42 3 6 15 58
37 43 3 1 5 58
37 45 3 1 14 58
37 46 3 7 23 58
37 48 3 2 17 58
37 49 3 1 13 58
37 51 3 5 6 58
37 52 3 7 9 58
37 53 3 4 16 58
37 60 3 4 17 58
37 62 3 6 18 58
37 63 3 8 20 58
37 65 3 8 9 58
37 66 3 1 12 58
37 67 3 6 19 58
37 68 3 6 13 58
37 69 3 5 5 58
37 71 3 5 17 58
37 72 3 2 23 58
37 74 3 6 15 58
37 76 3 6 11 58
37 77 3 4 7 58
37 79 3 2 25 58
37 84 3 8 7 58
37 93 3 7 13 58
37 94 3 2 2 58
37 96 3 6 24 58
37 97 3 3 23 58
38 0 1 2 16 65
38 1 1 6 5 65
38 2 1 3 9 65
38 7 1 8 9 65
38 9 1 6 18 65
38 11 1 6 1 65
38 12 1 7 24 65
38 16 1 1 9 65
38 20 1 7 4 65
38 22 1 7 20 65
38 25 1 2 7 65
38 26 1 4 3 65
38 31 1 8 14 65
38 34 1 4 14 65
38 35 1 7 14 65
38 36 1 7 10 65
38 37 1 3 8 65
38 39 1 3 16 65
38 40 1 7 9 65
38 41 1 4 4 65
38 43 1 1 19 65
38 45 1 1 1 65
38 46 1 7 23 65
38 48 1 2 10 65
38 51 1 5 21 65
38 52 1 7 5 65
38 53 1 4 15 65
38 56 1 3 23 65
38 58 1 2 25 65
38 59 1 7 24 65
38 60 1 4 3 65
38 63 1 8 22 65
38 64 1 6 6 65
38 65 1 8 24 65
38 67 1 6 7 65
38 68 1 6 22 65
38 71 1 5 5 65
38 72 1 2 17 65
38 73 1 5 18 65
38 74 1 6 14 65
38 75 1 3 24 65
38 77 1 4 7 65
38 78 1 4 4 65
38 79 1 2 25 65
38 82 1 2 13 65
38 83 1 8 13 65
38 84 1 8 5 65
38 86 1 6 10 65
38 88 1 7 17 65
38 91 1 7 15 65
38 95 1 5 21 65
38 98 1 5 2 65
39 0 3 2 25 519
39 2 3 3 10 519
39 3 3 1 14 519
39 6 3 7 7 519
39 7 3 8 21 519
39 11 3 6 10 519
39 12 3 7 6 519
39 13 3 6 6 519
39 15 3 8 10 519
39 18 3 8 15 519
39 19 3 2 11 519
39 20 3 7 3 519
39 27 3 7 4 519
39 28 3 2 24 519
39 29 3 3 8 519
39 30 3 2 16 519
39 31 3 8 20 519
39 32 3 7 23 519
39 35 3 7 14 519
39 36 3 7 12 519
39 37 3 3 1 519
39 38 3 1 16 519
39 40 3 7 11 519
39 41 3 4 9 519
39 42 3 6 5 519
39 45 3 1 24 519
39 50 3 1 3 519
39 51 3 5 7 519
39 52 3 7 25 519
39 53 3 4 18 519
39 54 3 7 8 519
39 60 3 4 12 519
39 61 3 5 6 519
39 63 3 8 23 519
39 65 3 8 24 519
39 66 3 1 4 519
39 68 3 6 20 519
39 69 3 5 1 519
39 71 3 5 2 519
39 72 3 2 11 519
39 73 3 5 3 519
39 75 3 3 10 519
39 77 3 4 1 519
39 79 3 2 2 519
39 81 3 6 4 519
39 83 3 8 13 519
39 88 3 7 16 519
39 89 3 4 5 519
39 90 3 7 8 519
39 93 3 7 2 519
39 96 3 6 1 519
39 98 3 5 2 519
39 99 3 5 5 519
40 2 7 3 18 83
40 6 7 7 14 83
40 9 7 6 4 83
40 10 7 7 17 83
40 12 7 7 12 83
40 14 7 5 3 83
40 15 7 8 22 83
40 16 7 1 14 83
40 17 7 8 9 83
40 18 7 8 4 83
40 19 7 2 6 83
40 20 7 7 1 83
40 22 7 7 15 83
40 25 7 2 5 83
40 26 7 4 23 83
40 29 7 3 12 83
40 30 7 2 25 83
40 31 7 8 23 83
40 32 7 7 6 83
40 33 7 3 21 83
40 34 7 4 23 83
40 36 7 7 7 83
40 38 7 1 9 83
40 39 7 3 11 83
40 41 7 4 3 83
40 42 7 6 9 83
40 44 7 4 18 83
40 47 7 7 23 83
40 48 7 2 17 83
40 49 7 1 1 83
40 50 7 1 7 83
40 52 7 7 16 83
40 55 7 6 8 83
40 58 7 2 24 83
40 59 7 7 6 83
40 61 7 5 9 83
40 63 7 8 24 83
40 64 7 6 9 83
40 67 7 6 13 83
40 69 7 5 8 83
40 73 7 5 10 83
40 74 7 6 20 83
40 75 7 3 2 83
40 81 7 6 2 83
40 85 7 4 2 83
40 87 7 8 5 83
40 88 7 7 22 83
40 90 7 7 2 83
40 91 7 7 19 83
40 94 7 2 24 83
40 96 7 6 19 83
41 1 4 6 12 722
41 2 4 3 6 722
41 4 4 3 14 722
41 5 4 1 5 722
41 6 4 7 24 722
41 7 4 8 11 722
41 10 4 7 6 722
41 11 4 6 25 722
41 16 4 1 19 722
41 20 4 7 21 722
41 21 4 1 15 722
41 26 4 4 20 722
41 27 4 7 2 722
41 30 4 2 23 722
41 32 4 7 25 722
41 34 4 4 13 722
41 35 4 7 20 722
41 36 4 7 2 722
41 38 4 1 4 722
41 39 4 3 9 722
41 40 4 7 3 722
41 42 4 6 8 722
41 48 4 2 24 722
41 50 4 1 1 722
41 56 4 3 3 722
41 58 4 2 23 722
41 67 4 6 10 722
41 70 4 2 20 722
41 72 4 2 10 722
41 73 4 5 9 722
41 77 4 4 8 722
41 79 4 2 11 722
41 80 4 4 23 722
41 81 4 6 13 722
41 83 4 8 9 722
41 86 4 6 20 722
41 87 4 8 10 722
41 89 4 4 17 722
41 92 4 6 5 722
41 93 4 7 15 722
41 98 4 5 7 722
42 4 6 3 4 857
42 5 6 1 8 857
42 6 6 7 10 857
42 10 6 7 5 857
42 12 6 7 8 857
42 13 6 6 14 857
42 16 6 1 6 857
42 17 6 8 20 857
42 19 6 2 5 857
42 22 6 7 1 857
42 27 6 7 21 857
42 28 6 2 15 857
42 30 6 2 16 857
42 31 6 8 11 857
42 34 6 4 19 857
42 35 6 7 13 857
42 37 6 3 15 857
42 39 6 3 5 857
42 40 6 7 9 857
42 41 6 4 8 857
42 43 6 1 16 857
42 44 6 4 21 857
42 49 6 1 25 857
42 50 6 1 4 857
42 54 6 7 15 857
42 56 6 3 9 857
42 58 6 2 23 857
42 64 6 6 3 857
42 65 6 8 1 857
42 68 6 6 6 857
42 69 6 5 6 857
42 71 6 5 11 857
42 72 6 2 6 857
42 73 6 5 8 857
42 75 6 3 20 857
42 76 6 6 2 857
42 77 6 4 10 857
42 79 6 2 17 857
42 81 6 6 1 857
42 83 6 8 7 857
42 86 6 6 8 857
42 88 6 7 12 857
42 91 6 7 14 857
42 92 6 6 19 857
42 93 6 7 16 857
42 94 6 2 14 857
42 96 6 6 22 857
42 98 6 5 1 857
43 0 1 2 5 384
43 1 1 6 6 384
43 2 1 3 4 384
43 3 1 1 7 384
43 4 1 3 5 384
43 6 1 7 21 384
43 8 1 3 8 384
43 9 1 6 18 384
43 10 1 7 15 384
43 11 1 6 22 384
43 12 1 7 15 384
43 14 1 5 24 384
43 15 1 8 17 384
43 16 1 1 3 384
43 18 1 8 16 384
43 22 1 7 8 384
43 23 1 1 6 384
43 25 1 2 15 384
43 26 1 4 23 384
43 27 1 7 19 384
43 30 1 2 1 384
43 33 1 3 18 384
43 37 1 3 5 384
43 38 1 1 19 384
43 42 1 6 16 384
43 44 1 4 21 384
43 46 1 7 9 384
43 47 1 7 2 384
43 49 1 1 21 384
43 51 1 5 24 384
43 53 1 4 12 384
43 54 1 7 9 384
43 55 1 6 9 384
43 56 1 3 15 384
43 59 1 7 8 384
43 61 1 5 21 384
43 62 1 6 2 384
43 68 1 6 18 384
43 69 1 5 25 384
43 76 1 6 22 384
43 80 1 4 24 384
43 81 1 6 3 384
43 83 1 8 23 384
43 84 1 8 4 384
43 86 1 6 21 384
43 87 1 8 15 384
43 88 1 7 16 384
43 89 1 4 8 384
43 94 1 2 7 384
43 96 1 6 14 384
43 97 1 3 8 384
44 0 4 2 16 441
44 3 4 1 1 441
44 5 4 1 5 441
44 6 4 7 13 441
44 8 4 3 17 441
44 9 4 6 14 441
44 11 4 6 10 441
44 12 4 7 21 441
44 16 4 1 16 441
44 17 4 8 1 441
44 20 4 7 4 441
44 21 4 1 25 441
44 25 4 2 11 441
44 26 4 4 20 441
44 29 4 3 23 441
44 30 4 2 2 441
44 33 4 3 18 441
44 34 4 4 14 441
44 35 4 7 14 441
44 36 4 7 14 441
44 40 4 7 18 441
44 42 4 6 21 441
44 43 4 1 21 441
44 45 4 1 13 441
44 48 4 2 4 441
44 51 4 5 20 441
44 57 4 4 19 441
44 58 4 2 15 441
44 61 4 5 6 441
44 64 4 6 2 441
44 66 4 1 23 441
44 67 4 6 12 441
44 68 4 6 12 441
44 70 4 2 16 441
44 71 4 5 15 441
44 72 4 2 15 441
44 73 4 5 7 441
44 75 4 3 24 441
44 76 4 6 5 441
44 79 4 2 21 441
44 82 4 2 23 441
44 83 4 8 23 441
44 88 4 7 14 441
44 91 4 7 16 441
44 92 4 6 7 441
44 95 4 5 13 441
44 96 4 6 4 441
44 98 4 5 24 441
45 1 1 6 7 655
45 2 1 3 7 655
45 4 1 3 10 655
45 5 1 1 25 655
45 8 1 3 12 655
45 9 1 6 23 655
45 15 1 8 10 655
45 19 1 2 23 655
45 20 1 7 20 655
45 21 1 1 8 655
45 23 1 1 7 655
45 25 1 2 9 655
45 26 1 4 2 655
45 27 1 7 20 655
45 28 1 2 14 655
45 29 1 3 6 655
45 30 1 2 1 655
45 31 1 8 18 655
45 34 1 4 12 655
45 37 1 3 14 655
45 38 1 1 1 655
45 39 1 3 24 655
45 44 1 4 13 655
45 46 1 7 1 655
45 47 1 7 25 655
45 48 1 2 12 655
45 49 1 1 25 655
45 51 1 5 1 655
45 52 1 7 8 655
45 53 1 4 6 655
45 56 1 3 2 655
45 60 1 4 10 655
45 63 1 8 14 655
45 64 1 6 19 655
45 65 1 8 7 655
45 66 1 1 14 655
45 67 1 6 17 655
45 68 1 6 17 655
45 69 1 5 6 655
45 70 1 2 4 655
45 71 1 5 25 655
45 72 1 2 16 655
45 74 1 6 24 655
45 76 1 6 7 655
45 77 1 4 14 655
45 79 1 2 20 655
45 80 1 4 25 655
45 81 1 6 5 655
45 82 1 2 12 655
45 84 1 8 12 655
45 87 1 8 25 655
45 88 1 7 17 655
45 92 1 6 19 655
45 93 1 7 5 655
45 94 1 2 10 655
45 95 1 5 12 655
45 97 1 3 5 655
46 1 7 6 13 595
46 2 7 3 20 595
46 3 7 1 7 595
46 6 7 7 22 595
46 13 7 6 4 595
46 15 7 8 11 595
46 16 7 1 4 595
46 17 7 8 8 595
46 18 7 8 1 595
46 19 7 2 24 595
46 22 7 7 24 595
46 25 7 2 18 595
46 27 7 7 16 595
46 28 7 2 25 595
46 32 7 7 1 595
46 33 7 3 14 595
46 35 7 7 13 595
46 37 7 3 23 595
46 38 7 1 23 595
46 43 7 1 9 595
46 45 7 1 1 595
46 47 7 7 11 595
46 48 7 2 22 595
46 50 7 1 6 595
46 51 7 5 16 595
46 56 7 3 4 595
46 59 7 7 2 595
46 60 7 4 1 595
46 61 7 5 14 595
46 62 7 6 19 595
46 63 7 8 17 595
46 64 7 6 16 595
46 66 7 1 6 595
46 70 7 2 23 595
46 71 7 5 23 595
46 73 7 5 25 595
46 74 7 6 23 595
46 75 7 3 15 595
46 76 7 6 14 595
46 77 7 4 10 595
46 78 7 4 15 595
46 80 7 4 17 595
46 81 7 6 4 595
46 86 7 6 2 595
46 90 7 7 5 595
46 92 7 6 10 595
46 94 7 2 21 595
46 96 7 6 22 595
46 97 7 3 17 595
47 0 7 2 9 980
47 1 7 6 11 980
47 2 7 3 5 980
47 5 7 1 6 980
47 6 7 7 23 980
47 9 7 6 11 980
47 10 7 7 17 980
47 11 7 6 24 980
47 12 7 7 7 980
47 14 7 5 5 980
47 15 7 8 10 980
47 18 7 8 22 980
47 20 7 7 6 980
47 22 7 7 22 980
47 23 7 1 25 980
47 24 7 4 9 980
47 25 7 2 10 980
47 29 7 3 6 980
47 30 7 2 9 980
47 32 7 7 23 980
47 40 7 7 23 980
47 43 7 1 2 980
47 45 7 1 25 980
47 46 7 7 11 980
47 48 7 2 11 980
47 52 7 7 16 980
47 53 7 4 19 980
47 54 7 7 15 980
47 58 7 2 3 980
47 60 7 4 13 980
47 62 7 6 22 980
47 66 7 1 17 980
47 67 7 6 18 980
47 69 7 5 6 980
47 71 7 5 18 980
47 72 7 2 15 980
47 73 7 5 24 980
47 77 7 4 1 980
47 80 7 4 8 980
47 81 7 6 21 980
47 82 7 2 1 980
47 87 7 8 16 980
47 88 7 7 25 980
47 89 7 4 2 980
47 90 7 7 6 980
47 92 7 6 17 980
47 94 7 2 22 980
47 96 7 6 16 980
47 99 7 5 15 980
48 1 2 6 17 703
48 9 2 6 3 703
48 10 2 7 25 703
48 11 2 6 5 703
48 13 2 6 5 703
48 14 2 5 4 703
48 16 2 1 16 703
48 17 2 8 8 703
48 19 2 2 25 703
48 20 2 7 13 703
48 22 2 7 18 703
48 24 2 4 17 703
48 31 2 8 7 703
48 32 2 7 17 703
48 37 2 3 17 703
48 38 2 1 10 703
48 40 2 7 17 703
48 41 2 4 24 703
48 44 2 4 4 703
48 45 2 1 12 703
48 46 2 7 22 703
48 47 2 7 11 703
48 49 2 1 7 703
48 52 2 7 12 703
48 55 2 6 18 703
48 57 2 4 16 703
48 58 2 2 23 703
48 61 2 5 22 703
48 64 2 6 9 703
48 67 2 6 6 703
48 68 2 6 11 703
48 70 2 2 11 703
48 71 2 5 21 703
48 73 2 5 22 703
48 75 2 3 1 703
48 76 2 6 14 703
48 79 2 2 22 703
48 81 2 6 21 703
48 85 2 4 20 703
48 88 2 7 12 703
48 92 2 6 18 703
48 95 2 5 5 703
48 99 2 5 12 703
49 3 1 1 21 419
49 4 1 3 25 419
49 7 1 8 17 419
49 8 1 3 7 419
49 10 1 7 9 419
49 11 1 6 1 419
49 14 1 5 11 419
49 16 1 1 10 419
49 22 1 7 7 419
49 23 1 1 25 419
49 24 1 4 11 419
49 26 1 4 9 419
49 28 1 2 4 419
49 31 1 8 8 419
49 33 1 3 11 419
49 37 1 3 13 419
49 40 1 7 1 419
49 42 1 6 25 419
49 43 1 1 21 419
49 45 1 1 25 419
49 48 1 2 7 419
49 52 1 7 23 419
49 53 1 4 2 419
49 55 1 6 3 419
49 58 1 2 9 419
49 63 1 8 4 419
49 64 1 6 9 419
49 65 1 8 19 419
49 67 1 6 9 419
49 68 1 6 25 419
49 69 1 5 13 419
49 71 1 5 13 419
49 75 1 3 21 419
49 77 1 4 4 419
49 80 1 4 5 419
49 82 1 2 6 419
49 84 1 8 17 419
49 86 1 6 1 419
49 89 1 4 21 419
49 90 1 7 19 419
49 91 1 7 8 419
49 92 1 6 8 419
49 93 1 7 12 419
49 94 1 2 21 419
49 95 1 5 21 419
49 96 1 6 9 419
49 99 1 5 5 419
50 0 1 2 18 360
50 3 1 1 3 360
50 9 1 6 20 360
50 11 1 6 21 360
50 12 1 7 6 360
50 13 1 6 21 360
50 15 1 8 7 360
50 16 1 1 9 360
50 17 1 8 14 360
50 19 1 2 20 360
50 22 1 7 13 360
50 25 1 2 18 360
50 27 1 7 13 360
50 29 1 3 3 360
50 30 1 2 23 360
50 32 1 7 23 360
50 36 1 7 22 360
50 39 1 3 3 360
50 40 1 7 7 360
50 41 1 4 1 360
50 42 1 6 4 360
50 46 1 7 6 360
50 51 1 5 24 360
50 52 1 7 16 360
50 56 1 3 16 360
50 57 1 4 5 360
50 58 1 2 14 360
50 64 1 6 4 360
50 68 1 6 10 360
50 71 1 5 8 360
50 74 1 6 12 360
50 75 1 3 10 360
50 77 1 4 15 360
50 80 1 4 7 360
50 82 1 2 1 360
50 85 1 4 1 360
50 87 1 8 18 360
50 88 1 7 22 360
50 90 1 7 4 360
50 91 1 7 3 360
50 97 1 3 20 360
50 98 1 5 11 360
50 99 1 5 2 360
51 0 5 2 20 929
51 1 5 6 21 929
51 2 5 3 24 929
51 6 5 7 14 929
51 7 5 8 23 929
51 8 5 3 12 929
51 10 5 7 14 929
51 11 5 6 9 929
51 12 5 7 18 929
51 13 5 6 14 929
51 15 5 8 24 929
51 16 5 1 24 929
51 17 5 8 3 929
51 19 5 2 15 929
51 20 5 7 9 929
51 22 5 7 14 929
51 23 5 1 10 929
51 25 5 2 15 929
51 26 5 4 1 929
51 27 5 7 5 929
51 33 5 3 1 929
51 36 5 7 1 929
51 37 5 3 6 929
51 38 5 1 21 929
51 39 5 3 7 929
51 43 5 1 24 929
51 44 5 4 20 929
51 45 5 1 1 929
51 46 5 7 16 929
51 50 5 1 24 929
51 53 5 4 17 929
51 54 5 7 4 929
51 58 5 2 13 929
51 62 5 6 6 929
51 64 5 6 5 929
51 65 5 8 24 929
51 66 5 1 3 929
51 69 5 5 20 929
51 70 5 2 23 929
51 73 5 5 21 929
51 76 5 6 24 929
51 82 5 2 23 929
51 86 5 6 24 929
51 87 5 8 1 929
51 88 5 7 12 929
51 90 5 7 1 929
51 92 5 6 18 929
51 94 5 2 1 929
51 99 5 5 9 929
52 0 7 2 18 157
52 1 7 6 18 157
52 4 7 3 4 157
52 6 7 7 15 157
52 14 7 5 1 157
52 16 7 1 4 157
52 18 7 8 7 157
52 19 7 2 17 157
52 20 7 7 17 157
52 25 7 2 7 157
52 26 7 4 8 157
52 27 7 7 20 157
52 28 7 2 4 157
52 35 7 7 21 157
52 37 7 3 9 157
52 38 7 1 5 157
52 39 7 3 25 157
52 40 7 7 16 157
52 45 7 1 8 157
52 47 7 7 16 157
52 48 7 2 12 157
52 49 7 1 23 157
52 50 7 1 16 157
52 53 7 4 4 157
52 57 7 4 17 157
52 58 7 2 21 157
52 59 7 7 25 157
52 60 7 4 1 157
52 62 7 6 10 157
52 67 7 6 3 157
52 69 7 5 13 157
52 77 7 4 12 157
52 81 7 6 20 157
52 82 7 2 10 157
52 92 7 6 12 157
52 96 7 6 3 157
53 0 4 2 7 657
53 1 4 6 1 657
53 2 4 3 11 657
53 3 4 1 25 657
53 5 4 1 12 657
53 8 4 3 24 657
53 12 4 7 22 657
53 14 4 5 12 657
53 16 4 1 22 657
53 17 4 8 2 657
53 18 4 8 7 657
53 19 4 2 25 657
53 20 4 7 18 657
53 21 4 1 19 657
53 23 4 1 5 657
53 25 4 2 10 657
53 27 4 7 14 657
53 28 4 2 2 657
53 30 4 2 5 657
53 34 4 4 24 657
53 35 4 7 11 657
53 37 4 3 16 657
53 38 4 1 15 657
53 39 4 3 18 657
53 43 4 1 12 657
53 45 4 1 6 657
53 47 4 7 19 657
53 49 4 1 2 657
53 51 4 5 17 657
53 52 4 7 4 657
53 57 4 4 19 657
53 58 4 2 13 657
53 62 4 6 18 657
53 66 4 1 3 657
53 68 4 6 18 657
53 70 4 2 24 657
53 71 4 5 11 657
53 73 4 5 1 657
53 75 4 3 19 657
53 76 4 6 20 657
53 78 4 4 13 657
53 79 4 2 17 657
53 82 4 2 15 657
53 84 4 8 3 657
53 85 4 4 3 657
53 87 4 8 19 657
53 88 4 7 24 657
53 89 4 4 21 657
53 90 4 7 17 657
53 93 4 7 15 657
53 97 4 3 14 657
53 99 4 5 8 657
54 0 7 2 17 529
54 1 7 6 14 529
54 2 7 3 20 529
54 3 7 1 1 529
54 4 7 3 8 529
54 6 7 7 16 529
54 8 7 3 14 529
54 9 7 6 10 529
54 16 7 1 8 529
54 17 7 8 6 529
54 18 7 8 7 529
54 19 7 2 7 529
54 20 7 7 21 529
54 21 7 1 16 529
54 22 7 7 15 529
54 24 7 4 13 529
54 26 7 4 6 529
54 28 7 2 23 529
54 29 7 3 22 529
54 34 7 4 2 529
54 35 7 7 18 529
54 39 7 3 8 529
54 42 7 6 15 529
54 43 7 1 9 529
54 47 7 7 15 529
54 51 7 5 4 529
54 59 7 7 12 529
54 60 7 4 1 529
54 63 7 8 9 529
54 65 7 8 2 529
54 66 7 1 16 529
54 69 7 5 14 529
54 70 7 2 18 529
54 73 7 5 1 529
54 76 7 6 17 529
54 77 7 4 1 529
54 81 7 6 2 529
54 83 7 8 14 529
54 84 7 8 16 529
54 87 7 8 24 529
54 88 7 7 1 529
54 90 7 7 1 529
54 97 7 3 15 529
55 0 6 2 24 591
55 1 6 6 9 591
55 5 6 1 13 591
55 7 6 8 17 591
55 9 6 6 23 591
55 18 6 8 15 591
55 19 6 2 11 591
55 22 6 7 3 591
55 27 6 7 21 591
55 28 6 2 11 591
55 30 6 2 18 591
55 32 6 7 4 591
55 33 6 3 19 591
55 34 6 4 6 591
55 36 6 7 12 591
55 40 6 7 8 591
55 43 6 1 9 591
55 48 6 2 18 591
55 49 6 1 3 591
55 56 6 3 13 591
55 59 6 7 25 591
55 60 6 4 14 591
55 61 6 5 17 591
55 63 6 8 14 591
55 68 6 6 13 591
55 69 6 5 18 591
55 71 6 5 8 591
55 73 6 5 9 591
55 74 6 6 3 591
55 75 6 3 4 591
55 77 6 4 8 591
55 78 6 4 20 591
55 80 6 4 13 591
55 82 6 2 14 591
55 83 6 8 25 591
55 85 6 4 14 591
55 87 6 8 25 591
55 89 6 4 9 591
55 90 6 7 21 591
55 91 6 7 25 591
55 94 6 2 9 591
55 96 6 6 20 591
56 0 3 2 11 739
56 1 3 6 2 739
56 2 3 3 18 739
56 3 3 1 23 739
56 4 3 3 20 739
56 5 3 1 13 739
56 6 3 7 3 739
56 7 3 8 22 739
56 9 3 6 7 739
56 10 3 7 4 739
56 11 3 6 2 739
56 12 3 7 24 739
56 13 3 6 13 739
56 15 3 8 1 739
56 16 3 1 18 739
56 17 3 8 3 739
56 19 3 2 17 739
56 20 3 7 1 739
56 21 3 1 11 739
56 22 3 7 23 739
56 24 3 4 17 739
56 27 3 7 15 739
56 28 3 2 6 739
56 31 3 8 13 739
56 34 3 4 6 739
56 38 3 1 23 739
56 41 3 4 3 739
56 42 3 6 9 739
56 43 3 1 15 739
56 45 3 1 2 739
56 46 3 7 4 739
56 50 3 1 16 739
56 55 3 6 13 739
56 60 3 4 6 739
56 62 3 6 25 739
56 64 3 6 23 739
56 65 3 8 11 739
56 67 3 6 22 739
56 69 3 5 14 739
56 72 3 2 8 739
56 73 3 5 19 739
56 74 3 6 3 739
56 76 3 6 24 739
56 77 3 4 1 739
56 81 3 6 18 739
56 82 3 2 18 739
56 84 3 8 6 739
56 90 3 7 10 739
56 92 3 6 12 739
56 94 3 2 4 739
57 0 4 2 3 108
57 1 4 6 1 108
57 8 4 3 10 108
57 9 4 6 5 108
57 13 4 6 18 108
57 14 4 5 10 108
57 16 4 1 19 108
57 17 4 8 15 108
57 22 4 7 11 108
57 24 4 4 25 108
57 25 4 2 7 108
57 26 4 4 19 108
57 30 4 2 4 108
57 32 4 7 7 108
57 33 4 3 1 108
57 34 4 4 2 108
57 35 4 7 4 108
57 44 4 4 19 108
57 48 4 2 16 108
57 50 4 1 5 108
57 52 4 7 17 108
57 53 4 4 19 108
57 58 4 2 13 108
57 60 4 4 20 108
57 64 4 6 10 108
57 66 4 1 21 108
57 67 4 6 13 108
57 68 4 6 22 108
57 71 4 5 7 108
57 75 4 3 12 108
57 76 4 6 18 108
57 77 4 4 16 108
57 78 4 4 25 108
57 80 4 4 13 108
57 82 4 2 18 108
57 83 4 8 10 108
57 84 4 8 3 108
57 85 4 4 6 108
57 87 4 8 24 108
57 94 4 2 17 108
57 96 4 6 24 108
58 0 2 2 8 398
58 1 2 6 6 398
58 4 2 3 21 398
58 5 2 1 22 398
58 8 2 3 17 398
58 10 2 7 24 398
58 18 2 8 18 398
58 19 2 2 7 398
58 20 2 7 5 398
58 22 2 7 3 398
58 24 2 4 7 398
58 25 2 2 19 398
58 26 2 4 23 398
58 27 2 7 18 398
58 28 2 2 4 398
58 29 2 3 23 398
58 30 2 2 19 398
58 31 2 8 17 398
58 33 2 3 14 398
58 38 2 1 25 398
58 40 2 7 24 398
58 41 2 4 23 398
58 42 2 6 23 398
58 44 2 4 15 398
58 47 2 7 3 398
58 48 2 2 23 398
58 49 2 1 9 398
58 50 2 1 14 398
58 51 2 5 13 398
58 52 2 7 21 398
58 53 2 4 13 398
58 57 2 4 13 398
58 60 2 4 9 398
58 61 2 5 19 398
58 62 2 6 9 398
58 64 2 6 7 398
58 65 2 8 2 398
58 66 2 1 9 398
58 68 2 6 17 398
58 69 2 5 7 398
58 70 2 2 9 398
58 71 2 5 18 398
58 75 2 3 13 398
58 76 2 6 12 398
58 77 2 4 21 398
58 78 2 4 15 398
58 80 2 4 22 398
58 83 2 8 3 398
58 84 2 8 8 398
58 86 2 6 22 398
58 88 2 7 4 398
58 89 2 4 17 398
58 93 2 7 12 398
58 94 2 2 5 398
58 96 2 6 23 398
58 97 2 3 9 398
58 99 2 5 7 398
59 0 7 2 22 771
59 1 7 6 5 771
59 6 7 7 9 771
59 7 7 8 24 771
59 8 7 3 22 771
59 11 7 6 22 771
59 12 7 7 4 771
59 14 7 5 13 771
59 15 7 8 9 771
59 20 7 7 17 771
59 21 7 1 1 771
59 22 7 7 17 771
59 23 7 1 1 771
59 24 7 4 22 771
59 25 7 2 23 771
59 26 7 4 15 771
59 30 7 2 2 771
59 32 7 7 19 771
59 33 7 3 19 771
59 34 7 4 16 771
59 35 7 7 3 771
59 38 7 1 24 771
59 40 7 7 6 771
59 43 7 1 8 771
59 46 7 7 2 771
59 52 7 7 25 771
59 54 7 7 12 771
59 55 7 6 25 771
59 60 7 4 5 771
59 61 7 5 3 771
59 62 7 6 24 771
59 63 7 8 18 771
59 66 7 1 13 771
59 70 7 2 23 771
59 73 7 5 4 771
59 74 7 6 1 771
59 77 7 4 7 771
59 78 7 4 19 771
59 79 7 2 14 771
59 80 7 4 14 771
59 84 7 8 1 771
59 85 7 4 25 771
59 86 7 6 18 771
59 87 7 8 9 771
59 90 7 7 7 771
59 92 7 6 10 771
59 94 7 2 25 771
59 98 7 5 10 771
60 0 4 2 13 990
60 1 4 6 10 990
60 2 4 3 23 990
60 5 4 1 4 990
60 7 4 8 6 990
60 11 4 6 14 990
60 13 4 6 3 990
60 14 4 5 25 990
60 15 4 8 20 990
60 18 4 8 19 990
60 19 4 2 9 990
60 21 4 1 22 990
60 22 4 7 24 990
60 25 4 2 11 990
60 27 4 7 3 990
60 28 4 2 2 990
60 29 4 3 12 990
60 30 4 2 22 990
60 31 4 8 9 990
60 33 4 3 13 990
60 34 4 4 23 990
60 37 4 3 17 990
60 38 4 1 3 990
60 39 4 3 12 990
60 45 4 1 10 990
60 46 4 7 1 990
60 47 4 7 13 990
60 52 4 7 1 990
60 54 4 7 1 990
60 55 4 6 14 990
60 56 4 3 6 990
60 57 4 4 20 990
60 58 4 2 9 990
60 59 4 7 5 990
60 61 4 5 7 990
60 62 4 6 21 990
60 64 4 6 14 990
60 65 4 8 23 990
60 66 4 1 5 990
60 68 4 6 17 990
60 69 4 5 5 990
60 70 4 2 23 990
60 71 4 5 2 990
60 76 4 6 22 990
60 77 4 4 15 990
60 79 4 2 22 990
60 80 4 4 16 990
60 81 4 6 4 990
60 82 4 2 5 990
60 87 4 8 17 990
60 88 4 7 23 990
60 91 4 7 9 990
60 94 4 2 22 990
60 95 4 5 21 990
60 96 4 6 5 990
60 97 4 3 10 990
61 1 5 6 4 931
61 3 5 1 21 931
61 5 5 1 6 931
61 7 5 8 22 931
61 14 5 5 1 931
61 16 5 1 20 931
61 17 5 8 20 931
61 18 5 8 7 931
61 19 5 2 23 931
61 20 5 7 10 931
61 21 5 1 12 931
61 22 5 7 4 931
61 28 5 2 4 931
61 29 5 3 14 931
61 31 5 8 23 931
61 32 5 7 10 931
61 33 5 3 17 931
61 35 5 7 6 931
61 36 5 7 16 931
61 39 5 3 6 931
61 40 5 7 9 931
61 43 5 1 21 931
61 44 5 4 6 931
61 46 5 7 14 931
61 48 5 2 22 931
61 55 5 6 17 931
61 58 5 2 19 931
61 59 5 7 3 931
61 60 5 4 7 931
61 62 5 6 6 931
61 64 5 6 20 931
61 65 5 8 16 931
61 66 5 1 16 931
61 70 5 2 19 931
61 71 5 5 19 931
61 76 5 6 20 931
61 78 5 4 6 931
61 79 5 2 15 931
61 81 5 6 3 931
61 83 5 8 10 931
61 86 5 6 3 931
61 88 5 7 20 931
61 89 5 4 7 931
61 90 5 7 5 931
61 93 5 7 21 931
61 96 5 6 17 931
62 1 6 6 13 749
62 3 6 1 7 749
62 4 6 3 19 749
62 10 6 7 23 749
62 14 6 5 16 749
62 16 6 1 11 749
62 17 6 8 15 749
62 18 6 8 13 749
62 19 6 2 21 749
62 20 6 7 25 749
62 22 6 7 13 749
62 24 6 4 18 749
62 26 6 4 12 749
62 28 6 2 20 749
62 29 6 3 8 749
62 30 6 2 20 749
62 31 6 8 6 749
62 34 6 4 18 749
62 37 6 3 18 749
62 43 6 1 2 749
62 46 6 7 19 749
62 47 6 7 22 749
62 51 6 5 6 749
62 52 6 7 10 749
62 53 6 4 18 749
62 56 6 3 25 749
62 58 6 2 9 749
62 59 6 7 24 749
62 60 6 4 21 749
62 61 6 5 6 749
62 63 6 8 4 749
62 65 6 8 1 749
62 69 6 5 24 749
62 72 6 2 3 749
62 73 6 5 17 749
62 74 6 6 16 749
62 75 6 3 3 749
62 76 6 6 14 749
62 83 6 8 5 749
62 85 6 4 23 749
62 86 6 6 25 749
62 90 6 7 16 749
62 91 6 7 10 749
62 94 6 2 10 749
62 95 6 5 14 749
63 0 8 2 10 997
63 1 8 6 19 997
63 4 8 3 3 997
63 5 8 1 22 997
63 13 8 6 9 997
63 16 8 1 5 997
63 19 8 2 13 997
63 22 8 7 24 997
63 24 8 4 8 997
63 25 8 2 17 997
63 26 8 4 25 997
63 28 8 2 22 997
63 29 8 3 12 997
63 30 8 2 3 997
63 31 8 8 18 997
63 32 8 7 18 997
63 35 8 7 16 997
63 37 8 3 20 997
63 38 8 1 22 997
63 39 8 3 23 997
63 40 8 7 24 997
63 45 8 1 14 997
63 46 8 7 17 997
63 49 8 1 4 997
63 54 8 7 9 997
63 55 8 6 14 997
63 59 8 7 18 997
63 62 8 6 4 997
63 67 8 6 24 997
63 68 8 6 15 997
63 70 8 2 4 997
63 72 8 2 22 997
63 73 8 5 1 997
63 74 8 6 17 997
63 75 8 3 9 997
63 76 8 6 13 997
63 77 8 4 11 997
63 78 8 4 22 997
63 79 8 2 16 997
63 80 8 4 9 997
63 85 8 4 10 997
63 86 8 6 23 997
63 87 8 8 2 997
63 92 8 6 2 997
63 94 8 2 13 997
63 98 8 5 12 997
64 2 6 3 25 376
64 3 6 1 16 376
64 4 6 3 22 376
64 5 6 1 18 376
64 9 6 6 3 376
64 10 6 7 12 376
64 12 6 7 13 376
64 13 6 6 2 376
64 15 6 8 18 376
64 18 6 8 21 376
64 19 6 2 1 376
64 22 6 7 2 376
64 25 6 2 7 376
64 28 6 2 7 376
64 32 6 7 25 376
64 33 6 3 24 376
64 34 6 4 14 376
64 38 6 1 6 376
64 40 6 7 9 376
64 42 6 6 3 376
64 44 6 4 2 376
64 45 6 1 19 376
64 46 6 7 16 376
64 48 6 2 9 376
64 49 6 1 9 376
64 50 6 1 4 376
64 51 6 5 5 376
64 56 6 3 23 376
64 57 6 4 10 376
64 58 6 2 7 376
64 60 6 4 14 376
64 61 6 5 20 376
64 66 6 1 15 376
64 67 6 6 4 376
64 68 6 6 1 376
64 69 6 5 7 376
64 70 6 2 11 376
64 72 6 2 21 376
64 73 6 5 12 376
64 74 6 6 22 376
64 76 6 6 23 376
64 77 6 4 12 376
64 82 6 2 22 376
64 83 6 8 20 376
64 84 6 8 7 376
64 85 6 4 21 376
64 87 6 8 1 376
64 88 6 7 4 376
64 89 6 4 9 376
64 90 6 7 1 376
64 91 6 7 21 376
64 92 6 6 10 376
64 98 6 5 21 376
65 4 8 3 25 899
65 6 8 7 21 899
65 7 8 8 19 899
65 8 8 3 4 899
65 9 8 6 14 899
65 10 8 7 6 899
65 12 8 7 8 899
65 14 8 5 12 899
65 16 8 1 10 899
65 18 8 8 23 899
65 20 8 7 24 899
65 22 8 7 24 899
65 25 8 2 24 899
65 28 8 2 8 899
65 30 8 2 13 899
65 32 8 7 16 899
65 34 8 4 8 899
65 35 8 7 20 899
65 36 8 7 16 899
65 37 8 3 9 899
65 38 8 1 24 899
65 39 8 3 24 899
65 42 8 6 1 899
65 45 8 1 7 899
65 49 8 1 19 899
65 51 8 5 24 899
65 54 8 7 2 899
65 56 8 3 11 899
65 58 8 2 2 899
65 60 8 4 23 899
65 61 8 5 16 899
65 62 8 6 1 899
65 66 8 1 5 899
65 67 8 6 5 899
65 68 8 6 16 899
65 69 8 5 19 899
65 72 8 2 8 899
65 74 8 6 23 899
65 75 8 3 8 899
65 79 8 2 6 899
65 80 8 4 25 899
65 81 8 6 21 899
65 84 8 8 9 899
65 87 8 8 4 899
65 89 8 4 24 899
65 90 8 7 13 899
65 91 8 7 4 899
65 92 8 6 10 899
65 93 8 7 20 899
65 94 8 2 10 899
65 95 8 5 5 899
65 97 8 3 24 899
65 98 8 5 14 899
66 2 1 3 9 646
66 5 1 1 5 646
66 6 1 7 21 646
66 8 1 3 25 646
66 9 1 6 24 646
66 11 1 6 21 646
66 13 1 6 15 646
66 15 1 8 17 646
66 17 1 8 9 646
66 18 1 8 4 646
66 19 1 2 11 646
66 21 1 1 2 646
66 22 1 7 14 646
66 27 1 7 7 646
66 28 1 2 23 646
66 29 1 3 1 646
66 30 1 2 24 646
66 31 1 8 13 646
66 35 1 7 14 646
66 36 1 7 15 646
66 37 1 3 12 646
66 39 1 3 4 646
66 44 1 4 23 646
66 45 1 1 14 646
66 46 1 7 6 646
66 47 1 7 17 646
66 51 1 5 3 646
66 53 1 4 3 646
66 54 1 7 16 646
66 57 1 4 21 646
66 58 1 2 9 646
66 59 1 7 13 646
66 60 1 4 5 646
66 61 1 5 16 646
66 64 1 6 15 646
66 65 1 8 5 646
66 67 1 6 11 646
66 68 1 6 13 646
66 69 1 5 17 646
66 70 1 2 4 646
66 71 1 5 19 646
66 72 1 2 8 646
66 73 1 5 1 646
66 75 1 3 10 646
66 77 1 4 25 646
66 78 1 4 10 646
66 79 1 2 15 646
66 81 1 6 16 646
66 83 1 8 25 646
66 84 1 8 7 646
66 89 1 4 3 646
66 92 1 6 18 646
66 94 1 2 17 646
66 95 1 5 10 646
66 96 1 6 2 646
66 98 1 5 23 646
67 0 6 2 15 505
67 2 6 3 16 505
67 6 6 7 1 505
67 8 6 3 19 505
67 9 6 6 22 505
67 10 6 7 24 505
67 13 6 6 4 505
67 15 6 8 25 505
67 18 6 8 20 505
67 19 6 2 16 505
67 22 6 7 22 505
67 27 6 7 12 505
67 28 6 2 12 505
67 31 6 8 21 505
67 32 6 7 13 505
67 35 6 7 5 505
67 37 6 3 19 505
67 38 6 1 7 505
67 40 6 7 13 505
67 41 6 4 10 505
67 44 6 4 12 505
67 45 6 1 17 505
67 47 6 7 18 505
67 48 6 2 6 505
67 49 6 1 9 505
67 52 6 7 3 505
67 56 6 3 22 505
67 57 6 4 13 505
67 63 6 8 24 505
67 64 6 6 4 505
67 65 6 8 5 505
67 66 6 1 11 505
67 68 6 6 5 505
67 70 6 2 19 505
67 71 6 5 3 505
67 72 6 2 17 505
67 75 6 3 22 505
67 81 6 6 16 505
67 82 6 2 4 505
67 85 6 4 1 505
67 90 6 7 23 505
67 92 6 6 8 505
67 93 6 7 6 505
67 95 6 5 16 505
67 98 6 5 19 505
67 99 6 5 11 505
68 0 6 2 8 958
68 2 6 3 4 958
68 8 6 3 6 958
68 9 6 6 1 958
68 12 6 7 2 958
68 13 6 6 17 958
68 14 6 5 18 958
68 15 6 8 6 958
68 17 6 8 8 958
68 18 6 8 12 958
68 19 6 2 6 958
68 23 6 1 15 958
68 24 6 4 13 958
68 26 6 4 13 958
68 29 6 3 19 958
68 33 6 3 23 958
68 36 6 7 11 958
68 37 6 3 13 958
68 38 6 1 22 958
68 39 6 3 20 958
68 42 6 6 6 958
68 43 6 1 18 958
68 44 6 4 12 958
68 45 6 1 17 958
68 48 6 2 11 958
68 49 6 1 25 958
68 50 6 1 10 958
68 53 6 4 18 958
68 55 6 6 13 958
68 57 6 4 22 958
68 58 6 2 17 958
68 60 6 4 17 958
68 63 6 8 15 958
68 64 6 6 1 958
68 65 6 8 16 958
68 66 6 1 13 958
68 67 6 6 5 958
68 70 6 2 7 958
68 72 6 2 13 958
68 74 6 6 23 958
68 75 6 3 8 958
68 77 6 4 18 958
68 78 6 4 5 958
68 79 6 2 12 958
68 83 6 8 3 958
68 84 6 8 13 958
68 85 6 4 25 958
68 86 6 6 23 958
68 87 6 8 16 958
68 91 6 7 15 958
68 92 6 6 17 958
68 93 6 7 20 958
68 95 6 5 12 958
68 96 6 6 9 958
68 97 6 3 3 958
68 99 6 5 4 958
69 0 5 2 1 870
69 1 5 6 21 870
69 4 5 3 8 870
69 6 5 7 4 870
69 8 5 3 3 870
69 13 5 6 1 870
69 15 5 8 11 870
69 16 5 1 13 870
69 17 5 8 19 870
69 19 5 2 4 870
69 20 5 7 9 870
69 26 5 4 4 870
69 35 5 7 21 870
69 37 5 3 5 870
69 39 5 3 1 870
69 40 5 7 8 870
69 42 5 6 6 870
69 43 5 1 25 870
69 45 5 1 6 870
69 47 5 7 6 870
69 49 5 1 13 870
69 51 5 5 20 870
69 52 5 7 13 870
69 54 5 7 14 870
69 55 5 6 18 870
69 56 5 3 14 870
69 58 5 2 7 870
69 60 5 4 5 870
69 62 5 6 24 870
69 64 5 6 7 870
69 65 5 8 19 870
69 66 5 1 17 870
69 70 5 2 18 870
69 71 5 5 12 870
69 72 5 2 25 870
69 73 5 5 16 870
69 75 5 3 11 870
69 76 5 6 4 870
69 80 5 4 25 870
69 81 5 6 21 870
69 84 5 8 19 870
69 85 5 4 2 870
69 86 5 6 2 870
69 87 5 8 16 870
69 88 5 7 24 870
69 89 5 4 23 870
69 90 5 7 24 870
69 92 5 6 13 870
69 96 5 6 23 870
69 97 5 3 9 870
70 0 2 2 16 219
70 1 2 6 1 219
70 6 2 7 15 219
70 9 2 6 16 219
70 10 2 7 7 219
70 11 2 6 25 219
70 12 2 7 17 219
70 13 2 6 13 219
70 14 2 5 15 219
70 15 2 8 23 219
70 16 2 1 10 219
70 17 2 8 23 219
70 19 2 2 24 219
70 20 2 7 8 219
70 28 2 2 13 219
70 30 2 2 9 219
70 31 2 8 12 219
70 32 2 7 21 219
70 33 2 3 20 219
70 34 2 4 16 219
70 35 2 7 17 219
70 36 2 7 2 219
70 41 2 4 20 219
70 44 2 4 16 219
70 45 2 1 4 219
70 46 2 7 23 219
70 48 2 2 11 219
70 51 2 5 23 219
70 53 2 4 24 219
70 54 2 7 18 219
70 58 2 2 9 219
70 59 2 7 23 219
70 60 2 4 23 219
70 61 2 5 19 219
70 63 2 8 4 219
70 64 2 6 11 219
70 66 2 1 4 219
70 67 2 6 19 219
70 68 2 6 7 219
70 69 2 5 18 219
70 71 2 5 21 219
70 72 2 2 16 219
70 75 2 3 2 219
70 76 2 6 5 219
70 78 2 4 6 219
70 79 2 2 1 219
70 82 2 2 3 219
70 83 2 8 14 219
70 84 2 8 11 219
70 86 2 6 16 219
70 93 2 7 3 219
70 94 2 2 14 219
70 97 2 3 3 219
70 99 2 5 1 219
71 0 5 2 24 208
71 2 5 3 8 208
71 4 5 3 2 208
71 6 5 7 10 208
71 8 5 3 16 208
71 9 5 6 1 208
71 11 5 6 15 208
71 12 5 7 23 208
71 17 5 8 21 208
71 18 5 8 22 208
71 19 5 2 10 208
71 20 5 7 23 208
71 22 5 7 1 208
71 23 5 1 17 208
71 26 5 4 1 208
71 29 5 3 7 208
71 31 5 8 10 208
71 34 5 4 9 208
71 35 5 7 13 208
71 37 5 3 17 208
71 38 5 1 5 208
71 39 5 3 2 208
71 42 5 6 11 208
71 44 5 4 15 208
71 45 5 1 25 208
71 46 5 7 23 208
71 47 5 7 18 208
71 48 5 2 21 208
71 49 5 1 13 208
71 50 5 1 8 208
71 53 5 4 11 208
71 55 5 6 8 208
71 57 5 4 7 208
71 58 5 2 18 208
71 60 5 4 2 208
71 61 5 5 19 208
71 66 5 1 19 208
71 67 5 6 3 208
71 69 5 5 12 208
71 70 5 2 21 208
71 72 5 2 22 208
71 75 5 3 3 208
71 77 5 4 9 208
71 78 5 4 21 208
71 81 5 6 3 208
71 84 5 8 10 208
71 87 5 8 15 208
71 90 5 7 19 208
71 93 5 7 6 208
71 95 5 5 23 208
71 96 5 6 12 208
71 97 5 3 25 208
71 98 5 5 5 208
71 99 5 5 23 208
72 0 2 2 14 812
72 1 2 6 16 812
72 3 2 1 10 812
72 5 2 1 2 812
72 6 2 7 7 812
72 9 2 6 2 812
72 14 2 5 8 812
72 15 2 8 22 812
72 17 2 8 2 812
72 18 2 8 8 812
72 20 2 7 2 812
72 24 2 4 23 812
72 25 2 2 19 812
72 28 2 2 25 812
72 31 2 8 6 812
72 35 2 7 17 812
72 36 2 7 11 812
72 37 2 3 23 812
72 38 2 1 17 812
72 39 2 3 11 812
72 41 2 4 10 812
72 42 2 6 6 812
72 44 2 4 15 812
72 45 2 1 16 812
72 47 2 7 15 812
72 56 2 3 8 812
72 62 2 6 3 812
72 63 2 8 22 812
72 64 2 6 21 812
72 65 2 8 8 812
72 66 2 1 8 812
72 67 2 6 17 812
72 68 2 6 13 812
72 69 2 5 25 812
72 70 2 2 16 812
72 71 2 5 22 812
72 74 2 6 15 812
72 75 2 3 23 812
72 76 2 6 10 812
72 80 2 4 21 812
72 81 2 6 2 812
72 82 2 2 19 812
72 84 2 8 5 812
72 85 2 4 18 812
72 88 2 7 20 812
72 89 2 4 7 812
72 92 2 6 25 812
72 94 2 2 11 812
72 99 2 5 17 812
73 1 5 6 23 912
73 2 5 3 2 912
73 3 5 1 3 912
73 4 5 3 6 912
73 5 5 1 16 912
73 6 5 7 24 912
73 8 5 3 21 912
73 9 5 6 9 912
73 10 5 7 22 912
73 11 5 6 3 912
73 14 5 5 18 912
73 17 5 8 5 912
73 19 5 2 13 912
73 20 5 7 4 912
73 23 5 1 4 912
73 25 5 2 4 912
73 27 5 7 3 912
73 28 5 2 4 912
73 31 5 8 6 912
73 33 5 3 25 912
73 34 5 4 9 912
73 38 5 1 18 912
73 39 5 3 3 912
73 40 5 7 10 912
73 41 5 4 9 912
73 42 5 6 8 912
73 44 5 4 7 912
73 46 5 7 25 912
73 47 5 7 24 912
73 48 5 2 22 912
73 51 5 5 21 912
73 53 5 4 1 912
73 54 5 7 1 912
73 55 5 6 9 912
73 56 5 3 19 912
73 59 5 7 4 912
73 62 5 6 17 912
73 63 5 8 1 912
73 64 5 6 12 912
73 66 5 1 1 912
73 69 5 5 16 912
73 74 5 6 10 912
73 76 5 6 1 912
73 78 5 4 4 912
73 82 5 2 2 912
73 83 5 8 16 912
73 84 5 8 23 912
73 85 5 4 9 912
73 87 5 8 11 912
73 89 5 4 5 912
73 91 5 7 7 912
73 92 5 6 2 912
73 93 5 7 18 912
73 94 5 2 11 912
73 97 5 3 7 912
73 99 5 5 5 912
74 3 6 1 2 248
74 6 6 7 2 248
74 8 6 3 11 248
74 11 6 6 13 248
74 13 6 6 3 248
74 14 6 5 16 248
74 16 6 1 8 248
74 17 6 8 7 248
74 21 6 1 24 248
74 23 6 1 18 248
74 24 6 4 14 248
74 25 6 2 4 248
74 26 6 4 18 248
74 27 6 7 19 248
74 29 6 3 2 248
74 30 6 2 9 248
74 32 6 7 7 248
74 34 6 4 7 248
74 36 6 7 5 248
74 37 6 3 15 248
74 38 6 1 14 248
74 40 6 7 20 248
74 45 6 1 24 248
74 46 6 7 23 248
74 50 6 1 12 248
74 55 6 6 3 248
74 56 6 3 3 248
74 59 6 7 1 248
74 62 6 6 16 248
74 63 6 8 17 248
74 64 6 6 22 248
74 65 6 8 23 248
74 68 6 6 23 248
74 72 6 2 15 248
74 73 6 5 10 248
74 75 6 3 15 248
74 76 6 6 9 248
74 78 6 4 18 248
74 80 6 4 10 248
74 81 6 6 23 248
74 85 6 4 1 248
74 87 6 8 22 248
74 91 6 7 23 248
74 92 6 6 12 248
74 93 6 7 16 248
74 94 6 2 18 248
74 96 6 6 17 248
74 99 6 5 4 248
75 0 3 2 25 562
75 1 3 6 12 562
75 5 3 1 6 562
75 8 3 3 13 562
75 9 3 6 14 562
75 13 3 6 20 562
75 16 3 1 20 562
75 19 3 2 14 562
75 21 3 1 4 562
75 26 3 4 7 562
75 29 3 3 7 562
75 33 3 3 20 562
75 34 3 4 7 562
75 36 3 7 7 562
75 38 3 1 24 562
75 39 3 3 10 562
75 40 3 7 2 562
75 42 3 6 20 562
75 44 3 4 24 562
75 46 3 7 15 562
75 48 3 2 1 562
75 49 3 1 21 562
75 50 3 1 10 562
75 53 3 4 19 562
75 55 3 6 4 562
75 57 3 4 12 562
75 58 3 2 13 562
75 62 3 6 3 562
75 63 3 8 9 562
75 65 3 8 8 562
75 66 3 1 10 562
75 67 3 6 22 562
75 68 3 6 8 562
75 69 3 5 11 562
75 70 3 2 2 562
75 71 3 5 3 562
75 72 3 2 23 562
75 74 3 6 15 562
75 79 3 2 20 562
75 81 3 6 12 562
75 82 3 2 24 562
75 83 3 8 24 562
75 85 3 4 22 562
75 86 3 6 9 562
75 92 3 6 8 562
75 94 3 2 24 562
75 99 3 5 19 562
76 1 6 6 16 159
76 3 6 1 4 159
76 4 6 3 5 159
76 6 6 7 1 159
76 10 6 7 5 159
76 11 6 6 15 159
76 13 6 6 16 159
76 14 6 5 9 159
76 15 6 8 14 159
76 16 6 1 8 159
76 20 6 7 6 159
76 21 6 1 12 159
76 22 6 7 2 159
76 23 6 1 7 159
76 25 6 2 9 159
76 30 6 2 24 159
76 31 6 8 1 159
76 32 6 7 17 159
76 34 6 4 19 159
76 35 6 7 3 159
76 36 6 7 6 159
76 37 6 3 11 159
76 42 6 6 2 159
76 43 6 1 22 159
76 44 6 4 5 159
76 45 6 1 7 159
76 46 6 7 14 159
76 48 6 2 14 159
76 51 6 5 24 159
76 53 6 4 20 159
76 54 6 7 17 159
76 56 6 3 24 159
76 57 6 4 18 159
76 58 6 2 12 159
76 60 6 4 22 159
76 61 6 5 20 159
76 62 6 6 14 159
76 63 6 8 13 159
76 64 6 6 23 159
76 69 6 5 4 159
76 70 6 2 5 159
76 72 6 2 10 159
76 73 6 5 1 159
76 74 6 6 9 159
76 80 6 4 7 159
76 81 6 6 21 159
76 85 6 4 12 159
76 86 6 6 3 159
76 87 6 8 4 159
76 88 6 7 24 159
76 90 6 7 13 159
76 92 6 6 11 159
76 93 6 7 16 159
77 0 4 2 14 512
77 1 4 6 21 512
77 7 4 8 8 512
77 9 4 6 10 512
77 10 4 7 21 512
77 11 4 6 19 512
77 13 4 6 10 512
77 14 4 5 18 512
77 16 4 1 20 512
77 17 4 8 15 512
77 18 4 8 11 512
77 20 4 7 5 512
77 21 4 1 24 512
77 22 4 7 22 512
77 26 4 4 3 512
77 28 4 2 3 512
77 32 4 7 22 512
77 36 4 7 2 512
77 37 4 3 7 512
77 38 4 1 7 512
77 39 4 3 1 512
77 41 4 4 8 512
77 42 4 6 10 512
77 45 4 1 14 512
77 46 4 7 10 512
77 47 4 7 1 512
77 49 4 1 4 512
77 50 4 1 15 512
77 52 4 7 12 512
77 54 4 7 1 512
77 55 4 6 8 512
77 56 4 3 1 512
77 57 4 4 16 512
77 58 4 2 21 512
77 59 4 7 7 512
77 60 4 4 15 512
77 63 4 8 11 512
77 64 4 6 12 512
77 66 4 1 25 512
77 68 4 6 18 512
77 71 4 5 9 512
77 79 4 2 23 512
77 85 4 4 17 512
77 86 4 6 6 512
77 87 4 8 3 512
77 88 4 7 7 512
77 91 4 7 20 512
77 93 4 7 11 512
77 94 4 2 25 512
77 97 4 3 13 512
78 0 4 2 4 936
78 1 4 6 20 936
78 3 4 1 18 936
78 4 4 3 16 936
78 5 4 1 11 936
78 7 4 8 7 936
78 8 4 3 14 936
78 11 4 6 17 936
78 15 4 8 10 936
78 16 4 1 23 936
78 17 4 8 7 936
78 18 4 8 23 936
78 21 4 1 5 936
78 24 4 4 19 936
78 25 4 2 17 936
78 26 4 4 25 936
78 28 4 2 16 936
78 30 4 2 4 936
78 38 4 1 4 936
78 46 4 7 15 936
78 53 4 4 13 936
78 55 4 6 20 936
78 57 4 4 25 936
78 58 4 2 15 936
78 59 4 7 19 936
78 61 4 5 6 936
78 63 4 8 22 936
78 66 4 1 10 936
78 68 4 6 5 936
78 70 4 2 6 936
78 71 4 5 21 936
78 73 4 5 4 936
78 74 4 6 18 936
78 79 4 2 9 936
78 80 4 4 4 936
78 83 4 8 15 936
78 84 4 8 13 936
78 86 4 6 4 936
78 87 4 8 22 936
78 94 4 2 23 936
78 96 4 6 5 936
78 97 4 3 18 936
79 0 2 2 9 875
79 1 2 6 18 875
79 4 2 3 9 875
79 6 2 7 8 875
79 7 2 8 24 875
79 10 2 7 14 875
79 11 2 6 3 875
79 12 2 7 13 875
79 13 2 6 6 875
79 14 2 5 4 875
79 15 2 8 7 875
79 17 2 8 4 875
79 19 2 2 14 875
79 21 2 1 20 875
79 23 2 1 20 875
79 25 2 2 10 875
79 26 2 4 14 875
79 30 2 2 21 875
79 31 2 8 7 875
79 32 2 7 5 875
79 33 2 3 13 875
79 36 2 7 23 875
79 37 2 3 25 875
79 38 2 1 25 875
79 39 2 3 2 875
79 41 2 4 11 875
79 42 2 6 17 875
79 44 2 4 21 875
79 45 2 1 20 875
79 48 2 2 22 875
79 53 2 4 17 875
79 59 2 7 14 875
79 60 2 4 22 875
79 61 2 5 15 875
79 63 2 8 16 875
79 65 2 8 6 875
79 66 2 1 15 875
79 68 2 6 12 875
79 70 2 2 1 875
79 75 2 3 20 875
79 77 2 4 23 875
79 78 2 4 9 875
79 80 2 4 6 875
79 81 2 6 5 875
79 82 2 2 10 875
79 83 2 8 6 875
79 85 2 4 5 875
79 86 2 6 20 875
79 87 2 8 10 875
79 88 2 7 2 875
79 89 2 4 17 875
79 90 2 7 5 875
79 94 2 2 17 875
79 97 2 3 19 875
79 98 2 5 14 875
80 4 4 3 18 240
80 5 4 1 15 240
80 7 4 8 11 240
80 10 4 7 12 240
80 11 4 6 6 240
80 12 4 7 10 240
80 13 4 6 17 240
80 17 4 8 12 240
80 18 4 8 15 240
80 23 4 1 5 240
80 24 4 4 6 240
80 29 4 3 3 240
80 32 4 7 21 240
80 33 4 3 20 240
80 34 4 4 23 240
80 41 4 4 23 240
80 43 4 1 24 240
80 45 4 1 25 240
80 46 4 7 17 240
80 47 4 7 8 240
80 49 4 1 5 240
80 50 4 1 7 240
80 55 4 6 13 240
80 57 4 4 13 240
80 58 4 2 22 240
80 59 4 7 14 240
80 60 4 4 16 240
80 63 4 8 9 240
80 65 4 8 25 240
80 69 4 5 25 240
80 72 4 2 21 240
80 74 4 6 10 240
80 76 4 6 7 240
80 78 4 4 4 240
80 79 4 2 6 240
80 83 4 8 25 240
80 86 4 6 4 240
80 87 4 8 23 240
80 88 4 7 18 240
80 90 4 7 9 240
80 91 4 7 10 240
80 94 4 2 21 240
80 95 4 5 22 240
80 96 4 6 18 240
80 99 4 5 24 240
81 0 6 2 11 615
81 1 6 6 3 615
81 4 6 3 19 615
81 5 6 1 20 615
81 6 6 7 16 615
81 8 6 3 17 615
81 13 6 6 10 615
81 14 6 5 1 615
81 18 6 8 19 615
81 20 6 7 12 615
81 21 6 1 10 615
81 24 6 4 5 615
81 25 6 2 20 615
81 27 6 7 16 615
81 32 6 7 19 615
81 34 6 4 19 615
81 36 6 7 18 615
81 39 6 3 4 615
81 40 6 7 2 615
81 41 6 4 13 615
81 42 6 6 1 615
81 43 6 1 3 615
81 45 6 1 5 615
81 46 6 7 4 615
81 47 6 7 21 615
81 48 6 2 21 615
81 52 6 7 20 615
81 54 6 7 2 615
81 56 6 3 18 615
81 60 6 4 4 615
81 61 6 5 3 615
81 65 6 8 21 615
81 66 6 1 16 615
81 67 6 6 16 615
81 69 6 5 21 615
81 71 6 5 3 615
81 72 6 2 2 615
81 74 6 6 23 615
81 75 6 3 12 615
81 76 6 6 21 615
81 79 6 2 5 615
81 83 6 8 22 615
81 84 6 8 23 615
81 86 6 6 22 615
81 87 6 8 15 615
81 89 6 4 18 615
81 94 6 2 17 615
81 95 6 5 25 615
81 97 6 3 22 615
81 99 6 5 4 615
82 0 2 2 4 986
82 1 2 6 8 986
82 5 2 1 7 986
82 8 2 3 22 986
82 10 2 7 19 986
82 18 2 8 21 986
82 19 2 2 5 986
82 21 2 1 21 986
82 24 2 4 16 986
82 25 2 2 12 986
82 26 2 4 21 986
82 29 2 3 17 986
82 30 2 2 16 986
82 31 2 8 22 986
82 32 2 7 10 986
82 34 2 4 2 986
82 36 2 7 10 986
82 38 2 1 13 986
82 44 2 4 23 986
82 45 2 1 12 986
82 47 2 7 1 986
82 49 2 1 6 986
82 50 2 1 1 986
82 51 2 5 23 986
82 52 2 7 10 986
82 53 2 4 15 986
82 55 2 6 14 986
82 56 2 3 18 986
82 57 2 4 18 986
82 60 2 4 5 986
82 64 2 6 22 986
82 67 2 6 4 986
82 70 2 2 3 986
82 72 2 2 19 986
82 73 2 5 2 986
82 75 2 3 24 986
82 79 2 2 10 986
82 83 2 8 4 986
82 86 2 6 12 986
82 88 2 7 6 986
82 89 2 4 7 986
82 90 2 7 24 986
82 92 2 6 23 986
82 95 2 5 7 986
82 96 2 6 13 986
82 97 2 3 9 986
82 98 2 5 18 986
83 1 8 6 16 646
83 2 8 3 21 646
83 3 8 1 19 646
83 4 8 3 7 646
83 9 8 6 20 646
83 13 8 6 9 646
83 17 8 8 5 646
83 18 8 8 1 646
83 20 8 7 15 646
83 21 8 1 25 646
83 22 8 7 13 646
83 24 8 4 14 646
83 27 8 7 5 646
83 28 8 2 25 646
83 29 8 3 11 646
83 30 8 2 3 646
83 32 8 7 24 646
83 33 8 3 17 646
83 34 8 4 5 646
83 38 8 1 13 646
83 39 8 3 13 646
83 41 8 4 9 646
83 42 8 6 7 646
83 43 8 1 23 646
83 44 8 4 23 646
83 54 8 7 14 646
83 55 8 6 25 646
83 57 8 4 10 646
83 58 8 2 3 646
83 61 8 5 10 646
83 62 8 6 5 646
83 64 8 6 20 646
83 66 8 1 25 646
83 68 8 6 3 646
83 70 8 2 14 646
83 73 8 5 16 646
83 75 8 3 24 646
83 78 8 4 15 646
83 79 8 2 6 646
83 80 8 4 25 646
83 81 8 6 22 646
83 82 8 2 4 646
83 84 8 8 13 646
83 85 8 4 19 646
83 87 8 8 6 646
83 89 8 4 24 646
83 92 8 6 15 646
83 93 8 7 13 646
83 94 8 2 11 646
83 95 8 5 25 646
83 96 8 6 14 646
83 97 8 3 11 646
84 4 8 3 13 80
84 7 8 8 2 80
84 12 8 7 10 80
84 14 8 5 3 80
84 15 8 8 3 80
84 18 8 8 11 80
84 21 8 1 2 80
84 22 8 7 4 80
84 23 8 1 7 80
84 25 8 2 4 80
84 27 8 7 22 80
84 30 8 2 11 80
84 31 8 8 5 80
84 34 8 4 5 80
84 36 8 7 1 80
84 37 8 3 7 80
84 38 8 1 5 80
84 43 8 1 4 80
84 45 8 1 12 80
84 49 8 1 17 80
84 53 8 4 3 80
84 54 8 7 16 80
84 56 8 3 6 80
84 57 8 4 3 80
84 58 8 2 8 80
84 59 8 7 1 80
84 64 8 6 7 80
84 65 8 8 9 80
84 66 8 1 7 80
84 68 8 6 13 80
84 69 8 5 19 80
84 70 8 2 11 80
84 71 8 5 10 80
84 72 8 2 5 80
84 73 8 5 23 80
84 78 8 4 13 80
84 81 8 6 23 80
84 83 8 8 13 80
84 87 8 8 6 80
84 90 8 7 6 80
84 91 8 7 11 80
84 92 8 6 5 80
84 94 8 2 23 80
84 98 8 5 10 80
84 99 8 5 9 80
85 0 4 2 5 732
85 1 4 6 4 732
85 4 4 3 6 732
85 5 4 1 15 732
85 6 4 7 14 732
85 7 4 8 2 732
85 9 4 6 8 732
85 11 4 6 21 732
85 15 4 8 16 732
85 16 4 1 9 732
85 17 4 8 10 732
85 19 4 2 3 732
85 21 4 1 2 732
85 22 4 7 23 732
85 24 4 4 5 732
85 25 4 2 24 732
85 27 4 7 23 732
85 29 4 3 20 732
85 33 4 3 21 732
85 34 4 4 8 732
85 40 4 7 2 732
85 48 4 2 20 732
85 50 4 1 1 732
85 53 4 4 3 732
85 55 4 6 14 732
85 57 4 4 6 732
85 59 4 7 25 732
85 62 4 6 23 732
85 63 4 8 10 732
85 64 4 6 21 732
85 67 4 6 1 732
85 68 4 6 25 732
85 69 4 5 2 732
85 72 4 2 18 732
85 73 4 5 9 732
85 74 4 6 1 732
85 75 4 3 22 732
85 76 4 6 12 732
85 77 4 4 17 732
85 79 4 2 5 732
85 83 4 8 19 732
85 87 4 8 23 732
85 88 4 7 3 732
85 90 4 7 21 732
85 91 4 7 2 732
85 95 4 5 13 732
85 99 4 5 15 732
86 2 6 3 6 389
86 3 6 1 19 389
86 6 6 7 9 389
86 7 6 8 18 389
86 8 6 3 19 389
86 10 6 7 23 389
86 16 6 1 4 389
86 17 6 8 15 389
86 18 6 8 17 389
86 20 6 7 7 389
86 23 6 1 25 389
86 24 6 4 20 389
86 25 6 2 5 389
86 26 6 4 10 389
86 27 6 7 17 389
86 28 6 2 5 389
86 32 6 7 12 389
86 33 6 3 9 389
86 36 6 7 4 389
86 38 6 1 10 389
86 41 6 4 20 389
86 42 6 6 8 389
86 43 6 1 21 389
86 46 6 7 2 389
86 49 6 1 1 389
86 51 6 5 24 389
86 58 6 2 22 389
86 59 6 7 18 389
86 61 6 5 3 389
86 62 6 6 25 389
86 63 6 8 23 389
86 68 6 6 23 389
86 69 6 5 2 389
86 70 6 2 16 389
86 75 6 3 9 389
86 76 6 6 3 389
86 77 6 4 6 389
86 78 6 4 4 389
86 79 6 2 20 389
86 80 6 4 4 389
86 81 6 6 22 389
86 82 6 2 12 389
86 90 6 7 1 389
86 91 6 7 20 389
86 94 6 2 14 389
86 95 6 5 3 389
86 97 6 3 11 389
86 98 6 5 10 389
87 0 8 2 9 116
87 1 8 6 15 116
87 3 8 1 19 116
87 6 8 7 12 116
87 7 8 8 20 116
87 9 8 6 2 116
87 10 8 7 15 116
87 11 8 6 22 116
87 14 8 5 20 116
87 16 8 1 24 116
87 17 8 8 5 116
87 19 8 2 2 116
87 20 8 7 11 116
87 21 8 1 9 116
87 24 8 4 18 116
87 25 8 2 13 116
87 27 8 7 9 116
87 29 8 3 16 116
87 30 8 2 21 116
87 31 8 8 12 116
87 33 8 3 11 116
87 36 8 7 23 116
87 40 8 7 5 116
87 41 8 4 10 116
87 43 8 1 15 116
87 45 8 1 25 116
87 47 8 7 16 116
87 50 8 1 18 116
87 51 8 5 1 116
87 53 8 4 19 116
87 54 8 7 24 116
87 55 8 6 25 116
87 57 8 4 24 116
87 59 8 7 9 116
87 60 8 4 17 116
87 63 8 8 2 116
87 64 8 6 1 116
87 65 8 8 4 116
87 68 8 6 16 116
87 69 8 5 16 116
87 71 8 5 15 116
87 73 8 5 11 116
87 74 8 6 22 116
87 76 8 6 4 116
87 77 8 4 3 116
87 78 8 4 22 116
87 79 8 2 10 116
87 80 8 4 23 116
87 81 8 6 15 116
87 83 8 8 6 116
87 84 8 8 6 116
87 85 8 4 23 116
87 91 8 7 11 116
87 92 8 6 18 116
87 93 8 7 8 116
87 95 8 5 11 116
87 96 8 6 7 116
87 97 8 3 18 116
88 0 7 2 23 587
88 1 7 6 2 587
88 3 7 1 9 587
88 5 7 1 4 587
88 13 7 6 5 587
88 17 7 8 18 587
88 18 7 8 7 587
88 22 7 7 21 587
88 24 7 4 16 587
88 26 7 4 3 587
88 28 7 2 17 587
88 32 7 7 17 587
88 36 7 7 16 587
88 38 7 1 17 587
88 39 7 3 16 587
88 40 7 7 22 587
88 42 7 6 12 587
88 43 7 1 16 587
88 44 7 4 14 587
88 45 7 1 17 587
88 47 7 7 25 587
88 48 7 2 12 587
88 50 7 1 22 587
88 51 7 5 12 587
88 53 7 4 24 587
88 54 7 7 1 587
88 58 7 2 4 587
88 60 7 4 23 587
88 61 7 5 20 587
88 64 7 6 4 587
88 69 7 5 24 587
88 72 7 2 20 587
88 76 7 6 24 587
88 77 7 4 7 587
88 79 7 2 2 587
88 80 7 4 18 587
88 82 7 2 6 587
88 85 7 4 3 587
88 93 7 7 8 587
88 96 7 6 25 587
88 99 7 5 19 587
89 0 4 2 7 300
89 1 4 6 8 300
89 2 4 3 10 300
89 3 4 1 4 300
89 4 4 3 24 300
89 7 4 8 17 300
89 9 4 6 9 300
89 11 4 6 24 300
89 13 4 6 15 300
89 15 4 8 9 300
89 16 4 1 22 300
89 18 4 8 11 300
89 19 4 2 25 300
89 20 4 7 18 300
89 26 4 4 24 300
89 32 4 7 23 300
89 34 4 4 12 300
89 39 4 3 5 300
89 41 4 4 17 300
89 43 4 1 8 300
89 47 4 7 2 300
89 49 4 1 21 300
89 53 4 4 21 300
89 55 4 6 9 300
89 58 4 2 17 300
89 61 4 5 7 300
89 64 4 6 9 300
89 65 4 8 24 300
89 66 4 1 3 300
89 69 4 5 23 300
89 72 4 2 7 300
89 73 4 5 5 300
89 79 4 2 17 300
89 81 4 6 18 300
89 82 4 2 7 300
89 83 4 8 24 300
89 91 4 7 25 300
89 92 4 6 5 300
89 93 4 7 17 300
89 94 4 2 16 300
89 98 4 5 13 300
90 1 7 6 5 983
90 2 7 3 9 983
90 3 7 1 20 983
90 6 7 7 16 983
90 8 7 3 11 983
90 9 7 6 16 983
90 11 7 6 25 983
90 12 7 7 10 983
90 13 7 6 14 983
90 14 7 5 1 983
90 16 7 1 3 983
90 17 7 8 1 983
90 19 7 2 6 983
90 21 7 1 16 983
90 22 7 7 1 983
90 23 7 1 1 983
90 24 7 4 10 983
90 25 7 2 14 983
90 30 7 2 5 983
90 32 7 7 6 983
90 34 7 4 11 983
90 35 7 7 25 983
90 36 7 7 19 983
90 39 7 3 8 983
90 40 7 7 2 983
90 46 7 7 5 983
90 47 7 7 6 983
90 49 7 1 19 983
90 50 7 1 4 983
90 51 7 5 1 983
90 53 7 4 17 983
90 54 7 7 1 983
90 55 7 6 21 983
90 56 7 3 10 983
90 59 7 7 7 983
90 61 7 5 5 983
90 62 7 6 16 983
90 64 7 6 1 983
90 65 7 8 13 983
90 67 7 6 23 983
90 69 7 5 24 983
90 71 7 5 19 983
90 76 7 6 13 983
90 79 7 2 5 983
90 80 7 4 9 983
90 82 7 2 24 983
90 84 7 8 6 983
90 85 7 4 21 983
90 86 7 6 1 983
90 92 7 6 22 983
90 94 7 2 20 983
90 98 7 5 22 983
90 99 7 5 4 983
91 2 7 3 22 950
91 6 7 7 20 950
91 8 7 3 10 950
91 11 7 6 24 950
91 13 7 6 22 950
91 16 7 1 22 950
91 17 7 8 3 950
91 19 7 2 12 950
91 21 7 1 1 950
91 22 7 7 17 950
91 23 7 1 5 950
91 24 7 4 1 950
91 25 7 2 9 950
91 26 7 4 5 950
91 27 7 7 25 950
91 28 7 2 10 950
91 29 7 3 2 950
91 30 7 2 16 950
91 32 7 7 25 950
91 33 7 3 8 950
91 38 7 1 15 950
91 40 7 7 19 950
91 42 7 6 14 950
91 44 7 4 16 950
91 49 7 1 8 950
91 50 7 1 3 950
91 55 7 6 25 950
91 60 7 4 9 950
91 62 7 6 10 950
91 64 7 6 21 950
91 65 7 8 4 950
91 68 7 6 15 950
91 73 7 5 7 950
91 74 7 6 23 950
91 77 7 4 20 950
91 80 7 4 10 950
91 84 7 8 11 950
91 85 7 4 2 950
91 86 7 6 20 950
91 87 7 8 11 950
91 89 7 4 25 950
91 92 7 6 3 950
91 98 7 5 24 950
92 0 6 2 14 484
92 6 6 7 25 484
92 9 6 6 10 484
92 11 6 6 16 484
92 12 6 7 9 484
92 13 6 6 2 484
92 14 6 5 17 484
92 21 6 1 21 484
92 26 6 4 12 484
92 29 6 3 6 484
92 30 6 2 4 484
92 31 6 8 16 484
92 32 6 7 18 484
92 36 6 7 6 484
92 41 6 4 5 484
92 42 6 6 19 484
92 44 6 4 7 484
92 45 6 1 19 484
92 46 6 7 10 484
92 47 6 7 17 484
92 48 6 2 18 484
92 49 6 1 8 484
92 51 6 5 18 484
92 52 6 7 12 484
92 56 6 3 12 484
92 59 6 7 10 484
92 63 6 8 2 484
92 64 6 6 10 484
92 65 6 8 10 484
92 66 6 1 18 484
92 67 6 6 8 484
92 68 6 6 17 484
92 69 6 5 13 484
92 72 6 2 25 484
92 73 6 5 2 484
92 74 6 6 12 484
92 75 6 3 8 484
92 76 6 6 11 484
92 82 6 2 23 484
92 83 6 8 15 484
92 84 6 8 5 484
92 87 6 8 18 484
92 89 6 4 5 484
92 90 6 7 22 484
92 91 6 7 3 484
92 93 6 7 11 484
92 94 6 2 7 484
92 95 6 5 22 484
92 97 6 3 2 484
93 0 7 2 17 358
93 3 7 1 25 358
93 4 7 3 23 358
93 5 7 1 8 358
93 6 7 7 23 358
93 7 7 8 10 358
93 8 7 3 25 358
93 9 7 6 6 358
93 10 7 7 24 358
93 11 7 6 14 358
93 12 7 7 23 358
93 17 7 8 2 358
93 18 7 8 17 358
93 19 7 2 10 358
93 20 7 7 3 358
93 25 7 2 7 358
93 27 7 7 25 358
93 31 7 8 9 358
93 34 7 4 7 358
93 35 7 7 25 358
93 36 7 7 25 358
93 37 7 3 13 358
93 39 7 3 2 358
93 41 7 4 15 358
93 42 7 6 16 358
93 45 7 1 5 358
93 49 7 1 12 358
93 53 7 4 15 358
93 58 7 2 12 358
93 61 7 5 21 358
93 65 7 8 20 358
93 67 7 6 6 358
93 68 7 6 20 358
93 70 7 2 3 358
93 71 7 5 6 358
93 73 7 5 18 358
93 74 7 6 16 358
93 76 7 6 16 358
93 77 7 4 11 358
93 83 7 8 13 358
93 87 7 8 8 358
93 88 7 7 8 358
93 89 7 4 17 358
93 92 7 6 11 358
93 94 7 2 13 358
93 97 7 3 11 358
93 98 7 5 21 358
93 99 7 5 21 358
94 4 2 3 18 280
94 5 2 1 18 280
94 7 2 8 16 280
94 9 2 6 20 280
94 10 2 7 1 280
94 12 2 7 1 280
94 13 2 6 3 280
94 15 2 8 5 280
94 16 2 1 7 280
94 17 2 8 8 280
94 19 2 2 6 280
94 21 2 1 15 280
94 22 2 7 20 280
94 23 2 1 9 280
94 24 2 4 5 280
94 25 2 2 19 280
94 27 2 7 12 280
94 30 2 2 1 280
94 31 2 8 14 280
94 32 2 7 9 280
94 36 2 7 24 280
94 37 2 3 2 280
94 40 2 7 24 280
94 42 2 6 14 280
94 43 2 1 7 280
94 45 2 1 10 280
94 46 2 7 21 280
94 47 2 7 22 280
94 49 2 1 21 280
94 51 2 5 1 280
94 55 2 6 9 280
94 56 2 3 4 280
94 57 2 4 17 280
94 58 2 2 5 280
94 59 2 7 25 280
94 60 2 4 22 280
94 62 2 6 10 280
94 63 2 8 13 280
94 65 2 8 10 280
94 66 2 1 17 280
94 70 2 2 14 280
94 72 2 2 11 280
94 73 2 5 11 280
94 74 2 6 18 280
94 75 2 3 24 280
94 77 2 4 25 280
94 78 2 4 23 280
94 79 2 2 17 280
94 80 2 4 21 280
94 81 2 6 17 280
94 83 2 8 11 280
94 84 2 8 23 280
94 86 2 6 14 280
94 89 2 4 16 280
94 90 2 7 20 280
94 92 2 6 7 280
94 93 2 7 13 280
94 95 2 5 7 280
94 96 2 6 6 280
94 97 2 3 12 280
94 99 2 5 15 280
95 1 5 6 22 232
95 2 5 3 1 232
95 3 5 1 25 232
95 5 5 1 20 232
95 6 5 7 13 232
95 8 5 3 19 232
95 9 5 6 9 232
95 12 5 7 15 232
95 13 5 6 7 232
95 15 5 8 20 232
95 16 5 1 11 232
95 19 5 2 1 232
95 22 5 7 2 232
95 23 5 1 14 232
95 25 5 2 17 232
95 26 5 4 24 232
95 27 5 7 25 232
95 28 5 2 11 232
95 29 5 3 18 232
95 31 5 8 16 232
95 33 5 3 6 232
95 35 5 7 18 232
95 38 5 1 21 232
95 44 5 4 13 232
95 45 5 1 12 232
95 48 5 2 5 232
95 49 5 1 21 232
95 60 5 4 21 232
95 62 5 6 14 232
95 65 5 8 5 232
95 66 5 1 10 232
95 67 5 6 16 232
95 68 5 6 12 232
95 71 5 5 23 232
95 80 5 4 22 232
95 81 5 6 25 232
95 82 5 2 7 232
95 83 5 8 25 232
95 85 5 4 13 232
95 86 5 6 3 232
95 87 5 8 11 232
95 92 5 6 22 232
95 94 5 2 7 232
95 97 5 3 17 232
95 98 5 5 17 232
95 99 5 5 25 232
96 0 6 2 22 169
96 1 6 6 7 169
96 2 6 3 19 169
96 4 6 3 10 169
96 5 6 1 7 169
96 6 6 7 11 169
96 8 6 3 20 169
96 9 6 6 10 169
96 12 6 7 18 169
96 14 6 5 13 169
96 15 6 8 19 169
96 17 6 8 18 169
96 19 6 2 1 169
96 21 6 1 6 169
96 24 6 4 17 169
96 25 6 2 23 169
96 28 6 2 20 169
96 30 6 2 1 169
96 31 6 8 17 169
96 34 6 4 3 169
96 36 6 7 25 169
96 37 6 3 24 169
96 39 6 3 1 169
96 40 6 7 19 169
96 42 6 6 22 169
96 43 6 1 14 169
96 44 6 4 4 169
96 46 6 7 22 169
96 47 6 7 16 169
96 49 6 1 9 169
96 52 6 7 3 169
96 55 6 6 20 169
96 57 6 4 24 169
96 58 6 2 23 169
96 60 6 4 5 169
96 61 6 5 17 169
96 66 6 1 2 169
96 68 6 6 9 169
96 69 6 5 23 169
96 71 6 5 12 169
96 74 6 6 17 169
96 78 6 4 5 169
96 80 6 4 18 169
96 82 6 2 13 169
96 83 6 8 14 169
96 87 6 8 7 169
96 88 6 7 25 169
96 94 6 2 6 169
96 99 6 5 2 169
97 1 3 6 22 100
97 5 3 1 2 100
97 6 3 7 1 100
97 7 3 8 1 100
97 8 3 3 25 100
97 9 3 6 2 100
97 14 3 5 11 100
97 15 3 8 5 100
97 16 3 1 12 100
97 18 3 8 16 100
97 20 3 7 25 100
97 21 3 1 20 100
97 26 3 4 20 100
97 27 3 7 13 100
97 28 3 2 21 100
97 29 3 3 15 100
97 31 3 8 19 100
97 32 3 7 23 100
97 33 3 3 7 100
97 35 3 7 17 100
97 36 3 7 5 100
97 37 3 3 23 100
97 43 3 1 8 100
97 45 3 1 5 100
97 46 3 7 17 100
97 50 3 1 20 100
97 53 3 4 14 100
97 54 3 7 15 100
97 58 3 2 9 100
97 60 3 4 10 100
97 65 3 8 24 100
97 68 3 6 3 100
97 69 3 5 9 100
97 70 3 2 3 100
97 71 3 5 25 100
97 73 3 5 7 100
97 77 3 4 13 100
97 78 3 4 18 100
97 79 3 2 19 100
97 81 3 6 22 100
97 82 3 2 9 100
97 83 3 8 11 100
97 86 3 6 11 100
97 87 3 8 18 100
97 92 3 6 2 100
97 93 3 7 11 100
97 94 3 2 12 100
97 95 3 5 17 100
98 2 5 3 1 187
98 3 5 1 6 187
98 6 5 7 21 187
98 8 5 3 12 187
98 9 5 6 21 187
98 13 5 6 16 187
98 16 5 1 19 187
98 17 5 8 7 187
98 21 5 1 25 187
98 22 5 7 19 187
98 24 5 4 10 187
98 32 5 7 24 187
98 33 5 3 19 187
98 38 5 1 2 187
98 39 5 3 2 187
98 41 5 4 7 187
98 42 5 6 1 187
98 44 5 4 24 187
98 50 5 1 11 187
98 59 5 7 10 187
98 63 5 8 12 187
98 64 5 6 21 187
98 65 5 8 14 187
98 66 5 1 23 187
98 67 5 6 19 187
98 71 5 5 5 187
98 79 5 2 14 187
98 82 5 2 18 187
98 84 5 8 10 187
98 86 5 6 10 187
98 89 5 4 13 187
98 90 5 7 22 187
98 91 5 7 24 187
98 93 5 7 21 187
98 95 5 5 17 187
98 99 5 5 20 187
99 1 5 6 3 753
99 2 5 3 7 753
99 3 5 1 15 753
99 4 5 3 8 753
99 5 5 1 19 753
99 6 5 7 16 753
99 7 5 8 15 753
99 10 5 7 18 753
99 18 5 8 3 753
99 20 5 7 19 753
99 21 5 1 23 753
99 27 5 7 10 753
99 30 5 2 4 753
99 31 5 8 10 753
99 32 5 7 1 753
99 34 5 4 20 753
99 39 5 3 5 753
99 47 5 7 15 753
99 48 5 2 12 753
99 49 5 1 5 753
99 50 5 1 2 753
99 51 5 5 9 753
99 53 5 4 8 753
99 58 5 2 7 753
99 67 5 6 11 753
99 68 5 6 4 753
99 70 5 2 1 753
99 71 5 5 23 753
99 72 5 2 17 753
99 73 5 5 5 753
99 74 5 6 4 753
99 75 5 3 19 753
99 80 5 4 24 753
99 81 5 6 4 753
99 84 5 8 9 753
99 85 5 4 15 753
99 88 5 7 19 753
99 90 5 7 4 753
99 93 5 7 21 753
99 94 5 2 15 753
99 95 5 5 25 753
99 96 5 6 2 753
99 98 5 5 20 753
