capacity  cost_by_node
nb_functions 10
23 90 33 44 89 30 22 26 11 57 86 94 92 21 53 82 72 26 20 72 31 43 53 68 44 25 
28 55 35 14 93 95 36 63 74 56 89 19 17 42 67 24 67 50 17 66 55 85 24 12 39 89 
21 46 27 10 19 94 31 14 67 98 73 63 11 78 69 87 42 82 89 48 86 57 93 76 66 72 
26 57 41 33 36 97 13 24 22 54 97 95 88 91 95 71 69 74 66 100 76 70 92 84 86 64 
20 99 22 31 84 37 46 89 88 51 37 79 85 73 78 77 97 68 23 23 99 64 26 47 59 59 
22 77 85 83 19 61 45 87 75 58 47 22 54 39 33 23 75 98 11 83 21 45 54 88 73 64 
24 21 62 67 80 59 13 99 13 60 94 47 70 52 85 42 84 76 81 20 65 88 84 59 40 57 
29 19 50 70 76 64 17 12 41 77 26 47 90 11 35 100 81 65 13 15 72 56 100 86 61 22 
24 88 48 98 63 62 71 96 60 79 24 86 99 71 67 23 23 67 68 40 56 93 83 26 77 89 
15 16 53 62 75 30 12 68 20 92 41 41 66 10 43 43 60 50 15 14 91 97 14 89 19 80 
