capacity  cost_by_node
nb_functions 8
7 69 21 61 36 16 31 21 64 74 19 100 33 59 16 16 45 12 73 33 58 29 72 72 66 13 
5 17 31 33 67 25 54 49 95 10 65 100 81 22 88 94 39 21 92 23 75 27 95 22 60 18 
9 58 50 33 91 57 23 23 66 38 55 93 62 27 17 61 94 67 53 57 12 60 19 57 80 100 
7 53 83 59 40 63 77 84 53 14 88 35 99 27 40 59 37 20 65 27 36 86 25 24 30 86 
9 23 93 24 55 45 70 73 53 33 53 63 60 84 83 55 84 73 75 64 88 40 66 21 24 17 
8 65 19 33 90 30 50 49 43 65 10 45 20 80 96 86 36 13 89 35 38 64 64 79 15 89 
7 31 38 30 40 74 46 88 73 75 40 46 47 46 86 48 50 38 76 82 54 68 85 33 42 39 
7 99 28 66 96 69 65 39 65 86 79 13 54 29 60 11 45 45 56 25 14 96 86 70 59 94 
