Node_1 Node_2 Capacity_node1 Capacity_node2 Latency_arc node_cost
nb_nodes 50
nb_arcs 2236
0 1 2 5 16 697
0 2 2 1 11 697
0 3 2 1 2 697
0 4 2 3 12 697
0 5 2 4 6 697
0 6 2 3 4 697
0 7 2 5 4 697
0 8 2 1 22 697
0 9 2 5 11 697
0 10 2 2 22 697
0 12 2 4 6 697
0 13 2 4 2 697
0 14 2 3 11 697
0 15 2 5 14 697
0 16 2 2 11 697
0 17 2 5 4 697
0 18 2 5 20 697
0 19 2 1 6 697
0 20 2 5 17 697
0 21 2 2 1 697
0 23 2 1 17 697
0 24 2 4 8 697
0 25 2 4 5 697
0 26 2 2 4 697
0 27 2 3 19 697
0 28 2 2 20 697
0 29 2 4 8 697
0 31 2 4 16 697
0 32 2 5 18 697
0 33 2 5 22 697
0 34 2 4 22 697
0 35 2 4 25 697
0 36 2 1 17 697
0 37 2 4 14 697
0 38 2 5 20 697
0 39 2 3 24 697
0 40 2 2 23 697
0 41 2 1 20 697
0 42 2 3 5 697
0 44 2 3 7 697
0 45 2 3 18 697
0 46 2 1 22 697
0 47 2 5 2 697
0 48 2 2 18 697
0 49 2 5 6 697
1 0 5 2 16 65
1 3 5 1 2 65
1 4 5 3 4 65
1 5 5 4 20 65
1 6 5 3 4 65
1 7 5 5 15 65
1 8 5 1 17 65
1 9 5 5 1 65
1 10 5 2 5 65
1 11 5 1 19 65
1 12 5 4 5 65
1 13 5 4 18 65
1 14 5 3 11 65
1 15 5 5 14 65
1 16 5 2 5 65
1 17 5 5 18 65
1 18 5 5 6 65
1 19 5 1 1 65
1 20 5 5 22 65
1 21 5 2 23 65
1 22 5 4 10 65
1 23 5 1 5 65
1 24 5 4 16 65
1 25 5 4 10 65
1 26 5 2 9 65
1 27 5 3 11 65
1 28 5 2 19 65
1 29 5 4 3 65
1 31 5 4 12 65
1 32 5 5 9 65
1 33 5 5 16 65
1 34 5 4 1 65
1 35 5 4 14 65
1 36 5 1 6 65
1 37 5 4 2 65
1 38 5 5 9 65
1 39 5 3 9 65
1 40 5 2 13 65
1 41 5 1 18 65
1 42 5 3 10 65
1 43 5 4 4 65
1 44 5 3 1 65
1 45 5 3 20 65
1 46 5 1 23 65
1 47 5 5 9 65
1 48 5 2 7 65
1 49 5 5 3 65
2 0 1 2 11 854
2 3 1 1 25 854
2 4 1 3 7 854
2 6 1 3 4 854
2 7 1 5 16 854
2 8 1 1 13 854
2 9 1 5 23 854
2 11 1 1 19 854
2 13 1 4 15 854
2 14 1 3 10 854
2 15 1 5 16 854
2 16 1 2 9 854
2 17 1 5 9 854
2 18 1 5 1 854
2 19 1 1 24 854
2 20 1 5 3 854
2 21 1 2 22 854
2 22 1 4 16 854
2 23 1 1 8 854
2 24 1 4 16 854
2 25 1 4 14 854
2 26 1 2 9 854
2 27 1 3 23 854
2 28 1 2 21 854
2 29 1 4 17 854
2 30 1 1 18 854
2 31 1 4 13 854
2 32 1 5 11 854
2 33 1 5 3 854
2 34 1 4 14 854
2 35 1 4 18 854
2 36 1 1 2 854
2 37 1 4 1 854
2 38 1 5 4 854
2 39 1 3 22 854
2 40 1 2 25 854
2 41 1 1 23 854
2 42 1 3 20 854
2 43 1 4 22 854
2 44 1 3 12 854
2 45 1 3 4 854
2 46 1 1 13 854
2 47 1 5 13 854
2 48 1 2 12 854
3 0 1 2 2 350
3 1 1 5 2 350
3 2 1 1 25 350
3 4 1 3 20 350
3 5 1 4 12 350
3 6 1 3 2 350
3 7 1 5 12 350
3 8 1 1 25 350
3 9 1 5 8 350
3 10 1 2 15 350
3 11 1 1 10 350
3 12 1 4 24 350
3 13 1 4 25 350
3 14 1 3 10 350
3 15 1 5 1 350
3 16 1 2 25 350
3 17 1 5 1 350
3 18 1 5 1 350
3 19 1 1 15 350
3 20 1 5 9 350
3 21 1 2 18 350
3 22 1 4 10 350
3 23 1 1 16 350
3 24 1 4 17 350
3 25 1 4 22 350
3 27 1 3 4 350
3 28 1 2 5 350
3 30 1 1 18 350
3 31 1 4 4 350
3 32 1 5 5 350
3 33 1 5 4 350
3 34 1 4 17 350
3 35 1 4 25 350
3 36 1 1 19 350
3 37 1 4 8 350
3 38 1 5 15 350
3 39 1 3 18 350
3 40 1 2 22 350
3 41 1 1 9 350
3 42 1 3 7 350
3 43 1 4 20 350
3 44 1 3 14 350
3 45 1 3 9 350
3 46 1 1 11 350
3 47 1 5 3 350
3 48 1 2 19 350
3 49 1 5 16 350
4 0 3 2 12 323
4 1 3 5 4 323
4 2 3 1 7 323
4 3 3 1 20 323
4 5 3 4 23 323
4 7 3 5 12 323
4 8 3 1 3 323
4 9 3 5 1 323
4 10 3 2 20 323
4 11 3 1 1 323
4 12 3 4 10 323
4 13 3 4 13 323
4 14 3 3 13 323
4 15 3 5 4 323
4 16 3 2 19 323
4 17 3 5 23 323
4 18 3 5 9 323
4 19 3 1 9 323
4 20 3 5 6 323
4 21 3 2 16 323
4 22 3 4 8 323
4 25 3 4 8 323
4 26 3 2 7 323
4 28 3 2 19 323
4 29 3 4 8 323
4 30 3 1 2 323
4 31 3 4 1 323
4 32 3 5 6 323
4 33 3 5 6 323
4 35 3 4 2 323
4 36 3 1 19 323
4 37 3 4 2 323
4 38 3 5 18 323
4 39 3 3 19 323
4 40 3 2 9 323
4 41 3 1 6 323
4 42 3 3 16 323
4 43 3 4 7 323
4 44 3 3 21 323
4 45 3 3 8 323
4 47 3 5 1 323
4 49 3 5 8 323
5 0 4 2 6 954
5 1 4 5 20 954
5 3 4 1 12 954
5 4 4 3 23 954
5 6 4 3 1 954
5 7 4 5 20 954
5 8 4 1 23 954
5 10 4 2 25 954
5 11 4 1 9 954
5 13 4 4 5 954
5 15 4 5 24 954
5 16 4 2 16 954
5 17 4 5 12 954
5 18 4 5 15 954
5 19 4 1 12 954
5 20 4 5 8 954
5 21 4 2 25 954
5 22 4 4 10 954
5 23 4 1 8 954
5 24 4 4 23 954
5 25 4 4 17 954
5 26 4 2 7 954
5 27 4 3 2 954
5 29 4 4 22 954
5 30 4 1 12 954
5 31 4 4 11 954
5 32 4 5 17 954
5 33 4 5 9 954
5 34 4 4 16 954
5 35 4 4 13 954
5 36 4 1 15 954
5 37 4 4 7 954
5 38 4 5 10 954
5 39 4 3 15 954
5 40 4 2 21 954
5 41 4 1 22 954
5 42 4 3 2 954
5 43 4 4 3 954
5 45 4 3 9 954
5 46 4 1 15 954
5 47 4 5 3 954
5 48 4 2 4 954
5 49 4 5 21 954
6 0 3 2 4 843
6 1 3 5 4 843
6 2 3 1 4 843
6 3 3 1 2 843
6 5 3 4 1 843
6 7 3 5 13 843
6 8 3 1 19 843
6 9 3 5 4 843
6 10 3 2 14 843
6 11 3 1 10 843
6 12 3 4 22 843
6 13 3 4 6 843
6 14 3 3 8 843
6 15 3 5 10 843
6 16 3 2 2 843
6 17 3 5 15 843
6 18 3 5 24 843
6 19 3 1 22 843
6 20 3 5 18 843
6 21 3 2 7 843
6 22 3 4 1 843
6 23 3 1 4 843
6 24 3 4 7 843
6 25 3 4 14 843
6 26 3 2 12 843
6 27 3 3 1 843
6 28 3 2 6 843
6 29 3 4 3 843
6 31 3 4 10 843
6 32 3 5 3 843
6 33 3 5 7 843
6 34 3 4 15 843
6 35 3 4 3 843
6 37 3 4 23 843
6 38 3 5 9 843
6 39 3 3 13 843
6 40 3 2 22 843
6 41 3 1 21 843
6 42 3 3 24 843
6 43 3 4 20 843
6 44 3 3 22 843
6 45 3 3 24 843
6 46 3 1 14 843
6 47 3 5 14 843
6 48 3 2 12 843
6 49 3 5 7 843
7 0 5 2 4 692
7 1 5 5 15 692
7 2 5 1 16 692
7 3 5 1 12 692
7 4 5 3 12 692
7 5 5 4 20 692
7 6 5 3 13 692
7 8 5 1 10 692
7 9 5 5 24 692
7 10 5 2 9 692
7 11 5 1 11 692
7 12 5 4 5 692
7 13 5 4 8 692
7 14 5 3 1 692
7 16 5 2 3 692
7 17 5 5 16 692
7 19 5 1 25 692
7 20 5 5 21 692
7 21 5 2 8 692
7 22 5 4 14 692
7 23 5 1 3 692
7 24 5 4 4 692
7 25 5 4 3 692
7 27 5 3 10 692
7 28 5 2 16 692
7 29 5 4 18 692
7 30 5 1 11 692
7 31 5 4 24 692
7 32 5 5 23 692
7 33 5 5 23 692
7 34 5 4 17 692
7 36 5 1 21 692
7 37 5 4 24 692
7 38 5 5 2 692
7 40 5 2 4 692
7 41 5 1 6 692
7 42 5 3 5 692
7 43 5 4 4 692
7 44 5 3 10 692
7 45 5 3 23 692
7 46 5 1 15 692
7 48 5 2 12 692
7 49 5 5 16 692
8 0 1 2 22 120
8 1 1 5 17 120
8 2 1 1 13 120
8 3 1 1 25 120
8 4 1 3 3 120
8 5 1 4 23 120
8 6 1 3 19 120
8 7 1 5 10 120
8 9 1 5 24 120
8 10 1 2 19 120
8 11 1 1 19 120
8 12 1 4 4 120
8 13 1 4 19 120
8 14 1 3 6 120
8 15 1 5 14 120
8 16 1 2 19 120
8 17 1 5 6 120
8 18 1 5 7 120
8 19 1 1 7 120
8 20 1 5 4 120
8 21 1 2 17 120
8 23 1 1 16 120
8 25 1 4 17 120
8 26 1 2 6 120
8 27 1 3 23 120
8 28 1 2 23 120
8 29 1 4 4 120
8 30 1 1 6 120
8 31 1 4 15 120
8 32 1 5 14 120
8 33 1 5 14 120
8 34 1 4 23 120
8 35 1 4 16 120
8 36 1 1 21 120
8 37 1 4 21 120
8 38 1 5 13 120
8 39 1 3 13 120
8 40 1 2 12 120
8 41 1 1 17 120
8 42 1 3 19 120
8 43 1 4 7 120
8 44 1 3 24 120
8 45 1 3 9 120
8 46 1 1 13 120
8 47 1 5 11 120
8 48 1 2 16 120
8 49 1 5 20 120
9 0 5 2 11 457
9 1 5 5 1 457
9 2 5 1 23 457
9 3 5 1 8 457
9 4 5 3 1 457
9 6 5 3 4 457
9 7 5 5 24 457
9 8 5 1 24 457
9 10 5 2 5 457
9 12 5 4 13 457
9 13 5 4 22 457
9 14 5 3 8 457
9 17 5 5 24 457
9 18 5 5 11 457
9 19 5 1 25 457
9 20 5 5 11 457
9 21 5 2 20 457
9 22 5 4 3 457
9 23 5 1 23 457
9 24 5 4 17 457
9 25 5 4 3 457
9 26 5 2 4 457
9 27 5 3 13 457
9 28 5 2 20 457
9 29 5 4 21 457
9 30 5 1 2 457
9 31 5 4 5 457
9 32 5 5 13 457
9 33 5 5 1 457
9 34 5 4 23 457
9 35 5 4 17 457
9 36 5 1 24 457
9 37 5 4 8 457
9 38 5 5 4 457
9 39 5 3 20 457
9 40 5 2 12 457
9 41 5 1 10 457
9 42 5 3 6 457
9 43 5 4 23 457
9 45 5 3 5 457
9 46 5 1 9 457
9 48 5 2 14 457
9 49 5 5 25 457
10 0 2 2 22 71
10 1 2 5 5 71
10 3 2 1 15 71
10 4 2 3 20 71
10 5 2 4 25 71
10 6 2 3 14 71
10 7 2 5 9 71
10 8 2 1 19 71
10 9 2 5 5 71
10 11 2 1 13 71
10 12 2 4 19 71
10 13 2 4 2 71
10 15 2 5 5 71
10 16 2 2 12 71
10 17 2 5 11 71
10 18 2 5 5 71
10 20 2 5 10 71
10 22 2 4 21 71
10 23 2 1 14 71
10 24 2 4 20 71
10 26 2 2 22 71
10 27 2 3 13 71
10 28 2 2 15 71
10 29 2 4 24 71
10 30 2 1 4 71
10 31 2 4 11 71
10 32 2 5 7 71
10 33 2 5 22 71
10 34 2 4 17 71
10 35 2 4 15 71
10 36 2 1 20 71
10 37 2 4 13 71
10 38 2 5 8 71
10 39 2 3 23 71
10 40 2 2 5 71
10 41 2 1 22 71
10 42 2 3 2 71
10 43 2 4 16 71
10 44 2 3 11 71
10 45 2 3 4 71
10 46 2 1 11 71
10 47 2 5 16 71
10 48 2 2 20 71
10 49 2 5 18 71
11 1 1 5 19 796
11 2 1 1 19 796
11 3 1 1 10 796
11 4 1 3 1 796
11 5 1 4 9 796
11 6 1 3 10 796
11 7 1 5 11 796
11 8 1 1 19 796
11 10 1 2 13 796
11 12 1 4 23 796
11 13 1 4 22 796
11 14 1 3 18 796
11 15 1 5 6 796
11 16 1 2 20 796
11 17 1 5 9 796
11 18 1 5 10 796
11 19 1 1 9 796
11 20 1 5 14 796
11 21 1 2 23 796
11 22 1 4 24 796
11 23 1 1 1 796
11 24 1 4 18 796
11 25 1 4 22 796
11 27 1 3 19 796
11 28 1 2 3 796
11 29 1 4 25 796
11 30 1 1 17 796
11 31 1 4 2 796
11 32 1 5 8 796
11 33 1 5 13 796
11 34 1 4 5 796
11 35 1 4 2 796
11 36 1 1 10 796
11 37 1 4 16 796
11 38 1 5 1 796
11 39 1 3 25 796
11 42 1 3 14 796
11 43 1 4 19 796
11 44 1 3 14 796
11 45 1 3 11 796
11 46 1 1 17 796
11 47 1 5 18 796
11 48 1 2 18 796
11 49 1 5 13 796
12 0 4 2 6 405
12 1 4 5 5 405
12 3 4 1 24 405
12 4 4 3 10 405
12 6 4 3 22 405
12 7 4 5 5 405
12 8 4 1 4 405
12 9 4 5 13 405
12 10 4 2 19 405
12 11 4 1 23 405
12 13 4 4 1 405
12 14 4 3 20 405
12 15 4 5 8 405
12 16 4 2 12 405
12 18 4 5 22 405
12 19 4 1 20 405
12 20 4 5 25 405
12 21 4 2 23 405
12 22 4 4 16 405
12 23 4 1 20 405
12 24 4 4 15 405
12 26 4 2 6 405
12 27 4 3 15 405
12 29 4 4 23 405
12 31 4 4 13 405
12 32 4 5 17 405
12 33 4 5 24 405
12 34 4 4 13 405
12 35 4 4 12 405
12 36 4 1 4 405
12 37 4 4 4 405
12 38 4 5 15 405
12 39 4 3 8 405
12 40 4 2 20 405
12 41 4 1 15 405
12 42 4 3 6 405
12 43 4 4 9 405
12 44 4 3 8 405
12 45 4 3 2 405
12 46 4 1 11 405
12 47 4 5 4 405
12 48 4 2 16 405
12 49 4 5 22 405
13 0 4 2 2 803
13 1 4 5 18 803
13 2 4 1 15 803
13 3 4 1 25 803
13 4 4 3 13 803
13 5 4 4 5 803
13 6 4 3 6 803
13 7 4 5 8 803
13 8 4 1 19 803
13 9 4 5 22 803
13 10 4 2 2 803
13 11 4 1 22 803
13 12 4 4 1 803
13 14 4 3 1 803
13 16 4 2 8 803
13 17 4 5 6 803
13 18 4 5 21 803
13 19 4 1 3 803
13 20 4 5 7 803
13 21 4 2 3 803
13 22 4 4 5 803
13 23 4 1 13 803
13 24 4 4 4 803
13 25 4 4 14 803
13 26 4 2 23 803
13 27 4 3 16 803
13 28 4 2 1 803
13 29 4 4 11 803
13 30 4 1 23 803
13 31 4 4 14 803
13 32 4 5 19 803
13 33 4 5 9 803
13 34 4 4 18 803
13 35 4 4 10 803
13 36 4 1 18 803
13 37 4 4 1 803
13 38 4 5 12 803
13 39 4 3 25 803
13 40 4 2 10 803
13 41 4 1 12 803
13 42 4 3 17 803
13 43 4 4 19 803
13 44 4 3 14 803
13 45 4 3 24 803
13 46 4 1 10 803
13 47 4 5 22 803
13 48 4 2 20 803
13 49 4 5 18 803
14 0 3 2 11 642
14 1 3 5 11 642
14 2 3 1 10 642
14 3 3 1 10 642
14 4 3 3 13 642
14 6 3 3 8 642
14 7 3 5 1 642
14 8 3 1 6 642
14 9 3 5 8 642
14 11 3 1 18 642
14 12 3 4 20 642
14 13 3 4 1 642
14 15 3 5 24 642
14 16 3 2 23 642
14 17 3 5 2 642
14 18 3 5 10 642
14 19 3 1 15 642
14 20 3 5 17 642
14 21 3 2 24 642
14 22 3 4 17 642
14 23 3 1 1 642
14 24 3 4 20 642
14 25 3 4 14 642
14 26 3 2 3 642
14 27 3 3 3 642
14 28 3 2 8 642
14 29 3 4 13 642
14 30 3 1 3 642
14 31 3 4 24 642
14 32 3 5 5 642
14 33 3 5 14 642
14 34 3 4 10 642
14 35 3 4 10 642
14 36 3 1 11 642
14 38 3 5 18 642
14 39 3 3 19 642
14 40 3 2 23 642
14 41 3 1 16 642
14 42 3 3 15 642
14 43 3 4 7 642
14 44 3 3 9 642
14 45 3 3 9 642
14 46 3 1 1 642
14 47 3 5 24 642
14 48 3 2 16 642
14 49 3 5 13 642
15 0 5 2 14 177
15 1 5 5 14 177
15 2 5 1 16 177
15 3 5 1 1 177
15 4 5 3 4 177
15 5 5 4 24 177
15 6 5 3 10 177
15 8 5 1 14 177
15 10 5 2 5 177
15 11 5 1 6 177
15 12 5 4 8 177
15 14 5 3 24 177
15 16 5 2 4 177
15 17 5 5 24 177
15 18 5 5 10 177
15 19 5 1 1 177
15 21 5 2 8 177
15 22 5 4 11 177
15 23 5 1 24 177
15 24 5 4 23 177
15 25 5 4 11 177
15 26 5 2 8 177
15 27 5 3 15 177
15 28 5 2 18 177
15 29 5 4 7 177
15 30 5 1 14 177
15 31 5 4 21 177
15 32 5 5 24 177
15 33 5 5 19 177
15 34 5 4 10 177
15 35 5 4 21 177
15 36 5 1 23 177
15 37 5 4 22 177
15 38 5 5 22 177
15 39 5 3 20 177
15 40 5 2 7 177
15 41 5 1 21 177
15 42 5 3 8 177
15 43 5 4 4 177
15 44 5 3 17 177
15 45 5 3 14 177
15 46 5 1 5 177
15 47 5 5 2 177
15 48 5 2 3 177
15 49 5 5 17 177
16 0 2 2 11 472
16 1 2 5 5 472
16 2 2 1 9 472
16 3 2 1 25 472
16 4 2 3 19 472
16 5 2 4 16 472
16 6 2 3 2 472
16 7 2 5 3 472
16 8 2 1 19 472
16 10 2 2 12 472
16 11 2 1 20 472
16 12 2 4 12 472
16 13 2 4 8 472
16 14 2 3 23 472
16 15 2 5 4 472
16 17 2 5 22 472
16 18 2 5 18 472
16 19 2 1 17 472
16 20 2 5 5 472
16 21 2 2 5 472
16 23 2 1 12 472
16 25 2 4 24 472
16 26 2 2 16 472
16 27 2 3 2 472
16 28 2 2 16 472
16 29 2 4 19 472
16 30 2 1 19 472
16 31 2 4 4 472
16 32 2 5 8 472
16 33 2 5 17 472
16 34 2 4 11 472
16 35 2 4 7 472
16 36 2 1 25 472
16 37 2 4 16 472
16 38 2 5 11 472
16 39 2 3 3 472
16 40 2 2 11 472
16 41 2 1 13 472
16 42 2 3 25 472
16 43 2 4 22 472
16 44 2 3 6 472
16 45 2 3 6 472
16 46 2 1 16 472
16 47 2 5 24 472
16 48 2 2 16 472
16 49 2 5 24 472
17 0 5 2 4 494
17 1 5 5 18 494
17 2 5 1 9 494
17 3 5 1 1 494
17 4 5 3 23 494
17 5 5 4 12 494
17 6 5 3 15 494
17 7 5 5 16 494
17 8 5 1 6 494
17 9 5 5 24 494
17 10 5 2 11 494
17 11 5 1 9 494
17 13 5 4 6 494
17 14 5 3 2 494
17 15 5 5 24 494
17 16 5 2 22 494
17 18 5 5 10 494
17 19 5 1 17 494
17 20 5 5 5 494
17 21 5 2 19 494
17 22 5 4 4 494
17 23 5 1 20 494
17 24 5 4 5 494
17 25 5 4 19 494
17 26 5 2 10 494
17 27 5 3 15 494
17 28 5 2 13 494
17 29 5 4 2 494
17 30 5 1 5 494
17 31 5 4 9 494
17 32 5 5 8 494
17 33 5 5 1 494
17 34 5 4 5 494
17 35 5 4 22 494
17 36 5 1 8 494
17 37 5 4 12 494
17 38 5 5 14 494
17 39 5 3 13 494
17 40 5 2 24 494
17 41 5 1 3 494
17 42 5 3 5 494
17 44 5 3 22 494
17 45 5 3 25 494
17 46 5 1 19 494
17 47 5 5 6 494
17 48 5 2 4 494
17 49 5 5 5 494
18 0 5 2 20 67
18 1 5 5 6 67
18 2 5 1 1 67
18 3 5 1 1 67
18 4 5 3 9 67
18 5 5 4 15 67
18 6 5 3 24 67
18 8 5 1 7 67
18 9 5 5 11 67
18 10 5 2 5 67
18 11 5 1 10 67
18 12 5 4 22 67
18 13 5 4 21 67
18 14 5 3 10 67
18 15 5 5 10 67
18 16 5 2 18 67
18 17 5 5 10 67
18 19 5 1 7 67
18 20 5 5 3 67
18 21 5 2 1 67
18 24 5 4 7 67
18 25 5 4 19 67
18 26 5 2 16 67
18 27 5 3 24 67
18 28 5 2 25 67
18 29 5 4 8 67
18 30 5 1 23 67
18 31 5 4 4 67
18 32 5 5 1 67
18 33 5 5 25 67
18 35 5 4 21 67
18 36 5 1 9 67
18 37 5 4 9 67
18 38 5 5 10 67
18 39 5 3 23 67
18 40 5 2 20 67
18 41 5 1 22 67
18 42 5 3 10 67
18 43 5 4 5 67
18 44 5 3 7 67
18 46 5 1 12 67
18 47 5 5 18 67
18 48 5 2 3 67
18 49 5 5 13 67
19 0 1 2 6 203
19 1 1 5 1 203
19 2 1 1 24 203
19 3 1 1 15 203
19 4 1 3 9 203
19 5 1 4 12 203
19 6 1 3 22 203
19 7 1 5 25 203
19 8 1 1 7 203
19 9 1 5 25 203
19 11 1 1 9 203
19 12 1 4 20 203
19 13 1 4 3 203
19 14 1 3 15 203
19 15 1 5 1 203
19 16 1 2 17 203
19 17 1 5 17 203
19 18 1 5 7 203
19 20 1 5 20 203
19 21 1 2 9 203
19 22 1 4 8 203
19 23 1 1 19 203
19 24 1 4 22 203
19 27 1 3 8 203
19 28 1 2 8 203
19 29 1 4 11 203
19 31 1 4 22 203
19 32 1 5 6 203
19 33 1 5 13 203
19 34 1 4 22 203
19 35 1 4 8 203
19 36 1 1 14 203
19 37 1 4 6 203
19 38 1 5 10 203
19 39 1 3 5 203
19 40 1 2 23 203
19 41 1 1 18 203
19 42 1 3 22 203
19 43 1 4 20 203
19 44 1 3 14 203
19 45 1 3 24 203
19 46 1 1 16 203
19 47 1 5 15 203
19 48 1 2 3 203
20 0 5 2 17 735
20 1 5 5 22 735
20 2 5 1 3 735
20 3 5 1 9 735
20 4 5 3 6 735
20 5 5 4 8 735
20 6 5 3 18 735
20 7 5 5 21 735
20 8 5 1 4 735
20 9 5 5 11 735
20 10 5 2 10 735
20 11 5 1 14 735
20 12 5 4 25 735
20 13 5 4 7 735
20 14 5 3 17 735
20 16 5 2 5 735
20 17 5 5 5 735
20 18 5 5 3 735
20 19 5 1 20 735
20 21 5 2 25 735
20 22 5 4 22 735
20 25 5 4 9 735
20 26 5 2 4 735
20 27 5 3 4 735
20 28 5 2 22 735
20 30 5 1 12 735
20 31 5 4 19 735
20 32 5 5 4 735
20 33 5 5 15 735
20 34 5 4 7 735
20 35 5 4 15 735
20 36 5 1 15 735
20 37 5 4 7 735
20 38 5 5 3 735
20 40 5 2 22 735
20 41 5 1 9 735
20 42 5 3 23 735
20 43 5 4 11 735
20 44 5 3 6 735
20 45 5 3 3 735
20 46 5 1 10 735
20 47 5 5 13 735
20 48 5 2 6 735
20 49 5 5 11 735
21 0 2 2 1 684
21 1 2 5 23 684
21 2 2 1 22 684
21 3 2 1 18 684
21 4 2 3 16 684
21 5 2 4 25 684
21 6 2 3 7 684
21 7 2 5 8 684
21 8 2 1 17 684
21 9 2 5 20 684
21 11 2 1 23 684
21 12 2 4 23 684
21 13 2 4 3 684
21 14 2 3 24 684
21 15 2 5 8 684
21 16 2 2 5 684
21 17 2 5 19 684
21 18 2 5 1 684
21 19 2 1 9 684
21 20 2 5 25 684
21 22 2 4 13 684
21 23 2 1 12 684
21 26 2 2 12 684
21 27 2 3 22 684
21 28 2 2 22 684
21 29 2 4 24 684
21 30 2 1 17 684
21 31 2 4 17 684
21 33 2 5 14 684
21 34 2 4 1 684
21 36 2 1 15 684
21 37 2 4 16 684
21 38 2 5 4 684
21 39 2 3 2 684
21 40 2 2 17 684
21 41 2 1 7 684
21 42 2 3 12 684
21 44 2 3 11 684
21 45 2 3 8 684
21 46 2 1 16 684
21 47 2 5 12 684
21 48 2 2 8 684
21 49 2 5 25 684
22 1 4 5 10 380
22 2 4 1 16 380
22 3 4 1 10 380
22 4 4 3 8 380
22 5 4 4 10 380
22 6 4 3 1 380
22 7 4 5 14 380
22 9 4 5 3 380
22 10 4 2 21 380
22 11 4 1 24 380
22 12 4 4 16 380
22 13 4 4 5 380
22 14 4 3 17 380
22 15 4 5 11 380
22 17 4 5 4 380
22 19 4 1 8 380
22 20 4 5 22 380
22 21 4 2 13 380
22 23 4 1 24 380
22 24 4 4 2 380
22 25 4 4 20 380
22 26 4 2 23 380
22 27 4 3 24 380
22 29 4 4 21 380
22 30 4 1 20 380
22 31 4 4 22 380
22 34 4 4 12 380
22 35 4 4 16 380
22 36 4 1 8 380
22 37 4 4 17 380
22 38 4 5 2 380
22 39 4 3 1 380
22 40 4 2 3 380
22 41 4 1 20 380
22 42 4 3 1 380
22 43 4 4 1 380
22 44 4 3 8 380
22 45 4 3 9 380
22 47 4 5 8 380
22 48 4 2 2 380
22 49 4 5 15 380
23 0 1 2 17 607
23 1 1 5 5 607
23 2 1 1 8 607
23 3 1 1 16 607
23 5 1 4 8 607
23 6 1 3 4 607
23 7 1 5 3 607
23 8 1 1 16 607
23 9 1 5 23 607
23 10 1 2 14 607
23 11 1 1 1 607
23 12 1 4 20 607
23 13 1 4 13 607
23 14 1 3 1 607
23 15 1 5 24 607
23 16 1 2 12 607
23 17 1 5 20 607
23 19 1 1 19 607
23 21 1 2 12 607
23 22 1 4 24 607
23 24 1 4 24 607
23 25 1 4 8 607
23 26 1 2 14 607
23 27 1 3 7 607
23 29 1 4 17 607
23 30 1 1 19 607
23 31 1 4 18 607
23 32 1 5 9 607
23 33 1 5 12 607
23 34 1 4 16 607
23 35 1 4 14 607
23 36 1 1 22 607
23 37 1 4 5 607
23 38 1 5 1 607
23 40 1 2 18 607
23 41 1 1 21 607
23 42 1 3 6 607
23 43 1 4 10 607
23 44 1 3 3 607
23 45 1 3 14 607
23 46 1 1 7 607
23 47 1 5 20 607
23 48 1 2 7 607
23 49 1 5 5 607
24 0 4 2 8 724
24 1 4 5 16 724
24 2 4 1 16 724
24 3 4 1 17 724
24 5 4 4 23 724
24 6 4 3 7 724
24 7 4 5 4 724
24 9 4 5 17 724
24 10 4 2 20 724
24 11 4 1 18 724
24 12 4 4 15 724
24 13 4 4 4 724
24 14 4 3 20 724
24 15 4 5 23 724
24 17 4 5 5 724
24 18 4 5 7 724
24 19 4 1 22 724
24 22 4 4 2 724
24 23 4 1 24 724
24 25 4 4 20 724
24 26 4 2 11 724
24 27 4 3 25 724
24 28 4 2 12 724
24 29 4 4 23 724
24 30 4 1 17 724
24 31 4 4 16 724
24 32 4 5 11 724
24 33 4 5 25 724
24 34 4 4 16 724
24 35 4 4 8 724
24 36 4 1 9 724
24 37 4 4 13 724
24 38 4 5 17 724
24 40 4 2 18 724
24 42 4 3 10 724
24 43 4 4 12 724
24 44 4 3 16 724
24 46 4 1 12 724
24 47 4 5 20 724
24 48 4 2 9 724
24 49 4 5 11 724
25 0 4 2 5 484
25 1 4 5 10 484
25 2 4 1 14 484
25 3 4 1 22 484
25 4 4 3 8 484
25 5 4 4 17 484
25 6 4 3 14 484
25 7 4 5 3 484
25 8 4 1 17 484
25 9 4 5 3 484
25 11 4 1 22 484
25 13 4 4 14 484
25 14 4 3 14 484
25 15 4 5 11 484
25 16 4 2 24 484
25 17 4 5 19 484
25 18 4 5 19 484
25 20 4 5 9 484
25 22 4 4 20 484
25 23 4 1 8 484
25 24 4 4 20 484
25 26 4 2 10 484
25 27 4 3 19 484
25 28 4 2 8 484
25 29 4 4 10 484
25 30 4 1 4 484
25 31 4 4 25 484
25 33 4 5 10 484
25 34 4 4 3 484
25 35 4 4 17 484
25 36 4 1 20 484
25 37 4 4 18 484
25 38 4 5 25 484
25 39 4 3 4 484
25 40 4 2 10 484
25 41 4 1 3 484
25 42 4 3 5 484
25 43 4 4 4 484
25 44 4 3 8 484
25 45 4 3 6 484
25 46 4 1 19 484
25 47 4 5 7 484
25 48 4 2 20 484
26 0 2 2 4 428
26 1 2 5 9 428
26 2 2 1 9 428
26 4 2 3 7 428
26 5 2 4 7 428
26 6 2 3 12 428
26 8 2 1 6 428
26 9 2 5 4 428
26 10 2 2 22 428
26 12 2 4 6 428
26 13 2 4 23 428
26 14 2 3 3 428
26 15 2 5 8 428
26 16 2 2 16 428
26 17 2 5 10 428
26 18 2 5 16 428
26 20 2 5 4 428
26 21 2 2 12 428
26 22 2 4 23 428
26 23 2 1 14 428
26 24 2 4 11 428
26 25 2 4 10 428
26 27 2 3 22 428
26 28 2 2 20 428
26 29 2 4 12 428
26 30 2 1 11 428
26 31 2 4 5 428
26 32 2 5 11 428
26 34 2 4 5 428
26 35 2 4 20 428
26 36 2 1 3 428
26 37 2 4 20 428
26 38 2 5 15 428
26 39 2 3 23 428
26 40 2 2 1 428
26 41 2 1 23 428
26 42 2 3 23 428
26 43 2 4 17 428
26 44 2 3 6 428
26 45 2 3 5 428
26 46 2 1 5 428
26 48 2 2 15 428
26 49 2 5 16 428
27 0 3 2 19 137
27 1 3 5 11 137
27 2 3 1 23 137
27 3 3 1 4 137
27 5 3 4 2 137
27 6 3 3 1 137
27 7 3 5 10 137
27 8 3 1 23 137
27 9 3 5 13 137
27 10 3 2 13 137
27 11 3 1 19 137
27 12 3 4 15 137
27 13 3 4 16 137
27 14 3 3 3 137
27 15 3 5 15 137
27 16 3 2 2 137
27 17 3 5 15 137
27 18 3 5 24 137
27 19 3 1 8 137
27 20 3 5 4 137
27 21 3 2 22 137
27 22 3 4 24 137
27 23 3 1 7 137
27 24 3 4 25 137
27 25 3 4 19 137
27 26 3 2 22 137
27 28 3 2 2 137
27 29 3 4 21 137
27 30 3 1 17 137
27 31 3 4 7 137
27 32 3 5 20 137
27 33 3 5 22 137
27 34 3 4 17 137
27 35 3 4 8 137
27 37 3 4 11 137
27 38 3 5 4 137
27 39 3 3 23 137
27 40 3 2 20 137
27 41 3 1 11 137
27 42 3 3 5 137
27 43 3 4 24 137
27 44 3 3 1 137
27 45 3 3 24 137
27 46 3 1 12 137
27 47 3 5 25 137
27 48 3 2 4 137
27 49 3 5 21 137
28 0 2 2 20 850
28 1 2 5 19 850
28 2 2 1 21 850
28 3 2 1 5 850
28 4 2 3 19 850
28 6 2 3 6 850
28 7 2 5 16 850
28 8 2 1 23 850
28 9 2 5 20 850
28 10 2 2 15 850
28 11 2 1 3 850
28 13 2 4 1 850
28 14 2 3 8 850
28 15 2 5 18 850
28 16 2 2 16 850
28 17 2 5 13 850
28 18 2 5 25 850
28 19 2 1 8 850
28 20 2 5 22 850
28 21 2 2 22 850
28 24 2 4 12 850
28 25 2 4 8 850
28 26 2 2 20 850
28 27 2 3 2 850
28 29 2 4 20 850
28 30 2 1 24 850
28 31 2 4 23 850
28 32 2 5 15 850
28 33 2 5 22 850
28 34 2 4 11 850
28 35 2 4 5 850
28 36 2 1 7 850
28 37 2 4 21 850
28 38 2 5 24 850
28 39 2 3 9 850
28 40 2 2 7 850
28 41 2 1 7 850
28 42 2 3 3 850
28 43 2 4 17 850
28 44 2 3 11 850
28 45 2 3 17 850
28 47 2 5 20 850
28 48 2 2 8 850
28 49 2 5 13 850
29 0 4 2 8 266
29 1 4 5 3 266
29 2 4 1 17 266
29 4 4 3 8 266
29 5 4 4 22 266
29 6 4 3 3 266
29 7 4 5 18 266
29 8 4 1 4 266
29 9 4 5 21 266
29 10 4 2 24 266
29 11 4 1 25 266
29 12 4 4 23 266
29 13 4 4 11 266
29 14 4 3 13 266
29 15 4 5 7 266
29 16 4 2 19 266
29 17 4 5 2 266
29 18 4 5 8 266
29 19 4 1 11 266
29 21 4 2 24 266
29 22 4 4 21 266
29 23 4 1 17 266
29 24 4 4 23 266
29 25 4 4 10 266
29 26 4 2 12 266
29 27 4 3 21 266
29 28 4 2 20 266
29 30 4 1 18 266
29 31 4 4 25 266
29 32 4 5 12 266
29 33 4 5 3 266
29 34 4 4 7 266
29 35 4 4 6 266
29 36 4 1 21 266
29 37 4 4 10 266
29 38 4 5 24 266
29 39 4 3 2 266
29 40 4 2 6 266
29 41 4 1 11 266
29 42 4 3 12 266
29 43 4 4 23 266
29 44 4 3 7 266
29 45 4 3 15 266
29 46 4 1 21 266
29 47 4 5 20 266
30 2 1 1 18 382
30 3 1 1 18 382
30 4 1 3 2 382
30 5 1 4 12 382
30 7 1 5 11 382
30 8 1 1 6 382
30 9 1 5 2 382
30 10 1 2 4 382
30 11 1 1 17 382
30 13 1 4 23 382
30 14 1 3 3 382
30 15 1 5 14 382
30 16 1 2 19 382
30 17 1 5 5 382
30 18 1 5 23 382
30 20 1 5 12 382
30 21 1 2 17 382
30 22 1 4 20 382
30 23 1 1 19 382
30 24 1 4 17 382
30 25 1 4 4 382
30 26 1 2 11 382
30 27 1 3 17 382
30 28 1 2 24 382
30 29 1 4 18 382
30 31 1 4 11 382
30 32 1 5 2 382
30 33 1 5 22 382
30 34 1 4 10 382
30 35 1 4 11 382
30 36 1 1 14 382
30 37 1 4 11 382
30 38 1 5 8 382
30 39 1 3 16 382
30 40 1 2 4 382
30 41 1 1 24 382
30 42 1 3 22 382
30 43 1 4 12 382
30 44 1 3 11 382
30 45 1 3 1 382
30 46 1 1 18 382
30 47 1 5 8 382
30 49 1 5 6 382
31 0 4 2 16 794
31 1 4 5 12 794
31 2 4 1 13 794
31 3 4 1 4 794
31 4 4 3 1 794
31 5 4 4 11 794
31 6 4 3 10 794
31 7 4 5 24 794
31 8 4 1 15 794
31 9 4 5 5 794
31 10 4 2 11 794
31 11 4 1 2 794
31 12 4 4 13 794
31 13 4 4 14 794
31 14 4 3 24 794
31 15 4 5 21 794
31 16 4 2 4 794
31 17 4 5 9 794
31 18 4 5 4 794
31 19 4 1 22 794
31 20 4 5 19 794
31 21 4 2 17 794
31 22 4 4 22 794
31 23 4 1 18 794
31 24 4 4 16 794
31 25 4 4 25 794
31 26 4 2 5 794
31 27 4 3 7 794
31 28 4 2 23 794
31 29 4 4 25 794
31 30 4 1 11 794
31 32 4 5 22 794
31 33 4 5 3 794
31 34 4 4 20 794
31 35 4 4 7 794
31 36 4 1 22 794
31 37 4 4 10 794
31 38 4 5 12 794
31 39 4 3 22 794
31 40 4 2 1 794
31 41 4 1 10 794
31 43 4 4 12 794
31 44 4 3 20 794
31 45 4 3 10 794
31 46 4 1 24 794
31 47 4 5 13 794
31 48 4 2 16 794
31 49 4 5 13 794
32 0 5 2 18 717
32 1 5 5 9 717
32 2 5 1 11 717
32 3 5 1 5 717
32 4 5 3 6 717
32 5 5 4 17 717
32 6 5 3 3 717
32 7 5 5 23 717
32 8 5 1 14 717
32 9 5 5 13 717
32 10 5 2 7 717
32 11 5 1 8 717
32 12 5 4 17 717
32 13 5 4 19 717
32 14 5 3 5 717
32 15 5 5 24 717
32 16 5 2 8 717
32 17 5 5 8 717
32 18 5 5 1 717
32 19 5 1 6 717
32 20 5 5 4 717
32 23 5 1 9 717
32 24 5 4 11 717
32 26 5 2 11 717
32 27 5 3 20 717
32 28 5 2 15 717
32 29 5 4 12 717
32 30 5 1 2 717
32 31 5 4 22 717
32 33 5 5 15 717
32 35 5 4 18 717
32 36 5 1 25 717
32 37 5 4 7 717
32 38 5 5 18 717
32 39 5 3 14 717
32 41 5 1 2 717
32 42 5 3 15 717
32 43 5 4 21 717
32 44 5 3 4 717
32 45 5 3 8 717
32 46 5 1 15 717
32 47 5 5 2 717
32 49 5 5 11 717
33 0 5 2 22 612
33 1 5 5 16 612
33 2 5 1 3 612
33 3 5 1 4 612
33 4 5 3 6 612
33 5 5 4 9 612
33 6 5 3 7 612
33 7 5 5 23 612
33 8 5 1 14 612
33 9 5 5 1 612
33 10 5 2 22 612
33 11 5 1 13 612
33 12 5 4 24 612
33 13 5 4 9 612
33 14 5 3 14 612
33 15 5 5 19 612
33 16 5 2 17 612
33 17 5 5 1 612
33 18 5 5 25 612
33 19 5 1 13 612
33 20 5 5 15 612
33 21 5 2 14 612
33 23 5 1 12 612
33 24 5 4 25 612
33 25 5 4 10 612
33 27 5 3 22 612
33 28 5 2 22 612
33 29 5 4 3 612
33 30 5 1 22 612
33 31 5 4 3 612
33 32 5 5 15 612
33 34 5 4 25 612
33 35 5 4 23 612
33 38 5 5 7 612
33 39 5 3 19 612
33 41 5 1 4 612
33 42 5 3 5 612
33 43 5 4 10 612
33 44 5 3 18 612
33 45 5 3 19 612
33 46 5 1 11 612
33 47 5 5 20 612
33 48 5 2 3 612
33 49 5 5 7 612
34 0 4 2 22 258
34 1 4 5 1 258
34 2 4 1 14 258
34 3 4 1 17 258
34 5 4 4 16 258
34 6 4 3 15 258
34 7 4 5 17 258
34 8 4 1 23 258
34 9 4 5 23 258
34 10 4 2 17 258
34 11 4 1 5 258
34 12 4 4 13 258
34 13 4 4 18 258
34 14 4 3 10 258
34 15 4 5 10 258
34 16 4 2 11 258
34 17 4 5 5 258
34 19 4 1 22 258
34 20 4 5 7 258
34 21 4 2 1 258
34 22 4 4 12 258
34 23 4 1 16 258
34 24 4 4 16 258
34 25 4 4 3 258
34 26 4 2 5 258
34 27 4 3 17 258
34 28 4 2 11 258
34 29 4 4 7 258
34 30 4 1 10 258
34 31 4 4 20 258
34 33 4 5 25 258
34 35 4 4 1 258
34 36 4 1 22 258
34 37 4 4 11 258
34 38 4 5 23 258
34 39 4 3 10 258
34 40 4 2 10 258
34 41 4 1 5 258
34 42 4 3 17 258
34 43 4 4 15 258
34 45 4 3 17 258
34 46 4 1 25 258
34 47 4 5 10 258
34 49 4 5 3 258
35 0 4 2 25 167
35 1 4 5 14 167
35 2 4 1 18 167
35 3 4 1 25 167
35 4 4 3 2 167
35 5 4 4 13 167
35 6 4 3 3 167
35 8 4 1 16 167
35 9 4 5 17 167
35 10 4 2 15 167
35 11 4 1 2 167
35 12 4 4 12 167
35 13 4 4 10 167
35 14 4 3 10 167
35 15 4 5 21 167
35 16 4 2 7 167
35 17 4 5 22 167
35 18 4 5 21 167
35 19 4 1 8 167
35 20 4 5 15 167
35 22 4 4 16 167
35 23 4 1 14 167
35 24 4 4 8 167
35 25 4 4 17 167
35 26 4 2 20 167
35 27 4 3 8 167
35 28 4 2 5 167
35 29 4 4 6 167
35 30 4 1 11 167
35 31 4 4 7 167
35 32 4 5 18 167
35 33 4 5 23 167
35 34 4 4 1 167
35 36 4 1 15 167
35 37 4 4 15 167
35 38 4 5 6 167
35 39 4 3 25 167
35 40 4 2 7 167
35 41 4 1 21 167
35 42 4 3 16 167
35 43 4 4 5 167
35 44 4 3 6 167
35 45 4 3 11 167
35 46 4 1 25 167
35 47 4 5 18 167
35 49 4 5 2 167
36 0 1 2 17 853
36 1 1 5 6 853
36 2 1 1 2 853
36 3 1 1 19 853
36 4 1 3 19 853
36 5 1 4 15 853
36 7 1 5 21 853
36 8 1 1 21 853
36 9 1 5 24 853
36 10 1 2 20 853
36 11 1 1 10 853
36 12 1 4 4 853
36 13 1 4 18 853
36 14 1 3 11 853
36 15 1 5 23 853
36 16 1 2 25 853
36 17 1 5 8 853
36 18 1 5 9 853
36 19 1 1 14 853
36 20 1 5 15 853
36 21 1 2 15 853
36 22 1 4 8 853
36 23 1 1 22 853
36 24 1 4 9 853
36 25 1 4 20 853
36 26 1 2 3 853
36 28 1 2 7 853
36 29 1 4 21 853
36 30 1 1 14 853
36 31 1 4 22 853
36 32 1 5 25 853
36 34 1 4 22 853
36 35 1 4 15 853
36 37 1 4 8 853
36 38 1 5 18 853
36 39 1 3 13 853
36 40 1 2 20 853
36 41 1 1 20 853
36 42 1 3 16 853
36 43 1 4 8 853
36 44 1 3 17 853
36 45 1 3 22 853
36 46 1 1 12 853
36 47 1 5 15 853
36 48 1 2 2 853
36 49 1 5 24 853
37 0 4 2 14 500
37 1 4 5 2 500
37 2 4 1 1 500
37 3 4 1 8 500
37 4 4 3 2 500
37 5 4 4 7 500
37 6 4 3 23 500
37 7 4 5 24 500
37 8 4 1 21 500
37 9 4 5 8 500
37 10 4 2 13 500
37 11 4 1 16 500
37 12 4 4 4 500
37 13 4 4 1 500
37 15 4 5 22 500
37 16 4 2 16 500
37 17 4 5 12 500
37 18 4 5 9 500
37 19 4 1 6 500
37 20 4 5 7 500
37 21 4 2 16 500
37 22 4 4 17 500
37 23 4 1 5 500
37 24 4 4 13 500
37 25 4 4 18 500
37 26 4 2 20 500
37 27 4 3 11 500
37 28 4 2 21 500
37 29 4 4 10 500
37 30 4 1 11 500
37 31 4 4 10 500
37 32 4 5 7 500
37 34 4 4 11 500
37 35 4 4 15 500
37 36 4 1 8 500
37 38 4 5 9 500
37 39 4 3 14 500
37 40 4 2 18 500
37 41 4 1 20 500
37 42 4 3 6 500
37 43 4 4 19 500
37 44 4 3 16 500
37 45 4 3 4 500
37 46 4 1 4 500
37 47 4 5 2 500
37 48 4 2 10 500
37 49 4 5 6 500
38 0 5 2 20 577
38 1 5 5 9 577
38 2 5 1 4 577
38 3 5 1 15 577
38 4 5 3 18 577
38 5 5 4 10 577
38 6 5 3 9 577
38 7 5 5 2 577
38 8 5 1 13 577
38 9 5 5 4 577
38 10 5 2 8 577
38 11 5 1 1 577
38 12 5 4 15 577
38 13 5 4 12 577
38 14 5 3 18 577
38 15 5 5 22 577
38 16 5 2 11 577
38 17 5 5 14 577
38 18 5 5 10 577
38 19 5 1 10 577
38 20 5 5 3 577
38 21 5 2 4 577
38 22 5 4 2 577
38 23 5 1 1 577
38 24 5 4 17 577
38 25 5 4 25 577
38 26 5 2 15 577
38 27 5 3 4 577
38 28 5 2 24 577
38 29 5 4 24 577
38 30 5 1 8 577
38 31 5 4 12 577
38 32 5 5 18 577
38 33 5 5 7 577
38 34 5 4 23 577
38 35 5 4 6 577
38 36 5 1 18 577
38 37 5 4 9 577
38 39 5 3 19 577
38 40 5 2 9 577
38 41 5 1 13 577
38 42 5 3 9 577
38 43 5 4 18 577
38 44 5 3 15 577
38 45 5 3 20 577
38 46 5 1 13 577
38 47 5 5 20 577
38 48 5 2 20 577
39 0 3 2 24 318
39 1 3 5 9 318
39 2 3 1 22 318
39 3 3 1 18 318
39 4 3 3 19 318
39 5 3 4 15 318
39 6 3 3 13 318
39 8 3 1 13 318
39 9 3 5 20 318
39 10 3 2 23 318
39 11 3 1 25 318
39 12 3 4 8 318
39 13 3 4 25 318
39 14 3 3 19 318
39 15 3 5 20 318
39 16 3 2 3 318
39 17 3 5 13 318
39 18 3 5 23 318
39 19 3 1 5 318
39 21 3 2 2 318
39 22 3 4 1 318
39 25 3 4 4 318
39 26 3 2 23 318
39 27 3 3 23 318
39 28 3 2 9 318
39 29 3 4 2 318
39 30 3 1 16 318
39 31 3 4 22 318
39 32 3 5 14 318
39 33 3 5 19 318
39 34 3 4 10 318
39 35 3 4 25 318
39 36 3 1 13 318
39 37 3 4 14 318
39 38 3 5 19 318
39 40 3 2 2 318
39 41 3 1 2 318
39 42 3 3 10 318
39 43 3 4 19 318
39 44 3 3 4 318
39 45 3 3 13 318
39 47 3 5 11 318
39 48 3 2 1 318
39 49 3 5 20 318
40 0 2 2 23 74
40 1 2 5 13 74
40 2 2 1 25 74
40 3 2 1 22 74
40 4 2 3 9 74
40 5 2 4 21 74
40 6 2 3 22 74
40 7 2 5 4 74
40 8 2 1 12 74
40 9 2 5 12 74
40 10 2 2 5 74
40 12 2 4 20 74
40 13 2 4 10 74
40 14 2 3 23 74
40 15 2 5 7 74
40 16 2 2 11 74
40 17 2 5 24 74
40 18 2 5 20 74
40 19 2 1 23 74
40 20 2 5 22 74
40 21 2 2 17 74
40 22 2 4 3 74
40 23 2 1 18 74
40 24 2 4 18 74
40 25 2 4 10 74
40 26 2 2 1 74
40 27 2 3 20 74
40 28 2 2 7 74
40 29 2 4 6 74
40 30 2 1 4 74
40 31 2 4 1 74
40 34 2 4 10 74
40 35 2 4 7 74
40 36 2 1 20 74
40 37 2 4 18 74
40 38 2 5 9 74
40 39 2 3 2 74
40 41 2 1 12 74
40 42 2 3 17 74
40 43 2 4 2 74
40 44 2 3 3 74
40 46 2 1 8 74
40 47 2 5 3 74
40 49 2 5 22 74
41 0 1 2 20 375
41 1 1 5 18 375
41 2 1 1 23 375
41 3 1 1 9 375
41 4 1 3 6 375
41 5 1 4 22 375
41 6 1 3 21 375
41 7 1 5 6 375
41 8 1 1 17 375
41 9 1 5 10 375
41 10 1 2 22 375
41 12 1 4 15 375
41 13 1 4 12 375
41 14 1 3 16 375
41 15 1 5 21 375
41 16 1 2 13 375
41 17 1 5 3 375
41 18 1 5 22 375
41 19 1 1 18 375
41 20 1 5 9 375
41 21 1 2 7 375
41 22 1 4 20 375
41 23 1 1 21 375
41 25 1 4 3 375
41 26 1 2 23 375
41 27 1 3 11 375
41 28 1 2 7 375
41 29 1 4 11 375
41 30 1 1 24 375
41 31 1 4 10 375
41 32 1 5 2 375
41 33 1 5 4 375
41 34 1 4 5 375
41 35 1 4 21 375
41 36 1 1 20 375
41 37 1 4 20 375
41 38 1 5 13 375
41 39 1 3 2 375
41 40 1 2 12 375
41 42 1 3 2 375
41 43 1 4 21 375
41 44 1 3 18 375
41 45 1 3 25 375
41 46 1 1 15 375
41 47 1 5 21 375
41 48 1 2 25 375
41 49 1 5 12 375
42 0 3 2 5 907
42 1 3 5 10 907
42 2 3 1 20 907
42 3 3 1 7 907
42 4 3 3 16 907
42 5 3 4 2 907
42 6 3 3 24 907
42 7 3 5 5 907
42 8 3 1 19 907
42 9 3 5 6 907
42 10 3 2 2 907
42 11 3 1 14 907
42 12 3 4 6 907
42 13 3 4 17 907
42 14 3 3 15 907
42 15 3 5 8 907
42 16 3 2 25 907
42 17 3 5 5 907
42 18 3 5 10 907
42 19 3 1 22 907
42 20 3 5 23 907
42 21 3 2 12 907
42 22 3 4 1 907
42 23 3 1 6 907
42 24 3 4 10 907
42 25 3 4 5 907
42 26 3 2 23 907
42 27 3 3 5 907
42 28 3 2 3 907
42 29 3 4 12 907
42 30 3 1 22 907
42 32 3 5 15 907
42 33 3 5 5 907
42 34 3 4 17 907
42 35 3 4 16 907
42 36 3 1 16 907
42 37 3 4 6 907
42 38 3 5 9 907
42 39 3 3 10 907
42 40 3 2 17 907
42 41 3 1 2 907
42 43 3 4 2 907
42 45 3 3 2 907
42 47 3 5 11 907
42 48 3 2 6 907
42 49 3 5 12 907
43 1 4 5 4 639
43 2 4 1 22 639
43 3 4 1 20 639
43 4 4 3 7 639
43 5 4 4 3 639
43 6 4 3 20 639
43 7 4 5 4 639
43 8 4 1 7 639
43 9 4 5 23 639
43 10 4 2 16 639
43 11 4 1 19 639
43 12 4 4 9 639
43 13 4 4 19 639
43 14 4 3 7 639
43 15 4 5 4 639
43 16 4 2 22 639
43 18 4 5 5 639
43 19 4 1 20 639
43 20 4 5 11 639
43 22 4 4 1 639
43 23 4 1 10 639
43 24 4 4 12 639
43 25 4 4 4 639
43 26 4 2 17 639
43 27 4 3 24 639
43 28 4 2 17 639
43 29 4 4 23 639
43 30 4 1 12 639
43 31 4 4 12 639
43 32 4 5 21 639
43 33 4 5 10 639
43 34 4 4 15 639
43 35 4 4 5 639
43 36 4 1 8 639
43 37 4 4 19 639
43 38 4 5 18 639
43 39 4 3 19 639
43 40 4 2 2 639
43 41 4 1 21 639
43 42 4 3 2 639
43 44 4 3 1 639
43 45 4 3 5 639
43 46 4 1 16 639
43 47 4 5 16 639
43 48 4 2 20 639
43 49 4 5 7 639
44 0 3 2 7 747
44 1 3 5 1 747
44 2 3 1 12 747
44 3 3 1 14 747
44 4 3 3 21 747
44 6 3 3 22 747
44 7 3 5 10 747
44 8 3 1 24 747
44 10 3 2 11 747
44 11 3 1 14 747
44 12 3 4 8 747
44 13 3 4 14 747
44 14 3 3 9 747
44 15 3 5 17 747
44 16 3 2 6 747
44 17 3 5 22 747
44 18 3 5 7 747
44 19 3 1 14 747
44 20 3 5 6 747
44 21 3 2 11 747
44 22 3 4 8 747
44 23 3 1 3 747
44 24 3 4 16 747
44 25 3 4 8 747
44 26 3 2 6 747
44 27 3 3 1 747
44 28 3 2 11 747
44 29 3 4 7 747
44 30 3 1 11 747
44 31 3 4 20 747
44 32 3 5 4 747
44 33 3 5 18 747
44 35 3 4 6 747
44 36 3 1 17 747
44 37 3 4 16 747
44 38 3 5 15 747
44 39 3 3 4 747
44 40 3 2 3 747
44 41 3 1 18 747
44 43 3 4 1 747
44 45 3 3 13 747
44 46 3 1 24 747
44 47 3 5 11 747
44 48 3 2 20 747
44 49 3 5 25 747
45 0 3 2 18 719
45 1 3 5 20 719
45 2 3 1 4 719
45 3 3 1 9 719
45 4 3 3 8 719
45 5 3 4 9 719
45 6 3 3 24 719
45 7 3 5 23 719
45 8 3 1 9 719
45 9 3 5 5 719
45 10 3 2 4 719
45 11 3 1 11 719
45 12 3 4 2 719
45 13 3 4 24 719
45 14 3 3 9 719
45 15 3 5 14 719
45 16 3 2 6 719
45 17 3 5 25 719
45 19 3 1 24 719
45 20 3 5 3 719
45 21 3 2 8 719
45 22 3 4 9 719
45 23 3 1 14 719
45 25 3 4 6 719
45 26 3 2 5 719
45 27 3 3 24 719
45 28 3 2 17 719
45 29 3 4 15 719
45 30 3 1 1 719
45 31 3 4 10 719
45 32 3 5 8 719
45 33 3 5 19 719
45 34 3 4 17 719
45 35 3 4 11 719
45 36 3 1 22 719
45 37 3 4 4 719
45 38 3 5 20 719
45 39 3 3 13 719
45 41 3 1 25 719
45 42 3 3 2 719
45 43 3 4 5 719
45 44 3 3 13 719
45 46 3 1 6 719
45 47 3 5 16 719
45 48 3 2 14 719
45 49 3 5 2 719
46 0 1 2 22 570
46 1 1 5 23 570
46 2 1 1 13 570
46 3 1 1 11 570
46 5 1 4 15 570
46 6 1 3 14 570
46 7 1 5 15 570
46 8 1 1 13 570
46 9 1 5 9 570
46 10 1 2 11 570
46 11 1 1 17 570
46 12 1 4 11 570
46 13 1 4 10 570
46 14 1 3 1 570
46 15 1 5 5 570
46 16 1 2 16 570
46 17 1 5 19 570
46 18 1 5 12 570
46 19 1 1 16 570
46 20 1 5 10 570
46 21 1 2 16 570
46 23 1 1 7 570
46 24 1 4 12 570
46 25 1 4 19 570
46 26 1 2 5 570
46 27 1 3 12 570
46 29 1 4 21 570
46 30 1 1 18 570
46 31 1 4 24 570
46 32 1 5 15 570
46 33 1 5 11 570
46 34 1 4 25 570
46 35 1 4 25 570
46 36 1 1 12 570
46 37 1 4 4 570
46 38 1 5 13 570
46 40 1 2 8 570
46 41 1 1 15 570
46 43 1 4 16 570
46 44 1 3 24 570
46 45 1 3 6 570
46 47 1 5 12 570
46 48 1 2 23 570
46 49 1 5 5 570
47 0 5 2 2 282
47 1 5 5 9 282
47 2 5 1 13 282
47 3 5 1 3 282
47 4 5 3 1 282
47 5 5 4 3 282
47 6 5 3 14 282
47 8 5 1 11 282
47 10 5 2 16 282
47 11 5 1 18 282
47 12 5 4 4 282
47 13 5 4 22 282
47 14 5 3 24 282
47 15 5 5 2 282
47 16 5 2 24 282
47 17 5 5 6 282
47 18 5 5 18 282
47 19 5 1 15 282
47 20 5 5 13 282
47 21 5 2 12 282
47 22 5 4 8 282
47 23 5 1 20 282
47 24 5 4 20 282
47 25 5 4 7 282
47 27 5 3 25 282
47 28 5 2 20 282
47 29 5 4 20 282
47 30 5 1 8 282
47 31 5 4 13 282
47 32 5 5 2 282
47 33 5 5 20 282
47 34 5 4 10 282
47 35 5 4 18 282
47 36 5 1 15 282
47 37 5 4 2 282
47 38 5 5 20 282
47 39 5 3 11 282
47 40 5 2 3 282
47 41 5 1 21 282
47 42 5 3 11 282
47 43 5 4 16 282
47 44 5 3 11 282
47 45 5 3 16 282
47 46 5 1 12 282
47 48 5 2 2 282
47 49 5 5 13 282
48 0 2 2 18 173
48 1 2 5 7 173
48 2 2 1 12 173
48 3 2 1 19 173
48 5 2 4 4 173
48 6 2 3 12 173
48 7 2 5 12 173
48 8 2 1 16 173
48 9 2 5 14 173
48 10 2 2 20 173
48 11 2 1 18 173
48 12 2 4 16 173
48 13 2 4 20 173
48 14 2 3 16 173
48 15 2 5 3 173
48 16 2 2 16 173
48 17 2 5 4 173
48 18 2 5 3 173
48 19 2 1 3 173
48 20 2 5 6 173
48 21 2 2 8 173
48 22 2 4 2 173
48 23 2 1 7 173
48 24 2 4 9 173
48 25 2 4 20 173
48 26 2 2 15 173
48 27 2 3 4 173
48 28 2 2 8 173
48 31 2 4 16 173
48 33 2 5 3 173
48 36 2 1 2 173
48 37 2 4 10 173
48 38 2 5 20 173
48 39 2 3 1 173
48 41 2 1 25 173
48 42 2 3 6 173
48 43 2 4 20 173
48 44 2 3 20 173
48 45 2 3 14 173
48 46 2 1 23 173
48 47 2 5 2 173
48 49 2 5 12 173
49 0 5 2 6 517
49 1 5 5 3 517
49 3 5 1 16 517
49 4 5 3 8 517
49 5 5 4 21 517
49 6 5 3 7 517
49 7 5 5 16 517
49 8 5 1 20 517
49 9 5 5 25 517
49 10 5 2 18 517
49 11 5 1 13 517
49 12 5 4 22 517
49 13 5 4 18 517
49 14 5 3 13 517
49 15 5 5 17 517
49 16 5 2 24 517
49 17 5 5 5 517
49 18 5 5 13 517
49 20 5 5 11 517
49 21 5 2 25 517
49 22 5 4 15 517
49 23 5 1 5 517
49 24 5 4 11 517
49 26 5 2 16 517
49 27 5 3 21 517
49 28 5 2 13 517
49 30 5 1 6 517
49 31 5 4 13 517
49 32 5 5 11 517
49 33 5 5 7 517
49 34 5 4 3 517
49 35 5 4 2 517
49 36 5 1 24 517
49 37 5 4 6 517
49 39 5 3 20 517
49 40 5 2 22 517
49 41 5 1 12 517
49 42 5 3 12 517
49 43 5 4 7 517
49 44 5 3 25 517
49 45 5 3 2 517
49 46 5 1 5 517
49 47 5 5 13 517
49 48 5 2 12 517
