capacity  cost_by_node
nb_functions 10
9 70 59 49 59 49 87 96 73 22 79 10 77 35 88 54 46 21 82 58 58 13 28 21 83 87 86 79 94 17 18 13 92 92 50 49 53 45 60 55 72 33 19 12 93 14 73 69 26 15 40 83 15 23 37 95 30 58 24 34 41 40 14 88 51 40 82 87 91 75 29 71 97 83 12 100 61 58 53 13 97 56 84 10 97 23 94 72 61 42 62 54 24 21 46 13 17 69 42 49 70 
7 42 79 14 84 41 17 62 60 48 31 37 96 30 49 80 86 59 45 16 82 78 24 50 41 98 89 53 39 80 100 40 17 21 40 66 15 81 31 64 66 63 100 66 33 78 81 45 81 49 29 42 63 26 82 96 63 99 43 66 21 42 47 73 45 44 90 11 47 34 14 94 54 36 32 42 45 69 56 90 70 22 12 78 53 14 93 38 70 65 22 49 84 17 84 18 36 94 14 22 95 
5 23 78 11 33 65 96 34 65 43 82 90 33 50 62 20 28 71 36 38 17 57 94 65 98 74 87 38 58 24 89 79 27 68 27 94 19 99 41 56 49 61 97 19 72 88 35 22 49 39 51 19 40 63 70 24 53 79 71 70 19 96 68 11 51 55 45 59 48 99 91 17 34 11 88 82 80 57 56 76 81 39 47 86 68 93 68 52 25 32 91 21 95 55 63 36 15 72 91 67 38 
9 44 49 44 82 79 55 82 37 44 92 17 15 82 46 65 45 78 91 98 99 19 52 69 14 39 59 48 78 83 45 69 35 99 28 25 99 40 89 36 79 83 58 89 69 27 95 31 38 32 84 15 74 17 77 45 55 91 96 61 98 43 14 81 99 63 72 49 56 93 33 97 85 18 60 37 29 35 76 38 58 42 45 23 39 64 70 87 73 95 47 59 51 16 70 46 10 64 64 59 61 
9 69 37 13 31 82 54 55 23 97 55 79 95 12 54 73 50 24 57 19 37 70 24 64 96 54 53 10 27 41 30 56 70 17 33 21 65 33 73 96 94 45 85 71 26 33 82 41 38 98 12 17 57 77 31 92 90 26 100 65 43 97 39 25 69 61 60 94 48 72 44 67 100 66 10 37 85 50 80 82 47 85 49 42 17 71 74 31 51 80 23 58 65 85 62 62 84 100 48 80 74 
10 62 97 43 84 69 23 22 67 28 13 19 26 47 96 21 64 38 93 54 20 79 22 12 42 85 71 91 57 30 99 41 22 34 78 97 66 14 30 60 95 68 23 65 92 58 63 14 63 84 55 53 93 37 87 29 83 98 35 37 18 100 25 46 22 60 36 91 36 55 25 91 95 45 43 25 99 89 51 87 17 99 36 90 55 54 22 90 14 19 28 30 18 85 50 62 38 45 76 32 67 
5 26 71 32 73 43 35 81 50 71 20 67 10 63 68 88 54 74 43 17 12 89 53 88 38 75 20 28 92 45 18 100 58 16 23 66 48 51 92 44 86 53 25 72 88 28 88 69 68 26 70 25 82 62 69 19 98 41 48 41 83 85 47 94 29 35 31 95 90 80 41 26 49 94 78 85 65 20 87 14 18 67 64 77 90 31 22 96 88 48 28 89 68 76 28 50 33 19 19 39 25 
10 64 20 98 84 30 11 56 21 58 39 76 99 83 74 65 60 70 12 32 84 83 31 97 10 95 98 72 97 71 15 16 83 66 80 87 98 45 59 74 90 24 84 40 32 14 48 66 33 82 68 13 57 55 85 85 24 79 52 84 63 52 91 12 13 10 41 24 89 52 23 33 26 86 27 30 30 100 83 63 60 77 75 75 61 60 91 64 55 41 39 33 94 53 52 61 86 39 58 32 10 
7 97 34 100 24 40 49 70 62 29 90 55 30 35 89 98 60 92 32 87 75 40 93 58 53 70 16 85 60 95 65 20 77 49 99 23 30 22 44 53 25 71 26 66 13 83 20 25 19 56 50 66 89 51 34 41 99 73 85 53 68 27 30 15 23 37 88 37 100 65 72 53 94 26 66 19 31 32 23 12 91 67 96 53 56 72 56 22 12 60 77 83 39 55 68 78 62 63 35 94 56 
7 78 33 66 38 93 100 77 90 19 22 29 61 30 61 33 30 22 73 42 44 59 89 82 69 86 57 93 25 22 40 80 43 66 43 89 67 39 20 49 45 30 60 29 19 48 90 16 17 63 72 44 25 91 77 90 38 68 57 62 45 35 46 81 78 64 27 32 27 68 76 75 71 65 14 79 100 52 74 10 47 75 32 49 22 29 16 90 85 20 86 75 33 65 72 20 35 74 73 21 48 
