Node_1 Node_2 Capacity_node1 Capacity_node2 Latency_arc node_cost
nb_nodes 100
nb_arcs 4966
0 1 3 1 2 401
0 2 3 1 25 401
0 6 3 4 1 401
0 8 3 1 13 401
0 10 3 2 13 401
0 11 3 3 12 401
0 13 3 2 11 401
0 14 3 2 15 401
0 15 3 1 16 401
0 16 3 1 21 401
0 18 3 4 6 401
0 19 3 2 25 401
0 20 3 1 23 401
0 22 3 1 12 401
0 25 3 3 20 401
0 27 3 1 14 401
0 28 3 4 18 401
0 29 3 4 7 401
0 33 3 3 15 401
0 34 3 1 24 401
0 35 3 2 7 401
0 36 3 3 11 401
0 38 3 3 18 401
0 39 3 3 10 401
0 40 3 1 21 401
0 42 3 2 8 401
0 47 3 2 8 401
0 48 3 1 1 401
0 49 3 3 20 401
0 52 3 4 15 401
0 53 3 2 12 401
0 54 3 3 13 401
0 59 3 3 12 401
0 64 3 1 24 401
0 65 3 1 14 401
0 68 3 1 6 401
0 70 3 2 22 401
0 72 3 3 7 401
0 74 3 1 6 401
0 75 3 3 22 401
0 77 3 2 15 401
0 78 3 1 25 401
0 79 3 2 12 401
0 82 3 2 1 401
0 84 3 4 5 401
0 86 3 3 4 401
0 88 3 3 25 401
0 90 3 1 2 401
0 91 3 2 1 401
0 92 3 3 21 401
0 96 3 3 12 401
0 97 3 4 6 401
0 99 3 2 10 401
1 0 1 3 2 125
1 2 1 1 9 125
1 3 1 1 3 125
1 4 1 1 2 125
1 9 1 3 9 125
1 10 1 2 6 125
1 11 1 3 13 125
1 13 1 2 18 125
1 15 1 1 2 125
1 17 1 2 4 125
1 19 1 2 23 125
1 20 1 1 20 125
1 21 1 3 23 125
1 22 1 1 5 125
1 23 1 3 22 125
1 28 1 4 17 125
1 30 1 4 25 125
1 32 1 3 2 125
1 33 1 3 15 125
1 38 1 3 22 125
1 40 1 1 20 125
1 41 1 1 22 125
1 45 1 4 8 125
1 46 1 2 19 125
1 47 1 2 11 125
1 48 1 1 19 125
1 49 1 3 2 125
1 50 1 2 22 125
1 51 1 3 19 125
1 56 1 3 11 125
1 59 1 3 6 125
1 61 1 3 2 125
1 65 1 1 15 125
1 67 1 1 11 125
1 69 1 3 13 125
1 71 1 3 21 125
1 72 1 3 17 125
1 74 1 1 24 125
1 75 1 3 20 125
1 76 1 3 4 125
1 82 1 2 7 125
1 86 1 3 19 125
1 89 1 4 25 125
1 93 1 2 20 125
1 98 1 3 8 125
1 99 1 2 22 125
2 0 1 3 25 443
2 1 1 1 9 443
2 7 1 3 19 443
2 9 1 3 9 443
2 10 1 2 13 443
2 12 1 1 13 443
2 13 1 2 2 443
2 14 1 2 2 443
2 16 1 1 14 443
2 18 1 4 20 443
2 20 1 1 17 443
2 21 1 3 8 443
2 22 1 1 2 443
2 23 1 3 1 443
2 24 1 2 19 443
2 25 1 3 12 443
2 28 1 4 5 443
2 31 1 1 1 443
2 33 1 3 15 443
2 34 1 1 6 443
2 37 1 2 25 443
2 38 1 3 8 443
2 40 1 1 18 443
2 41 1 1 1 443
2 47 1 2 17 443
2 49 1 3 13 443
2 51 1 3 10 443
2 52 1 4 25 443
2 53 1 2 19 443
2 59 1 3 10 443
2 61 1 3 5 443
2 63 1 1 14 443
2 65 1 1 16 443
2 66 1 4 17 443
2 68 1 1 15 443
2 69 1 3 3 443
2 70 1 2 4 443
2 71 1 3 23 443
2 72 1 3 3 443
2 76 1 3 11 443
2 81 1 2 13 443
2 83 1 3 6 443
2 85 1 4 22 443
2 86 1 3 7 443
2 87 1 2 13 443
2 95 1 1 18 443
2 96 1 3 18 443
2 97 1 4 14 443
3 1 1 1 3 898
3 5 1 4 23 898
3 6 1 4 14 898
3 8 1 1 8 898
3 12 1 1 24 898
3 13 1 2 14 898
3 15 1 1 17 898
3 16 1 1 8 898
3 18 1 4 16 898
3 22 1 1 15 898
3 23 1 3 5 898
3 24 1 2 2 898
3 27 1 1 15 898
3 29 1 4 20 898
3 30 1 4 3 898
3 31 1 1 2 898
3 32 1 3 13 898
3 33 1 3 20 898
3 36 1 3 2 898
3 37 1 2 3 898
3 38 1 3 15 898
3 39 1 3 25 898
3 40 1 1 9 898
3 41 1 1 15 898
3 43 1 3 16 898
3 44 1 4 10 898
3 46 1 2 8 898
3 52 1 4 19 898
3 53 1 2 13 898
3 55 1 1 14 898
3 57 1 2 22 898
3 58 1 2 16 898
3 59 1 3 19 898
3 60 1 1 16 898
3 63 1 1 7 898
3 64 1 1 8 898
3 65 1 1 1 898
3 67 1 1 25 898
3 70 1 2 4 898
3 76 1 3 7 898
3 77 1 2 17 898
3 81 1 2 5 898
3 84 1 4 16 898
3 85 1 4 19 898
3 87 1 2 7 898
3 89 1 4 23 898
3 90 1 1 3 898
3 91 1 2 2 898
3 92 1 3 22 898
3 93 1 2 20 898
3 94 1 4 1 898
3 96 1 3 15 898
3 98 1 3 15 898
4 1 1 1 2 76
4 6 1 4 25 76
4 7 1 3 17 76
4 8 1 1 2 76
4 9 1 3 24 76
4 10 1 2 8 76
4 12 1 1 12 76
4 15 1 1 7 76
4 17 1 2 15 76
4 22 1 1 22 76
4 23 1 3 16 76
4 26 1 3 3 76
4 28 1 4 3 76
4 31 1 1 16 76
4 32 1 3 18 76
4 38 1 3 17 76
4 41 1 1 24 76
4 42 1 2 8 76
4 43 1 3 12 76
4 47 1 2 10 76
4 48 1 1 22 76
4 49 1 3 22 76
4 50 1 2 15 76
4 51 1 3 17 76
4 54 1 3 4 76
4 55 1 1 21 76
4 56 1 3 16 76
4 57 1 2 16 76
4 58 1 2 24 76
4 59 1 3 1 76
4 60 1 1 13 76
4 62 1 3 2 76
4 63 1 1 20 76
4 65 1 1 18 76
4 68 1 1 25 76
4 69 1 3 21 76
4 70 1 2 16 76
4 73 1 1 10 76
4 75 1 3 19 76
4 76 1 3 18 76
4 77 1 2 18 76
4 78 1 1 12 76
4 79 1 2 22 76
4 80 1 3 8 76
4 81 1 2 4 76
4 82 1 2 23 76
4 87 1 2 12 76
4 88 1 3 4 76
4 90 1 1 19 76
4 96 1 3 11 76
4 97 1 4 19 76
4 98 1 3 16 76
4 99 1 2 14 76
5 3 4 1 23 435
5 6 4 4 4 435
5 7 4 3 3 435
5 8 4 1 13 435
5 11 4 3 12 435
5 15 4 1 8 435
5 16 4 1 24 435
5 17 4 2 19 435
5 19 4 2 6 435
5 23 4 3 11 435
5 24 4 2 15 435
5 26 4 3 9 435
5 28 4 4 14 435
5 29 4 4 20 435
5 32 4 3 3 435
5 33 4 3 13 435
5 34 4 1 22 435
5 37 4 2 25 435
5 39 4 3 20 435
5 40 4 1 14 435
5 41 4 1 18 435
5 42 4 2 5 435
5 47 4 2 24 435
5 49 4 3 15 435
5 50 4 2 24 435
5 52 4 4 24 435
5 53 4 2 10 435
5 55 4 1 18 435
5 57 4 2 18 435
5 58 4 2 20 435
5 60 4 1 3 435
5 61 4 3 16 435
5 62 4 3 8 435
5 63 4 1 1 435
5 64 4 1 8 435
5 66 4 4 2 435
5 69 4 3 20 435
5 70 4 2 3 435
5 71 4 3 7 435
5 72 4 3 18 435
5 77 4 2 13 435
5 78 4 1 13 435
5 80 4 3 4 435
5 81 4 2 13 435
5 83 4 3 10 435
5 85 4 4 8 435
5 86 4 3 24 435
5 90 4 1 23 435
5 94 4 4 9 435
5 95 4 1 24 435
5 96 4 3 14 435
5 99 4 2 12 435
6 0 4 3 1 104
6 3 4 1 14 104
6 4 4 1 25 104
6 5 4 4 4 104
6 8 4 1 21 104
6 9 4 3 18 104
6 13 4 2 10 104
6 14 4 2 14 104
6 16 4 1 24 104
6 18 4 4 19 104
6 21 4 3 13 104
6 23 4 3 3 104
6 24 4 2 13 104
6 26 4 3 19 104
6 28 4 4 25 104
6 29 4 4 14 104
6 30 4 4 13 104
6 31 4 1 15 104
6 35 4 2 14 104
6 36 4 3 14 104
6 43 4 3 2 104
6 44 4 4 14 104
6 45 4 4 15 104
6 46 4 2 24 104
6 47 4 2 18 104
6 50 4 2 1 104
6 51 4 3 12 104
6 52 4 4 20 104
6 54 4 3 25 104
6 55 4 1 1 104
6 56 4 3 19 104
6 61 4 3 4 104
6 63 4 1 13 104
6 64 4 1 6 104
6 66 4 4 25 104
6 69 4 3 1 104
6 70 4 2 25 104
6 71 4 3 4 104
6 72 4 3 18 104
6 74 4 1 7 104
6 77 4 2 13 104
6 78 4 1 1 104
6 79 4 2 8 104
6 82 4 2 13 104
6 83 4 3 9 104
6 91 4 2 13 104
6 92 4 3 14 104
6 94 4 4 17 104
6 95 4 1 1 104
6 96 4 3 16 104
6 97 4 4 4 104
7 2 3 1 19 187
7 4 3 1 17 187
7 5 3 4 3 187
7 8 3 1 23 187
7 9 3 3 9 187
7 10 3 2 20 187
7 12 3 1 2 187
7 13 3 2 13 187
7 14 3 2 2 187
7 15 3 1 3 187
7 16 3 1 3 187
7 20 3 1 23 187
7 21 3 3 8 187
7 22 3 1 4 187
7 23 3 3 6 187
7 24 3 2 10 187
7 25 3 3 17 187
7 26 3 3 24 187
7 27 3 1 17 187
7 31 3 1 8 187
7 33 3 3 13 187
7 35 3 2 1 187
7 36 3 3 10 187
7 38 3 3 5 187
7 40 3 1 7 187
7 41 3 1 9 187
7 45 3 4 8 187
7 47 3 2 22 187
7 50 3 2 19 187
7 51 3 3 11 187
7 53 3 2 22 187
7 55 3 1 17 187
7 59 3 3 13 187
7 61 3 3 12 187
7 62 3 3 16 187
7 63 3 1 10 187
7 64 3 1 17 187
7 65 3 1 10 187
7 66 3 4 10 187
7 69 3 3 3 187
7 71 3 3 19 187
7 72 3 3 10 187
7 73 3 1 15 187
7 76 3 3 14 187
7 80 3 3 24 187
7 82 3 2 1 187
7 84 3 4 16 187
7 85 3 4 15 187
7 86 3 3 5 187
7 87 3 2 16 187
7 88 3 3 23 187
7 89 3 4 2 187
7 91 3 2 13 187
7 93 3 2 9 187
7 96 3 3 16 187
7 97 3 4 16 187
7 98 3 3 6 187
7 99 3 2 10 187
8 0 1 3 13 445
8 3 1 1 8 445
8 4 1 1 2 445
8 5 1 4 13 445
8 6 1 4 21 445
8 7 1 3 23 445
8 11 1 3 19 445
8 12 1 1 11 445
8 14 1 2 7 445
8 15 1 1 1 445
8 16 1 1 2 445
8 17 1 2 20 445
8 20 1 1 25 445
8 24 1 2 13 445
8 25 1 3 21 445
8 28 1 4 13 445
8 30 1 4 19 445
8 32 1 3 17 445
8 34 1 1 15 445
8 35 1 2 20 445
8 36 1 3 18 445
8 41 1 1 19 445
8 42 1 2 3 445
8 43 1 3 16 445
8 45 1 4 13 445
8 48 1 1 12 445
8 50 1 2 10 445
8 53 1 2 18 445
8 55 1 1 22 445
8 56 1 3 6 445
8 66 1 4 14 445
8 67 1 1 23 445
8 68 1 1 5 445
8 70 1 2 18 445
8 72 1 3 6 445
8 74 1 1 25 445
8 75 1 3 22 445
8 77 1 2 6 445
8 80 1 3 22 445
8 84 1 4 8 445
8 90 1 1 4 445
8 91 1 2 10 445
8 93 1 2 11 445
8 95 1 1 2 445
8 98 1 3 11 445
8 99 1 2 2 445
9 1 3 1 9 995
9 2 3 1 9 995
9 4 3 1 24 995
9 6 3 4 18 995
9 7 3 3 9 995
9 12 3 1 13 995
9 13 3 2 13 995
9 14 3 2 16 995
9 15 3 1 11 995
9 16 3 1 20 995
9 20 3 1 19 995
9 21 3 3 15 995
9 22 3 1 14 995
9 23 3 3 5 995
9 28 3 4 17 995
9 30 3 4 10 995
9 32 3 3 13 995
9 33 3 3 15 995
9 35 3 2 16 995
9 44 3 4 4 995
9 47 3 2 12 995
9 48 3 1 4 995
9 50 3 2 21 995
9 52 3 4 2 995
9 54 3 3 6 995
9 57 3 2 19 995
9 60 3 1 8 995
9 62 3 3 7 995
9 63 3 1 20 995
9 65 3 1 20 995
9 67 3 1 14 995
9 68 3 1 23 995
9 70 3 2 23 995
9 71 3 3 1 995
9 74 3 1 22 995
9 75 3 3 20 995
9 76 3 3 9 995
9 77 3 2 17 995
9 78 3 1 11 995
9 79 3 2 13 995
9 80 3 3 6 995
9 81 3 2 4 995
9 85 3 4 17 995
9 87 3 2 3 995
9 88 3 3 10 995
9 91 3 2 13 995
9 93 3 2 5 995
9 94 3 4 9 995
9 97 3 4 10 995
9 98 3 3 12 995
10 0 2 3 13 920
10 1 2 1 6 920
10 2 2 1 13 920
10 4 2 1 8 920
10 7 2 3 20 920
10 14 2 2 18 920
10 15 2 1 21 920
10 16 2 1 19 920
10 18 2 4 5 920
10 19 2 2 2 920
10 21 2 3 10 920
10 35 2 2 25 920
10 38 2 3 7 920
10 41 2 1 23 920
10 42 2 2 19 920
10 44 2 4 19 920
10 46 2 2 15 920
10 48 2 1 24 920
10 49 2 3 13 920
10 50 2 2 6 920
10 51 2 3 18 920
10 52 2 4 9 920
10 58 2 2 17 920
10 59 2 3 14 920
10 60 2 1 14 920
10 61 2 3 7 920
10 62 2 3 24 920
10 65 2 1 10 920
10 66 2 4 1 920
10 70 2 2 3 920
10 71 2 3 11 920
10 72 2 3 13 920
10 73 2 1 4 920
10 75 2 3 19 920
10 78 2 1 6 920
10 79 2 2 12 920
10 80 2 3 18 920
10 81 2 2 3 920
10 84 2 4 22 920
10 85 2 4 21 920
10 86 2 3 1 920
10 87 2 2 1 920
10 92 2 3 24 920
10 99 2 2 21 920
11 0 3 3 12 847
11 1 3 1 13 847
11 5 3 4 12 847
11 8 3 1 19 847
11 14 3 2 21 847
11 17 3 2 15 847
11 18 3 4 23 847
11 21 3 3 2 847
11 22 3 1 13 847
11 24 3 2 23 847
11 26 3 3 19 847
11 27 3 1 19 847
11 31 3 1 14 847
11 32 3 3 11 847
11 33 3 3 19 847
11 35 3 2 3 847
11 39 3 3 9 847
11 40 3 1 12 847
11 42 3 2 6 847
11 43 3 3 23 847
11 46 3 2 8 847
11 47 3 2 4 847
11 48 3 1 8 847
11 49 3 3 11 847
11 51 3 3 6 847
11 52 3 4 12 847
11 57 3 2 12 847
11 60 3 1 17 847
11 64 3 1 25 847
11 65 3 1 14 847
11 70 3 2 23 847
11 72 3 3 11 847
11 73 3 1 1 847
11 74 3 1 6 847
11 75 3 3 18 847
11 76 3 3 11 847
11 80 3 3 10 847
11 81 3 2 17 847
11 84 3 4 17 847
11 86 3 3 2 847
11 87 3 2 25 847
11 91 3 2 21 847
11 93 3 2 5 847
11 94 3 4 4 847
11 96 3 3 9 847
11 97 3 4 3 847
11 99 3 2 12 847
12 2 1 1 13 741
12 3 1 1 24 741
12 4 1 1 12 741
12 7 1 3 2 741
12 8 1 1 11 741
12 9 1 3 13 741
12 14 1 2 23 741
12 15 1 1 16 741
12 17 1 2 1 741
12 18 1 4 25 741
12 21 1 3 7 741
12 22 1 1 5 741
12 24 1 2 8 741
12 25 1 3 14 741
12 26 1 3 13 741
12 27 1 1 2 741
12 29 1 4 17 741
12 31 1 1 5 741
12 32 1 3 16 741
12 33 1 3 13 741
12 35 1 2 3 741
12 36 1 3 22 741
12 39 1 3 14 741
12 40 1 1 9 741
12 41 1 1 7 741
12 43 1 3 22 741
12 46 1 2 16 741
12 47 1 2 16 741
12 50 1 2 25 741
12 51 1 3 1 741
12 52 1 4 23 741
12 53 1 2 2 741
12 55 1 1 19 741
12 56 1 3 11 741
12 57 1 2 9 741
12 59 1 3 6 741
12 60 1 1 24 741
12 61 1 3 13 741
12 64 1 1 16 741
12 66 1 4 2 741
12 67 1 1 21 741
12 70 1 2 19 741
12 74 1 1 22 741
12 75 1 3 11 741
12 77 1 2 24 741
12 79 1 2 8 741
12 81 1 2 4 741
12 82 1 2 7 741
12 83 1 3 16 741
12 85 1 4 18 741
12 86 1 3 5 741
12 87 1 2 17 741
12 89 1 4 4 741
12 90 1 1 24 741
12 91 1 2 10 741
12 94 1 4 3 741
12 97 1 4 16 741
12 99 1 2 19 741
13 0 2 3 11 797
13 1 2 1 18 797
13 2 2 1 2 797
13 3 2 1 14 797
13 6 2 4 10 797
13 7 2 3 13 797
13 9 2 3 13 797
13 14 2 2 8 797
13 17 2 2 13 797
13 23 2 3 16 797
13 25 2 3 14 797
13 26 2 3 8 797
13 27 2 1 15 797
13 30 2 4 25 797
13 31 2 1 8 797
13 33 2 3 9 797
13 36 2 3 9 797
13 37 2 2 3 797
13 40 2 1 1 797
13 41 2 1 10 797
13 46 2 2 1 797
13 49 2 3 1 797
13 52 2 4 19 797
13 53 2 2 17 797
13 56 2 3 15 797
13 57 2 2 21 797
13 59 2 3 3 797
13 60 2 1 24 797
13 63 2 1 8 797
13 64 2 1 25 797
13 66 2 4 15 797
13 69 2 3 6 797
13 74 2 1 20 797
13 75 2 3 5 797
13 78 2 1 23 797
13 81 2 2 6 797
13 84 2 4 19 797
13 85 2 4 23 797
13 87 2 2 12 797
13 88 2 3 17 797
13 96 2 3 14 797
13 97 2 4 2 797
13 99 2 2 19 797
14 0 2 3 15 798
14 2 2 1 2 798
14 6 2 4 14 798
14 7 2 3 2 798
14 8 2 1 7 798
14 9 2 3 16 798
14 10 2 2 18 798
14 11 2 3 21 798
14 12 2 1 23 798
14 13 2 2 8 798
14 15 2 1 14 798
14 16 2 1 5 798
14 20 2 1 21 798
14 21 2 3 5 798
14 22 2 1 20 798
14 25 2 3 19 798
14 30 2 4 8 798
14 31 2 1 25 798
14 33 2 3 20 798
14 34 2 1 1 798
14 35 2 2 8 798
14 36 2 3 16 798
14 37 2 2 5 798
14 39 2 3 20 798
14 40 2 1 19 798
14 42 2 2 19 798
14 46 2 2 4 798
14 47 2 2 12 798
14 50 2 2 22 798
14 51 2 3 14 798
14 54 2 3 3 798
14 55 2 1 5 798
14 57 2 2 22 798
14 60 2 1 6 798
14 64 2 1 4 798
14 65 2 1 7 798
14 66 2 4 18 798
14 70 2 2 13 798
14 73 2 1 15 798
14 74 2 1 17 798
14 75 2 3 5 798
14 76 2 3 11 798
14 80 2 3 21 798
14 81 2 2 5 798
14 84 2 4 10 798
14 85 2 4 23 798
14 88 2 3 14 798
14 89 2 4 11 798
14 91 2 2 4 798
14 92 2 3 20 798
14 93 2 2 23 798
14 94 2 4 15 798
14 95 2 1 20 798
14 97 2 4 24 798
14 98 2 3 16 798
14 99 2 2 11 798
15 0 1 3 16 66
15 1 1 1 2 66
15 3 1 1 17 66
15 4 1 1 7 66
15 5 1 4 8 66
15 7 1 3 3 66
15 8 1 1 1 66
15 9 1 3 11 66
15 10 1 2 21 66
15 12 1 1 16 66
15 14 1 2 14 66
15 17 1 2 7 66
15 20 1 1 3 66
15 21 1 3 21 66
15 23 1 3 4 66
15 24 1 2 19 66
15 27 1 1 13 66
15 28 1 4 25 66
15 29 1 4 13 66
15 30 1 4 17 66
15 32 1 3 7 66
15 33 1 3 20 66
15 40 1 1 20 66
15 44 1 4 9 66
15 45 1 4 10 66
15 46 1 2 10 66
15 48 1 1 8 66
15 52 1 4 9 66
15 56 1 3 7 66
15 57 1 2 17 66
15 61 1 3 19 66
15 65 1 1 3 66
15 71 1 3 21 66
15 81 1 2 2 66
15 85 1 4 12 66
15 89 1 4 8 66
15 90 1 1 3 66
15 94 1 4 19 66
15 98 1 3 17 66
16 0 1 3 21 322
16 2 1 1 14 322
16 3 1 1 8 322
16 5 1 4 24 322
16 6 1 4 24 322
16 7 1 3 3 322
16 8 1 1 2 322
16 9 1 3 20 322
16 10 1 2 19 322
16 14 1 2 5 322
16 17 1 2 21 322
16 18 1 4 6 322
16 22 1 1 17 322
16 23 1 3 12 322
16 24 1 2 15 322
16 25 1 3 14 322
16 26 1 3 17 322
16 31 1 1 2 322
16 35 1 2 4 322
16 36 1 3 10 322
16 37 1 2 1 322
16 38 1 3 24 322
16 40 1 1 25 322
16 42 1 2 10 322
16 43 1 3 19 322
16 44 1 4 7 322
16 46 1 2 7 322
16 47 1 2 13 322
16 48 1 1 5 322
16 51 1 3 11 322
16 52 1 4 11 322
16 55 1 1 8 322
16 56 1 3 14 322
16 59 1 3 4 322
16 63 1 1 13 322
16 64 1 1 20 322
16 67 1 1 18 322
16 68 1 1 15 322
16 71 1 3 2 322
16 72 1 3 17 322
16 77 1 2 25 322
16 78 1 1 24 322
16 79 1 2 16 322
16 81 1 2 16 322
16 82 1 2 13 322
16 85 1 4 20 322
16 87 1 2 23 322
16 88 1 3 17 322
16 89 1 4 17 322
16 92 1 3 1 322
16 93 1 2 2 322
16 94 1 4 11 322
16 96 1 3 10 322
16 97 1 4 8 322
16 98 1 3 2 322
17 1 2 1 4 571
17 4 2 1 15 571
17 5 2 4 19 571
17 8 2 1 20 571
17 11 2 3 15 571
17 12 2 1 1 571
17 13 2 2 13 571
17 15 2 1 7 571
17 16 2 1 21 571
17 18 2 4 10 571
17 21 2 3 8 571
17 22 2 1 25 571
17 26 2 3 23 571
17 28 2 4 18 571
17 29 2 4 13 571
17 32 2 3 1 571
17 33 2 3 2 571
17 36 2 3 19 571
17 39 2 3 24 571
17 40 2 1 2 571
17 41 2 1 21 571
17 43 2 3 14 571
17 44 2 4 19 571
17 45 2 4 23 571
17 46 2 2 18 571
17 47 2 2 16 571
17 48 2 1 23 571
17 49 2 3 13 571
17 50 2 2 10 571
17 51 2 3 17 571
17 53 2 2 8 571
17 55 2 1 17 571
17 56 2 3 18 571
17 58 2 2 10 571
17 60 2 1 7 571
17 63 2 1 24 571
17 65 2 1 7 571
17 67 2 1 18 571
17 70 2 2 6 571
17 71 2 3 16 571
17 73 2 1 20 571
17 75 2 3 8 571
17 80 2 3 1 571
17 87 2 2 9 571
17 88 2 3 11 571
17 89 2 4 22 571
17 91 2 2 3 571
17 92 2 3 20 571
17 93 2 2 24 571
17 94 2 4 3 571
17 96 2 3 11 571
17 97 2 4 7 571
17 99 2 2 14 571
18 0 4 3 6 798
18 2 4 1 20 798
18 3 4 1 16 798
18 6 4 4 19 798
18 10 4 2 5 798
18 11 4 3 23 798
18 12 4 1 25 798
18 16 4 1 6 798
18 17 4 2 10 798
18 19 4 2 18 798
18 20 4 1 2 798
18 23 4 3 3 798
18 24 4 2 19 798
18 25 4 3 14 798
18 26 4 3 16 798
18 28 4 4 23 798
18 29 4 4 20 798
18 30 4 4 15 798
18 34 4 1 13 798
18 35 4 2 16 798
18 36 4 3 2 798
18 39 4 3 22 798
18 40 4 1 18 798
18 41 4 1 22 798
18 43 4 3 5 798
18 44 4 4 13 798
18 45 4 4 1 798
18 46 4 2 6 798
18 47 4 2 15 798
18 48 4 1 3 798
18 50 4 2 8 798
18 52 4 4 14 798
18 55 4 1 8 798
18 57 4 2 25 798
18 58 4 2 1 798
18 59 4 3 11 798
18 63 4 1 16 798
18 64 4 1 23 798
18 65 4 1 19 798
18 67 4 1 21 798
18 69 4 3 7 798
18 71 4 3 8 798
18 73 4 1 1 798
18 74 4 1 18 798
18 75 4 3 1 798
18 76 4 3 5 798
18 77 4 2 2 798
18 82 4 2 23 798
18 83 4 3 22 798
18 84 4 4 14 798
18 85 4 4 24 798
18 87 4 2 11 798
18 91 4 2 6 798
18 92 4 3 16 798
18 96 4 3 11 798
18 99 4 2 17 798
19 0 2 3 25 112
19 1 2 1 23 112
19 5 2 4 6 112
19 10 2 2 2 112
19 18 2 4 18 112
19 22 2 1 21 112
19 26 2 3 22 112
19 27 2 1 23 112
19 28 2 4 2 112
19 30 2 4 24 112
19 31 2 1 9 112
19 32 2 3 3 112
19 36 2 3 20 112
19 37 2 2 21 112
19 42 2 2 17 112
19 43 2 3 12 112
19 44 2 4 24 112
19 46 2 2 15 112
19 47 2 2 5 112
19 52 2 4 10 112
19 53 2 2 20 112
19 57 2 2 4 112
19 58 2 2 14 112
19 60 2 1 21 112
19 61 2 3 10 112
19 62 2 3 20 112
19 64 2 1 9 112
19 66 2 4 15 112
19 68 2 1 10 112
19 69 2 3 4 112
19 70 2 2 1 112
19 72 2 3 19 112
19 73 2 1 16 112
19 74 2 1 1 112
19 75 2 3 18 112
19 77 2 2 4 112
19 78 2 1 22 112
19 81 2 2 8 112
19 83 2 3 8 112
19 88 2 3 20 112
19 89 2 4 12 112
19 92 2 3 22 112
19 99 2 2 23 112
20 0 1 3 23 774
20 1 1 1 20 774
20 2 1 1 17 774
20 7 1 3 23 774
20 8 1 1 25 774
20 9 1 3 19 774
20 14 1 2 21 774
20 15 1 1 3 774
20 18 1 4 2 774
20 21 1 3 13 774
20 23 1 3 13 774
20 25 1 3 4 774
20 26 1 3 1 774
20 27 1 1 1 774
20 28 1 4 20 774
20 29 1 4 22 774
20 32 1 3 1 774
20 35 1 2 24 774
20 37 1 2 4 774
20 39 1 3 9 774
20 41 1 1 16 774
20 45 1 4 6 774
20 46 1 2 3 774
20 55 1 1 25 774
20 58 1 2 5 774
20 63 1 1 3 774
20 66 1 4 16 774
20 69 1 3 19 774
20 71 1 3 21 774
20 72 1 3 13 774
20 74 1 1 9 774
20 76 1 3 11 774
20 77 1 2 18 774
20 80 1 3 3 774
20 81 1 2 23 774
20 82 1 2 16 774
20 83 1 3 13 774
20 84 1 4 4 774
20 86 1 3 13 774
20 90 1 1 16 774
20 91 1 2 4 774
20 92 1 3 3 774
20 95 1 1 13 774
20 96 1 3 11 774
20 97 1 4 12 774
21 1 3 1 23 108
21 2 3 1 8 108
21 6 3 4 13 108
21 7 3 3 8 108
21 9 3 3 15 108
21 10 3 2 10 108
21 11 3 3 2 108
21 12 3 1 7 108
21 14 3 2 5 108
21 15 3 1 21 108
21 17 3 2 8 108
21 20 3 1 13 108
21 23 3 3 18 108
21 25 3 3 12 108
21 27 3 1 23 108
21 29 3 4 6 108
21 32 3 3 9 108
21 33 3 3 10 108
21 34 3 1 12 108
21 35 3 2 17 108
21 36 3 3 23 108
21 37 3 2 8 108
21 41 3 1 10 108
21 45 3 4 9 108
21 46 3 2 18 108
21 50 3 2 11 108
21 51 3 3 5 108
21 52 3 4 25 108
21 53 3 2 15 108
21 55 3 1 24 108
21 56 3 3 11 108
21 57 3 2 17 108
21 58 3 2 6 108
21 59 3 3 7 108
21 61 3 3 13 108
21 63 3 1 17 108
21 68 3 1 8 108
21 69 3 3 21 108
21 75 3 3 19 108
21 76 3 3 1 108
21 79 3 2 15 108
21 80 3 3 1 108
21 82 3 2 16 108
21 83 3 3 25 108
21 86 3 3 8 108
21 87 3 2 6 108
21 89 3 4 23 108
21 91 3 2 14 108
21 92 3 3 9 108
21 94 3 4 5 108
21 95 3 1 7 108
21 96 3 3 10 108
21 98 3 3 2 108
22 0 1 3 12 108
22 1 1 1 5 108
22 2 1 1 2 108
22 3 1 1 15 108
22 4 1 1 22 108
22 7 1 3 4 108
22 9 1 3 14 108
22 11 1 3 13 108
22 12 1 1 5 108
22 14 1 2 20 108
22 16 1 1 17 108
22 17 1 2 25 108
22 19 1 2 21 108
22 25 1 3 2 108
22 27 1 1 4 108
22 28 1 4 20 108
22 32 1 3 24 108
22 33 1 3 9 108
22 35 1 2 15 108
22 37 1 2 16 108
22 41 1 1 8 108
22 42 1 2 21 108
22 44 1 4 25 108
22 45 1 4 19 108
22 46 1 2 3 108
22 47 1 2 13 108
22 51 1 3 10 108
22 52 1 4 15 108
22 55 1 1 15 108
22 56 1 3 20 108
22 57 1 2 12 108
22 61 1 3 18 108
22 62 1 3 25 108
22 63 1 1 10 108
22 69 1 3 6 108
22 71 1 3 21 108
22 73 1 1 11 108
22 74 1 1 1 108
22 75 1 3 23 108
22 76 1 3 7 108
22 78 1 1 25 108
22 79 1 2 7 108
22 81 1 2 5 108
22 84 1 4 18 108
22 86 1 3 10 108
22 87 1 2 18 108
22 88 1 3 6 108
22 90 1 1 19 108
22 95 1 1 25 108
22 99 1 2 3 108
23 1 3 1 22 851
23 2 3 1 1 851
23 3 3 1 5 851
23 4 3 1 16 851
23 5 3 4 11 851
23 6 3 4 3 851
23 7 3 3 6 851
23 9 3 3 5 851
23 13 3 2 16 851
23 15 3 1 4 851
23 16 3 1 12 851
23 18 3 4 3 851
23 20 3 1 13 851
23 21 3 3 18 851
23 24 3 2 6 851
23 28 3 4 13 851
23 29 3 4 7 851
23 34 3 1 6 851
23 36 3 3 12 851
23 37 3 2 21 851
23 40 3 1 17 851
23 41 3 1 1 851
23 43 3 3 25 851
23 44 3 4 8 851
23 45 3 4 17 851
23 46 3 2 11 851
23 48 3 1 5 851
23 49 3 3 21 851
23 50 3 2 10 851
23 51 3 3 7 851
23 52 3 4 13 851
23 53 3 2 17 851
23 55 3 1 1 851
23 56 3 3 2 851
23 58 3 2 21 851
23 61 3 3 10 851
23 64 3 1 14 851
23 65 3 1 21 851
23 66 3 4 21 851
23 69 3 3 20 851
23 70 3 2 12 851
23 71 3 3 18 851
23 73 3 1 16 851
23 74 3 1 2 851
23 75 3 3 23 851
23 82 3 2 2 851
23 86 3 3 6 851
23 87 3 2 19 851
23 89 3 4 25 851
23 91 3 2 1 851
23 92 3 3 1 851
23 94 3 4 11 851
23 95 3 1 22 851
23 96 3 3 12 851
23 98 3 3 23 851
23 99 3 2 2 851
24 2 2 1 19 574
24 3 2 1 2 574
24 5 2 4 15 574
24 6 2 4 13 574
24 7 2 3 10 574
24 8 2 1 13 574
24 11 2 3 23 574
24 12 2 1 8 574
24 15 2 1 19 574
24 16 2 1 15 574
24 18 2 4 19 574
24 23 2 3 6 574
24 26 2 3 10 574
24 30 2 4 19 574
24 31 2 1 17 574
24 32 2 3 6 574
24 34 2 1 5 574
24 36 2 3 9 574
24 37 2 2 8 574
24 41 2 1 20 574
24 42 2 2 23 574
24 45 2 4 3 574
24 47 2 2 25 574
24 50 2 2 20 574
24 51 2 3 9 574
24 52 2 4 17 574
24 54 2 3 12 574
24 57 2 2 22 574
24 63 2 1 5 574
24 64 2 1 9 574
24 67 2 1 18 574
24 70 2 2 14 574
24 77 2 2 12 574
24 79 2 2 24 574
24 80 2 3 22 574
24 82 2 2 21 574
24 83 2 3 2 574
24 87 2 2 15 574
24 88 2 3 21 574
24 89 2 4 2 574
24 91 2 2 14 574
24 92 2 3 9 574
24 93 2 2 24 574
24 94 2 4 24 574
24 95 2 1 10 574
24 98 2 3 8 574
25 0 3 3 20 800
25 2 3 1 12 800
25 7 3 3 17 800
25 8 3 1 21 800
25 12 3 1 14 800
25 13 3 2 14 800
25 14 3 2 19 800
25 16 3 1 14 800
25 18 3 4 14 800
25 20 3 1 4 800
25 21 3 3 12 800
25 22 3 1 2 800
25 28 3 4 19 800
25 31 3 1 17 800
25 32 3 3 5 800
25 34 3 1 11 800
25 36 3 3 16 800
25 38 3 3 10 800
25 41 3 1 23 800
25 42 3 2 16 800
25 43 3 3 19 800
25 44 3 4 7 800
25 45 3 4 17 800
25 47 3 2 10 800
25 48 3 1 20 800
25 50 3 2 16 800
25 52 3 4 4 800
25 55 3 1 7 800
25 58 3 2 14 800
25 60 3 1 20 800
25 61 3 3 21 800
25 62 3 3 18 800
25 63 3 1 11 800
25 64 3 1 19 800
25 70 3 2 24 800
25 71 3 3 4 800
25 73 3 1 25 800
25 74 3 1 13 800
25 75 3 3 14 800
25 76 3 3 17 800
25 78 3 1 4 800
25 80 3 3 21 800
25 81 3 2 20 800
25 83 3 3 15 800
25 86 3 3 9 800
25 92 3 3 7 800
25 93 3 2 4 800
25 95 3 1 25 800
25 97 3 4 20 800
25 98 3 3 11 800
26 4 3 1 3 759
26 5 3 4 9 759
26 6 3 4 19 759
26 7 3 3 24 759
26 11 3 3 19 759
26 12 3 1 13 759
26 13 3 2 8 759
26 16 3 1 17 759
26 17 3 2 23 759
26 18 3 4 16 759
26 19 3 2 22 759
26 20 3 1 1 759
26 24 3 2 10 759
26 27 3 1 1 759
26 28 3 4 2 759
26 32 3 3 3 759
26 34 3 1 21 759
26 35 3 2 25 759
26 36 3 3 18 759
26 43 3 3 13 759
26 44 3 4 16 759
26 46 3 2 12 759
26 47 3 2 4 759
26 48 3 1 25 759
26 49 3 3 17 759
26 50 3 2 22 759
26 52 3 4 7 759
26 53 3 2 7 759
26 57 3 2 25 759
26 58 3 2 25 759
26 61 3 3 5 759
26 62 3 3 10 759
26 66 3 4 3 759
26 67 3 1 13 759
26 68 3 1 11 759
26 72 3 3 9 759
26 74 3 1 15 759
26 77 3 2 12 759
26 78 3 1 2 759
26 79 3 2 15 759
26 80 3 3 1 759
26 81 3 2 2 759
26 84 3 4 2 759
26 88 3 3 2 759
26 91 3 2 4 759
26 93 3 2 9 759
27 0 1 3 14 702
27 3 1 1 15 702
27 7 1 3 17 702
27 11 1 3 19 702
27 12 1 1 2 702
27 13 1 2 15 702
27 15 1 1 13 702
27 19 1 2 23 702
27 20 1 1 1 702
27 21 1 3 23 702
27 22 1 1 4 702
27 26 1 3 1 702
27 30 1 4 1 702
27 32 1 3 11 702
27 36 1 3 24 702
27 38 1 3 7 702
27 39 1 3 16 702
27 40 1 1 18 702
27 41 1 1 21 702
27 43 1 3 21 702
27 44 1 4 22 702
27 45 1 4 12 702
27 46 1 2 20 702
27 47 1 2 23 702
27 48 1 1 12 702
27 49 1 3 21 702
27 50 1 2 24 702
27 52 1 4 16 702
27 53 1 2 14 702
27 54 1 3 22 702
27 56 1 3 2 702
27 58 1 2 13 702
27 59 1 3 12 702
27 60 1 1 7 702
27 61 1 3 14 702
27 63 1 1 10 702
27 64 1 1 23 702
27 65 1 1 13 702
27 67 1 1 14 702
27 68 1 1 17 702
27 70 1 2 25 702
27 71 1 3 23 702
27 75 1 3 9 702
27 77 1 2 24 702
27 78 1 1 20 702
27 79 1 2 24 702
27 80 1 3 3 702
27 81 1 2 21 702
27 84 1 4 2 702
27 86 1 3 3 702
27 93 1 2 8 702
27 95 1 1 5 702
27 96 1 3 18 702
27 97 1 4 4 702
28 0 4 3 18 323
28 1 4 1 17 323
28 2 4 1 5 323
28 4 4 1 3 323
28 5 4 4 14 323
28 6 4 4 25 323
28 8 4 1 13 323
28 9 4 3 17 323
28 15 4 1 25 323
28 17 4 2 18 323
28 18 4 4 23 323
28 19 4 2 2 323
28 20 4 1 20 323
28 22 4 1 20 323
28 23 4 3 13 323
28 25 4 3 19 323
28 26 4 3 2 323
28 30 4 4 23 323
28 31 4 1 3 323
28 32 4 3 12 323
28 36 4 3 22 323
28 37 4 2 7 323
28 39 4 3 17 323
28 40 4 1 8 323
28 41 4 1 16 323
28 43 4 3 12 323
28 44 4 4 10 323
28 53 4 2 21 323
28 54 4 3 6 323
28 57 4 2 19 323
28 58 4 2 15 323
28 60 4 1 22 323
28 61 4 3 19 323
28 63 4 1 25 323
28 65 4 1 10 323
28 66 4 4 13 323
28 70 4 2 23 323
28 71 4 3 9 323
28 74 4 1 7 323
28 76 4 3 9 323
28 78 4 1 24 323
28 80 4 3 6 323
28 81 4 2 16 323
28 86 4 3 13 323
28 88 4 3 12 323
28 92 4 3 15 323
28 93 4 2 13 323
28 94 4 4 24 323
28 96 4 3 14 323
28 97 4 4 8 323
29 0 4 3 7 536
29 3 4 1 20 536
29 5 4 4 20 536
29 6 4 4 14 536
29 12 4 1 17 536
29 15 4 1 13 536
29 17 4 2 13 536
29 18 4 4 20 536
29 20 4 1 22 536
29 21 4 3 6 536
29 23 4 3 7 536
29 30 4 4 19 536
29 32 4 3 9 536
29 36 4 3 4 536
29 37 4 2 4 536
29 39 4 3 12 536
29 43 4 3 4 536
29 46 4 2 21 536
29 47 4 2 2 536
29 49 4 3 22 536
29 50 4 2 8 536
29 51 4 3 15 536
29 53 4 2 13 536
29 56 4 3 10 536
29 60 4 1 9 536
29 62 4 3 11 536
29 64 4 1 12 536
29 65 4 1 3 536
29 67 4 1 21 536
29 69 4 3 9 536
29 70 4 2 21 536
29 71 4 3 20 536
29 72 4 3 18 536
29 73 4 1 23 536
29 76 4 3 14 536
29 77 4 2 14 536
29 78 4 1 20 536
29 80 4 3 21 536
29 81 4 2 8 536
29 82 4 2 3 536
29 83 4 3 23 536
29 85 4 4 11 536
29 86 4 3 19 536
29 87 4 2 7 536
29 88 4 3 13 536
29 89 4 4 11 536
29 90 4 1 15 536
29 91 4 2 15 536
29 92 4 3 17 536
29 93 4 2 13 536
29 94 4 4 15 536
29 96 4 3 2 536
29 97 4 4 12 536
29 99 4 2 25 536
30 1 4 1 25 240
30 3 4 1 3 240
30 6 4 4 13 240
30 8 4 1 19 240
30 9 4 3 10 240
30 13 4 2 25 240
30 14 4 2 8 240
30 15 4 1 17 240
30 18 4 4 15 240
30 19 4 2 24 240
30 24 4 2 19 240
30 27 4 1 1 240
30 28 4 4 23 240
30 29 4 4 19 240
30 32 4 3 9 240
30 33 4 3 20 240
30 35 4 2 25 240
30 37 4 2 2 240
30 40 4 1 11 240
30 44 4 4 24 240
30 46 4 2 14 240
30 48 4 1 12 240
30 52 4 4 11 240
30 53 4 2 3 240
30 54 4 3 22 240
30 55 4 1 25 240
30 56 4 3 4 240
30 57 4 2 7 240
30 58 4 2 15 240
30 63 4 1 13 240
30 64 4 1 25 240
30 66 4 4 9 240
30 69 4 3 13 240
30 70 4 2 17 240
30 71 4 3 17 240
30 72 4 3 6 240
30 75 4 3 23 240
30 76 4 3 1 240
30 77 4 2 16 240
30 78 4 1 11 240
30 84 4 4 13 240
30 85 4 4 24 240
30 88 4 3 22 240
30 89 4 4 22 240
30 91 4 2 15 240
30 92 4 3 19 240
30 96 4 3 3 240
30 97 4 4 22 240
30 98 4 3 15 240
30 99 4 2 16 240
31 2 1 1 1 604
31 3 1 1 2 604
31 4 1 1 16 604
31 6 1 4 15 604
31 7 1 3 8 604
31 11 1 3 14 604
31 12 1 1 5 604
31 13 1 2 8 604
31 14 1 2 25 604
31 16 1 1 2 604
31 19 1 2 9 604
31 24 1 2 17 604
31 25 1 3 17 604
31 28 1 4 3 604
31 33 1 3 1 604
31 37 1 2 17 604
31 38 1 3 23 604
31 39 1 3 9 604
31 40 1 1 11 604
31 41 1 1 16 604
31 42 1 2 5 604
31 43 1 3 22 604
31 44 1 4 8 604
31 46 1 2 19 604
31 48 1 1 17 604
31 49 1 3 10 604
31 54 1 3 7 604
31 57 1 2 18 604
31 59 1 3 11 604
31 60 1 1 24 604
31 61 1 3 11 604
31 64 1 1 4 604
31 65 1 1 3 604
31 66 1 4 12 604
31 67 1 1 6 604
31 69 1 3 21 604
31 72 1 3 13 604
31 73 1 1 3 604
31 82 1 2 14 604
31 85 1 4 5 604
31 86 1 3 3 604
31 87 1 2 17 604
31 88 1 3 12 604
31 90 1 1 4 604
31 93 1 2 5 604
31 95 1 1 24 604
31 96 1 3 21 604
31 98 1 3 19 604
31 99 1 2 13 604
32 1 3 1 2 659
32 3 3 1 13 659
32 4 3 1 18 659
32 5 3 4 3 659
32 8 3 1 17 659
32 9 3 3 13 659
32 11 3 3 11 659
32 12 3 1 16 659
32 15 3 1 7 659
32 17 3 2 1 659
32 19 3 2 3 659
32 20 3 1 1 659
32 21 3 3 9 659
32 22 3 1 24 659
32 24 3 2 6 659
32 25 3 3 5 659
32 26 3 3 3 659
32 27 3 1 11 659
32 28 3 4 12 659
32 29 3 4 9 659
32 30 3 4 9 659
32 35 3 2 4 659
32 37 3 2 4 659
32 41 3 1 18 659
32 42 3 2 19 659
32 44 3 4 2 659
32 47 3 2 24 659
32 48 3 1 9 659
32 51 3 3 22 659
32 54 3 3 19 659
32 55 3 1 20 659
32 60 3 1 10 659
32 61 3 3 15 659
32 62 3 3 25 659
32 63 3 1 13 659
32 64 3 1 22 659
32 65 3 1 11 659
32 69 3 3 14 659
32 70 3 2 5 659
32 74 3 1 21 659
32 77 3 2 10 659
32 78 3 1 22 659
32 79 3 2 20 659
32 86 3 3 4 659
32 88 3 3 5 659
32 90 3 1 25 659
32 91 3 2 4 659
32 92 3 3 10 659
32 97 3 4 3 659
33 0 3 3 15 846
33 1 3 1 15 846
33 2 3 1 15 846
33 3 3 1 20 846
33 5 3 4 13 846
33 7 3 3 13 846
33 9 3 3 15 846
33 11 3 3 19 846
33 12 3 1 13 846
33 13 3 2 9 846
33 14 3 2 20 846
33 15 3 1 20 846
33 17 3 2 2 846
33 21 3 3 10 846
33 22 3 1 9 846
33 30 3 4 20 846
33 31 3 1 1 846
33 35 3 2 8 846
33 36 3 3 15 846
33 37 3 2 25 846
33 39 3 3 5 846
33 40 3 1 17 846
33 42 3 2 13 846
33 51 3 3 21 846
33 56 3 3 24 846
33 57 3 2 6 846
33 58 3 2 13 846
33 59 3 3 1 846
33 61 3 3 11 846
33 62 3 3 25 846
33 65 3 1 10 846
33 66 3 4 7 846
33 67 3 1 18 846
33 71 3 3 22 846
33 72 3 3 17 846
33 73 3 1 7 846
33 74 3 1 11 846
33 75 3 3 12 846
33 79 3 2 13 846
33 81 3 2 11 846
33 82 3 2 20 846
33 84 3 4 10 846
33 85 3 4 12 846
33 87 3 2 12 846
33 89 3 4 12 846
33 90 3 1 17 846
33 92 3 3 22 846
33 96 3 3 12 846
33 97 3 4 2 846
34 0 1 3 24 897
34 2 1 1 6 897
34 5 1 4 22 897
34 8 1 1 15 897
34 14 1 2 1 897
34 18 1 4 13 897
34 21 1 3 12 897
34 23 1 3 6 897
34 24 1 2 5 897
34 25 1 3 11 897
34 26 1 3 21 897
34 35 1 2 6 897
34 38 1 3 9 897
34 40 1 1 4 897
34 41 1 1 8 897
34 42 1 2 10 897
34 43 1 3 5 897
34 52 1 4 5 897
34 54 1 3 21 897
34 55 1 1 23 897
34 58 1 2 3 897
34 59 1 3 1 897
34 60 1 1 11 897
34 62 1 3 2 897
34 63 1 1 2 897
34 64 1 1 20 897
34 65 1 1 25 897
34 67 1 1 7 897
34 69 1 3 16 897
34 73 1 1 24 897
34 74 1 1 7 897
34 76 1 3 5 897
34 77 1 2 14 897
34 80 1 3 22 897
34 81 1 2 8 897
34 84 1 4 7 897
34 87 1 2 7 897
34 88 1 3 12 897
34 92 1 3 6 897
34 99 1 2 17 897
35 0 2 3 7 551
35 6 2 4 14 551
35 7 2 3 1 551
35 8 2 1 20 551
35 9 2 3 16 551
35 10 2 2 25 551
35 11 2 3 3 551
35 12 2 1 3 551
35 14 2 2 8 551
35 16 2 1 4 551
35 18 2 4 16 551
35 20 2 1 24 551
35 21 2 3 17 551
35 22 2 1 15 551
35 26 2 3 25 551
35 30 2 4 25 551
35 32 2 3 4 551
35 33 2 3 8 551
35 34 2 1 6 551
35 36 2 3 3 551
35 38 2 3 4 551
35 42 2 2 10 551
35 46 2 2 12 551
35 49 2 3 8 551
35 51 2 3 13 551
35 53 2 2 10 551
35 54 2 3 16 551
35 55 2 1 3 551
35 56 2 3 24 551
35 58 2 2 19 551
35 59 2 3 25 551
35 63 2 1 9 551
35 64 2 1 8 551
35 65 2 1 10 551
35 67 2 1 17 551
35 68 2 1 3 551
35 70 2 2 4 551
35 74 2 1 21 551
35 76 2 3 1 551
35 78 2 1 10 551
35 80 2 3 7 551
35 82 2 2 13 551
35 84 2 4 9 551
35 88 2 3 6 551
35 91 2 2 5 551
35 94 2 4 7 551
35 96 2 3 16 551
35 97 2 4 5 551
35 99 2 2 23 551
36 0 3 3 11 845
36 3 3 1 2 845
36 6 3 4 14 845
36 7 3 3 10 845
36 8 3 1 18 845
36 12 3 1 22 845
36 13 3 2 9 845
36 14 3 2 16 845
36 16 3 1 10 845
36 17 3 2 19 845
36 18 3 4 2 845
36 19 3 2 20 845
36 21 3 3 23 845
36 23 3 3 12 845
36 24 3 2 9 845
36 25 3 3 16 845
36 26 3 3 18 845
36 27 3 1 24 845
36 28 3 4 22 845
36 29 3 4 4 845
36 33 3 3 15 845
36 35 3 2 3 845
36 37 3 2 16 845
36 38 3 3 7 845
36 51 3 3 9 845
36 55 3 1 20 845
36 56 3 3 20 845
36 59 3 3 19 845
36 62 3 3 10 845
36 63 3 1 9 845
36 65 3 1 9 845
36 68 3 1 14 845
36 70 3 2 14 845
36 72 3 3 8 845
36 73 3 1 6 845
36 74 3 1 17 845
36 76 3 3 5 845
36 77 3 2 5 845
36 78 3 1 10 845
36 79 3 2 15 845
36 82 3 2 3 845
36 83 3 3 12 845
36 84 3 4 15 845
36 85 3 4 15 845
36 92 3 3 18 845
36 93 3 2 17 845
36 95 3 1 18 845
36 99 3 2 2 845
37 2 2 1 25 831
37 3 2 1 3 831
37 5 2 4 25 831
37 13 2 2 3 831
37 14 2 2 5 831
37 16 2 1 1 831
37 19 2 2 21 831
37 20 2 1 4 831
37 21 2 3 8 831
37 22 2 1 16 831
37 23 2 3 21 831
37 24 2 2 8 831
37 28 2 4 7 831
37 29 2 4 4 831
37 30 2 4 2 831
37 31 2 1 17 831
37 32 2 3 4 831
37 33 2 3 25 831
37 36 2 3 16 831
37 38 2 3 12 831
37 41 2 1 20 831
37 44 2 4 5 831
37 45 2 4 3 831
37 46 2 2 21 831
37 51 2 3 24 831
37 52 2 4 14 831
37 53 2 2 1 831
37 55 2 1 4 831
37 57 2 2 6 831
37 60 2 1 4 831
37 64 2 1 17 831
37 65 2 1 22 831
37 67 2 1 22 831
37 68 2 1 17 831
37 70 2 2 4 831
37 74 2 1 22 831
37 75 2 3 20 831
37 78 2 1 11 831
37 80 2 3 13 831
37 82 2 2 18 831
37 83 2 3 2 831
37 86 2 3 19 831
37 88 2 3 17 831
37 89 2 4 22 831
37 90 2 1 17 831
37 91 2 2 1 831
37 96 2 3 20 831
37 97 2 4 13 831
37 99 2 2 18 831
38 0 3 3 18 819
38 1 3 1 22 819
38 2 3 1 8 819
38 3 3 1 15 819
38 4 3 1 17 819
38 7 3 3 5 819
38 10 3 2 7 819
38 16 3 1 24 819
38 25 3 3 10 819
38 27 3 1 7 819
38 31 3 1 23 819
38 34 3 1 9 819
38 35 3 2 4 819
38 36 3 3 7 819
38 37 3 2 12 819
38 40 3 1 14 819
38 42 3 2 3 819
38 43 3 3 23 819
38 45 3 4 15 819
38 46 3 2 16 819
38 52 3 4 5 819
38 55 3 1 3 819
38 57 3 2 10 819
38 58 3 2 13 819
38 62 3 3 23 819
38 63 3 1 12 819
38 65 3 1 21 819
38 67 3 1 20 819
38 68 3 1 14 819
38 73 3 1 5 819
38 74 3 1 14 819
38 76 3 3 5 819
38 77 3 2 8 819
38 78 3 1 13 819
38 82 3 2 21 819
38 85 3 4 14 819
38 90 3 1 13 819
38 91 3 2 3 819
38 92 3 3 4 819
38 93 3 2 1 819
38 94 3 4 11 819
38 96 3 3 21 819
38 99 3 2 1 819
39 0 3 3 10 710
39 3 3 1 25 710
39 5 3 4 20 710
39 11 3 3 9 710
39 12 3 1 14 710
39 14 3 2 20 710
39 17 3 2 24 710
39 18 3 4 22 710
39 20 3 1 9 710
39 27 3 1 16 710
39 28 3 4 17 710
39 29 3 4 12 710
39 31 3 1 9 710
39 33 3 3 5 710
39 42 3 2 4 710
39 45 3 4 4 710
39 46 3 2 3 710
39 47 3 2 14 710
39 51 3 3 10 710
39 52 3 4 11 710
39 53 3 2 3 710
39 56 3 3 7 710
39 58 3 2 18 710
39 59 3 3 22 710
39 61 3 3 10 710
39 62 3 3 20 710
39 65 3 1 15 710
39 66 3 4 18 710
39 69 3 3 13 710
39 70 3 2 20 710
39 71 3 3 19 710
39 74 3 1 10 710
39 76 3 3 17 710
39 77 3 2 17 710
39 78 3 1 7 710
39 79 3 2 3 710
39 81 3 2 11 710
39 83 3 3 21 710
39 84 3 4 14 710
39 85 3 4 4 710
39 89 3 4 5 710
39 95 3 1 3 710
39 96 3 3 25 710
39 97 3 4 21 710
39 98 3 3 15 710
40 0 1 3 21 474
40 1 1 1 20 474
40 2 1 1 18 474
40 3 1 1 9 474
40 5 1 4 14 474
40 7 1 3 7 474
40 11 1 3 12 474
40 12 1 1 9 474
40 13 1 2 1 474
40 14 1 2 19 474
40 15 1 1 20 474
40 16 1 1 25 474
40 17 1 2 2 474
40 18 1 4 18 474
40 23 1 3 17 474
40 27 1 1 18 474
40 28 1 4 8 474
40 30 1 4 11 474
40 31 1 1 11 474
40 33 1 3 17 474
40 34 1 1 4 474
40 38 1 3 14 474
40 41 1 1 17 474
40 42 1 2 22 474
40 45 1 4 9 474
40 48 1 1 21 474
40 49 1 3 24 474
40 50 1 2 15 474
40 51 1 3 8 474
40 53 1 2 7 474
40 54 1 3 5 474
40 57 1 2 1 474
40 58 1 2 23 474
40 60 1 1 14 474
40 61 1 3 14 474
40 71 1 3 15 474
40 72 1 3 12 474
40 74 1 1 21 474
40 75 1 3 5 474
40 76 1 3 4 474
40 78 1 1 15 474
40 79 1 2 1 474
40 80 1 3 7 474
40 85 1 4 9 474
40 86 1 3 18 474
40 88 1 3 12 474
40 90 1 1 15 474
40 95 1 1 11 474
40 96 1 3 12 474
41 1 1 1 22 542
41 2 1 1 1 542
41 3 1 1 15 542
41 4 1 1 24 542
41 5 1 4 18 542
41 7 1 3 9 542
41 8 1 1 19 542
41 10 1 2 23 542
41 12 1 1 7 542
41 13 1 2 10 542
41 17 1 2 21 542
41 18 1 4 22 542
41 20 1 1 16 542
41 21 1 3 10 542
41 22 1 1 8 542
41 23 1 3 1 542
41 24 1 2 20 542
41 25 1 3 23 542
41 27 1 1 21 542
41 28 1 4 16 542
41 31 1 1 16 542
41 32 1 3 18 542
41 34 1 1 8 542
41 37 1 2 20 542
41 40 1 1 17 542
41 44 1 4 9 542
41 46 1 2 12 542
41 49 1 3 15 542
41 50 1 2 15 542
41 52 1 4 13 542
41 53 1 2 12 542
41 54 1 3 22 542
41 55 1 1 13 542
41 56 1 3 3 542
41 57 1 2 23 542
41 58 1 2 13 542
41 59 1 3 20 542
41 62 1 3 21 542
41 63 1 1 4 542
41 65 1 1 1 542
41 66 1 4 22 542
41 67 1 1 14 542
41 70 1 2 16 542
41 72 1 3 11 542
41 75 1 3 7 542
41 77 1 2 15 542
41 79 1 2 23 542
41 81 1 2 8 542
41 87 1 2 4 542
41 89 1 4 17 542
41 96 1 3 1 542
41 97 1 4 24 542
42 0 2 3 8 671
42 4 2 1 8 671
42 5 2 4 5 671
42 8 2 1 3 671
42 10 2 2 19 671
42 11 2 3 6 671
42 14 2 2 19 671
42 16 2 1 10 671
42 19 2 2 17 671
42 22 2 1 21 671
42 24 2 2 23 671
42 25 2 3 16 671
42 31 2 1 5 671
42 32 2 3 19 671
42 33 2 3 13 671
42 34 2 1 10 671
42 35 2 2 10 671
42 38 2 3 3 671
42 39 2 3 4 671
42 40 2 1 22 671
42 44 2 4 5 671
42 46 2 2 4 671
42 47 2 2 18 671
42 48 2 1 4 671
42 49 2 3 16 671
42 50 2 2 24 671
42 51 2 3 20 671
42 52 2 4 19 671
42 54 2 3 16 671
42 55 2 1 22 671
42 56 2 3 8 671
42 63 2 1 22 671
42 66 2 4 12 671
42 67 2 1 7 671
42 68 2 1 7 671
42 72 2 3 22 671
42 76 2 3 9 671
42 79 2 2 25 671
42 81 2 2 11 671
42 82 2 2 23 671
42 84 2 4 7 671
42 87 2 2 14 671
42 88 2 3 8 671
42 89 2 4 13 671
42 94 2 4 9 671
42 96 2 3 4 671
42 97 2 4 15 671
42 98 2 3 12 671
43 3 3 1 16 814
43 4 3 1 12 814
43 6 3 4 2 814
43 8 3 1 16 814
43 11 3 3 23 814
43 12 3 1 22 814
43 16 3 1 19 814
43 17 3 2 14 814
43 18 3 4 5 814
43 19 3 2 12 814
43 23 3 3 25 814
43 25 3 3 19 814
43 26 3 3 13 814
43 27 3 1 21 814
43 28 3 4 12 814
43 29 3 4 4 814
43 31 3 1 22 814
43 34 3 1 5 814
43 38 3 3 23 814
43 44 3 4 13 814
43 46 3 2 11 814
43 47 3 2 24 814
43 48 3 1 25 814
43 49 3 3 19 814
43 51 3 3 10 814
43 53 3 2 16 814
43 55 3 1 15 814
43 57 3 2 20 814
43 58 3 2 8 814
43 59 3 3 25 814
43 60 3 1 15 814
43 65 3 1 9 814
43 67 3 1 8 814
43 69 3 3 12 814
43 71 3 3 13 814
43 73 3 1 13 814
43 74 3 1 24 814
43 75 3 3 6 814
43 78 3 1 18 814
43 79 3 2 17 814
43 80 3 3 15 814
43 81 3 2 7 814
43 82 3 2 17 814
43 83 3 3 7 814
43 85 3 4 14 814
43 86 3 3 8 814
43 88 3 3 15 814
43 89 3 4 19 814
43 90 3 1 2 814
43 91 3 2 20 814
43 92 3 3 9 814
43 94 3 4 15 814
43 95 3 1 12 814
43 96 3 3 20 814
43 97 3 4 14 814
44 3 4 1 10 312
44 6 4 4 14 312
44 9 4 3 4 312
44 10 4 2 19 312
44 15 4 1 9 312
44 16 4 1 7 312
44 17 4 2 19 312
44 18 4 4 13 312
44 19 4 2 24 312
44 22 4 1 25 312
44 23 4 3 8 312
44 25 4 3 7 312
44 26 4 3 16 312
44 27 4 1 22 312
44 28 4 4 10 312
44 30 4 4 24 312
44 31 4 1 8 312
44 32 4 3 2 312
44 37 4 2 5 312
44 41 4 1 9 312
44 42 4 2 5 312
44 43 4 3 13 312
44 45 4 4 24 312
44 46 4 2 16 312
44 47 4 2 14 312
44 50 4 2 13 312
44 51 4 3 2 312
44 53 4 2 9 312
44 55 4 1 6 312
44 58 4 2 18 312
44 59 4 3 14 312
44 60 4 1 6 312
44 62 4 3 9 312
44 63 4 1 8 312
44 64 4 1 6 312
44 65 4 1 2 312
44 66 4 4 4 312
44 67 4 1 2 312
44 68 4 1 1 312
44 71 4 3 12 312
44 72 4 3 6 312
44 73 4 1 22 312
44 74 4 1 2 312
44 77 4 2 8 312
44 80 4 3 11 312
44 82 4 2 2 312
44 85 4 4 19 312
44 86 4 3 24 312
44 87 4 2 24 312
44 90 4 1 1 312
44 91 4 2 24 312
44 92 4 3 3 312
44 93 4 2 20 312
44 94 4 4 17 312
44 95 4 1 2 312
44 99 4 2 6 312
45 1 4 1 8 946
45 6 4 4 15 946
45 7 4 3 8 946
45 8 4 1 13 946
45 15 4 1 10 946
45 17 4 2 23 946
45 18 4 4 1 946
45 20 4 1 6 946
45 21 4 3 9 946
45 22 4 1 19 946
45 23 4 3 17 946
45 24 4 2 3 946
45 25 4 3 17 946
45 27 4 1 12 946
45 37 4 2 3 946
45 38 4 3 15 946
45 39 4 3 4 946
45 40 4 1 9 946
45 44 4 4 24 946
45 49 4 3 11 946
45 50 4 2 20 946
45 52 4 4 1 946
45 53 4 2 14 946
45 54 4 3 4 946
45 55 4 1 4 946
45 57 4 2 3 946
45 59 4 3 6 946
45 60 4 1 24 946
45 61 4 3 22 946
45 62 4 3 16 946
45 63 4 1 10 946
45 65 4 1 25 946
45 66 4 4 2 946
45 68 4 1 14 946
45 71 4 3 16 946
45 72 4 3 6 946
45 73 4 1 4 946
45 75 4 3 15 946
45 77 4 2 17 946
45 79 4 2 6 946
45 82 4 2 4 946
45 84 4 4 6 946
45 86 4 3 2 946
45 87 4 2 24 946
45 88 4 3 5 946
45 89 4 4 6 946
45 91 4 2 19 946
45 92 4 3 21 946
45 97 4 4 3 946
45 98 4 3 13 946
45 99 4 2 25 946
46 1 2 1 19 230
46 3 2 1 8 230
46 6 2 4 24 230
46 10 2 2 15 230
46 11 2 3 8 230
46 12 2 1 16 230
46 13 2 2 1 230
46 14 2 2 4 230
46 15 2 1 10 230
46 16 2 1 7 230
46 17 2 2 18 230
46 18 2 4 6 230
46 19 2 2 15 230
46 20 2 1 3 230
46 21 2 3 18 230
46 22 2 1 3 230
46 23 2 3 11 230
46 26 2 3 12 230
46 27 2 1 20 230
46 29 2 4 21 230
46 30 2 4 14 230
46 31 2 1 19 230
46 35 2 2 12 230
46 37 2 2 21 230
46 38 2 3 16 230
46 39 2 3 3 230
46 41 2 1 12 230
46 42 2 2 4 230
46 43 2 3 11 230
46 44 2 4 16 230
46 47 2 2 8 230
46 50 2 2 12 230
46 54 2 3 15 230
46 56 2 3 24 230
46 57 2 2 18 230
46 62 2 3 2 230
46 64 2 1 15 230
46 65 2 1 21 230
46 66 2 4 1 230
46 67 2 1 10 230
46 69 2 3 4 230
46 71 2 3 6 230
46 74 2 1 7 230
46 75 2 3 18 230
46 78 2 1 23 230
46 79 2 2 14 230
46 83 2 3 18 230
46 90 2 1 19 230
46 91 2 2 9 230
46 96 2 3 3 230
46 97 2 4 20 230
47 0 2 3 8 472
47 1 2 1 11 472
47 2 2 1 17 472
47 4 2 1 10 472
47 5 2 4 24 472
47 6 2 4 18 472
47 7 2 3 22 472
47 9 2 3 12 472
47 11 2 3 4 472
47 12 2 1 16 472
47 14 2 2 12 472
47 16 2 1 13 472
47 17 2 2 16 472
47 18 2 4 15 472
47 19 2 2 5 472
47 22 2 1 13 472
47 24 2 2 25 472
47 25 2 3 10 472
47 26 2 3 4 472
47 27 2 1 23 472
47 29 2 4 2 472
47 32 2 3 24 472
47 39 2 3 14 472
47 42 2 2 18 472
47 43 2 3 24 472
47 44 2 4 14 472
47 46 2 2 8 472
47 51 2 3 9 472
47 53 2 2 20 472
47 54 2 3 2 472
47 55 2 1 7 472
47 57 2 2 16 472
47 58 2 2 4 472
47 59 2 3 9 472
47 62 2 3 1 472
47 64 2 1 12 472
47 65 2 1 13 472
47 68 2 1 23 472
47 69 2 3 3 472
47 70 2 2 12 472
47 73 2 1 23 472
47 74 2 1 16 472
47 77 2 2 16 472
47 79 2 2 6 472
47 81 2 2 22 472
47 82 2 2 9 472
47 83 2 3 22 472
47 84 2 4 7 472
47 89 2 4 23 472
47 90 2 1 20 472
47 93 2 2 14 472
47 94 2 4 16 472
47 97 2 4 10 472
47 99 2 2 17 472
48 0 1 3 1 190
48 1 1 1 19 190
48 4 1 1 22 190
48 8 1 1 12 190
48 9 1 3 4 190
48 10 1 2 24 190
48 11 1 3 8 190
48 15 1 1 8 190
48 16 1 1 5 190
48 17 1 2 23 190
48 18 1 4 3 190
48 23 1 3 5 190
48 25 1 3 20 190
48 26 1 3 25 190
48 27 1 1 12 190
48 30 1 4 12 190
48 31 1 1 17 190
48 32 1 3 9 190
48 40 1 1 21 190
48 42 1 2 4 190
48 43 1 3 25 190
48 52 1 4 25 190
48 55 1 1 3 190
48 60 1 1 13 190
48 61 1 3 25 190
48 63 1 1 19 190
48 64 1 1 6 190
48 65 1 1 24 190
48 68 1 1 4 190
48 70 1 2 21 190
48 73 1 1 5 190
48 75 1 3 6 190
48 78 1 1 18 190
48 79 1 2 11 190
48 82 1 2 11 190
48 83 1 3 24 190
48 84 1 4 24 190
48 86 1 3 20 190
48 87 1 2 3 190
48 88 1 3 6 190
48 90 1 1 12 190
48 91 1 2 1 190
48 96 1 3 17 190
48 97 1 4 23 190
48 98 1 3 11 190
49 0 3 3 20 202
49 1 3 1 2 202
49 2 3 1 13 202
49 4 3 1 22 202
49 5 3 4 15 202
49 10 3 2 13 202
49 11 3 3 11 202
49 13 3 2 1 202
49 17 3 2 13 202
49 23 3 3 21 202
49 26 3 3 17 202
49 27 3 1 21 202
49 29 3 4 22 202
49 31 3 1 10 202
49 35 3 2 8 202
49 40 3 1 24 202
49 41 3 1 15 202
49 42 3 2 16 202
49 43 3 3 19 202
49 45 3 4 11 202
49 51 3 3 9 202
49 53 3 2 20 202
49 54 3 3 18 202
49 55 3 1 19 202
49 57 3 2 10 202
49 60 3 1 1 202
49 62 3 3 20 202
49 64 3 1 13 202
49 67 3 1 24 202
49 69 3 3 1 202
49 71 3 3 13 202
49 74 3 1 5 202
49 75 3 3 1 202
49 76 3 3 8 202
49 77 3 2 8 202
49 78 3 1 11 202
49 79 3 2 13 202
49 80 3 3 4 202
49 82 3 2 7 202
49 83 3 3 10 202
49 84 3 4 19 202
49 85 3 4 23 202
49 86 3 3 11 202
49 88 3 3 6 202
49 91 3 2 19 202
49 94 3 4 24 202
49 95 3 1 20 202
49 96 3 3 13 202
49 99 3 2 15 202
50 1 2 1 22 438
50 4 2 1 15 438
50 5 2 4 24 438
50 6 2 4 1 438
50 7 2 3 19 438
50 8 2 1 10 438
50 9 2 3 21 438
50 10 2 2 6 438
50 12 2 1 25 438
50 14 2 2 22 438
50 17 2 2 10 438
50 18 2 4 8 438
50 21 2 3 11 438
50 23 2 3 10 438
50 24 2 2 20 438
50 25 2 3 16 438
50 26 2 3 22 438
50 27 2 1 24 438
50 29 2 4 8 438
50 40 2 1 15 438
50 41 2 1 15 438
50 42 2 2 24 438
50 44 2 4 13 438
50 45 2 4 20 438
50 46 2 2 12 438
50 51 2 3 3 438
50 52 2 4 13 438
50 53 2 2 15 438
50 56 2 3 9 438
50 57 2 2 8 438
50 58 2 2 8 438
50 61 2 3 2 438
50 62 2 3 9 438
50 64 2 1 7 438
50 65 2 1 4 438
50 67 2 1 4 438
50 69 2 3 9 438
50 70 2 2 20 438
50 71 2 3 3 438
50 76 2 3 1 438
50 83 2 3 22 438
50 87 2 2 24 438
50 88 2 3 6 438
50 89 2 4 16 438
50 90 2 1 15 438
50 93 2 2 4 438
50 96 2 3 5 438
50 97 2 4 9 438
50 99 2 2 22 438
51 1 3 1 19 85
51 2 3 1 10 85
51 4 3 1 17 85
51 6 3 4 12 85
51 7 3 3 11 85
51 10 3 2 18 85
51 11 3 3 6 85
51 12 3 1 1 85
51 14 3 2 14 85
51 16 3 1 11 85
51 17 3 2 17 85
51 21 3 3 5 85
51 22 3 1 10 85
51 23 3 3 7 85
51 24 3 2 9 85
51 29 3 4 15 85
51 32 3 3 22 85
51 33 3 3 21 85
51 35 3 2 13 85
51 36 3 3 9 85
51 37 3 2 24 85
51 39 3 3 10 85
51 40 3 1 8 85
51 42 3 2 20 85
51 43 3 3 10 85
51 44 3 4 2 85
51 47 3 2 9 85
51 49 3 3 9 85
51 50 3 2 3 85
51 52 3 4 20 85
51 53 3 2 6 85
51 54 3 3 2 85
51 56 3 3 18 85
51 58 3 2 12 85
51 61 3 3 20 85
51 62 3 3 23 85
51 64 3 1 20 85
51 66 3 4 6 85
51 68 3 1 25 85
51 70 3 2 12 85
51 71 3 3 5 85
51 72 3 3 18 85
51 73 3 1 25 85
51 74 3 1 19 85
51 76 3 3 8 85
51 77 3 2 5 85
51 78 3 1 1 85
51 80 3 3 12 85
51 81 3 2 18 85
51 85 3 4 21 85
51 87 3 2 14 85
51 90 3 1 1 85
51 95 3 1 12 85
51 96 3 3 13 85
51 97 3 4 11 85
51 98 3 3 17 85
51 99 3 2 24 85
52 0 4 3 15 834
52 2 4 1 25 834
52 3 4 1 19 834
52 5 4 4 24 834
52 6 4 4 20 834
52 9 4 3 2 834
52 10 4 2 9 834
52 11 4 3 12 834
52 12 4 1 23 834
52 13 4 2 19 834
52 15 4 1 9 834
52 16 4 1 11 834
52 18 4 4 14 834
52 19 4 2 10 834
52 21 4 3 25 834
52 22 4 1 15 834
52 23 4 3 13 834
52 24 4 2 17 834
52 25 4 3 4 834
52 26 4 3 7 834
52 27 4 1 16 834
52 30 4 4 11 834
52 34 4 1 5 834
52 37 4 2 14 834
52 38 4 3 5 834
52 39 4 3 11 834
52 41 4 1 13 834
52 42 4 2 19 834
52 45 4 4 1 834
52 48 4 1 25 834
52 50 4 2 13 834
52 51 4 3 20 834
52 53 4 2 16 834
52 56 4 3 20 834
52 57 4 2 4 834
52 58 4 2 25 834
52 60 4 1 9 834
52 62 4 3 23 834
52 64 4 1 16 834
52 65 4 1 23 834
52 66 4 4 4 834
52 68 4 1 16 834
52 71 4 3 4 834
52 72 4 3 23 834
52 73 4 1 10 834
52 74 4 1 8 834
52 75 4 3 20 834
52 77 4 2 22 834
52 79 4 2 1 834
52 81 4 2 18 834
52 82 4 2 1 834
52 83 4 3 2 834
52 84 4 4 21 834
52 85 4 4 25 834
52 87 4 2 1 834
52 90 4 1 25 834
52 93 4 2 14 834
52 94 4 4 10 834
52 95 4 1 16 834
52 97 4 4 22 834
52 98 4 3 23 834
53 0 2 3 12 293
53 2 2 1 19 293
53 3 2 1 13 293
53 5 2 4 10 293
53 7 2 3 22 293
53 8 2 1 18 293
53 12 2 1 2 293
53 13 2 2 17 293
53 17 2 2 8 293
53 19 2 2 20 293
53 21 2 3 15 293
53 23 2 3 17 293
53 26 2 3 7 293
53 27 2 1 14 293
53 28 2 4 21 293
53 29 2 4 13 293
53 30 2 4 3 293
53 35 2 2 10 293
53 37 2 2 1 293
53 39 2 3 3 293
53 40 2 1 7 293
53 41 2 1 12 293
53 43 2 3 16 293
53 44 2 4 9 293
53 45 2 4 14 293
53 47 2 2 20 293
53 49 2 3 20 293
53 50 2 2 15 293
53 51 2 3 6 293
53 52 2 4 16 293
53 54 2 3 4 293
53 58 2 2 25 293
53 59 2 3 25 293
53 60 2 1 15 293
53 63 2 1 12 293
53 66 2 4 11 293
53 72 2 3 7 293
53 73 2 1 14 293
53 74 2 1 14 293
53 75 2 3 1 293
53 76 2 3 3 293
53 77 2 2 3 293
53 78 2 1 10 293
53 79 2 2 21 293
53 81 2 2 21 293
53 83 2 3 7 293
53 91 2 2 10 293
53 92 2 3 19 293
53 95 2 1 16 293
53 96 2 3 10 293
53 97 2 4 12 293
53 98 2 3 15 293
54 0 3 3 13 130
54 4 3 1 4 130
54 6 3 4 25 130
54 9 3 3 6 130
54 14 3 2 3 130
54 24 3 2 12 130
54 27 3 1 22 130
54 28 3 4 6 130
54 30 3 4 22 130
54 31 3 1 7 130
54 32 3 3 19 130
54 34 3 1 21 130
54 35 3 2 16 130
54 40 3 1 5 130
54 41 3 1 22 130
54 42 3 2 16 130
54 45 3 4 4 130
54 46 3 2 15 130
54 47 3 2 2 130
54 49 3 3 18 130
54 51 3 3 2 130
54 53 3 2 4 130
54 55 3 1 3 130
54 57 3 2 17 130
54 59 3 3 12 130
54 60 3 1 17 130
54 62 3 3 15 130
54 63 3 1 2 130
54 64 3 1 17 130
54 66 3 4 7 130
54 67 3 1 4 130
54 68 3 1 14 130
54 71 3 3 10 130
54 72 3 3 8 130
54 73 3 1 7 130
54 77 3 2 4 130
54 79 3 2 25 130
54 82 3 2 12 130
54 85 3 4 25 130
54 86 3 3 5 130
54 87 3 2 24 130
54 89 3 4 22 130
54 90 3 1 16 130
54 94 3 4 19 130
54 99 3 2 21 130
55 3 1 1 14 847
55 4 1 1 21 847
55 5 1 4 18 847
55 6 1 4 1 847
55 7 1 3 17 847
55 8 1 1 22 847
55 12 1 1 19 847
55 14 1 2 5 847
55 16 1 1 8 847
55 17 1 2 17 847
55 18 1 4 8 847
55 20 1 1 25 847
55 21 1 3 24 847
55 22 1 1 15 847
55 23 1 3 1 847
55 25 1 3 7 847
55 30 1 4 25 847
55 32 1 3 20 847
55 34 1 1 23 847
55 35 1 2 3 847
55 36 1 3 20 847
55 37 1 2 4 847
55 38 1 3 3 847
55 41 1 1 13 847
55 42 1 2 22 847
55 43 1 3 15 847
55 44 1 4 6 847
55 45 1 4 4 847
55 47 1 2 7 847
55 48 1 1 3 847
55 49 1 3 19 847
55 54 1 3 3 847
55 57 1 2 11 847
55 59 1 3 2 847
55 62 1 3 12 847
55 63 1 1 25 847
55 67 1 1 22 847
55 68 1 1 17 847
55 70 1 2 20 847
55 72 1 3 20 847
55 74 1 1 2 847
55 78 1 1 14 847
55 79 1 2 24 847
55 83 1 3 3 847
55 84 1 4 17 847
55 85 1 4 8 847
55 88 1 3 9 847
55 89 1 4 3 847
55 90 1 1 2 847
55 92 1 3 1 847
55 93 1 2 23 847
55 94 1 4 16 847
55 96 1 3 9 847
55 97 1 4 8 847
55 99 1 2 2 847
56 1 3 1 11 112
56 4 3 1 16 112
56 6 3 4 19 112
56 8 3 1 6 112
56 12 3 1 11 112
56 13 3 2 15 112
56 15 3 1 7 112
56 16 3 1 14 112
56 17 3 2 18 112
56 21 3 3 11 112
56 22 3 1 20 112
56 23 3 3 2 112
56 27 3 1 2 112
56 29 3 4 10 112
56 30 3 4 4 112
56 33 3 3 24 112
56 35 3 2 24 112
56 36 3 3 20 112
56 39 3 3 7 112
56 41 3 1 3 112
56 42 3 2 8 112
56 46 3 2 24 112
56 50 3 2 9 112
56 51 3 3 18 112
56 52 3 4 20 112
56 58 3 2 21 112
56 62 3 3 15 112
56 63 3 1 3 112
56 67 3 1 8 112
56 68 3 1 12 112
56 69 3 3 19 112
56 70 3 2 20 112
56 71 3 3 21 112
56 72 3 3 15 112
56 73 3 1 11 112
56 75 3 3 25 112
56 77 3 2 15 112
56 79 3 2 9 112
56 80 3 3 6 112
56 85 3 4 20 112
56 86 3 3 22 112
56 90 3 1 8 112
56 93 3 2 23 112
56 94 3 4 20 112
56 95 3 1 8 112
56 97 3 4 4 112
57 3 2 1 22 348
57 4 2 1 16 348
57 5 2 4 18 348
57 9 2 3 19 348
57 11 2 3 12 348
57 12 2 1 9 348
57 13 2 2 21 348
57 14 2 2 22 348
57 15 2 1 17 348
57 18 2 4 25 348
57 19 2 2 4 348
57 21 2 3 17 348
57 22 2 1 12 348
57 24 2 2 22 348
57 26 2 3 25 348
57 28 2 4 19 348
57 30 2 4 7 348
57 31 2 1 18 348
57 33 2 3 6 348
57 37 2 2 6 348
57 38 2 3 10 348
57 40 2 1 1 348
57 41 2 1 23 348
57 43 2 3 20 348
57 45 2 4 3 348
57 46 2 2 18 348
57 47 2 2 16 348
57 49 2 3 10 348
57 50 2 2 8 348
57 52 2 4 4 348
57 54 2 3 17 348
57 55 2 1 11 348
57 59 2 3 6 348
57 61 2 3 6 348
57 64 2 1 13 348
57 67 2 1 23 348
57 70 2 2 2 348
57 73 2 1 4 348
57 76 2 3 9 348
57 83 2 3 16 348
57 86 2 3 17 348
57 87 2 2 23 348
57 88 2 3 3 348
57 89 2 4 8 348
57 94 2 4 22 348
57 99 2 2 7 348
58 3 2 1 16 182
58 4 2 1 24 182
58 5 2 4 20 182
58 10 2 2 17 182
58 17 2 2 10 182
58 18 2 4 1 182
58 19 2 2 14 182
58 20 2 1 5 182
58 21 2 3 6 182
58 23 2 3 21 182
58 25 2 3 14 182
58 26 2 3 25 182
58 27 2 1 13 182
58 28 2 4 15 182
58 30 2 4 15 182
58 33 2 3 13 182
58 34 2 1 3 182
58 35 2 2 19 182
58 38 2 3 13 182
58 39 2 3 18 182
58 40 2 1 23 182
58 41 2 1 13 182
58 43 2 3 8 182
58 44 2 4 18 182
58 47 2 2 4 182
58 50 2 2 8 182
58 51 2 3 12 182
58 52 2 4 25 182
58 53 2 2 25 182
58 56 2 3 21 182
58 63 2 1 23 182
58 64 2 1 14 182
58 66 2 4 24 182
58 68 2 1 16 182
58 71 2 3 23 182
58 73 2 1 7 182
58 74 2 1 4 182
58 76 2 3 3 182
58 78 2 1 21 182
58 79 2 2 4 182
58 82 2 2 20 182
58 86 2 3 22 182
58 93 2 2 15 182
58 94 2 4 16 182
58 95 2 1 25 182
58 96 2 3 12 182
58 97 2 4 2 182
58 98 2 3 14 182
58 99 2 2 9 182
59 0 3 3 12 172
59 1 3 1 6 172
59 2 3 1 10 172
59 3 3 1 19 172
59 4 3 1 1 172
59 7 3 3 13 172
59 10 3 2 14 172
59 12 3 1 6 172
59 13 3 2 3 172
59 16 3 1 4 172
59 18 3 4 11 172
59 21 3 3 7 172
59 27 3 1 12 172
59 31 3 1 11 172
59 33 3 3 1 172
59 34 3 1 1 172
59 35 3 2 25 172
59 36 3 3 19 172
59 39 3 3 22 172
59 41 3 1 20 172
59 43 3 3 25 172
59 44 3 4 14 172
59 45 3 4 6 172
59 47 3 2 9 172
59 53 3 2 25 172
59 54 3 3 12 172
59 55 3 1 2 172
59 57 3 2 6 172
59 61 3 3 25 172
59 62 3 3 13 172
59 63 3 1 14 172
59 65 3 1 19 172
59 67 3 1 20 172
59 69 3 3 4 172
59 72 3 3 13 172
59 73 3 1 4 172
59 75 3 3 23 172
59 76 3 3 24 172
59 77 3 2 16 172
59 78 3 1 12 172
59 83 3 3 21 172
59 87 3 2 13 172
59 90 3 1 5 172
59 92 3 3 5 172
59 93 3 2 1 172
59 96 3 3 9 172
59 98 3 3 5 172
59 99 3 2 11 172
60 3 1 1 16 443
60 4 1 1 13 443
60 5 1 4 3 443
60 9 1 3 8 443
60 10 1 2 14 443
60 11 1 3 17 443
60 12 1 1 24 443
60 13 1 2 24 443
60 14 1 2 6 443
60 17 1 2 7 443
60 19 1 2 21 443
60 25 1 3 20 443
60 27 1 1 7 443
60 28 1 4 22 443
60 29 1 4 9 443
60 31 1 1 24 443
60 32 1 3 10 443
60 34 1 1 11 443
60 37 1 2 4 443
60 40 1 1 14 443
60 43 1 3 15 443
60 44 1 4 6 443
60 45 1 4 24 443
60 48 1 1 13 443
60 49 1 3 1 443
60 52 1 4 9 443
60 53 1 2 15 443
60 54 1 3 17 443
60 62 1 3 24 443
60 64 1 1 16 443
60 68 1 1 12 443
60 74 1 1 6 443
60 75 1 3 10 443
60 76 1 3 9 443
60 77 1 2 9 443
60 80 1 3 1 443
60 81 1 2 4 443
60 82 1 2 14 443
60 83 1 3 10 443
60 85 1 4 23 443
60 89 1 4 1 443
60 91 1 2 12 443
60 93 1 2 10 443
60 94 1 4 24 443
60 99 1 2 21 443
61 1 3 1 2 359
61 2 3 1 5 359
61 5 3 4 16 359
61 6 3 4 4 359
61 7 3 3 12 359
61 10 3 2 7 359
61 12 3 1 13 359
61 15 3 1 19 359
61 19 3 2 10 359
61 21 3 3 13 359
61 22 3 1 18 359
61 23 3 3 10 359
61 25 3 3 21 359
61 26 3 3 5 359
61 27 3 1 14 359
61 28 3 4 19 359
61 31 3 1 11 359
61 32 3 3 15 359
61 33 3 3 11 359
61 39 3 3 10 359
61 40 3 1 14 359
61 45 3 4 22 359
61 48 3 1 25 359
61 50 3 2 2 359
61 51 3 3 20 359
61 57 3 2 6 359
61 59 3 3 25 359
61 62 3 3 24 359
61 63 3 1 21 359
61 65 3 1 10 359
61 66 3 4 9 359
61 67 3 1 9 359
61 68 3 1 16 359
61 69 3 3 16 359
61 74 3 1 5 359
61 79 3 2 13 359
61 80 3 3 7 359
61 81 3 2 20 359
61 86 3 3 24 359
61 87 3 2 16 359
61 88 3 3 11 359
61 92 3 3 4 359
61 93 3 2 11 359
61 95 3 1 6 359
61 96 3 3 23 359
61 98 3 3 9 359
62 4 3 1 2 524
62 5 3 4 8 524
62 7 3 3 16 524
62 9 3 3 7 524
62 10 3 2 24 524
62 19 3 2 20 524
62 22 3 1 25 524
62 25 3 3 18 524
62 26 3 3 10 524
62 29 3 4 11 524
62 32 3 3 25 524
62 33 3 3 25 524
62 34 3 1 2 524
62 36 3 3 10 524
62 38 3 3 23 524
62 39 3 3 20 524
62 41 3 1 21 524
62 44 3 4 9 524
62 45 3 4 16 524
62 46 3 2 2 524
62 47 3 2 1 524
62 49 3 3 20 524
62 50 3 2 9 524
62 51 3 3 23 524
62 52 3 4 23 524
62 54 3 3 15 524
62 55 3 1 12 524
62 56 3 3 15 524
62 59 3 3 13 524
62 60 3 1 24 524
62 61 3 3 24 524
62 66 3 4 4 524
62 68 3 1 22 524
62 69 3 3 25 524
62 70 3 2 2 524
62 73 3 1 13 524
62 74 3 1 14 524
62 78 3 1 6 524
62 81 3 2 10 524
62 85 3 4 1 524
62 87 3 2 23 524
62 89 3 4 19 524
62 90 3 1 9 524
62 91 3 2 12 524
62 92 3 3 11 524
62 93 3 2 6 524
62 96 3 3 7 524
62 98 3 3 7 524
62 99 3 2 13 524
63 2 1 1 14 733
63 3 1 1 7 733
63 4 1 1 20 733
63 5 1 4 1 733
63 6 1 4 13 733
63 7 1 3 10 733
63 9 1 3 20 733
63 13 1 2 8 733
63 16 1 1 13 733
63 17 1 2 24 733
63 18 1 4 16 733
63 20 1 1 3 733
63 21 1 3 17 733
63 22 1 1 10 733
63 24 1 2 5 733
63 25 1 3 11 733
63 27 1 1 10 733
63 28 1 4 25 733
63 30 1 4 13 733
63 32 1 3 13 733
63 34 1 1 2 733
63 35 1 2 9 733
63 36 1 3 9 733
63 38 1 3 12 733
63 41 1 1 4 733
63 42 1 2 22 733
63 44 1 4 8 733
63 45 1 4 10 733
63 48 1 1 19 733
63 53 1 2 12 733
63 54 1 3 2 733
63 55 1 1 25 733
63 56 1 3 3 733
63 58 1 2 23 733
63 59 1 3 14 733
63 61 1 3 21 733
63 65 1 1 23 733
63 67 1 1 6 733
63 68 1 1 9 733
63 70 1 2 5 733
63 71 1 3 8 733
63 73 1 1 2 733
63 74 1 1 18 733
63 75 1 3 7 733
63 76 1 3 19 733
63 81 1 2 11 733
63 85 1 4 8 733
63 87 1 2 24 733
63 88 1 3 21 733
63 91 1 2 7 733
63 93 1 2 3 733
63 95 1 1 1 733
63 96 1 3 12 733
63 97 1 4 15 733
63 99 1 2 5 733
64 0 1 3 24 556
64 3 1 1 8 556
64 5 1 4 8 556
64 6 1 4 6 556
64 7 1 3 17 556
64 11 1 3 25 556
64 12 1 1 16 556
64 13 1 2 25 556
64 14 1 2 4 556
64 16 1 1 20 556
64 18 1 4 23 556
64 19 1 2 9 556
64 23 1 3 14 556
64 24 1 2 9 556
64 25 1 3 19 556
64 27 1 1 23 556
64 29 1 4 12 556
64 30 1 4 25 556
64 31 1 1 4 556
64 32 1 3 22 556
64 34 1 1 20 556
64 35 1 2 8 556
64 37 1 2 17 556
64 44 1 4 6 556
64 46 1 2 15 556
64 47 1 2 12 556
64 48 1 1 6 556
64 49 1 3 13 556
64 50 1 2 7 556
64 51 1 3 20 556
64 52 1 4 16 556
64 54 1 3 17 556
64 57 1 2 13 556
64 58 1 2 14 556
64 60 1 1 16 556
64 65 1 1 24 556
64 69 1 3 22 556
64 70 1 2 1 556
64 74 1 1 22 556
64 75 1 3 18 556
64 77 1 2 6 556
64 78 1 1 8 556
64 83 1 3 4 556
64 84 1 4 13 556
64 85 1 4 3 556
64 89 1 4 6 556
64 90 1 1 15 556
64 91 1 2 15 556
64 92 1 3 12 556
64 95 1 1 21 556
64 97 1 4 21 556
64 98 1 3 15 556
64 99 1 2 17 556
65 0 1 3 14 294
65 1 1 1 15 294
65 2 1 1 16 294
65 3 1 1 1 294
65 4 1 1 18 294
65 7 1 3 10 294
65 9 1 3 20 294
65 10 1 2 10 294
65 11 1 3 14 294
65 14 1 2 7 294
65 15 1 1 3 294
65 17 1 2 7 294
65 18 1 4 19 294
65 23 1 3 21 294
65 27 1 1 13 294
65 28 1 4 10 294
65 29 1 4 3 294
65 31 1 1 3 294
65 32 1 3 11 294
65 33 1 3 10 294
65 34 1 1 25 294
65 35 1 2 10 294
65 36 1 3 9 294
65 37 1 2 22 294
65 38 1 3 21 294
65 39 1 3 15 294
65 41 1 1 1 294
65 43 1 3 9 294
65 44 1 4 2 294
65 45 1 4 25 294
65 46 1 2 21 294
65 47 1 2 13 294
65 48 1 1 24 294
65 50 1 2 4 294
65 52 1 4 23 294
65 59 1 3 19 294
65 61 1 3 10 294
65 63 1 1 23 294
65 64 1 1 24 294
65 66 1 4 6 294
65 68 1 1 16 294
65 69 1 3 2 294
65 70 1 2 5 294
65 71 1 3 13 294
65 73 1 1 3 294
65 75 1 3 9 294
65 80 1 3 6 294
65 82 1 2 25 294
65 85 1 4 17 294
65 90 1 1 21 294
65 91 1 2 10 294
65 95 1 1 17 294
65 99 1 2 7 294
66 2 4 1 17 452
66 5 4 4 2 452
66 6 4 4 25 452
66 7 4 3 10 452
66 8 4 1 14 452
66 10 4 2 1 452
66 12 4 1 2 452
66 13 4 2 15 452
66 14 4 2 18 452
66 19 4 2 15 452
66 20 4 1 16 452
66 23 4 3 21 452
66 26 4 3 3 452
66 28 4 4 13 452
66 30 4 4 9 452
66 31 4 1 12 452
66 33 4 3 7 452
66 39 4 3 18 452
66 41 4 1 22 452
66 42 4 2 12 452
66 44 4 4 4 452
66 45 4 4 2 452
66 46 4 2 1 452
66 51 4 3 6 452
66 52 4 4 4 452
66 53 4 2 11 452
66 54 4 3 7 452
66 58 4 2 24 452
66 61 4 3 9 452
66 62 4 3 4 452
66 65 4 1 6 452
66 68 4 1 4 452
66 69 4 3 19 452
66 70 4 2 5 452
66 71 4 3 16 452
66 72 4 3 1 452
66 73 4 1 1 452
66 80 4 3 17 452
66 81 4 2 13 452
66 83 4 3 25 452
66 84 4 4 2 452
66 87 4 2 12 452
66 88 4 3 22 452
66 89 4 4 10 452
66 90 4 1 24 452
66 91 4 2 20 452
66 92 4 3 4 452
66 93 4 2 24 452
66 94 4 4 11 452
66 95 4 1 10 452
66 97 4 4 8 452
67 1 1 1 11 540
67 3 1 1 25 540
67 8 1 1 23 540
67 9 1 3 14 540
67 12 1 1 21 540
67 16 1 1 18 540
67 17 1 2 18 540
67 18 1 4 21 540
67 24 1 2 18 540
67 26 1 3 13 540
67 27 1 1 14 540
67 29 1 4 21 540
67 31 1 1 6 540
67 33 1 3 18 540
67 34 1 1 7 540
67 35 1 2 17 540
67 37 1 2 22 540
67 38 1 3 20 540
67 41 1 1 14 540
67 42 1 2 7 540
67 43 1 3 8 540
67 44 1 4 2 540
67 46 1 2 10 540
67 49 1 3 24 540
67 50 1 2 4 540
67 54 1 3 4 540
67 55 1 1 22 540
67 56 1 3 8 540
67 57 1 2 23 540
67 59 1 3 20 540
67 61 1 3 9 540
67 63 1 1 6 540
67 68 1 1 7 540
67 76 1 3 7 540
67 78 1 1 7 540
67 79 1 2 11 540
67 80 1 3 4 540
67 81 1 2 15 540
67 83 1 3 12 540
67 84 1 4 12 540
67 87 1 2 6 540
67 88 1 3 9 540
67 90 1 1 3 540
67 91 1 2 21 540
67 92 1 3 7 540
67 93 1 2 2 540
67 94 1 4 6 540
67 98 1 3 24 540
68 0 1 3 6 395
68 2 1 1 15 395
68 4 1 1 25 395
68 8 1 1 5 395
68 9 1 3 23 395
68 16 1 1 15 395
68 19 1 2 10 395
68 21 1 3 8 395
68 26 1 3 11 395
68 27 1 1 17 395
68 35 1 2 3 395
68 36 1 3 14 395
68 37 1 2 17 395
68 38 1 3 14 395
68 42 1 2 7 395
68 44 1 4 1 395
68 45 1 4 14 395
68 47 1 2 23 395
68 48 1 1 4 395
68 51 1 3 25 395
68 52 1 4 16 395
68 54 1 3 14 395
68 55 1 1 17 395
68 56 1 3 12 395
68 58 1 2 16 395
68 60 1 1 12 395
68 61 1 3 16 395
68 62 1 3 22 395
68 63 1 1 9 395
68 65 1 1 16 395
68 66 1 4 4 395
68 67 1 1 7 395
68 70 1 2 13 395
68 72 1 3 2 395
68 75 1 3 4 395
68 76 1 3 16 395
68 77 1 2 16 395
68 78 1 1 10 395
68 79 1 2 15 395
68 80 1 3 5 395
68 81 1 2 22 395
68 82 1 2 9 395
68 83 1 3 3 395
68 84 1 4 16 395
68 87 1 2 15 395
68 89 1 4 2 395
68 93 1 2 22 395
68 97 1 4 2 395
69 1 3 1 13 146
69 2 3 1 3 146
69 4 3 1 21 146
69 5 3 4 20 146
69 6 3 4 1 146
69 7 3 3 3 146
69 13 3 2 6 146
69 18 3 4 7 146
69 19 3 2 4 146
69 20 3 1 19 146
69 21 3 3 21 146
69 22 3 1 6 146
69 23 3 3 20 146
69 29 3 4 9 146
69 30 3 4 13 146
69 31 3 1 21 146
69 32 3 3 14 146
69 34 3 1 16 146
69 39 3 3 13 146
69 43 3 3 12 146
69 46 3 2 4 146
69 47 3 2 3 146
69 49 3 3 1 146
69 50 3 2 9 146
69 56 3 3 19 146
69 59 3 3 4 146
69 61 3 3 16 146
69 62 3 3 25 146
69 64 3 1 22 146
69 65 3 1 2 146
69 66 3 4 19 146
69 71 3 3 21 146
69 72 3 3 24 146
69 74 3 1 24 146
69 75 3 3 8 146
69 76 3 3 24 146
69 80 3 3 7 146
69 81 3 2 20 146
69 82 3 2 3 146
69 85 3 4 8 146
69 86 3 3 8 146
69 87 3 2 6 146
69 89 3 4 15 146
69 92 3 3 20 146
69 93 3 2 2 146
69 95 3 1 23 146
69 96 3 3 7 146
69 97 3 4 10 146
70 0 2 3 22 295
70 2 2 1 4 295
70 3 2 1 4 295
70 4 2 1 16 295
70 5 2 4 3 295
70 6 2 4 25 295
70 8 2 1 18 295
70 9 2 3 23 295
70 10 2 2 3 295
70 11 2 3 23 295
70 12 2 1 19 295
70 14 2 2 13 295
70 17 2 2 6 295
70 19 2 2 1 295
70 23 2 3 12 295
70 24 2 2 14 295
70 25 2 3 24 295
70 27 2 1 25 295
70 28 2 4 23 295
70 29 2 4 21 295
70 30 2 4 17 295
70 32 2 3 5 295
70 35 2 2 4 295
70 36 2 3 14 295
70 37 2 2 4 295
70 39 2 3 20 295
70 41 2 1 16 295
70 47 2 2 12 295
70 48 2 1 21 295
70 50 2 2 20 295
70 51 2 3 12 295
70 55 2 1 20 295
70 56 2 3 20 295
70 57 2 2 2 295
70 62 2 3 2 295
70 63 2 1 5 295
70 64 2 1 1 295
70 65 2 1 5 295
70 66 2 4 5 295
70 68 2 1 13 295
70 73 2 1 24 295
70 76 2 3 7 295
70 78 2 1 24 295
70 79 2 2 7 295
70 80 2 3 3 295
70 82 2 2 11 295
70 85 2 4 14 295
70 86 2 3 16 295
70 88 2 3 10 295
70 89 2 4 17 295
70 90 2 1 12 295
70 93 2 2 14 295
70 95 2 1 15 295
70 98 2 3 5 295
71 1 3 1 21 443
71 2 3 1 23 443
71 5 3 4 7 443
71 6 3 4 4 443
71 7 3 3 19 443
71 9 3 3 1 443
71 10 3 2 11 443
71 15 3 1 21 443
71 16 3 1 2 443
71 17 3 2 16 443
71 18 3 4 8 443
71 20 3 1 21 443
71 22 3 1 21 443
71 23 3 3 18 443
71 25 3 3 4 443
71 27 3 1 23 443
71 28 3 4 9 443
71 29 3 4 20 443
71 30 3 4 17 443
71 33 3 3 22 443
71 39 3 3 19 443
71 40 3 1 15 443
71 43 3 3 13 443
71 44 3 4 12 443
71 45 3 4 16 443
71 46 3 2 6 443
71 49 3 3 13 443
71 50 3 2 3 443
71 51 3 3 5 443
71 52 3 4 4 443
71 54 3 3 10 443
71 56 3 3 21 443
71 58 3 2 23 443
71 63 3 1 8 443
71 65 3 1 13 443
71 66 3 4 16 443
71 69 3 3 21 443
71 75 3 3 25 443
71 76 3 3 9 443
71 77 3 2 15 443
71 79 3 2 19 443
71 80 3 3 23 443
71 81 3 2 18 443
71 83 3 3 4 443
71 87 3 2 2 443
71 89 3 4 23 443
71 92 3 3 24 443
71 94 3 4 8 443
71 98 3 3 11 443
72 0 3 3 7 391
72 1 3 1 17 391
72 2 3 1 3 391
72 5 3 4 18 391
72 6 3 4 18 391
72 7 3 3 10 391
72 8 3 1 6 391
72 10 3 2 13 391
72 11 3 3 11 391
72 16 3 1 17 391
72 19 3 2 19 391
72 20 3 1 13 391
72 26 3 3 9 391
72 29 3 4 18 391
72 30 3 4 6 391
72 31 3 1 13 391
72 33 3 3 17 391
72 36 3 3 8 391
72 40 3 1 12 391
72 41 3 1 11 391
72 42 3 2 22 391
72 44 3 4 6 391
72 45 3 4 6 391
72 51 3 3 18 391
72 52 3 4 23 391
72 53 3 2 7 391
72 54 3 3 8 391
72 55 3 1 20 391
72 56 3 3 15 391
72 59 3 3 13 391
72 66 3 4 1 391
72 68 3 1 2 391
72 69 3 3 24 391
72 73 3 1 2 391
72 75 3 3 13 391
72 78 3 1 18 391
72 81 3 2 4 391
72 84 3 4 21 391
72 85 3 4 8 391
72 87 3 2 10 391
72 88 3 3 3 391
72 89 3 4 18 391
72 92 3 3 16 391
72 95 3 1 22 391
72 97 3 4 16 391
72 99 3 2 10 391
73 4 1 1 10 907
73 7 1 3 15 907
73 10 1 2 4 907
73 11 1 3 1 907
73 14 1 2 15 907
73 17 1 2 20 907
73 18 1 4 1 907
73 19 1 2 16 907
73 22 1 1 11 907
73 23 1 3 16 907
73 25 1 3 25 907
73 29 1 4 23 907
73 31 1 1 3 907
73 33 1 3 7 907
73 34 1 1 24 907
73 36 1 3 6 907
73 38 1 3 5 907
73 43 1 3 13 907
73 44 1 4 22 907
73 45 1 4 4 907
73 47 1 2 23 907
73 48 1 1 5 907
73 51 1 3 25 907
73 52 1 4 10 907
73 53 1 2 14 907
73 54 1 3 7 907
73 56 1 3 11 907
73 57 1 2 4 907
73 58 1 2 7 907
73 59 1 3 4 907
73 62 1 3 13 907
73 63 1 1 2 907
73 65 1 1 3 907
73 66 1 4 1 907
73 70 1 2 24 907
73 72 1 3 2 907
73 74 1 1 19 907
73 77 1 2 18 907
73 79 1 2 11 907
73 81 1 2 19 907
73 82 1 2 15 907
73 85 1 4 11 907
73 86 1 3 5 907
73 90 1 1 10 907
73 91 1 2 10 907
73 93 1 2 7 907
73 95 1 1 4 907
73 96 1 3 22 907
73 98 1 3 11 907
73 99 1 2 10 907
74 0 1 3 6 457
74 1 1 1 24 457
74 6 1 4 7 457
74 8 1 1 25 457
74 9 1 3 22 457
74 11 1 3 6 457
74 12 1 1 22 457
74 13 1 2 20 457
74 14 1 2 17 457
74 18 1 4 18 457
74 19 1 2 1 457
74 20 1 1 9 457
74 22 1 1 1 457
74 23 1 3 2 457
74 25 1 3 13 457
74 26 1 3 15 457
74 28 1 4 7 457
74 32 1 3 21 457
74 33 1 3 11 457
74 34 1 1 7 457
74 35 1 2 21 457
74 36 1 3 17 457
74 37 1 2 22 457
74 38 1 3 14 457
74 39 1 3 10 457
74 40 1 1 21 457
74 43 1 3 24 457
74 44 1 4 2 457
74 46 1 2 7 457
74 47 1 2 16 457
74 49 1 3 5 457
74 51 1 3 19 457
74 52 1 4 8 457
74 53 1 2 14 457
74 55 1 1 2 457
74 58 1 2 4 457
74 60 1 1 6 457
74 61 1 3 5 457
74 62 1 3 14 457
74 63 1 1 18 457
74 64 1 1 22 457
74 69 1 3 24 457
74 73 1 1 19 457
74 75 1 3 24 457
74 76 1 3 6 457
74 77 1 2 13 457
74 78 1 1 22 457
74 79 1 2 20 457
74 80 1 3 23 457
74 81 1 2 6 457
74 84 1 4 1 457
74 86 1 3 15 457
74 87 1 2 23 457
74 88 1 3 20 457
74 89 1 4 6 457
74 91 1 2 2 457
74 93 1 2 9 457
74 94 1 4 4 457
75 0 3 3 22 466
75 1 3 1 20 466
75 4 3 1 19 466
75 8 3 1 22 466
75 9 3 3 20 466
75 10 3 2 19 466
75 11 3 3 18 466
75 12 3 1 11 466
75 13 3 2 5 466
75 14 3 2 5 466
75 17 3 2 8 466
75 18 3 4 1 466
75 19 3 2 18 466
75 21 3 3 19 466
75 22 3 1 23 466
75 23 3 3 23 466
75 25 3 3 14 466
75 27 3 1 9 466
75 30 3 4 23 466
75 33 3 3 12 466
75 37 3 2 20 466
75 40 3 1 5 466
75 41 3 1 7 466
75 43 3 3 6 466
75 45 3 4 15 466
75 46 3 2 18 466
75 48 3 1 6 466
75 49 3 3 1 466
75 52 3 4 20 466
75 53 3 2 1 466
75 56 3 3 25 466
75 59 3 3 23 466
75 60 3 1 10 466
75 63 3 1 7 466
75 64 3 1 18 466
75 65 3 1 9 466
75 68 3 1 4 466
75 69 3 3 8 466
75 71 3 3 25 466
75 72 3 3 13 466
75 74 3 1 24 466
75 76 3 3 2 466
75 79 3 2 15 466
75 80 3 3 23 466
75 82 3 2 9 466
75 84 3 4 25 466
75 85 3 4 15 466
75 86 3 3 17 466
75 87 3 2 17 466
75 88 3 3 8 466
75 91 3 2 2 466
75 93 3 2 3 466
75 96 3 3 18 466
75 98 3 3 10 466
75 99 3 2 9 466
76 1 3 1 4 325
76 2 3 1 11 325
76 3 3 1 7 325
76 4 3 1 18 325
76 7 3 3 14 325
76 9 3 3 9 325
76 11 3 3 11 325
76 14 3 2 11 325
76 18 3 4 5 325
76 20 3 1 11 325
76 21 3 3 1 325
76 22 3 1 7 325
76 25 3 3 17 325
76 28 3 4 9 325
76 29 3 4 14 325
76 30 3 4 1 325
76 34 3 1 5 325
76 35 3 2 1 325
76 36 3 3 5 325
76 38 3 3 5 325
76 39 3 3 17 325
76 40 3 1 4 325
76 42 3 2 9 325
76 49 3 3 8 325
76 50 3 2 1 325
76 51 3 3 8 325
76 53 3 2 3 325
76 57 3 2 9 325
76 58 3 2 3 325
76 59 3 3 24 325
76 60 3 1 9 325
76 63 3 1 19 325
76 67 3 1 7 325
76 68 3 1 16 325
76 69 3 3 24 325
76 70 3 2 7 325
76 71 3 3 9 325
76 74 3 1 6 325
76 75 3 3 2 325
76 82 3 2 13 325
76 83 3 3 22 325
76 85 3 4 5 325
76 89 3 4 2 325
76 92 3 3 14 325
76 93 3 2 8 325
76 94 3 4 12 325
76 96 3 3 19 325
76 97 3 4 10 325
77 0 2 3 15 685
77 3 2 1 17 685
77 4 2 1 18 685
77 5 2 4 13 685
77 6 2 4 13 685
77 8 2 1 6 685
77 9 2 3 17 685
77 12 2 1 24 685
77 16 2 1 25 685
77 18 2 4 2 685
77 19 2 2 4 685
77 20 2 1 18 685
77 24 2 2 12 685
77 26 2 3 12 685
77 27 2 1 24 685
77 29 2 4 14 685
77 30 2 4 16 685
77 32 2 3 10 685
77 34 2 1 14 685
77 36 2 3 5 685
77 38 2 3 8 685
77 39 2 3 17 685
77 41 2 1 15 685
77 44 2 4 8 685
77 45 2 4 17 685
77 47 2 2 16 685
77 49 2 3 8 685
77 51 2 3 5 685
77 52 2 4 22 685
77 53 2 2 3 685
77 54 2 3 4 685
77 56 2 3 15 685
77 59 2 3 16 685
77 60 2 1 9 685
77 64 2 1 6 685
77 68 2 1 16 685
77 71 2 3 15 685
77 73 2 1 18 685
77 74 2 1 13 685
77 86 2 3 25 685
77 89 2 4 14 685
77 91 2 2 9 685
77 94 2 4 18 685
77 95 2 1 19 685
77 97 2 4 7 685
78 0 1 3 25 235
78 4 1 1 12 235
78 5 1 4 13 235
78 6 1 4 1 235
78 9 1 3 11 235
78 10 1 2 6 235
78 13 1 2 23 235
78 16 1 1 24 235
78 19 1 2 22 235
78 22 1 1 25 235
78 25 1 3 4 235
78 26 1 3 2 235
78 27 1 1 20 235
78 28 1 4 24 235
78 29 1 4 20 235
78 30 1 4 11 235
78 32 1 3 22 235
78 35 1 2 10 235
78 36 1 3 10 235
78 37 1 2 11 235
78 38 1 3 13 235
78 39 1 3 7 235
78 40 1 1 15 235
78 43 1 3 18 235
78 46 1 2 23 235
78 48 1 1 18 235
78 49 1 3 11 235
78 51 1 3 1 235
78 53 1 2 10 235
78 55 1 1 14 235
78 58 1 2 21 235
78 59 1 3 12 235
78 62 1 3 6 235
78 64 1 1 8 235
78 67 1 1 7 235
78 68 1 1 10 235
78 70 1 2 24 235
78 72 1 3 18 235
78 74 1 1 22 235
78 79 1 2 11 235
78 80 1 3 5 235
78 81 1 2 19 235
78 82 1 2 9 235
78 83 1 3 2 235
78 87 1 2 10 235
78 88 1 3 25 235
78 91 1 2 17 235
78 92 1 3 17 235
78 93 1 2 5 235
78 95 1 1 23 235
78 97 1 4 22 235
78 99 1 2 5 235
79 0 2 3 12 760
79 4 2 1 22 760
79 6 2 4 8 760
79 9 2 3 13 760
79 10 2 2 12 760
79 12 2 1 8 760
79 16 2 1 16 760
79 21 2 3 15 760
79 22 2 1 7 760
79 24 2 2 24 760
79 26 2 3 15 760
79 27 2 1 24 760
79 32 2 3 20 760
79 33 2 3 13 760
79 36 2 3 15 760
79 39 2 3 3 760
79 40 2 1 1 760
79 41 2 1 23 760
79 42 2 2 25 760
79 43 2 3 17 760
79 45 2 4 6 760
79 46 2 2 14 760
79 47 2 2 6 760
79 48 2 1 11 760
79 49 2 3 13 760
79 52 2 4 1 760
79 53 2 2 21 760
79 54 2 3 25 760
79 55 2 1 24 760
79 56 2 3 9 760
79 58 2 2 4 760
79 61 2 3 13 760
79 67 2 1 11 760
79 68 2 1 15 760
79 70 2 2 7 760
79 71 2 3 19 760
79 73 2 1 11 760
79 74 2 1 20 760
79 75 2 3 15 760
79 78 2 1 11 760
79 80 2 3 19 760
79 82 2 2 8 760
79 83 2 3 3 760
79 84 2 4 17 760
79 85 2 4 16 760
79 87 2 2 10 760
79 88 2 3 9 760
79 90 2 1 25 760
79 91 2 2 8 760
79 93 2 2 10 760
79 94 2 4 6 760
79 98 2 3 6 760
80 4 3 1 8 291
80 5 3 4 4 291
80 7 3 3 24 291
80 8 3 1 22 291
80 9 3 3 6 291
80 10 3 2 18 291
80 11 3 3 10 291
80 14 3 2 21 291
80 17 3 2 1 291
80 20 3 1 3 291
80 21 3 3 1 291
80 24 3 2 22 291
80 25 3 3 21 291
80 26 3 3 1 291
80 27 3 1 3 291
80 28 3 4 6 291
80 29 3 4 21 291
80 34 3 1 22 291
80 35 3 2 7 291
80 37 3 2 13 291
80 40 3 1 7 291
80 43 3 3 15 291
80 44 3 4 11 291
80 49 3 3 4 291
80 51 3 3 12 291
80 56 3 3 6 291
80 60 3 1 1 291
80 61 3 3 7 291
80 65 3 1 6 291
80 66 3 4 17 291
80 67 3 1 4 291
80 68 3 1 5 291
80 69 3 3 7 291
80 70 3 2 3 291
80 71 3 3 23 291
80 74 3 1 23 291
80 75 3 3 23 291
80 78 3 1 5 291
80 79 3 2 19 291
80 82 3 2 22 291
80 83 3 3 23 291
80 84 3 4 15 291
80 85 3 4 23 291
80 86 3 3 23 291
80 87 3 2 14 291
80 89 3 4 23 291
80 90 3 1 7 291
80 96 3 3 14 291
80 97 3 4 21 291
80 98 3 3 24 291
80 99 3 2 23 291
81 2 2 1 13 790
81 3 2 1 5 790
81 4 2 1 4 790
81 5 2 4 13 790
81 9 2 3 4 790
81 10 2 2 3 790
81 11 2 3 17 790
81 12 2 1 4 790
81 13 2 2 6 790
81 14 2 2 5 790
81 15 2 1 2 790
81 16 2 1 16 790
81 19 2 2 8 790
81 20 2 1 23 790
81 22 2 1 5 790
81 25 2 3 20 790
81 26 2 3 2 790
81 27 2 1 21 790
81 28 2 4 16 790
81 29 2 4 8 790
81 33 2 3 11 790
81 34 2 1 8 790
81 39 2 3 11 790
81 41 2 1 8 790
81 42 2 2 11 790
81 43 2 3 7 790
81 47 2 2 22 790
81 51 2 3 18 790
81 52 2 4 18 790
81 53 2 2 21 790
81 60 2 1 4 790
81 61 2 3 20 790
81 62 2 3 10 790
81 63 2 1 11 790
81 66 2 4 13 790
81 67 2 1 15 790
81 68 2 1 22 790
81 69 2 3 20 790
81 71 2 3 18 790
81 72 2 3 4 790
81 73 2 1 19 790
81 74 2 1 6 790
81 78 2 1 19 790
81 82 2 2 9 790
81 84 2 4 19 790
81 87 2 2 7 790
81 88 2 3 4 790
81 89 2 4 4 790
81 94 2 4 7 790
81 96 2 3 10 790
82 0 2 3 1 104
82 1 2 1 7 104
82 4 2 1 23 104
82 6 2 4 13 104
82 7 2 3 1 104
82 12 2 1 7 104
82 16 2 1 13 104
82 18 2 4 23 104
82 20 2 1 16 104
82 21 2 3 16 104
82 23 2 3 2 104
82 24 2 2 21 104
82 29 2 4 3 104
82 31 2 1 14 104
82 33 2 3 20 104
82 35 2 2 13 104
82 36 2 3 3 104
82 37 2 2 18 104
82 38 2 3 21 104
82 42 2 2 23 104
82 43 2 3 17 104
82 44 2 4 2 104
82 45 2 4 4 104
82 47 2 2 9 104
82 48 2 1 11 104
82 49 2 3 7 104
82 52 2 4 1 104
82 54 2 3 12 104
82 58 2 2 20 104
82 60 2 1 14 104
82 65 2 1 25 104
82 68 2 1 9 104
82 69 2 3 3 104
82 70 2 2 11 104
82 73 2 1 15 104
82 75 2 3 9 104
82 76 2 3 13 104
82 78 2 1 9 104
82 79 2 2 8 104
82 80 2 3 22 104
82 81 2 2 9 104
82 83 2 3 11 104
82 85 2 4 14 104
82 87 2 2 24 104
82 90 2 1 14 104
82 94 2 4 17 104
82 95 2 1 18 104
82 99 2 2 17 104
83 2 3 1 6 713
83 5 3 4 10 713
83 6 3 4 9 713
83 12 3 1 16 713
83 18 3 4 22 713
83 19 3 2 8 713
83 20 3 1 13 713
83 21 3 3 25 713
83 24 3 2 2 713
83 25 3 3 15 713
83 29 3 4 23 713
83 36 3 3 12 713
83 37 3 2 2 713
83 39 3 3 21 713
83 43 3 3 7 713
83 46 3 2 18 713
83 47 3 2 22 713
83 48 3 1 24 713
83 49 3 3 10 713
83 50 3 2 22 713
83 52 3 4 2 713
83 53 3 2 7 713
83 55 3 1 3 713
83 57 3 2 16 713
83 59 3 3 21 713
83 60 3 1 10 713
83 64 3 1 4 713
83 66 3 4 25 713
83 67 3 1 12 713
83 68 3 1 3 713
83 71 3 3 4 713
83 76 3 3 22 713
83 78 3 1 2 713
83 79 3 2 3 713
83 80 3 3 23 713
83 82 3 2 11 713
83 84 3 4 12 713
83 86 3 3 21 713
83 87 3 2 19 713
83 88 3 3 23 713
83 91 3 2 2 713
83 92 3 3 6 713
83 94 3 4 3 713
83 95 3 1 12 713
83 97 3 4 24 713
83 99 3 2 7 713
84 0 4 3 5 339
84 3 4 1 16 339
84 7 4 3 16 339
84 8 4 1 8 339
84 10 4 2 22 339
84 11 4 3 17 339
84 13 4 2 19 339
84 14 4 2 10 339
84 18 4 4 14 339
84 20 4 1 4 339
84 22 4 1 18 339
84 26 4 3 2 339
84 27 4 1 2 339
84 30 4 4 13 339
84 33 4 3 10 339
84 34 4 1 7 339
84 35 4 2 9 339
84 36 4 3 15 339
84 39 4 3 14 339
84 42 4 2 7 339
84 45 4 4 6 339
84 47 4 2 7 339
84 48 4 1 24 339
84 49 4 3 19 339
84 52 4 4 21 339
84 55 4 1 17 339
84 64 4 1 13 339
84 66 4 4 2 339
84 67 4 1 12 339
84 68 4 1 16 339
84 72 4 3 21 339
84 74 4 1 1 339
84 75 4 3 25 339
84 79 4 2 17 339
84 80 4 3 15 339
84 81 4 2 19 339
84 83 4 3 12 339
84 85 4 4 12 339
84 88 4 3 15 339
84 91 4 2 17 339
85 2 4 1 22 363
85 3 4 1 19 363
85 5 4 4 8 363
85 7 4 3 15 363
85 9 4 3 17 363
85 10 4 2 21 363
85 12 4 1 18 363
85 13 4 2 23 363
85 14 4 2 23 363
85 15 4 1 12 363
85 16 4 1 20 363
85 18 4 4 24 363
85 29 4 4 11 363
85 30 4 4 24 363
85 31 4 1 5 363
85 33 4 3 12 363
85 36 4 3 15 363
85 38 4 3 14 363
85 39 4 3 4 363
85 40 4 1 9 363
85 43 4 3 14 363
85 44 4 4 19 363
85 49 4 3 23 363
85 51 4 3 21 363
85 52 4 4 25 363
85 54 4 3 25 363
85 55 4 1 8 363
85 56 4 3 20 363
85 60 4 1 23 363
85 62 4 3 1 363
85 63 4 1 8 363
85 64 4 1 3 363
85 65 4 1 17 363
85 69 4 3 8 363
85 70 4 2 14 363
85 72 4 3 8 363
85 73 4 1 11 363
85 75 4 3 15 363
85 76 4 3 5 363
85 79 4 2 16 363
85 80 4 3 23 363
85 82 4 2 14 363
85 84 4 4 12 363
85 86 4 3 10 363
85 89 4 4 22 363
85 92 4 3 1 363
85 94 4 4 1 363
85 95 4 1 2 363
85 96 4 3 9 363
85 98 4 3 18 363
86 0 3 3 4 599
86 1 3 1 19 599
86 2 3 1 7 599
86 5 3 4 24 599
86 7 3 3 5 599
86 10 3 2 1 599
86 11 3 3 2 599
86 12 3 1 5 599
86 20 3 1 13 599
86 21 3 3 8 599
86 22 3 1 10 599
86 23 3 3 6 599
86 25 3 3 9 599
86 27 3 1 3 599
86 28 3 4 13 599
86 29 3 4 19 599
86 31 3 1 3 599
86 32 3 3 4 599
86 37 3 2 19 599
86 40 3 1 18 599
86 43 3 3 8 599
86 44 3 4 24 599
86 45 3 4 2 599
86 48 3 1 20 599
86 49 3 3 11 599
86 54 3 3 5 599
86 56 3 3 22 599
86 57 3 2 17 599
86 58 3 2 22 599
86 61 3 3 24 599
86 69 3 3 8 599
86 70 3 2 16 599
86 73 3 1 5 599
86 74 3 1 15 599
86 75 3 3 17 599
86 77 3 2 25 599
86 80 3 3 23 599
86 83 3 3 21 599
86 85 3 4 10 599
86 87 3 2 15 599
86 88 3 3 7 599
86 90 3 1 14 599
86 91 3 2 9 599
86 93 3 2 10 599
86 94 3 4 23 599
86 95 3 1 5 599
86 98 3 3 23 599
87 2 2 1 13 305
87 3 2 1 7 305
87 4 2 1 12 305
87 7 2 3 16 305
87 9 2 3 3 305
87 10 2 2 1 305
87 11 2 3 25 305
87 12 2 1 17 305
87 13 2 2 12 305
87 16 2 1 23 305
87 17 2 2 9 305
87 18 2 4 11 305
87 21 2 3 6 305
87 22 2 1 18 305
87 23 2 3 19 305
87 24 2 2 15 305
87 29 2 4 7 305
87 31 2 1 17 305
87 33 2 3 12 305
87 34 2 1 7 305
87 41 2 1 4 305
87 42 2 2 14 305
87 44 2 4 24 305
87 45 2 4 24 305
87 48 2 1 3 305
87 50 2 2 24 305
87 51 2 3 14 305
87 52 2 4 1 305
87 54 2 3 24 305
87 57 2 2 23 305
87 59 2 3 13 305
87 61 2 3 16 305
87 62 2 3 23 305
87 63 2 1 24 305
87 66 2 4 12 305
87 67 2 1 6 305
87 68 2 1 15 305
87 69 2 3 6 305
87 71 2 3 2 305
87 72 2 3 10 305
87 74 2 1 23 305
87 75 2 3 17 305
87 78 2 1 10 305
87 79 2 2 10 305
87 80 2 3 14 305
87 81 2 2 7 305
87 82 2 2 24 305
87 83 2 3 19 305
87 86 2 3 15 305
87 88 2 3 11 305
87 89 2 4 1 305
87 91 2 2 15 305
87 93 2 2 20 305
87 94 2 4 13 305
87 97 2 4 16 305
87 98 2 3 10 305
87 99 2 2 5 305
88 0 3 3 25 184
88 4 3 1 4 184
88 7 3 3 23 184
88 9 3 3 10 184
88 13 3 2 17 184
88 14 3 2 14 184
88 16 3 1 17 184
88 17 3 2 11 184
88 19 3 2 20 184
88 22 3 1 6 184
88 24 3 2 21 184
88 26 3 3 2 184
88 28 3 4 12 184
88 29 3 4 13 184
88 30 3 4 22 184
88 31 3 1 12 184
88 32 3 3 5 184
88 34 3 1 12 184
88 35 3 2 6 184
88 37 3 2 17 184
88 40 3 1 12 184
88 42 3 2 8 184
88 43 3 3 15 184
88 45 3 4 5 184
88 48 3 1 6 184
88 49 3 3 6 184
88 50 3 2 6 184
88 55 3 1 9 184
88 57 3 2 3 184
88 61 3 3 11 184
88 63 3 1 21 184
88 66 3 4 22 184
88 67 3 1 9 184
88 70 3 2 10 184
88 72 3 3 3 184
88 74 3 1 20 184
88 75 3 3 8 184
88 78 3 1 25 184
88 79 3 2 9 184
88 81 3 2 4 184
88 83 3 3 23 184
88 84 3 4 15 184
88 86 3 3 7 184
88 87 3 2 11 184
88 93 3 2 10 184
89 1 4 1 25 590
89 3 4 1 23 590
89 7 4 3 2 590
89 12 4 1 4 590
89 14 4 2 11 590
89 15 4 1 8 590
89 16 4 1 17 590
89 17 4 2 22 590
89 19 4 2 12 590
89 21 4 3 23 590
89 23 4 3 25 590
89 24 4 2 2 590
89 29 4 4 11 590
89 30 4 4 22 590
89 33 4 3 12 590
89 37 4 2 22 590
89 39 4 3 5 590
89 41 4 1 17 590
89 42 4 2 13 590
89 43 4 3 19 590
89 45 4 4 6 590
89 47 4 2 23 590
89 50 4 2 16 590
89 54 4 3 22 590
89 55 4 1 3 590
89 57 4 2 8 590
89 60 4 1 1 590
89 62 4 3 19 590
89 64 4 1 6 590
89 66 4 4 10 590
89 68 4 1 2 590
89 69 4 3 15 590
89 70 4 2 17 590
89 71 4 3 23 590
89 72 4 3 18 590
89 74 4 1 6 590
89 76 4 3 2 590
89 77 4 2 14 590
89 80 4 3 23 590
89 81 4 2 4 590
89 85 4 4 22 590
89 87 4 2 1 590
89 91 4 2 13 590
89 93 4 2 22 590
89 98 4 3 13 590
90 0 1 3 2 161
90 3 1 1 3 161
90 4 1 1 19 161
90 5 1 4 23 161
90 8 1 1 4 161
90 12 1 1 24 161
90 15 1 1 3 161
90 20 1 1 16 161
90 22 1 1 19 161
90 29 1 4 15 161
90 31 1 1 4 161
90 32 1 3 25 161
90 33 1 3 17 161
90 37 1 2 17 161
90 38 1 3 13 161
90 40 1 1 15 161
90 43 1 3 2 161
90 44 1 4 1 161
90 46 1 2 19 161
90 47 1 2 20 161
90 48 1 1 12 161
90 50 1 2 15 161
90 51 1 3 1 161
90 52 1 4 25 161
90 54 1 3 16 161
90 55 1 1 2 161
90 56 1 3 8 161
90 59 1 3 5 161
90 62 1 3 9 161
90 64 1 1 15 161
90 65 1 1 21 161
90 66 1 4 24 161
90 67 1 1 3 161
90 70 1 2 12 161
90 73 1 1 10 161
90 79 1 2 25 161
90 80 1 3 7 161
90 82 1 2 14 161
90 86 1 3 14 161
90 91 1 2 19 161
90 96 1 3 6 161
90 97 1 4 1 161
90 99 1 2 13 161
91 0 2 3 1 698
91 3 2 1 2 698
91 6 2 4 13 698
91 7 2 3 13 698
91 8 2 1 10 698
91 9 2 3 13 698
91 11 2 3 21 698
91 12 2 1 10 698
91 14 2 2 4 698
91 17 2 2 3 698
91 18 2 4 6 698
91 20 2 1 4 698
91 21 2 3 14 698
91 23 2 3 1 698
91 24 2 2 14 698
91 26 2 3 4 698
91 29 2 4 15 698
91 30 2 4 15 698
91 32 2 3 4 698
91 35 2 2 5 698
91 37 2 2 1 698
91 38 2 3 3 698
91 43 2 3 20 698
91 44 2 4 24 698
91 45 2 4 19 698
91 46 2 2 9 698
91 48 2 1 1 698
91 49 2 3 19 698
91 53 2 2 10 698
91 60 2 1 12 698
91 62 2 3 12 698
91 63 2 1 7 698
91 64 2 1 15 698
91 65 2 1 10 698
91 66 2 4 20 698
91 67 2 1 21 698
91 73 2 1 10 698
91 74 2 1 2 698
91 75 2 3 2 698
91 77 2 2 9 698
91 78 2 1 17 698
91 79 2 2 8 698
91 83 2 3 2 698
91 84 2 4 17 698
91 86 2 3 9 698
91 87 2 2 15 698
91 89 2 4 13 698
91 90 2 1 19 698
91 92 2 3 18 698
91 93 2 2 3 698
91 95 2 1 4 698
91 96 2 3 15 698
91 97 2 4 11 698
91 98 2 3 23 698
92 0 3 3 21 85
92 3 3 1 22 85
92 6 3 4 14 85
92 10 3 2 24 85
92 14 3 2 20 85
92 16 3 1 1 85
92 17 3 2 20 85
92 18 3 4 16 85
92 19 3 2 22 85
92 20 3 1 3 85
92 21 3 3 9 85
92 23 3 3 1 85
92 24 3 2 9 85
92 25 3 3 7 85
92 28 3 4 15 85
92 29 3 4 17 85
92 30 3 4 19 85
92 32 3 3 10 85
92 33 3 3 22 85
92 34 3 1 6 85
92 36 3 3 18 85
92 38 3 3 4 85
92 43 3 3 9 85
92 44 3 4 3 85
92 45 3 4 21 85
92 53 3 2 19 85
92 55 3 1 1 85
92 59 3 3 5 85
92 61 3 3 4 85
92 62 3 3 11 85
92 64 3 1 12 85
92 66 3 4 4 85
92 67 3 1 7 85
92 69 3 3 20 85
92 71 3 3 24 85
92 72 3 3 16 85
92 76 3 3 14 85
92 78 3 1 17 85
92 83 3 3 6 85
92 85 3 4 1 85
92 91 3 2 18 85
92 93 3 2 14 85
92 96 3 3 14 85
92 98 3 3 12 85
92 99 3 2 13 85
93 1 2 1 20 489
93 3 2 1 20 489
93 7 2 3 9 489
93 8 2 1 11 489
93 9 2 3 5 489
93 11 2 3 5 489
93 14 2 2 23 489
93 16 2 1 2 489
93 17 2 2 24 489
93 24 2 2 24 489
93 25 2 3 4 489
93 26 2 3 9 489
93 27 2 1 8 489
93 28 2 4 13 489
93 29 2 4 13 489
93 31 2 1 5 489
93 36 2 3 17 489
93 38 2 3 1 489
93 44 2 4 20 489
93 47 2 2 14 489
93 50 2 2 4 489
93 52 2 4 14 489
93 55 2 1 23 489
93 56 2 3 23 489
93 58 2 2 15 489
93 59 2 3 1 489
93 60 2 1 10 489
93 61 2 3 11 489
93 62 2 3 6 489
93 63 2 1 3 489
93 66 2 4 24 489
93 67 2 1 2 489
93 68 2 1 22 489
93 69 2 3 2 489
93 70 2 2 14 489
93 73 2 1 7 489
93 74 2 1 9 489
93 75 2 3 3 489
93 76 2 3 8 489
93 78 2 1 5 489
93 79 2 2 10 489
93 86 2 3 10 489
93 87 2 2 20 489
93 88 2 3 10 489
93 89 2 4 22 489
93 91 2 2 3 489
93 92 2 3 14 489
93 95 2 1 14 489
93 96 2 3 1 489
94 3 4 1 1 870
94 5 4 4 9 870
94 6 4 4 17 870
94 9 4 3 9 870
94 11 4 3 4 870
94 12 4 1 3 870
94 14 4 2 15 870
94 15 4 1 19 870
94 16 4 1 11 870
94 17 4 2 3 870
94 21 4 3 5 870
94 23 4 3 11 870
94 24 4 2 24 870
94 28 4 4 24 870
94 29 4 4 15 870
94 35 4 2 7 870
94 38 4 3 11 870
94 42 4 2 9 870
94 43 4 3 15 870
94 44 4 4 17 870
94 47 4 2 16 870
94 49 4 3 24 870
94 52 4 4 10 870
94 54 4 3 19 870
94 55 4 1 16 870
94 56 4 3 20 870
94 57 4 2 22 870
94 58 4 2 16 870
94 60 4 1 24 870
94 66 4 4 11 870
94 67 4 1 6 870
94 71 4 3 8 870
94 74 4 1 4 870
94 76 4 3 12 870
94 77 4 2 18 870
94 79 4 2 6 870
94 81 4 2 7 870
94 82 4 2 17 870
94 83 4 3 3 870
94 85 4 4 1 870
94 86 4 3 23 870
94 87 4 2 13 870
94 96 4 3 23 870
94 98 4 3 9 870
95 2 1 1 18 660
95 5 1 4 24 660
95 6 1 4 1 660
95 8 1 1 2 660
95 14 1 2 20 660
95 20 1 1 13 660
95 21 1 3 7 660
95 22 1 1 25 660
95 23 1 3 22 660
95 24 1 2 10 660
95 25 1 3 25 660
95 27 1 1 5 660
95 31 1 1 24 660
95 36 1 3 18 660
95 39 1 3 3 660
95 40 1 1 11 660
95 43 1 3 12 660
95 44 1 4 2 660
95 49 1 3 20 660
95 51 1 3 12 660
95 52 1 4 16 660
95 53 1 2 16 660
95 56 1 3 8 660
95 58 1 2 25 660
95 61 1 3 6 660
95 63 1 1 1 660
95 64 1 1 21 660
95 65 1 1 17 660
95 66 1 4 10 660
95 69 1 3 23 660
95 70 1 2 15 660
95 72 1 3 22 660
95 73 1 1 4 660
95 77 1 2 19 660
95 78 1 1 23 660
95 82 1 2 18 660
95 83 1 3 12 660
95 85 1 4 2 660
95 86 1 3 5 660
95 91 1 2 4 660
95 93 1 2 14 660
95 97 1 4 6 660
96 0 3 3 12 162
96 2 3 1 18 162
96 3 3 1 15 162
96 4 3 1 11 162
96 5 3 4 14 162
96 6 3 4 16 162
96 7 3 3 16 162
96 11 3 3 9 162
96 13 3 2 14 162
96 16 3 1 10 162
96 17 3 2 11 162
96 18 3 4 11 162
96 20 3 1 11 162
96 21 3 3 10 162
96 23 3 3 12 162
96 27 3 1 18 162
96 28 3 4 14 162
96 29 3 4 2 162
96 30 3 4 3 162
96 31 3 1 21 162
96 33 3 3 12 162
96 35 3 2 16 162
96 37 3 2 20 162
96 38 3 3 21 162
96 39 3 3 25 162
96 40 3 1 12 162
96 41 3 1 1 162
96 42 3 2 4 162
96 43 3 3 20 162
96 46 3 2 3 162
96 48 3 1 17 162
96 49 3 3 13 162
96 50 3 2 5 162
96 51 3 3 13 162
96 53 3 2 10 162
96 55 3 1 9 162
96 58 3 2 12 162
96 59 3 3 9 162
96 61 3 3 23 162
96 62 3 3 7 162
96 63 3 1 12 162
96 69 3 3 7 162
96 73 3 1 22 162
96 75 3 3 18 162
96 76 3 3 19 162
96 80 3 3 14 162
96 81 3 2 10 162
96 85 3 4 9 162
96 90 3 1 6 162
96 91 3 2 15 162
96 92 3 3 14 162
96 93 3 2 1 162
96 94 3 4 23 162
96 97 3 4 25 162
96 98 3 3 15 162
96 99 3 2 19 162
97 0 4 3 6 720
97 2 4 1 14 720
97 4 4 1 19 720
97 6 4 4 4 720
97 7 4 3 16 720
97 9 4 3 10 720
97 11 4 3 3 720
97 12 4 1 16 720
97 13 4 2 2 720
97 14 4 2 24 720
97 16 4 1 8 720
97 17 4 2 7 720
97 20 4 1 12 720
97 25 4 3 20 720
97 27 4 1 4 720
97 28 4 4 8 720
97 29 4 4 12 720
97 30 4 4 22 720
97 32 4 3 3 720
97 33 4 3 2 720
97 35 4 2 5 720
97 37 4 2 13 720
97 39 4 3 21 720
97 41 4 1 24 720
97 42 4 2 15 720
97 43 4 3 14 720
97 45 4 4 3 720
97 46 4 2 20 720
97 47 4 2 10 720
97 48 4 1 23 720
97 50 4 2 9 720
97 51 4 3 11 720
97 52 4 4 22 720
97 53 4 2 12 720
97 55 4 1 8 720
97 56 4 3 4 720
97 58 4 2 2 720
97 63 4 1 15 720
97 64 4 1 21 720
97 66 4 4 8 720
97 68 4 1 2 720
97 69 4 3 10 720
97 72 4 3 16 720
97 76 4 3 10 720
97 77 4 2 7 720
97 78 4 1 22 720
97 80 4 3 21 720
97 83 4 3 24 720
97 87 4 2 16 720
97 90 4 1 1 720
97 91 4 2 11 720
97 95 4 1 6 720
97 96 4 3 25 720
97 98 4 3 6 720
97 99 4 2 4 720
98 1 3 1 8 854
98 3 3 1 15 854
98 4 3 1 16 854
98 7 3 3 6 854
98 8 3 1 11 854
98 9 3 3 12 854
98 14 3 2 16 854
98 15 3 1 17 854
98 16 3 1 2 854
98 21 3 3 2 854
98 23 3 3 23 854
98 24 3 2 8 854
98 25 3 3 11 854
98 30 3 4 15 854
98 31 3 1 19 854
98 39 3 3 15 854
98 42 3 2 12 854
98 45 3 4 13 854
98 48 3 1 11 854
98 51 3 3 17 854
98 52 3 4 23 854
98 53 3 2 15 854
98 58 3 2 14 854
98 59 3 3 5 854
98 61 3 3 9 854
98 62 3 3 7 854
98 64 3 1 15 854
98 67 3 1 24 854
98 70 3 2 5 854
98 71 3 3 11 854
98 73 3 1 11 854
98 75 3 3 10 854
98 79 3 2 6 854
98 80 3 3 24 854
98 85 3 4 18 854
98 86 3 3 23 854
98 87 3 2 10 854
98 89 3 4 13 854
98 91 3 2 23 854
98 92 3 3 12 854
98 94 3 4 9 854
98 96 3 3 15 854
98 97 3 4 6 854
98 99 3 2 6 854
99 0 2 3 10 550
99 1 2 1 22 550
99 4 2 1 14 550
99 5 2 4 12 550
99 7 2 3 10 550
99 8 2 1 2 550
99 10 2 2 21 550
99 11 2 3 12 550
99 12 2 1 19 550
99 13 2 2 19 550
99 14 2 2 11 550
99 17 2 2 14 550
99 18 2 4 17 550
99 19 2 2 23 550
99 22 2 1 3 550
99 23 2 3 2 550
99 29 2 4 25 550
99 30 2 4 16 550
99 31 2 1 13 550
99 34 2 1 17 550
99 35 2 2 23 550
99 36 2 3 2 550
99 37 2 2 18 550
99 38 2 3 1 550
99 44 2 4 6 550
99 45 2 4 25 550
99 47 2 2 17 550
99 49 2 3 15 550
99 50 2 2 22 550
99 51 2 3 24 550
99 54 2 3 21 550
99 55 2 1 2 550
99 57 2 2 7 550
99 58 2 2 9 550
99 59 2 3 11 550
99 60 2 1 21 550
99 62 2 3 13 550
99 63 2 1 5 550
99 64 2 1 17 550
99 65 2 1 7 550
99 72 2 3 10 550
99 73 2 1 10 550
99 75 2 3 9 550
99 78 2 1 5 550
99 80 2 3 23 550
99 82 2 2 17 550
99 83 2 3 7 550
99 87 2 2 5 550
99 90 2 1 13 550
99 92 2 3 13 550
99 96 2 3 19 550
99 97 2 4 4 550
99 98 2 3 6 550
