capacity  cost_by_node
nb_functions 8
40 20 67 22 16 36 81 91 65 100 12 38 93 71 38 95 11 59 20 37 63 40 16 69 11 73 
32 77 15 72 59 63 54 22 21 96 64 85 26 14 23 26 75 59 54 52 63 89 52 43 56 45 
34 71 58 38 73 78 30 59 90 65 78 61 44 31 93 31 45 48 84 11 65 56 87 72 61 56 
32 53 12 69 45 69 85 76 51 49 56 60 97 19 19 52 79 17 24 94 98 24 51 22 39 50 
46 82 96 60 61 17 28 26 94 35 40 62 25 89 71 48 52 18 95 43 19 99 56 22 43 59 
44 89 18 42 46 30 71 71 23 37 20 14 79 31 37 42 74 90 47 79 83 99 44 79 81 35 
34 99 14 42 86 20 12 12 50 93 81 95 13 56 26 89 36 48 51 69 31 100 83 69 19 77 
28 95 99 94 35 61 75 68 95 72 54 84 64 35 97 97 78 38 58 100 26 35 88 51 45 60 
