capacity  cost_by_node
nb_functions 10
22 23 26 13 30 94 64 77 72 84 76 89 14 18 52 31 34 64 79 67 97 37 85 83 72 83 
17 88 88 14 65 57 37 61 63 74 35 43 64 27 65 93 89 75 81 100 82 37 83 96 20 23 
35 71 59 88 52 42 17 76 59 37 97 11 16 87 19 24 61 11 87 53 95 93 14 53 70 44 
18 13 22 41 58 72 85 99 52 89 34 12 65 94 74 95 26 56 50 86 33 33 48 78 75 76 
35 75 20 41 13 31 84 23 78 55 58 49 44 65 23 90 24 100 62 18 10 24 12 100 76 11 
21 79 56 43 78 24 54 14 96 66 66 92 79 72 15 22 11 20 66 52 99 72 10 90 65 96 
34 100 50 99 76 39 68 71 54 90 75 81 23 22 22 48 42 22 36 70 51 89 64 69 36 53 
24 71 58 30 41 92 72 51 54 85 54 25 40 32 16 98 90 94 74 87 38 12 89 88 35 45 
28 37 71 53 72 49 23 24 43 82 12 54 20 67 20 88 83 57 62 22 70 90 26 91 68 60 
31 52 87 15 74 100 11 45 16 88 22 43 10 29 29 67 45 55 15 62 91 38 71 19 19 36 
