capacity  cost_by_node
nb_functions 10
8 72 49 91 47 93 73 24 86 60 100 23 75 61 43 76 87 93 30 84 84 53 50 44 14 84 
8 93 57 28 25 51 70 87 95 20 69 20 31 37 61 68 79 11 87 10 68 56 28 13 13 29 
12 47 46 99 49 70 42 22 64 85 30 69 11 14 36 32 46 54 67 30 45 49 93 64 86 11 
13 34 51 26 30 29 34 30 82 70 50 61 87 79 60 68 16 17 89 30 35 93 76 68 46 80 
13 59 25 56 63 58 27 90 29 91 100 31 32 91 57 60 72 23 61 45 98 13 99 84 57 69 
8 42 18 94 27 51 76 17 42 33 82 69 69 28 31 55 19 80 76 57 31 25 52 39 52 34 
9 73 36 32 23 55 99 54 22 15 11 86 86 52 76 82 31 55 66 53 65 96 79 96 60 49 
16 59 81 39 57 29 78 55 72 71 21 44 53 41 44 90 28 46 51 90 94 82 33 100 92 97 
8 24 18 40 22 93 44 34 33 47 49 20 84 85 26 12 62 33 78 41 94 31 58 72 45 14 
16 95 64 84 10 34 76 32 96 54 63 84 88 66 92 40 39 28 41 50 16 18 61 76 52 81 
