capacity  cost_by_node
nb_functions 8
22 96 20 73 62 44 58 18 32 46 63 73 62 18 49 62 35 87 97 37 50 89 57 31 36 92 25 50 17 55 46 71 39 89 91 85 39 38 33 38 81 66 40 21 76 79 27 25 80 68 51 49 90 43 58 100 22 88 48 23 26 97 22 17 22 21 66 92 46 25 37 17 84 61 68 96 34 31 36 32 54 67 44 57 67 78 54 31 98 81 84 15 36 49 78 94 24 72 86 98 66 
13 30 87 68 52 52 55 38 47 11 76 34 100 57 68 99 39 45 72 48 65 85 91 97 92 10 11 81 65 34 74 89 17 13 68 18 66 10 70 36 11 75 87 72 50 50 75 74 74 60 65 63 33 78 85 11 57 100 35 26 41 56 80 84 96 38 77 86 10 70 84 45 89 41 27 56 78 57 46 31 73 34 56 95 60 38 100 36 25 74 26 46 71 64 49 39 80 60 30 36 10 
17 82 43 29 14 67 90 57 32 84 78 25 85 100 77 96 66 34 30 73 30 95 91 12 54 96 16 86 62 51 15 36 27 59 87 84 63 54 79 21 50 70 26 87 13 42 51 13 21 45 53 91 60 93 51 11 90 22 89 78 54 11 17 13 40 66 74 29 24 90 93 45 19 17 83 44 96 29 43 27 78 31 40 47 45 70 39 18 99 82 33 71 59 45 11 77 92 15 21 70 32 
21 34 96 69 99 57 28 52 52 39 81 18 23 22 93 69 73 58 52 61 76 21 57 34 25 22 47 83 32 97 24 75 96 68 97 58 58 45 14 95 66 87 69 95 85 23 33 24 32 30 25 18 48 66 83 71 84 34 59 40 73 60 70 59 30 28 54 54 79 84 32 97 12 49 38 44 46 22 70 68 72 39 88 99 48 72 43 47 50 38 63 34 14 73 11 33 12 48 29 48 18 
16 59 16 44 11 64 10 62 53 93 61 48 15 41 69 47 92 36 32 49 19 20 40 10 49 76 77 42 89 26 92 42 100 56 49 84 58 78 33 50 23 88 41 80 44 21 87 31 26 52 79 53 51 75 55 11 48 61 41 76 34 50 76 78 12 40 55 60 63 92 35 71 11 60 54 76 59 11 76 92 22 32 28 74 24 92 32 37 62 39 26 63 37 50 48 25 73 68 77 52 97 
20 76 31 35 17 34 72 78 74 22 47 91 22 13 77 32 60 63 96 29 39 26 20 83 100 22 10 98 56 14 52 83 39 19 45 88 90 92 60 24 43 11 24 67 57 98 70 40 58 65 17 87 92 84 92 22 87 33 82 71 16 52 54 90 48 38 13 19 59 68 49 50 63 34 76 10 23 45 15 57 30 80 62 58 41 80 90 78 72 63 33 53 56 19 41 88 55 97 12 36 83 
24 48 58 32 85 92 22 55 35 32 85 13 10 18 30 65 12 47 61 34 36 32 70 81 40 33 36 28 93 74 98 100 32 50 16 33 21 16 95 23 100 100 42 81 82 42 58 86 70 70 22 58 20 21 96 18 81 26 73 28 55 36 98 27 61 64 30 56 51 31 70 78 55 50 15 58 37 92 77 78 16 12 14 38 52 15 91 60 77 52 67 39 64 25 20 97 16 55 90 14 64 
23 36 37 28 99 24 75 94 44 71 56 43 51 43 19 31 71 82 12 59 62 60 45 20 72 90 80 86 34 95 70 91 19 76 49 99 23 77 48 52 21 47 37 83 83 32 85 57 93 25 49 26 34 97 10 22 84 62 21 53 19 65 24 67 24 20 86 97 81 98 89 62 12 54 76 15 26 66 77 53 73 72 39 15 44 28 65 38 83 47 93 93 79 36 14 49 23 11 95 21 70 
