Node_1 Node_2 Capacity_node1 Capacity_node2 Latency_arc node_cost
nb_nodes 50
nb_arcs 2188
0 1 4 5 5 153
0 2 4 1 21 153
0 3 4 2 10 153
0 4 4 2 15 153
0 5 4 3 13 153
0 6 4 3 12 153
0 7 4 7 4 153
0 8 4 7 7 153
0 9 4 1 15 153
0 10 4 7 1 153
0 11 4 7 8 153
0 12 4 7 25 153
0 13 4 6 12 153
0 14 4 5 3 153
0 15 4 4 25 153
0 16 4 6 25 153
0 17 4 2 19 153
0 18 4 7 3 153
0 19 4 1 3 153
0 20 4 7 10 153
0 21 4 3 17 153
0 22 4 3 1 153
0 23 4 2 11 153
0 24 4 3 2 153
0 25 4 5 20 153
0 26 4 2 14 153
0 27 4 1 13 153
0 29 4 6 1 153
0 30 4 2 1 153
0 31 4 3 10 153
0 32 4 3 6 153
0 33 4 1 1 153
0 34 4 3 18 153
0 35 4 4 25 153
0 36 4 1 18 153
0 37 4 1 16 153
0 38 4 1 4 153
0 41 4 3 1 153
0 42 4 2 17 153
0 43 4 1 12 153
0 44 4 3 8 153
0 45 4 5 20 153
0 46 4 7 22 153
0 47 4 6 14 153
0 48 4 4 14 153
0 49 4 4 21 153
1 0 5 4 5 761
1 2 5 1 10 761
1 3 5 2 15 761
1 4 5 2 23 761
1 5 5 3 18 761
1 6 5 3 2 761
1 7 5 7 25 761
1 9 5 1 20 761
1 10 5 7 23 761
1 12 5 7 25 761
1 13 5 6 4 761
1 14 5 5 15 761
1 16 5 6 20 761
1 17 5 2 25 761
1 19 5 1 24 761
1 20 5 7 25 761
1 22 5 3 6 761
1 23 5 2 6 761
1 24 5 3 1 761
1 25 5 5 16 761
1 26 5 2 16 761
1 27 5 1 11 761
1 28 5 6 1 761
1 29 5 6 21 761
1 30 5 2 11 761
1 31 5 3 14 761
1 32 5 3 5 761
1 33 5 1 7 761
1 34 5 3 21 761
1 35 5 4 4 761
1 36 5 1 9 761
1 37 5 1 16 761
1 38 5 1 22 761
1 39 5 3 5 761
1 40 5 7 3 761
1 41 5 3 13 761
1 42 5 2 19 761
1 43 5 1 11 761
1 44 5 3 10 761
1 45 5 5 13 761
1 46 5 7 1 761
1 49 5 4 24 761
2 0 1 4 21 317
2 1 1 5 10 317
2 5 1 3 24 317
2 6 1 3 17 317
2 7 1 7 2 317
2 8 1 7 5 317
2 9 1 1 2 317
2 10 1 7 15 317
2 12 1 7 17 317
2 13 1 6 19 317
2 14 1 5 7 317
2 15 1 4 18 317
2 16 1 6 10 317
2 17 1 2 18 317
2 18 1 7 15 317
2 19 1 1 25 317
2 20 1 7 13 317
2 21 1 3 20 317
2 23 1 2 21 317
2 25 1 5 10 317
2 26 1 2 17 317
2 27 1 1 3 317
2 28 1 6 19 317
2 30 1 2 2 317
2 31 1 3 10 317
2 32 1 3 16 317
2 33 1 1 13 317
2 34 1 3 6 317
2 35 1 4 23 317
2 36 1 1 17 317
2 37 1 1 16 317
2 38 1 1 23 317
2 39 1 3 8 317
2 40 1 7 25 317
2 41 1 3 7 317
2 42 1 2 18 317
2 43 1 1 10 317
2 44 1 3 22 317
2 45 1 5 18 317
2 46 1 7 15 317
2 47 1 6 18 317
2 48 1 4 18 317
2 49 1 4 12 317
3 0 2 4 10 831
3 1 2 5 15 831
3 4 2 2 5 831
3 5 2 3 6 831
3 6 2 3 5 831
3 7 2 7 21 831
3 8 2 7 5 831
3 9 2 1 18 831
3 10 2 7 2 831
3 11 2 7 7 831
3 12 2 7 1 831
3 13 2 6 8 831
3 14 2 5 14 831
3 15 2 4 9 831
3 17 2 2 15 831
3 18 2 7 15 831
3 19 2 1 22 831
3 20 2 7 23 831
3 21 2 3 10 831
3 22 2 3 13 831
3 23 2 2 15 831
3 24 2 3 22 831
3 25 2 5 11 831
3 26 2 2 9 831
3 27 2 1 20 831
3 28 2 6 10 831
3 29 2 6 11 831
3 30 2 2 19 831
3 31 2 3 19 831
3 33 2 1 17 831
3 34 2 3 11 831
3 35 2 4 3 831
3 36 2 1 1 831
3 37 2 1 17 831
3 38 2 1 9 831
3 40 2 7 9 831
3 42 2 2 16 831
3 43 2 1 5 831
3 44 2 3 18 831
3 45 2 5 8 831
3 46 2 7 17 831
3 47 2 6 20 831
4 0 2 4 15 545
4 1 2 5 23 545
4 3 2 2 5 545
4 6 2 3 16 545
4 7 2 7 4 545
4 8 2 7 16 545
4 9 2 1 2 545
4 10 2 7 5 545
4 11 2 7 3 545
4 13 2 6 5 545
4 14 2 5 7 545
4 15 2 4 15 545
4 16 2 6 20 545
4 17 2 2 23 545
4 19 2 1 7 545
4 20 2 7 11 545
4 22 2 3 21 545
4 23 2 2 9 545
4 24 2 3 11 545
4 25 2 5 7 545
4 26 2 2 2 545
4 27 2 1 3 545
4 28 2 6 4 545
4 29 2 6 2 545
4 30 2 2 2 545
4 31 2 3 21 545
4 32 2 3 1 545
4 33 2 1 4 545
4 35 2 4 19 545
4 36 2 1 22 545
4 37 2 1 21 545
4 39 2 3 24 545
4 40 2 7 13 545
4 41 2 3 5 545
4 42 2 2 24 545
4 43 2 1 20 545
4 45 2 5 1 545
4 46 2 7 5 545
4 47 2 6 3 545
4 48 2 4 13 545
5 0 3 4 13 382
5 1 3 5 18 382
5 2 3 1 24 382
5 3 3 2 6 382
5 6 3 3 3 382
5 7 3 7 21 382
5 8 3 7 10 382
5 10 3 7 9 382
5 11 3 7 3 382
5 12 3 7 20 382
5 13 3 6 25 382
5 14 3 5 15 382
5 15 3 4 6 382
5 16 3 6 6 382
5 17 3 2 20 382
5 18 3 7 17 382
5 19 3 1 7 382
5 20 3 7 22 382
5 21 3 3 7 382
5 22 3 3 6 382
5 23 3 2 7 382
5 24 3 3 16 382
5 25 3 5 1 382
5 26 3 2 18 382
5 27 3 1 22 382
5 28 3 6 11 382
5 29 3 6 17 382
5 30 3 2 24 382
5 31 3 3 12 382
5 32 3 3 7 382
5 33 3 1 7 382
5 34 3 3 22 382
5 35 3 4 22 382
5 36 3 1 16 382
5 37 3 1 4 382
5 38 3 1 25 382
5 39 3 3 14 382
5 40 3 7 17 382
5 41 3 3 17 382
5 42 3 2 7 382
5 43 3 1 7 382
5 44 3 3 1 382
5 45 3 5 12 382
5 46 3 7 22 382
5 47 3 6 24 382
5 48 3 4 7 382
5 49 3 4 21 382
6 0 3 4 12 671
6 1 3 5 2 671
6 2 3 1 17 671
6 3 3 2 5 671
6 4 3 2 16 671
6 5 3 3 3 671
6 9 3 1 10 671
6 10 3 7 21 671
6 11 3 7 25 671
6 12 3 7 8 671
6 13 3 6 4 671
6 14 3 5 5 671
6 15 3 4 12 671
6 16 3 6 1 671
6 17 3 2 20 671
6 18 3 7 20 671
6 20 3 7 9 671
6 22 3 3 10 671
6 23 3 2 19 671
6 24 3 3 23 671
6 25 3 5 14 671
6 26 3 2 17 671
6 27 3 1 1 671
6 28 3 6 6 671
6 29 3 6 7 671
6 30 3 2 5 671
6 31 3 3 11 671
6 32 3 3 10 671
6 33 3 1 25 671
6 34 3 3 3 671
6 35 3 4 23 671
6 36 3 1 11 671
6 37 3 1 13 671
6 38 3 1 16 671
6 39 3 3 22 671
6 40 3 7 3 671
6 41 3 3 3 671
6 42 3 2 20 671
6 43 3 1 5 671
6 44 3 3 14 671
6 45 3 5 4 671
6 46 3 7 1 671
6 47 3 6 19 671
6 48 3 4 6 671
6 49 3 4 19 671
7 0 7 4 4 563
7 1 7 5 25 563
7 2 7 1 2 563
7 3 7 2 21 563
7 4 7 2 4 563
7 5 7 3 21 563
7 9 7 1 17 563
7 10 7 7 12 563
7 11 7 7 2 563
7 12 7 7 1 563
7 13 7 6 15 563
7 14 7 5 17 563
7 15 7 4 18 563
7 16 7 6 17 563
7 17 7 2 3 563
7 18 7 7 11 563
7 19 7 1 24 563
7 22 7 3 13 563
7 23 7 2 22 563
7 24 7 3 22 563
7 25 7 5 7 563
7 26 7 2 11 563
7 27 7 1 10 563
7 29 7 6 22 563
7 30 7 2 25 563
7 31 7 3 15 563
7 32 7 3 6 563
7 33 7 1 25 563
7 34 7 3 1 563
7 37 7 1 17 563
7 39 7 3 6 563
7 40 7 7 18 563
7 41 7 3 11 563
7 42 7 2 8 563
7 43 7 1 22 563
7 45 7 5 18 563
7 46 7 7 5 563
7 47 7 6 1 563
7 48 7 4 11 563
7 49 7 4 3 563
8 0 7 4 7 947
8 2 7 1 5 947
8 3 7 2 5 947
8 4 7 2 16 947
8 5 7 3 10 947
8 9 7 1 3 947
8 10 7 7 3 947
8 11 7 7 7 947
8 12 7 7 19 947
8 14 7 5 11 947
8 15 7 4 6 947
8 16 7 6 9 947
8 17 7 2 7 947
8 18 7 7 2 947
8 19 7 1 2 947
8 21 7 3 8 947
8 22 7 3 19 947
8 23 7 2 7 947
8 24 7 3 6 947
8 25 7 5 24 947
8 26 7 2 20 947
8 27 7 1 8 947
8 28 7 6 23 947
8 29 7 6 24 947
8 30 7 2 14 947
8 32 7 3 25 947
8 33 7 1 25 947
8 34 7 3 5 947
8 35 7 4 12 947
8 37 7 1 21 947
8 38 7 1 6 947
8 40 7 7 22 947
8 41 7 3 19 947
8 42 7 2 5 947
8 43 7 1 14 947
8 44 7 3 11 947
8 45 7 5 9 947
8 46 7 7 12 947
8 47 7 6 12 947
8 48 7 4 14 947
9 0 1 4 15 265
9 1 1 5 20 265
9 2 1 1 2 265
9 3 1 2 18 265
9 4 1 2 2 265
9 6 1 3 10 265
9 7 1 7 17 265
9 8 1 7 3 265
9 10 1 7 4 265
9 11 1 7 20 265
9 12 1 7 11 265
9 13 1 6 8 265
9 14 1 5 5 265
9 15 1 4 2 265
9 17 1 2 12 265
9 19 1 1 4 265
9 20 1 7 1 265
9 21 1 3 19 265
9 22 1 3 12 265
9 23 1 2 5 265
9 24 1 3 24 265
9 26 1 2 22 265
9 27 1 1 7 265
9 29 1 6 14 265
9 30 1 2 15 265
9 31 1 3 14 265
9 32 1 3 3 265
9 34 1 3 24 265
9 35 1 4 18 265
9 37 1 1 6 265
9 38 1 1 13 265
9 39 1 3 17 265
9 40 1 7 19 265
9 41 1 3 14 265
9 42 1 2 20 265
9 43 1 1 5 265
9 44 1 3 24 265
9 45 1 5 8 265
9 46 1 7 18 265
9 47 1 6 24 265
9 49 1 4 15 265
10 0 7 4 1 542
10 1 7 5 23 542
10 2 7 1 15 542
10 3 7 2 2 542
10 4 7 2 5 542
10 5 7 3 9 542
10 6 7 3 21 542
10 7 7 7 12 542
10 8 7 7 3 542
10 9 7 1 4 542
10 11 7 7 24 542
10 12 7 7 19 542
10 13 7 6 19 542
10 14 7 5 5 542
10 15 7 4 9 542
10 16 7 6 17 542
10 17 7 2 2 542
10 18 7 7 21 542
10 19 7 1 8 542
10 20 7 7 9 542
10 21 7 3 4 542
10 22 7 3 15 542
10 23 7 2 12 542
10 24 7 3 18 542
10 26 7 2 23 542
10 27 7 1 7 542
10 28 7 6 21 542
10 29 7 6 6 542
10 30 7 2 7 542
10 31 7 3 5 542
10 32 7 3 14 542
10 33 7 1 10 542
10 34 7 3 14 542
10 35 7 4 22 542
10 36 7 1 12 542
10 37 7 1 17 542
10 38 7 1 6 542
10 39 7 3 10 542
10 40 7 7 3 542
10 41 7 3 10 542
10 42 7 2 21 542
10 43 7 1 4 542
10 44 7 3 7 542
10 45 7 5 15 542
10 46 7 7 9 542
10 47 7 6 11 542
10 48 7 4 13 542
11 0 7 4 8 396
11 3 7 2 7 396
11 4 7 2 3 396
11 5 7 3 3 396
11 6 7 3 25 396
11 7 7 7 2 396
11 8 7 7 7 396
11 9 7 1 20 396
11 10 7 7 24 396
11 12 7 7 18 396
11 13 7 6 25 396
11 14 7 5 1 396
11 15 7 4 4 396
11 16 7 6 22 396
11 17 7 2 23 396
11 18 7 7 7 396
11 19 7 1 8 396
11 20 7 7 8 396
11 21 7 3 5 396
11 22 7 3 18 396
11 23 7 2 22 396
11 24 7 3 24 396
11 25 7 5 17 396
11 26 7 2 14 396
11 27 7 1 4 396
11 28 7 6 7 396
11 29 7 6 15 396
11 30 7 2 21 396
11 31 7 3 4 396
11 32 7 3 8 396
11 33 7 1 2 396
11 34 7 3 1 396
11 35 7 4 20 396
11 36 7 1 2 396
11 37 7 1 6 396
11 38 7 1 3 396
11 39 7 3 24 396
11 40 7 7 13 396
11 41 7 3 24 396
11 42 7 2 6 396
11 43 7 1 19 396
11 44 7 3 4 396
11 45 7 5 15 396
11 46 7 7 16 396
11 47 7 6 8 396
11 48 7 4 23 396
11 49 7 4 24 396
12 0 7 4 25 594
12 1 7 5 25 594
12 2 7 1 17 594
12 3 7 2 1 594
12 5 7 3 20 594
12 6 7 3 8 594
12 7 7 7 1 594
12 8 7 7 19 594
12 9 7 1 11 594
12 10 7 7 19 594
12 11 7 7 18 594
12 13 7 6 9 594
12 14 7 5 6 594
12 15 7 4 2 594
12 16 7 6 5 594
12 17 7 2 15 594
12 18 7 7 17 594
12 19 7 1 5 594
12 20 7 7 16 594
12 21 7 3 3 594
12 22 7 3 7 594
12 23 7 2 14 594
12 24 7 3 12 594
12 26 7 2 24 594
12 27 7 1 10 594
12 28 7 6 22 594
12 29 7 6 18 594
12 30 7 2 2 594
12 32 7 3 25 594
12 33 7 1 20 594
12 34 7 3 3 594
12 35 7 4 18 594
12 36 7 1 14 594
12 38 7 1 11 594
12 39 7 3 8 594
12 40 7 7 14 594
12 41 7 3 25 594
12 43 7 1 5 594
12 45 7 5 17 594
12 46 7 7 23 594
12 47 7 6 15 594
12 48 7 4 10 594
12 49 7 4 7 594
13 0 6 4 12 918
13 1 6 5 4 918
13 2 6 1 19 918
13 3 6 2 8 918
13 4 6 2 5 918
13 5 6 3 25 918
13 6 6 3 4 918
13 7 6 7 15 918
13 9 6 1 8 918
13 10 6 7 19 918
13 11 6 7 25 918
13 12 6 7 9 918
13 14 6 5 9 918
13 15 6 4 21 918
13 16 6 6 4 918
13 17 6 2 13 918
13 18 6 7 13 918
13 19 6 1 3 918
13 20 6 7 23 918
13 21 6 3 19 918
13 22 6 3 16 918
13 23 6 2 12 918
13 24 6 3 9 918
13 25 6 5 18 918
13 26 6 2 18 918
13 27 6 1 17 918
13 28 6 6 10 918
13 29 6 6 9 918
13 30 6 2 22 918
13 31 6 3 13 918
13 32 6 3 1 918
13 33 6 1 7 918
13 34 6 3 1 918
13 35 6 4 10 918
13 36 6 1 3 918
13 37 6 1 17 918
13 38 6 1 25 918
13 39 6 3 11 918
13 40 6 7 18 918
13 41 6 3 19 918
13 44 6 3 3 918
13 45 6 5 19 918
13 47 6 6 22 918
13 48 6 4 1 918
13 49 6 4 21 918
14 0 5 4 3 348
14 1 5 5 15 348
14 2 5 1 7 348
14 3 5 2 14 348
14 4 5 2 7 348
14 5 5 3 15 348
14 6 5 3 5 348
14 7 5 7 17 348
14 8 5 7 11 348
14 9 5 1 5 348
14 10 5 7 5 348
14 11 5 7 1 348
14 12 5 7 6 348
14 13 5 6 9 348
14 15 5 4 22 348
14 16 5 6 16 348
14 17 5 2 5 348
14 19 5 1 18 348
14 20 5 7 14 348
14 21 5 3 22 348
14 22 5 3 18 348
14 23 5 2 13 348
14 24 5 3 14 348
14 25 5 5 3 348
14 26 5 2 20 348
14 27 5 1 11 348
14 28 5 6 17 348
14 29 5 6 17 348
14 30 5 2 18 348
14 32 5 3 12 348
14 33 5 1 4 348
14 34 5 3 14 348
14 35 5 4 25 348
14 36 5 1 3 348
14 37 5 1 25 348
14 38 5 1 8 348
14 39 5 3 4 348
14 40 5 7 3 348
14 41 5 3 23 348
14 42 5 2 11 348
14 43 5 1 18 348
14 44 5 3 24 348
14 45 5 5 12 348
14 46 5 7 1 348
14 47 5 6 11 348
14 49 5 4 17 348
15 0 4 4 25 996
15 2 4 1 18 996
15 3 4 2 9 996
15 4 4 2 15 996
15 5 4 3 6 996
15 6 4 3 12 996
15 7 4 7 18 996
15 8 4 7 6 996
15 9 4 1 2 996
15 10 4 7 9 996
15 11 4 7 4 996
15 12 4 7 2 996
15 13 4 6 21 996
15 14 4 5 22 996
15 16 4 6 3 996
15 17 4 2 1 996
15 18 4 7 16 996
15 19 4 1 22 996
15 20 4 7 12 996
15 21 4 3 21 996
15 22 4 3 25 996
15 23 4 2 19 996
15 24 4 3 3 996
15 25 4 5 16 996
15 26 4 2 17 996
15 27 4 1 4 996
15 28 4 6 10 996
15 29 4 6 22 996
15 30 4 2 24 996
15 31 4 3 14 996
15 32 4 3 10 996
15 33 4 1 17 996
15 35 4 4 12 996
15 36 4 1 6 996
15 37 4 1 20 996
15 38 4 1 17 996
15 39 4 3 5 996
15 40 4 7 21 996
15 41 4 3 2 996
15 42 4 2 24 996
15 43 4 1 11 996
15 44 4 3 8 996
15 45 4 5 12 996
15 47 4 6 19 996
15 49 4 4 19 996
16 0 6 4 25 156
16 1 6 5 20 156
16 2 6 1 10 156
16 4 6 2 20 156
16 5 6 3 6 156
16 6 6 3 1 156
16 7 6 7 17 156
16 8 6 7 9 156
16 10 6 7 17 156
16 11 6 7 22 156
16 12 6 7 5 156
16 13 6 6 4 156
16 14 6 5 16 156
16 15 6 4 3 156
16 18 6 7 7 156
16 20 6 7 25 156
16 21 6 3 16 156
16 22 6 3 19 156
16 23 6 2 21 156
16 24 6 3 13 156
16 25 6 5 9 156
16 26 6 2 24 156
16 27 6 1 22 156
16 28 6 6 20 156
16 29 6 6 3 156
16 30 6 2 21 156
16 31 6 3 24 156
16 32 6 3 11 156
16 33 6 1 3 156
16 34 6 3 22 156
16 35 6 4 23 156
16 36 6 1 16 156
16 37 6 1 12 156
16 39 6 3 23 156
16 40 6 7 10 156
16 41 6 3 17 156
16 42 6 2 21 156
16 43 6 1 13 156
16 44 6 3 24 156
16 45 6 5 1 156
16 46 6 7 2 156
16 47 6 6 8 156
16 49 6 4 8 156
17 0 2 4 19 91
17 1 2 5 25 91
17 2 2 1 18 91
17 3 2 2 15 91
17 4 2 2 23 91
17 5 2 3 20 91
17 6 2 3 20 91
17 7 2 7 3 91
17 8 2 7 7 91
17 9 2 1 12 91
17 10 2 7 2 91
17 11 2 7 23 91
17 12 2 7 15 91
17 13 2 6 13 91
17 14 2 5 5 91
17 15 2 4 1 91
17 18 2 7 21 91
17 20 2 7 7 91
17 21 2 3 18 91
17 22 2 3 24 91
17 24 2 3 6 91
17 25 2 5 2 91
17 27 2 1 17 91
17 28 2 6 19 91
17 29 2 6 8 91
17 31 2 3 4 91
17 32 2 3 22 91
17 33 2 1 18 91
17 34 2 3 3 91
17 35 2 4 9 91
17 36 2 1 10 91
17 37 2 1 14 91
17 38 2 1 12 91
17 39 2 3 7 91
17 40 2 7 7 91
17 42 2 2 9 91
17 43 2 1 25 91
17 44 2 3 13 91
17 45 2 5 2 91
17 46 2 7 9 91
17 47 2 6 2 91
17 48 2 4 7 91
17 49 2 4 15 91
18 0 7 4 3 910
18 2 7 1 15 910
18 3 7 2 15 910
18 5 7 3 17 910
18 6 7 3 20 910
18 7 7 7 11 910
18 8 7 7 2 910
18 10 7 7 21 910
18 11 7 7 7 910
18 12 7 7 17 910
18 13 7 6 13 910
18 15 7 4 16 910
18 16 7 6 7 910
18 17 7 2 21 910
18 19 7 1 3 910
18 20 7 7 14 910
18 23 7 2 5 910
18 24 7 3 8 910
18 25 7 5 5 910
18 26 7 2 15 910
18 27 7 1 5 910
18 29 7 6 24 910
18 30 7 2 19 910
18 31 7 3 11 910
18 32 7 3 25 910
18 33 7 1 14 910
18 34 7 3 3 910
18 36 7 1 20 910
18 37 7 1 25 910
18 38 7 1 15 910
18 39 7 3 11 910
18 41 7 3 8 910
18 42 7 2 25 910
18 43 7 1 7 910
18 44 7 3 5 910
18 45 7 5 18 910
18 46 7 7 23 910
18 47 7 6 21 910
18 48 7 4 6 910
18 49 7 4 4 910
19 0 1 4 3 816
19 1 1 5 24 816
19 2 1 1 25 816
19 3 1 2 22 816
19 4 1 2 7 816
19 5 1 3 7 816
19 7 1 7 24 816
19 8 1 7 2 816
19 9 1 1 4 816
19 10 1 7 8 816
19 11 1 7 8 816
19 12 1 7 5 816
19 13 1 6 3 816
19 14 1 5 18 816
19 15 1 4 22 816
19 18 1 7 3 816
19 20 1 7 8 816
19 21 1 3 4 816
19 22 1 3 8 816
19 23 1 2 8 816
19 25 1 5 25 816
19 26 1 2 20 816
19 27 1 1 15 816
19 28 1 6 7 816
19 29 1 6 11 816
19 30 1 2 4 816
19 31 1 3 13 816
19 32 1 3 16 816
19 33 1 1 3 816
19 34 1 3 4 816
19 35 1 4 24 816
19 37 1 1 11 816
19 38 1 1 3 816
19 39 1 3 6 816
19 40 1 7 11 816
19 41 1 3 8 816
19 43 1 1 13 816
19 44 1 3 20 816
19 45 1 5 6 816
19 46 1 7 19 816
19 47 1 6 24 816
19 48 1 4 2 816
19 49 1 4 19 816
20 0 7 4 10 79
20 1 7 5 25 79
20 2 7 1 13 79
20 3 7 2 23 79
20 4 7 2 11 79
20 5 7 3 22 79
20 6 7 3 9 79
20 9 7 1 1 79
20 10 7 7 9 79
20 11 7 7 8 79
20 12 7 7 16 79
20 13 7 6 23 79
20 14 7 5 14 79
20 15 7 4 12 79
20 16 7 6 25 79
20 17 7 2 7 79
20 18 7 7 14 79
20 19 7 1 8 79
20 21 7 3 20 79
20 22 7 3 23 79
20 23 7 2 20 79
20 24 7 3 20 79
20 25 7 5 25 79
20 26 7 2 5 79
20 27 7 1 18 79
20 28 7 6 23 79
20 30 7 2 12 79
20 31 7 3 20 79
20 32 7 3 2 79
20 33 7 1 4 79
20 34 7 3 16 79
20 36 7 1 13 79
20 37 7 1 8 79
20 38 7 1 10 79
20 39 7 3 6 79
20 41 7 3 21 79
20 42 7 2 4 79
20 45 7 5 22 79
20 47 7 6 6 79
20 48 7 4 6 79
20 49 7 4 3 79
21 0 3 4 17 821
21 2 3 1 20 821
21 3 3 2 10 821
21 5 3 3 7 821
21 8 3 7 8 821
21 9 3 1 19 821
21 10 3 7 4 821
21 11 3 7 5 821
21 12 3 7 3 821
21 13 3 6 19 821
21 14 3 5 22 821
21 15 3 4 21 821
21 16 3 6 16 821
21 17 3 2 18 821
21 19 3 1 4 821
21 20 3 7 20 821
21 22 3 3 6 821
21 23 3 2 12 821
21 24 3 3 10 821
21 25 3 5 23 821
21 26 3 2 20 821
21 27 3 1 5 821
21 28 3 6 24 821
21 29 3 6 9 821
21 30 3 2 16 821
21 31 3 3 2 821
21 32 3 3 20 821
21 34 3 3 10 821
21 35 3 4 3 821
21 36 3 1 2 821
21 37 3 1 1 821
21 38 3 1 9 821
21 39 3 3 21 821
21 40 3 7 17 821
21 41 3 3 14 821
21 43 3 1 13 821
21 44 3 3 2 821
21 45 3 5 15 821
21 46 3 7 1 821
21 47 3 6 23 821
21 48 3 4 5 821
21 49 3 4 20 821
22 0 3 4 1 574
22 1 3 5 6 574
22 3 3 2 13 574
22 4 3 2 21 574
22 5 3 3 6 574
22 6 3 3 10 574
22 7 3 7 13 574
22 8 3 7 19 574
22 9 3 1 12 574
22 10 3 7 15 574
22 11 3 7 18 574
22 12 3 7 7 574
22 13 3 6 16 574
22 14 3 5 18 574
22 15 3 4 25 574
22 16 3 6 19 574
22 17 3 2 24 574
22 19 3 1 8 574
22 20 3 7 23 574
22 21 3 3 6 574
22 23 3 2 7 574
22 24 3 3 12 574
22 25 3 5 1 574
22 26 3 2 7 574
22 27 3 1 22 574
22 28 3 6 15 574
22 29 3 6 10 574
22 30 3 2 18 574
22 31 3 3 24 574
22 32 3 3 5 574
22 33 3 1 14 574
22 34 3 3 14 574
22 35 3 4 9 574
22 36 3 1 24 574
22 37 3 1 2 574
22 39 3 3 2 574
22 40 3 7 20 574
22 41 3 3 7 574
22 42 3 2 24 574
22 43 3 1 17 574
22 44 3 3 22 574
22 45 3 5 19 574
22 46 3 7 21 574
22 47 3 6 18 574
22 48 3 4 10 574
22 49 3 4 9 574
23 0 2 4 11 348
23 1 2 5 6 348
23 2 2 1 21 348
23 3 2 2 15 348
23 4 2 2 9 348
23 5 2 3 7 348
23 6 2 3 19 348
23 7 2 7 22 348
23 8 2 7 7 348
23 9 2 1 5 348
23 10 2 7 12 348
23 11 2 7 22 348
23 12 2 7 14 348
23 13 2 6 12 348
23 14 2 5 13 348
23 15 2 4 19 348
23 16 2 6 21 348
23 18 2 7 5 348
23 19 2 1 8 348
23 20 2 7 20 348
23 21 2 3 12 348
23 22 2 3 7 348
23 24 2 3 5 348
23 25 2 5 8 348
23 26 2 2 22 348
23 28 2 6 20 348
23 29 2 6 8 348
23 30 2 2 1 348
23 31 2 3 14 348
23 32 2 3 9 348
23 33 2 1 4 348
23 34 2 3 18 348
23 35 2 4 19 348
23 36 2 1 1 348
23 37 2 1 16 348
23 38 2 1 22 348
23 39 2 3 10 348
23 40 2 7 21 348
23 42 2 2 7 348
23 43 2 1 15 348
23 44 2 3 10 348
23 45 2 5 15 348
23 46 2 7 25 348
23 47 2 6 11 348
23 48 2 4 23 348
23 49 2 4 19 348
24 0 3 4 2 278
24 1 3 5 1 278
24 3 3 2 22 278
24 4 3 2 11 278
24 5 3 3 16 278
24 6 3 3 23 278
24 7 3 7 22 278
24 8 3 7 6 278
24 9 3 1 24 278
24 10 3 7 18 278
24 11 3 7 24 278
24 12 3 7 12 278
24 13 3 6 9 278
24 14 3 5 14 278
24 15 3 4 3 278
24 16 3 6 13 278
24 17 3 2 6 278
24 18 3 7 8 278
24 20 3 7 20 278
24 21 3 3 10 278
24 22 3 3 12 278
24 23 3 2 5 278
24 25 3 5 19 278
24 26 3 2 1 278
24 27 3 1 14 278
24 29 3 6 9 278
24 30 3 2 11 278
24 31 3 3 11 278
24 32 3 3 6 278
24 33 3 1 16 278
24 34 3 3 3 278
24 35 3 4 22 278
24 36 3 1 23 278
24 37 3 1 25 278
24 38 3 1 18 278
24 39 3 3 9 278
24 41 3 3 5 278
24 42 3 2 18 278
24 43 3 1 18 278
24 44 3 3 17 278
24 45 3 5 15 278
24 46 3 7 23 278
24 47 3 6 22 278
24 48 3 4 20 278
24 49 3 4 23 278
25 0 5 4 20 709
25 1 5 5 16 709
25 2 5 1 10 709
25 3 5 2 11 709
25 4 5 2 7 709
25 5 5 3 1 709
25 6 5 3 14 709
25 7 5 7 7 709
25 8 5 7 24 709
25 11 5 7 17 709
25 13 5 6 18 709
25 14 5 5 3 709
25 15 5 4 16 709
25 16 5 6 9 709
25 17 5 2 2 709
25 18 5 7 5 709
25 19 5 1 25 709
25 20 5 7 25 709
25 21 5 3 23 709
25 22 5 3 1 709
25 23 5 2 8 709
25 24 5 3 19 709
25 26 5 2 17 709
25 27 5 1 17 709
25 28 5 6 19 709
25 29 5 6 10 709
25 30 5 2 18 709
25 31 5 3 17 709
25 32 5 3 5 709
25 34 5 3 20 709
25 35 5 4 16 709
25 36 5 1 14 709
25 37 5 1 23 709
25 38 5 1 3 709
25 40 5 7 21 709
25 41 5 3 24 709
25 42 5 2 10 709
25 43 5 1 23 709
25 44 5 3 8 709
25 45 5 5 25 709
25 46 5 7 21 709
25 47 5 6 19 709
25 48 5 4 24 709
25 49 5 4 24 709
26 0 2 4 14 57
26 1 2 5 16 57
26 2 2 1 17 57
26 3 2 2 9 57
26 4 2 2 2 57
26 5 2 3 18 57
26 6 2 3 17 57
26 7 2 7 11 57
26 8 2 7 20 57
26 9 2 1 22 57
26 10 2 7 23 57
26 11 2 7 14 57
26 12 2 7 24 57
26 13 2 6 18 57
26 14 2 5 20 57
26 15 2 4 17 57
26 16 2 6 24 57
26 18 2 7 15 57
26 19 2 1 20 57
26 20 2 7 5 57
26 21 2 3 20 57
26 22 2 3 7 57
26 23 2 2 22 57
26 24 2 3 1 57
26 25 2 5 17 57
26 27 2 1 25 57
26 28 2 6 5 57
26 29 2 6 9 57
26 30 2 2 7 57
26 31 2 3 20 57
26 32 2 3 6 57
26 34 2 3 18 57
26 35 2 4 20 57
26 36 2 1 21 57
26 37 2 1 16 57
26 38 2 1 17 57
26 39 2 3 9 57
26 40 2 7 7 57
26 41 2 3 16 57
26 42 2 2 21 57
26 43 2 1 2 57
26 44 2 3 17 57
26 46 2 7 10 57
26 47 2 6 9 57
26 48 2 4 23 57
26 49 2 4 9 57
27 0 1 4 13 406
27 1 1 5 11 406
27 2 1 1 3 406
27 3 1 2 20 406
27 4 1 2 3 406
27 5 1 3 22 406
27 6 1 3 1 406
27 7 1 7 10 406
27 8 1 7 8 406
27 9 1 1 7 406
27 10 1 7 7 406
27 11 1 7 4 406
27 12 1 7 10 406
27 13 1 6 17 406
27 14 1 5 11 406
27 15 1 4 4 406
27 16 1 6 22 406
27 17 1 2 17 406
27 18 1 7 5 406
27 19 1 1 15 406
27 20 1 7 18 406
27 21 1 3 5 406
27 22 1 3 22 406
27 24 1 3 14 406
27 25 1 5 17 406
27 26 1 2 25 406
27 28 1 6 4 406
27 29 1 6 8 406
27 30 1 2 14 406
27 31 1 3 8 406
27 33 1 1 5 406
27 34 1 3 10 406
27 35 1 4 19 406
27 36 1 1 2 406
27 37 1 1 4 406
27 38 1 1 7 406
27 40 1 7 3 406
27 41 1 3 7 406
27 42 1 2 4 406
27 43 1 1 12 406
27 44 1 3 20 406
27 45 1 5 16 406
27 46 1 7 25 406
27 47 1 6 24 406
27 48 1 4 3 406
27 49 1 4 21 406
28 1 6 5 1 561
28 2 6 1 19 561
28 3 6 2 10 561
28 4 6 2 4 561
28 5 6 3 11 561
28 6 6 3 6 561
28 8 6 7 23 561
28 10 6 7 21 561
28 11 6 7 7 561
28 12 6 7 22 561
28 13 6 6 10 561
28 14 6 5 17 561
28 15 6 4 10 561
28 16 6 6 20 561
28 17 6 2 19 561
28 19 6 1 7 561
28 20 6 7 23 561
28 21 6 3 24 561
28 22 6 3 15 561
28 23 6 2 20 561
28 25 6 5 19 561
28 26 6 2 5 561
28 27 6 1 4 561
28 29 6 6 12 561
28 30 6 2 7 561
28 31 6 3 15 561
28 32 6 3 7 561
28 33 6 1 13 561
28 34 6 3 6 561
28 35 6 4 7 561
28 36 6 1 24 561
28 37 6 1 20 561
28 38 6 1 10 561
28 39 6 3 7 561
28 40 6 7 25 561
28 41 6 3 22 561
28 42 6 2 10 561
28 43 6 1 22 561
28 44 6 3 24 561
28 45 6 5 20 561
28 46 6 7 14 561
28 47 6 6 14 561
28 48 6 4 19 561
28 49 6 4 23 561
29 0 6 4 1 145
29 1 6 5 21 145
29 3 6 2 11 145
29 4 6 2 2 145
29 5 6 3 17 145
29 6 6 3 7 145
29 7 6 7 22 145
29 8 6 7 24 145
29 9 6 1 14 145
29 10 6 7 6 145
29 11 6 7 15 145
29 12 6 7 18 145
29 13 6 6 9 145
29 14 6 5 17 145
29 15 6 4 22 145
29 16 6 6 3 145
29 17 6 2 8 145
29 18 6 7 24 145
29 19 6 1 11 145
29 21 6 3 9 145
29 22 6 3 10 145
29 23 6 2 8 145
29 24 6 3 9 145
29 25 6 5 10 145
29 26 6 2 9 145
29 27 6 1 8 145
29 28 6 6 12 145
29 30 6 2 1 145
29 31 6 3 21 145
29 32 6 3 1 145
29 33 6 1 19 145
29 34 6 3 13 145
29 35 6 4 14 145
29 36 6 1 12 145
29 37 6 1 17 145
29 38 6 1 17 145
29 39 6 3 2 145
29 40 6 7 1 145
29 42 6 2 23 145
29 43 6 1 21 145
29 44 6 3 24 145
29 45 6 5 2 145
29 47 6 6 3 145
29 48 6 4 21 145
29 49 6 4 2 145
30 0 2 4 1 631
30 1 2 5 11 631
30 2 2 1 2 631
30 3 2 2 19 631
30 4 2 2 2 631
30 5 2 3 24 631
30 6 2 3 5 631
30 7 2 7 25 631
30 8 2 7 14 631
30 9 2 1 15 631
30 10 2 7 7 631
30 11 2 7 21 631
30 12 2 7 2 631
30 13 2 6 22 631
30 14 2 5 18 631
30 15 2 4 24 631
30 16 2 6 21 631
30 18 2 7 19 631
30 19 2 1 4 631
30 20 2 7 12 631
30 21 2 3 16 631
30 22 2 3 18 631
30 23 2 2 1 631
30 24 2 3 11 631
30 25 2 5 18 631
30 26 2 2 7 631
30 27 2 1 14 631
30 28 2 6 7 631
30 29 2 6 1 631
30 31 2 3 18 631
30 32 2 3 11 631
30 33 2 1 7 631
30 34 2 3 7 631
30 35 2 4 19 631
30 36 2 1 1 631
30 37 2 1 7 631
30 38 2 1 18 631
30 39 2 3 1 631
30 41 2 3 22 631
30 43 2 1 7 631
30 44 2 3 9 631
30 45 2 5 24 631
30 46 2 7 8 631
30 47 2 6 23 631
30 48 2 4 3 631
30 49 2 4 7 631
31 0 3 4 10 973
31 1 3 5 14 973
31 2 3 1 10 973
31 3 3 2 19 973
31 4 3 2 21 973
31 5 3 3 12 973
31 6 3 3 11 973
31 7 3 7 15 973
31 9 3 1 14 973
31 10 3 7 5 973
31 11 3 7 4 973
31 13 3 6 13 973
31 15 3 4 14 973
31 16 3 6 24 973
31 17 3 2 4 973
31 18 3 7 11 973
31 19 3 1 13 973
31 20 3 7 20 973
31 21 3 3 2 973
31 22 3 3 24 973
31 23 3 2 14 973
31 24 3 3 11 973
31 25 3 5 17 973
31 26 3 2 20 973
31 27 3 1 8 973
31 28 3 6 15 973
31 29 3 6 21 973
31 30 3 2 18 973
31 32 3 3 4 973
31 33 3 1 12 973
31 34 3 3 7 973
31 35 3 4 20 973
31 36 3 1 2 973
31 37 3 1 20 973
31 38 3 1 7 973
31 39 3 3 24 973
31 40 3 7 13 973
31 42 3 2 19 973
31 43 3 1 7 973
31 44 3 3 1 973
31 45 3 5 20 973
31 46 3 7 8 973
31 47 3 6 6 973
31 48 3 4 11 973
31 49 3 4 15 973
32 0 3 4 6 156
32 1 3 5 5 156
32 2 3 1 16 156
32 4 3 2 1 156
32 5 3 3 7 156
32 6 3 3 10 156
32 7 3 7 6 156
32 8 3 7 25 156
32 9 3 1 3 156
32 10 3 7 14 156
32 11 3 7 8 156
32 12 3 7 25 156
32 13 3 6 1 156
32 14 3 5 12 156
32 15 3 4 10 156
32 16 3 6 11 156
32 17 3 2 22 156
32 18 3 7 25 156
32 19 3 1 16 156
32 20 3 7 2 156
32 21 3 3 20 156
32 22 3 3 5 156
32 23 3 2 9 156
32 24 3 3 6 156
32 25 3 5 5 156
32 26 3 2 6 156
32 28 3 6 7 156
32 29 3 6 1 156
32 30 3 2 11 156
32 31 3 3 4 156
32 33 3 1 13 156
32 34 3 3 10 156
32 36 3 1 17 156
32 37 3 1 24 156
32 38 3 1 8 156
32 39 3 3 12 156
32 40 3 7 7 156
32 41 3 3 14 156
32 44 3 3 22 156
32 45 3 5 9 156
32 46 3 7 19 156
32 47 3 6 10 156
32 49 3 4 15 156
33 0 1 4 1 311
33 1 1 5 7 311
33 2 1 1 13 311
33 3 1 2 17 311
33 4 1 2 4 311
33 5 1 3 7 311
33 6 1 3 25 311
33 7 1 7 25 311
33 8 1 7 25 311
33 10 1 7 10 311
33 11 1 7 2 311
33 12 1 7 20 311
33 13 1 6 7 311
33 14 1 5 4 311
33 15 1 4 17 311
33 16 1 6 3 311
33 17 1 2 18 311
33 18 1 7 14 311
33 19 1 1 3 311
33 20 1 7 4 311
33 22 1 3 14 311
33 23 1 2 4 311
33 24 1 3 16 311
33 27 1 1 5 311
33 28 1 6 13 311
33 29 1 6 19 311
33 30 1 2 7 311
33 31 1 3 12 311
33 32 1 3 13 311
33 34 1 3 20 311
33 35 1 4 19 311
33 36 1 1 13 311
33 37 1 1 14 311
33 38 1 1 9 311
33 39 1 3 2 311
33 40 1 7 13 311
33 42 1 2 20 311
33 43 1 1 14 311
33 44 1 3 1 311
33 45 1 5 3 311
33 46 1 7 23 311
33 47 1 6 11 311
33 48 1 4 11 311
33 49 1 4 21 311
34 0 3 4 18 96
34 1 3 5 21 96
34 2 3 1 6 96
34 3 3 2 11 96
34 5 3 3 22 96
34 6 3 3 3 96
34 7 3 7 1 96
34 8 3 7 5 96
34 9 3 1 24 96
34 10 3 7 14 96
34 11 3 7 1 96
34 12 3 7 3 96
34 13 3 6 1 96
34 14 3 5 14 96
34 16 3 6 22 96
34 17 3 2 3 96
34 18 3 7 3 96
34 19 3 1 4 96
34 20 3 7 16 96
34 21 3 3 10 96
34 22 3 3 14 96
34 23 3 2 18 96
34 24 3 3 3 96
34 25 3 5 20 96
34 26 3 2 18 96
34 27 3 1 10 96
34 28 3 6 6 96
34 29 3 6 13 96
34 30 3 2 7 96
34 31 3 3 7 96
34 32 3 3 10 96
34 33 3 1 20 96
34 36 3 1 2 96
34 37 3 1 14 96
34 38 3 1 12 96
34 39 3 3 10 96
34 40 3 7 21 96
34 41 3 3 22 96
34 42 3 2 14 96
34 43 3 1 20 96
34 44 3 3 18 96
34 45 3 5 7 96
34 47 3 6 10 96
34 48 3 4 7 96
34 49 3 4 22 96
35 0 4 4 25 513
35 1 4 5 4 513
35 2 4 1 23 513
35 3 4 2 3 513
35 4 4 2 19 513
35 5 4 3 22 513
35 6 4 3 23 513
35 8 4 7 12 513
35 9 4 1 18 513
35 10 4 7 22 513
35 11 4 7 20 513
35 12 4 7 18 513
35 13 4 6 10 513
35 14 4 5 25 513
35 15 4 4 12 513
35 16 4 6 23 513
35 17 4 2 9 513
35 19 4 1 24 513
35 21 4 3 3 513
35 22 4 3 9 513
35 23 4 2 19 513
35 24 4 3 22 513
35 25 4 5 16 513
35 26 4 2 20 513
35 27 4 1 19 513
35 28 4 6 7 513
35 29 4 6 14 513
35 30 4 2 19 513
35 31 4 3 20 513
35 33 4 1 19 513
35 36 4 1 15 513
35 37 4 1 24 513
35 38 4 1 3 513
35 39 4 3 6 513
35 40 4 7 3 513
35 41 4 3 4 513
35 42 4 2 21 513
35 43 4 1 16 513
35 44 4 3 22 513
35 45 4 5 23 513
35 46 4 7 18 513
35 47 4 6 11 513
35 48 4 4 15 513
35 49 4 4 8 513
36 0 1 4 18 948
36 1 1 5 9 948
36 2 1 1 17 948
36 3 1 2 1 948
36 4 1 2 22 948
36 5 1 3 16 948
36 6 1 3 11 948
36 10 1 7 12 948
36 11 1 7 2 948
36 12 1 7 14 948
36 13 1 6 3 948
36 14 1 5 3 948
36 15 1 4 6 948
36 16 1 6 16 948
36 17 1 2 10 948
36 18 1 7 20 948
36 20 1 7 13 948
36 21 1 3 2 948
36 22 1 3 24 948
36 23 1 2 1 948
36 24 1 3 23 948
36 25 1 5 14 948
36 26 1 2 21 948
36 27 1 1 2 948
36 28 1 6 24 948
36 29 1 6 12 948
36 30 1 2 1 948
36 31 1 3 2 948
36 32 1 3 17 948
36 33 1 1 13 948
36 34 1 3 2 948
36 35 1 4 15 948
36 37 1 1 19 948
36 38 1 1 3 948
36 39 1 3 4 948
36 40 1 7 3 948
36 41 1 3 25 948
36 42 1 2 22 948
36 43 1 1 20 948
36 44 1 3 8 948
36 45 1 5 24 948
36 46 1 7 2 948
36 47 1 6 7 948
36 48 1 4 12 948
36 49 1 4 4 948
37 0 1 4 16 659
37 1 1 5 16 659
37 2 1 1 16 659
37 3 1 2 17 659
37 4 1 2 21 659
37 5 1 3 4 659
37 6 1 3 13 659
37 7 1 7 17 659
37 8 1 7 21 659
37 9 1 1 6 659
37 10 1 7 17 659
37 11 1 7 6 659
37 13 1 6 17 659
37 14 1 5 25 659
37 15 1 4 20 659
37 16 1 6 12 659
37 17 1 2 14 659
37 18 1 7 25 659
37 19 1 1 11 659
37 20 1 7 8 659
37 21 1 3 1 659
37 22 1 3 2 659
37 23 1 2 16 659
37 24 1 3 25 659
37 25 1 5 23 659
37 26 1 2 16 659
37 27 1 1 4 659
37 28 1 6 20 659
37 29 1 6 17 659
37 30 1 2 7 659
37 31 1 3 20 659
37 32 1 3 24 659
37 33 1 1 14 659
37 34 1 3 14 659
37 35 1 4 24 659
37 36 1 1 19 659
37 38 1 1 13 659
37 39 1 3 11 659
37 40 1 7 7 659
37 41 1 3 17 659
37 43 1 1 11 659
37 44 1 3 2 659
37 45 1 5 9 659
37 46 1 7 3 659
37 47 1 6 9 659
37 48 1 4 21 659
37 49 1 4 18 659
38 0 1 4 4 965
38 1 1 5 22 965
38 2 1 1 23 965
38 3 1 2 9 965
38 5 1 3 25 965
38 6 1 3 16 965
38 8 1 7 6 965
38 9 1 1 13 965
38 10 1 7 6 965
38 11 1 7 3 965
38 12 1 7 11 965
38 13 1 6 25 965
38 14 1 5 8 965
38 15 1 4 17 965
38 17 1 2 12 965
38 18 1 7 15 965
38 19 1 1 3 965
38 20 1 7 10 965
38 21 1 3 9 965
38 23 1 2 22 965
38 24 1 3 18 965
38 25 1 5 3 965
38 26 1 2 17 965
38 27 1 1 7 965
38 28 1 6 10 965
38 29 1 6 17 965
38 30 1 2 18 965
38 31 1 3 7 965
38 32 1 3 8 965
38 33 1 1 9 965
38 34 1 3 12 965
38 35 1 4 3 965
38 36 1 1 3 965
38 37 1 1 13 965
38 41 1 3 10 965
38 42 1 2 7 965
38 43 1 1 4 965
38 44 1 3 19 965
38 46 1 7 25 965
38 47 1 6 19 965
38 48 1 4 16 965
38 49 1 4 2 965
39 1 3 5 5 828
39 2 3 1 8 828
39 4 3 2 24 828
39 5 3 3 14 828
39 6 3 3 22 828
39 7 3 7 6 828
39 9 3 1 17 828
39 10 3 7 10 828
39 11 3 7 24 828
39 12 3 7 8 828
39 13 3 6 11 828
39 14 3 5 4 828
39 15 3 4 5 828
39 16 3 6 23 828
39 17 3 2 7 828
39 18 3 7 11 828
39 19 3 1 6 828
39 20 3 7 6 828
39 21 3 3 21 828
39 22 3 3 2 828
39 23 3 2 10 828
39 24 3 3 9 828
39 26 3 2 9 828
39 28 3 6 7 828
39 29 3 6 2 828
39 30 3 2 1 828
39 31 3 3 24 828
39 32 3 3 12 828
39 33 3 1 2 828
39 34 3 3 10 828
39 35 3 4 6 828
39 36 3 1 4 828
39 37 3 1 11 828
39 40 3 7 21 828
39 41 3 3 18 828
39 42 3 2 9 828
39 44 3 3 13 828
39 45 3 5 3 828
39 46 3 7 1 828
39 47 3 6 20 828
39 48 3 4 16 828
39 49 3 4 24 828
40 1 7 5 3 742
40 2 7 1 25 742
40 3 7 2 9 742
40 4 7 2 13 742
40 5 7 3 17 742
40 6 7 3 3 742
40 7 7 7 18 742
40 8 7 7 22 742
40 9 7 1 19 742
40 10 7 7 3 742
40 11 7 7 13 742
40 12 7 7 14 742
40 13 7 6 18 742
40 14 7 5 3 742
40 15 7 4 21 742
40 16 7 6 10 742
40 17 7 2 7 742
40 19 7 1 11 742
40 21 7 3 17 742
40 22 7 3 20 742
40 23 7 2 21 742
40 25 7 5 21 742
40 26 7 2 7 742
40 27 7 1 3 742
40 28 7 6 25 742
40 29 7 6 1 742
40 31 7 3 13 742
40 32 7 3 7 742
40 33 7 1 13 742
40 34 7 3 21 742
40 35 7 4 3 742
40 36 7 1 3 742
40 37 7 1 7 742
40 39 7 3 21 742
40 41 7 3 14 742
40 42 7 2 16 742
40 43 7 1 6 742
40 45 7 5 6 742
40 46 7 7 21 742
40 47 7 6 10 742
40 48 7 4 20 742
40 49 7 4 4 742
41 0 3 4 1 275
41 1 3 5 13 275
41 2 3 1 7 275
41 4 3 2 5 275
41 5 3 3 17 275
41 6 3 3 3 275
41 7 3 7 11 275
41 8 3 7 19 275
41 9 3 1 14 275
41 10 3 7 10 275
41 11 3 7 24 275
41 12 3 7 25 275
41 13 3 6 19 275
41 14 3 5 23 275
41 15 3 4 2 275
41 16 3 6 17 275
41 18 3 7 8 275
41 19 3 1 8 275
41 20 3 7 21 275
41 21 3 3 14 275
41 22 3 3 7 275
41 24 3 3 5 275
41 25 3 5 24 275
41 26 3 2 16 275
41 27 3 1 7 275
41 28 3 6 22 275
41 30 3 2 22 275
41 32 3 3 14 275
41 34 3 3 22 275
41 35 3 4 4 275
41 36 3 1 25 275
41 37 3 1 17 275
41 38 3 1 10 275
41 39 3 3 18 275
41 40 3 7 14 275
41 44 3 3 18 275
41 45 3 5 3 275
41 46 3 7 4 275
41 47 3 6 16 275
41 48 3 4 7 275
41 49 3 4 8 275
42 0 2 4 17 454
42 1 2 5 19 454
42 2 2 1 18 454
42 3 2 2 16 454
42 4 2 2 24 454
42 5 2 3 7 454
42 6 2 3 20 454
42 7 2 7 8 454
42 8 2 7 5 454
42 9 2 1 20 454
42 10 2 7 21 454
42 11 2 7 6 454
42 14 2 5 11 454
42 15 2 4 24 454
42 16 2 6 21 454
42 17 2 2 9 454
42 18 2 7 25 454
42 20 2 7 4 454
42 22 2 3 24 454
42 23 2 2 7 454
42 24 2 3 18 454
42 25 2 5 10 454
42 26 2 2 21 454
42 27 2 1 4 454
42 28 2 6 10 454
42 29 2 6 23 454
42 31 2 3 19 454
42 33 2 1 20 454
42 34 2 3 14 454
42 35 2 4 21 454
42 36 2 1 22 454
42 38 2 1 7 454
42 39 2 3 9 454
42 40 2 7 16 454
42 43 2 1 12 454
42 44 2 3 11 454
42 45 2 5 3 454
42 46 2 7 20 454
42 47 2 6 7 454
42 48 2 4 18 454
42 49 2 4 24 454
43 0 1 4 12 677
43 1 1 5 11 677
43 2 1 1 10 677
43 3 1 2 5 677
43 4 1 2 20 677
43 5 1 3 7 677
43 6 1 3 5 677
43 7 1 7 22 677
43 8 1 7 14 677
43 9 1 1 5 677
43 10 1 7 4 677
43 11 1 7 19 677
43 12 1 7 5 677
43 14 1 5 18 677
43 15 1 4 11 677
43 16 1 6 13 677
43 17 1 2 25 677
43 18 1 7 7 677
43 19 1 1 13 677
43 21 1 3 13 677
43 22 1 3 17 677
43 23 1 2 15 677
43 24 1 3 18 677
43 25 1 5 23 677
43 26 1 2 2 677
43 27 1 1 12 677
43 28 1 6 22 677
43 29 1 6 21 677
43 30 1 2 7 677
43 31 1 3 7 677
43 33 1 1 14 677
43 34 1 3 20 677
43 35 1 4 16 677
43 36 1 1 20 677
43 37 1 1 11 677
43 38 1 1 4 677
43 40 1 7 6 677
43 42 1 2 12 677
43 44 1 3 7 677
43 45 1 5 12 677
43 46 1 7 4 677
43 47 1 6 19 677
43 48 1 4 18 677
43 49 1 4 9 677
44 0 3 4 8 407
44 1 3 5 10 407
44 2 3 1 22 407
44 3 3 2 18 407
44 5 3 3 1 407
44 6 3 3 14 407
44 8 3 7 11 407
44 9 3 1 24 407
44 10 3 7 7 407
44 11 3 7 4 407
44 13 3 6 3 407
44 14 3 5 24 407
44 15 3 4 8 407
44 16 3 6 24 407
44 17 3 2 13 407
44 18 3 7 5 407
44 19 3 1 20 407
44 21 3 3 2 407
44 22 3 3 22 407
44 23 3 2 10 407
44 24 3 3 17 407
44 25 3 5 8 407
44 26 3 2 17 407
44 27 3 1 20 407
44 28 3 6 24 407
44 29 3 6 24 407
44 30 3 2 9 407
44 31 3 3 1 407
44 32 3 3 22 407
44 33 3 1 1 407
44 34 3 3 18 407
44 35 3 4 22 407
44 36 3 1 8 407
44 37 3 1 2 407
44 38 3 1 19 407
44 39 3 3 13 407
44 41 3 3 18 407
44 42 3 2 11 407
44 43 3 1 7 407
44 45 3 5 9 407
44 46 3 7 7 407
44 49 3 4 4 407
45 0 5 4 20 674
45 1 5 5 13 674
45 2 5 1 18 674
45 3 5 2 8 674
45 4 5 2 1 674
45 5 5 3 12 674
45 6 5 3 4 674
45 7 5 7 18 674
45 8 5 7 9 674
45 9 5 1 8 674
45 10 5 7 15 674
45 11 5 7 15 674
45 12 5 7 17 674
45 13 5 6 19 674
45 14 5 5 12 674
45 15 5 4 12 674
45 16 5 6 1 674
45 17 5 2 2 674
45 18 5 7 18 674
45 19 5 1 6 674
45 20 5 7 22 674
45 21 5 3 15 674
45 22 5 3 19 674
45 23 5 2 15 674
45 24 5 3 15 674
45 25 5 5 25 674
45 27 5 1 16 674
45 28 5 6 20 674
45 29 5 6 2 674
45 30 5 2 24 674
45 31 5 3 20 674
45 32 5 3 9 674
45 33 5 1 3 674
45 34 5 3 7 674
45 35 5 4 23 674
45 36 5 1 24 674
45 37 5 1 9 674
45 39 5 3 3 674
45 40 5 7 6 674
45 41 5 3 3 674
45 42 5 2 3 674
45 43 5 1 12 674
45 44 5 3 9 674
45 46 5 7 4 674
45 47 5 6 17 674
45 48 5 4 8 674
45 49 5 4 1 674
46 0 7 4 22 946
46 1 7 5 1 946
46 2 7 1 15 946
46 3 7 2 17 946
46 4 7 2 5 946
46 5 7 3 22 946
46 6 7 3 1 946
46 7 7 7 5 946
46 8 7 7 12 946
46 9 7 1 18 946
46 10 7 7 9 946
46 11 7 7 16 946
46 12 7 7 23 946
46 14 7 5 1 946
46 16 7 6 2 946
46 17 7 2 9 946
46 18 7 7 23 946
46 19 7 1 19 946
46 21 7 3 1 946
46 22 7 3 21 946
46 23 7 2 25 946
46 24 7 3 23 946
46 25 7 5 21 946
46 26 7 2 10 946
46 27 7 1 25 946
46 28 7 6 14 946
46 30 7 2 8 946
46 31 7 3 8 946
46 32 7 3 19 946
46 33 7 1 23 946
46 35 7 4 18 946
46 36 7 1 2 946
46 37 7 1 3 946
46 38 7 1 25 946
46 39 7 3 1 946
46 40 7 7 21 946
46 41 7 3 4 946
46 42 7 2 20 946
46 43 7 1 4 946
46 44 7 3 7 946
46 45 7 5 4 946
46 47 7 6 12 946
46 49 7 4 21 946
47 0 6 4 14 372
47 2 6 1 18 372
47 3 6 2 20 372
47 4 6 2 3 372
47 5 6 3 24 372
47 6 6 3 19 372
47 7 6 7 1 372
47 8 6 7 12 372
47 9 6 1 24 372
47 10 6 7 11 372
47 11 6 7 8 372
47 12 6 7 15 372
47 13 6 6 22 372
47 14 6 5 11 372
47 15 6 4 19 372
47 16 6 6 8 372
47 17 6 2 2 372
47 18 6 7 21 372
47 19 6 1 24 372
47 20 6 7 6 372
47 21 6 3 23 372
47 22 6 3 18 372
47 23 6 2 11 372
47 24 6 3 22 372
47 25 6 5 19 372
47 26 6 2 9 372
47 27 6 1 24 372
47 28 6 6 14 372
47 29 6 6 3 372
47 30 6 2 23 372
47 31 6 3 6 372
47 32 6 3 10 372
47 33 6 1 11 372
47 34 6 3 10 372
47 35 6 4 11 372
47 36 6 1 7 372
47 37 6 1 9 372
47 38 6 1 19 372
47 39 6 3 20 372
47 40 6 7 10 372
47 41 6 3 16 372
47 42 6 2 7 372
47 43 6 1 19 372
47 45 6 5 17 372
47 46 6 7 12 372
47 48 6 4 15 372
47 49 6 4 9 372
48 0 4 4 14 357
48 2 4 1 18 357
48 4 4 2 13 357
48 5 4 3 7 357
48 6 4 3 6 357
48 7 4 7 11 357
48 8 4 7 14 357
48 10 4 7 13 357
48 11 4 7 23 357
48 12 4 7 10 357
48 13 4 6 1 357
48 17 4 2 7 357
48 18 4 7 6 357
48 19 4 1 2 357
48 20 4 7 6 357
48 21 4 3 5 357
48 22 4 3 10 357
48 23 4 2 23 357
48 24 4 3 20 357
48 25 4 5 24 357
48 26 4 2 23 357
48 27 4 1 3 357
48 28 4 6 19 357
48 29 4 6 21 357
48 30 4 2 3 357
48 31 4 3 11 357
48 33 4 1 11 357
48 34 4 3 7 357
48 35 4 4 15 357
48 36 4 1 12 357
48 37 4 1 21 357
48 38 4 1 16 357
48 39 4 3 16 357
48 40 4 7 20 357
48 41 4 3 7 357
48 42 4 2 18 357
48 43 4 1 18 357
48 45 4 5 8 357
48 47 4 6 15 357
48 49 4 4 13 357
49 0 4 4 21 890
49 1 4 5 24 890
49 2 4 1 12 890
49 5 4 3 21 890
49 6 4 3 19 890
49 7 4 7 3 890
49 9 4 1 15 890
49 11 4 7 24 890
49 12 4 7 7 890
49 13 4 6 21 890
49 14 4 5 17 890
49 15 4 4 19 890
49 16 4 6 8 890
49 17 4 2 15 890
49 18 4 7 4 890
49 19 4 1 19 890
49 20 4 7 3 890
49 21 4 3 20 890
49 22 4 3 9 890
49 23 4 2 19 890
49 24 4 3 23 890
49 25 4 5 24 890
49 26 4 2 9 890
49 27 4 1 21 890
49 28 4 6 23 890
49 29 4 6 2 890
49 30 4 2 7 890
49 31 4 3 15 890
49 32 4 3 15 890
49 33 4 1 21 890
49 34 4 3 22 890
49 35 4 4 8 890
49 36 4 1 4 890
49 37 4 1 18 890
49 38 4 1 2 890
49 39 4 3 24 890
49 40 4 7 4 890
49 41 4 3 8 890
49 42 4 2 24 890
49 43 4 1 9 890
49 44 4 3 4 890
49 45 4 5 1 890
49 46 4 7 21 890
49 47 4 6 9 890
49 48 4 4 13 890
